,V(m/s),alpha(deg),beta(deg),p(deg/s),q(deg/s),r(deg/s),phi(deg),theta(deg),elevator(deg),aileron(deg),rudder(deg),gamma(deg),pb,qc,rb,CD_act,CL_act,Cm_act,CY_act,Cr_act,Cn_act
1.0,9.58173800395742,5.813980211716278,0.0,0.0,-2.3919007699320735e-09,0.0,0.0,4.099982461730121,-15.0709270738,0.0,0.0,1.7139977499861576,0.0,-8.599794890042593e-09,0.0,0.06555987328821575,-0.006675491314646856,0.21760586014037314,0.0,0.0,0.0
2.0,9.581736531394762,5.813980217107941,0.0,0.0,-5.0948455605490326e-09,0.0,0.0,4.0999824580125175,-15.0709270738,0.0,0.0,1.7139977590954238,0.0,-1.8317914397440132e-08,0.0,0.06555987333861549,-0.006675491518500248,0.21760586096701437,0.0,0.0,0.0
3.0,9.581735072198992,5.813980219569279,0.0,0.0,-8.105220396998356e-09,0.0,0.0,4.099982451437953,-15.0709270738,0.0,0.0,1.7139977681313265,0.0,-2.914136537616791e-08,0.0,0.06555987337400145,-0.006675491789210272,0.21760586179667527,0.0,0.0,0.0
4.0,9.581733626259327,5.813980218798348,0.0,0.0,-1.1419394711474068e-08,0.0,0.0,4.09998244170081,-15.0709270738,0.0,0.0,1.7139977770975383,0.0,-4.105709500545392e-08,0.0,0.06555987339258054,-0.006675492130135005,0.21760586262067735,0.0,0.0,0.0
5.0,9.5817321934672,5.813980214496987,0.0,0.0,-1.503372139190164e-08,0.0,0.0,4.099982428499112,-15.0709270738,0.0,0.0,1.7139977859978748,0.0,-5.405199096507021e-08,0.0,0.06555987339258178,-0.006675492544584202,0.21760586343043503,0.0,0.0,0.0
6.0,9.581730773716227,5.813980206370831,0.0,0.0,-1.8944536842636803e-08,0.0,0.0,4.099982411534538,-15.0709270738,0.0,0.0,1.7139977948362928,0.0,-6.811288165381368e-08,0.0,0.06555987337225619,-0.0066754930358192965,0.21760586421745604,0.0,0.0,0.0
7.0,9.581729366902168,5.813980194129323,0.0,0.0,-2.314816105468397e-08,0.0,0.0,4.0999823905124355,-15.0709270738,0.0,0.0,1.7139978036168877,0.0,-8.322653644220851e-08,0.0,0.06555987332987709,-0.0066754936070530235,0.21760586497334172,0.0,0.0,0.0
8.0,9.581727972922893,5.813980177485735,0.0,0.0,-2.7640897684077886e-08,0.0,0.0,4.0999823651418446,-15.0709270738,0.0,0.0,1.7139978123438908,0.0,-9.937966595455404e-08,0.0,0.06555987326374,-0.006675494261449366,0.21760586568978763,0.0,0.0,0.0
9.0,9.58172659167835,5.813980156157176,0.0,0.0,-3.241903414448643e-08,0.0,0.0,4.099982335135507,-15.0709270738,0.0,0.0,1.7139978210216693,0.0,-1.1655892240209817e-07,0.0,0.06555987317216286,-0.006675495002123388,0.21760586635858353,0.0,0.0,0.0
10.0,9.58172522307053,5.813980129864608,0.0,0.0,-3.747884170355748e-08,0.0,0.0,4.099982300209885,-15.0709270738,0.0,0.0,1.7139978296547227,0.0,-1.3475089992966826e-07,0.0,0.06555987305348603,-0.006675495832141054,0.21760586697161438,0.0,0.0,0.0
11.0,9.581723867003431,5.813980098332862,0.0,0.0,-4.281657559547403e-08,0.0,0.0,4.099982260085181,-15.0709270738,0.0,0.0,1.713997838247681,0.0,-1.539421350205721e-07,0.0,0.06555987290607239,-0.00667549675451902,0.21760586752085995,0.0,0.0,0.0
12.0,9.581722523383029,5.813980061290649,0.0,0.0,-4.842847513633845e-08,0.0,0.0,4.099982214485346,-15.0709270738,0.0,0.0,1.7139978468053032,0.0,-1.7411910691166727e-07,0.0,0.06555987272830746,-0.006675497772224551,0.21760586799839604,0.0,0.0,0.0
13.0,9.58172119211724,5.813980018470575,0.0,0.0,-5.4310763855655593e-08,0.0,0.0,4.099982163138101,-15.0709270738,0.0,0.0,1.7139978553324742,0.0,-1.9526823806630777e-07,0.0,0.06555987251859945,-0.006675498888175355,0.21760586839639423,0.0,0.0,0.0
14.0,9.581719873115889,5.813979969609156,0.0,0.0,-6.045964963270545e-08,0.0,0.0,4.099982105774952,-15.0709270738,0.0,0.0,1.7139978638342042,0.0,-2.1737589466486706e-07,0.0,0.0655598722753793,-0.006675500105239346,0.2176058687071225,0.0,0.0,0.0
15.0,9.581718566290677,5.813979914446829,0.0,0.0,-6.687132484379434e-08,0.0,0.0,4.099982042131205,-15.0709270738,0.0,0.0,1.7139978723156242,0.0,-2.4042838713437e-07,0.0,0.06555987199710088,-0.006675501426234617,0.21760586892294564,0.0,0.0,0.0
16.0,9.581717271555151,5.813979852727967,0.0,0.0,-7.354196651892774e-08,0.0,0.0,4.09998197194598,-15.0709270738,0.0,0.0,1.713997880781987,0.0,-2.644119707119954e-07,0.0,0.06555987168224094,-0.006675502853929122,0.21760586903632567,0.0,0.0,0.0
17.0,9.581715988824666,5.8139797842008925,0.0,0.0,-8.046773650799058e-08,0.0,0.0,4.099981894962229,-15.0709270738,0.0,0.0,1.7139978892386631,0.0,-2.893128460427593e-07,0.0,0.06555987132929927,-0.006675504391040754,0.2176058690398221,0.0,0.0,0.0
18.0,9.581714718016356,5.813979708617888,0.0,0.0,-8.764478165470143e-08,0.0,0.0,4.0999818109267485,-15.0709270738,0.0,0.0,1.7139978976911392,0.0,-3.1511715980514446e-07,0.0,0.06555987093679873,-0.006675506040236992,0.21760586892609224,0.0,0.0,0.0
19.0,9.581713459049103,5.813979625735211,0.0,0.0,-9.506923398193762e-08,0.0,0.0,4.099981719590196,-15.0709270738,0.0,0.0,1.713997906145015,0.0,-3.4181100537761e-07,0.0,0.06555987050328534,-0.006675507804134909,0.2176058686878919,0.0,0.0,0.0
20.0,9.581712211843506,5.8139795353131065,0.0,0.0,-1.0273721088325444e-07,0.0,0.0,4.099981620707105,-15.0709270738,0.0,0.0,1.7139979146060016,0.0,-3.693804235273688e-07,0.0,0.06555987002732838,-0.006675509685300951,0.21760586831807538,0.0,0.0,0.0
21.0,9.581710976321844,5.813979437115819,0.0,0.0,-1.1064481532520795e-07,0.0,0.0,4.099981514035898,-15.0709270738,0.0,0.0,1.713997923079921,0.0,-3.9781140313800474e-07,0.0,0.06555986950752045,-0.006675511686250815,0.21760586780959612,0.0,0.0,0.0
22.0,9.581709752408054,5.813979330911604,0.0,0.0,-1.1878813605725087e-07,0.0,0.0,4.099981399338902,-15.0709270738,0.0,0.0,1.7139979315727016,0.0,-4.270898819643162e-07,0.0,0.0655598689424775,-0.006675513809449404,0.21760586715550698,0.0,0.0,0.0
23.0,9.581708540027693,5.813979216472741,0.0,0.0,-1.27163247831765e-07,0.0,0.0,4.099981276382362,-15.0709270738,0.0,0.0,1.7139979400903789,0.0,-4.572017474236013e-07,0.0,0.06555986833083902,-0.0066755160573105515,0.21760586634896045,0.0,0.0,0.0
24.0,9.581707339107906,5.813979093575544,0.0,0.0,-1.35766211630871e-07,0.0,0.0,4.099981144936455,-15.0709270738,0.0,0.0,1.713997948639089,0.0,-4.881328374113091e-07,0.0,0.06555986767126788,-0.006675518432197047,0.21760586538320917,0.0,0.0,0.0
25.0,9.581706149577403,5.813978962000376,0.0,0.0,-1.445930749029654e-07,0.0,0.0,4.099981004775305,-15.0709270738,0.0,0.0,1.7139979572250708,0.0,-5.198689411516605e-07,0.0,0.06555986696245072,-0.006675520936420418,0.21760586425160647,0.0,0.0,0.0
26.0,9.581704971366426,5.813978821531655,0.0,0.0,-1.5363987180775272e-07,0.0,0.0,4.099980855676994,-15.0709270738,0.0,0.0,1.7139979658546611,0.0,-5.523958000788114e-07,0.0,0.06555986620309774,-0.006675523572240882,0.2176058629476062,0.0,0.0,0.0
27.0,9.581703804406711,5.813978671957869,0.0,0.0,-1.6290262346811834e-07,0.0,0.0,4.099980697423576,-15.0709270738,0.0,0.0,1.7139979745342933,0.0,-5.85699108742609e-07,0.0,0.06555986539194289,-0.006675526341867133,0.21760586146476368,0.0,0.0,0.0
28.0,9.581702648631472,5.8139785130715875,0.0,0.0,-1.7237733823282044e-07,0.0,0.0,4.099980529801092,-15.0709270738,0.0,0.0,1.7139979832704952,0.0,-6.197645157532446e-07,0.0,0.06555986452774393,-0.006675529247456444,0.2176058597967355,0.0,0.0,0.0
29.0,9.58170150397536,5.813978344669467,0.0,0.0,-1.820600119440658e-07,0.0,0.0,4.09998035259958,-15.0709270738,0.0,0.0,1.7139979920698867,0.0,-6.54577624743464e-07,0.0,0.06555986360928245,-0.006675532291114339,0.2176058579372802,0.0,0.0,0.0
30.0,9.58170037037444,5.813978166552267,0.0,0.0,-1.9194662821719478e-07,0.0,0.0,4.099980165613087,-15.0709270738,0.0,0.0,1.7139980009391795,0.0,-6.901239953743148e-07,0.0,0.06555986263536402,-0.006675535474894537,0.21760585588025855,0.0,0.0,0.0
31.0,9.58169924776616,5.813977978524854,0.0,0.0,-2.020331587210898e-07,0.0,0.0,4.099979968639685,-15.0709270738,0.0,0.0,1.7139980098851693,0.0,-7.263891443434922e-07,0.0,0.06555986160481814,-0.006675538800799061,0.2176058536196337,0.0,0.0,0.0
32.0,9.581698136089319,5.813977780396219,0.0,0.0,-2.1231556347688152e-07,0.0,0.0,4.099979761481478,-15.0709270738,0.0,0.0,1.713998018914741,0.0,-7.633585464594715e-07,0.0,0.06555986051649834,-0.006675542270777851,0.21760585114947179,0.0,0.0,0.0
33.0,9.581697035284046,5.8139775719794775,0.0,0.0,-2.2278979115584208e-07,0.0,0.0,4.099979543944617,-15.0709270738,0.0,0.0,1.7139980280348608,0.0,-8.010176357127154e-07,0.0,0.06555985936928227,-0.006675545886728931,0.217605848463942,0.0,0.0,0.0
34.0,9.581695945291765,5.813977353091885,0.0,0.0,-2.3345177938762876e-07,0.0,0.0,4.099979315839309,-15.0709270738,0.0,0.0,1.7139980372525763,0.0,-8.393518063840961e-07,0.0,0.06555985816207174,-0.00667554965049813,0.21760584555731705,0.0,0.0,0.0
35.0,9.581694866055168,5.813977123554843,0.0,0.0,-2.442974550763397e-07,0.0,0.0,4.099979076979829,-15.0709270738,0.0,0.0,1.7139980465750142,0.0,-8.783464141814018e-07,0.0,0.06555985689379273,-0.006675553563879208,0.2176058424239733,0.0,0.0,0.0
36.0,9.581693797518188,5.813976883193909,0.0,0.0,-2.5532273472438533e-07,0.0,0.0,4.099978827184531,-15.0709270738,0.0,0.0,1.7139980560093786,0.0,-9.179867774039436e-07,0.0,0.06555985556339551,-0.0066755576286135765,0.21760583905839126,0.0,0.0,0.0
37.0,9.581692739625973,5.813976631838803,0.0,0.0,-2.66523524762881e-07,0.0,0.0,4.099978566275856,-15.0709270738,0.0,0.0,1.7139980655629472,0.0,-9.582581781306073e-07,0.0,0.0655598541698546,-0.006675561846390413,0.21760583545515577,0.0,0.0,0.0
38.0,9.581691692324856,5.813976369323414,0.0,0.0,-2.7789572189008907e-07,0.0,0.0,4.099978294080345,-15.0709270738,0.0,0.0,1.7139980752430688,0.0,-9.991458634368455e-07,0.0,0.06555985271216894,-0.006675566218846463,0.2176058316089562,0.0,0.0,0.0
39.0,9.581690655562328,5.8139760954858115,0.0,0.0,-2.8943521341481133e-07,0.0,0.0,4.099978010428647,-15.0709270738,0.0,0.0,1.7139980850571641,0.0,-1.040635046629469e-06,0.0,0.06555985118936178,-0.006675570747566112,0.217605827514587,0.0,0.0,0.0
40.0,9.581689629287009,5.813975810168248,0.0,0.0,-3.01137877609497e-07,0.0,0.0,4.099977715155528,-15.0709270738,0.0,0.0,1.7139980950127205,0.0,-1.082710908516365e-06,0.0,0.06555984960048089,-0.006675575434081205,0.21760582316694763,0.0,0.0,0.0
41.0,9.581688613448627,5.813975513217168,0.0,0.0,-3.129995840699733e-07,0.0,0.0,4.099977408099878,-15.0709270738,0.0,0.0,1.7139981051172901,0.0,-1.1253585987000302e-06,0.0,0.06555984794459847,-0.006675580279871071,0.21760581856104305,0.0,0.0,0.0
42.0,9.581687607997985,5.8139752044832145,0.0,0.0,-3.250161940795255e-07,0.0,0.0,4.099977089104725,-15.0709270738,0.0,0.0,1.7139981153784891,0.0,-1.168563236886736e-06,0.0,0.06555984622081124,-0.0066755852863625564,0.21760581369198387,0.0,0.0,0.0
43.0,9.581686612886939,5.813974883821232,0.0,0.0,-3.371835609824669e-07,0.0,0.0,4.099976758017238,-15.0709270738,0.0,0.0,1.713998125803994,0.0,-1.2123099142298206e-06,0.0,0.0655598444282405,-0.006675590454929797,0.21760580855498668,0.0,0.0,0.0
44.0,9.581685628068369,5.8139745510902765,0.0,0.0,-3.4949753056121395e-07,0.0,0.0,4.099976414688736,-15.0709270738,0.0,0.0,1.7139981364015409,0.0,-1.2565836946855746e-06,0.0,0.0655598425660321,-0.006675595786894362,0.21760580314537417,0.0,0.0,0.0
45.0,9.581684653496154,5.813974206153616,0.0,0.0,-3.6195394142483624e-07,0.0,0.0,4.099976058974696,-15.0709270738,0.0,0.0,1.7139981471789199,0.0,-1.30136961641039e-06,0.0,0.06555984063335657,-0.006675601283525165,0.2176057974585755,0.0,0.0,0.0
46.0,9.581683689125146,5.81397384887874,0.0,0.0,-3.745486253991188e-07,0.0,0.0,4.0999756907347615,-15.0709270738,0.0,0.0,1.713998158143978,0.0,-1.346652693163342e-06,0.0,0.06555983862940903,-0.006675606946038429,0.21760579149012638,0.0,0.0,0.0
47.0,9.581682734911146,5.813973479137357,0.0,0.0,-3.872774079237621e-07,0.0,0.0,4.099975309832746,-15.0709270738,0.0,0.0,1.7139981693046114,0.0,-1.3924179157344357e-06,0.0,0.06555983655340934,-0.0066756127755977085,0.21760578523566942,0.0,0.0,0.0
48.0,9.581681790810876,5.813973096805408,0.0,0.0,-4.001361084591591e-07,0.0,0.0,4.09997491613664,-15.0709270738,0.0,0.0,1.713998180668768,0.0,-1.4386502534072845e-06,0.0,0.065559834404602,-0.006675618773313852,0.21760577869095415,0.0,0.0,0.0
49.0,9.581680856781954,5.81397270176306,0.0,0.0,-4.131205408939492e-07,0.0,0.0,4.099974509518618,-15.0709270738,0.0,0.0,1.7139981922444418,0.0,-1.4853346554245833e-06,0.0,0.0655598321822563,-0.0066756249402450535,0.21760577185183747,0.0,0.0,0.0
50.0,9.581679932782873,5.813972293894715,0.0,0.0,-4.262265139627299e-07,0.0,0.0,4.099974089855044,-15.0709270738,0.0,0.0,1.7139982040396715,0.0,-1.5324560524900998e-06,0.0,0.06555982988566625,-0.006675631277396746,0.2176057647142835,0.0,0.0,0.0
51.0,9.581679018772972,5.813971873089013,0.0,0.0,-4.394498316684557e-07,0.0,0.0,4.099973657026474,-15.0709270738,0.0,0.0,1.7139982160625387,0.0,-1.579999358287521e-06,0.0,0.06555982751415063,-0.006675637785721722,0.21760575727436418,0.0,0.0,0.0
52.0,9.581678114712412,5.81397143923883,0.0,0.0,-4.527862937086533e-07,0.0,0.0,4.099973210917665,-15.0709270738,0.0,0.0,1.7139982283211648,0.0,-1.6279494710130207e-06,0.0,0.06555982506705302,-0.006675644466120123,0.21760574952825903,0.0,0.0,0.0
53.0,9.581677220562156,5.813970992241283,0.0,0.0,-4.662316959108269e-07,0.0,0.0,4.099972751417574,-15.0709270738,0.0,0.0,1.7139982408237096,0.0,-1.6762912749408656e-06,0.0,0.06555982254374176,-0.006675651319439452,0.21760574147225553,0.0,0.0,0.0
54.0,9.581676336283937,5.813970531997732,0.0,0.0,-4.797818306691395e-07,0.0,0.0,4.099972278419362,-15.0709270738,0.0,0.0,1.71399825357837,0.0,-1.7250096419936162e-06,0.0,0.06555981994361007,-0.0066756583464745445,0.21760573310274922,0.0,0.0,0.0
55.0,9.581675461840243,5.813970058413779,0.0,0.0,-4.93432487389993e-07,0.0,0.0,4.099971791820405,-15.0709270738,0.0,0.0,1.7139982665933742,0.0,-1.7740894333443125e-06,0.0,0.0655598172660759,-0.006675665547967655,0.21760572441624382,0.0,0.0,0.0
56.0,9.581674597194285,5.813969571399268,0.0,0.0,-5.07179452940123e-07,0.0,0.0,4.099971291522285,-15.0709270738,0.0,0.0,1.713998279876983,0.0,-1.8235155010277124e-06,0.0,0.06555981451058208,-0.006675672924608564,0.21760571540935136,0.0,0.0,0.0
57.0,9.58167374230998,5.8139690708682865,0.0,0.0,-5.210185121033073e-07,0.0,0.0,4.0999707774308005,-15.0709270738,0.0,0.0,1.713998293437486,0.0,-1.8732726895824902e-06,0.0,0.06555981167659629,-0.006675680477034512,0.21760570607879243,0.0,0.0,0.0
58.0,9.581672897151925,5.813968556739167,0.0,0.0,-5.349454480372432e-07,0.0,0.0,4.099970249455968,-15.0709270738,0.0,0.0,1.713998307283199,0.0,-1.9233458376940482e-06,0.0,0.06555980876361096,-0.006675688205830227,0.21760569642139588,0.0,0.0,0.0
59.0,9.581672061685376,5.813968028934481,0.0,0.0,-5.489560427399256e-07,0.0,0.0,4.0999697075120185,-15.0709270738,0.0,0.0,1.7139983214224621,0.0,-1.973719779871487e-06,0.0,0.06555980577114343,-0.006675696111528129,0.21760568643409955,0.0,0.0,0.0
60.0,9.58167123587622,5.81396748738104,0.0,0.0,-5.630460775180147e-07,0.0,0.0,4.099969151517403,-15.0709270738,0.0,0.0,1.7139983358636375,0.0,-2.0243793481317256e-06,0.0,0.06555980269873579,-0.00667570419460832,0.2176056761139497,0.0,0.0,0.0
61.0,9.581670419690958,5.813966932009898,0.0,0.0,-5.772113334606837e-07,0.0,0.0,4.09996858139479,-15.0709270738,0.0,0.0,1.7139983506151086,0.0,-2.075309373703329e-06,0.0,0.06555979954595499,-0.006675712455498542,0.21760566545810156,0.0,0.0,0.0
62.0,9.58166961309668,5.813966362756342,0.0,0.0,-5.914475919181686e-07,0.0,0.0,4.099967997071068,-15.0709270738,0.0,0.0,1.7139983656852742,0.0,-2.1264946887472394e-06,0.0,0.06555979631239278,-0.006675720894574466,0.2176056544638192,0.0,0.0,0.0
63.0,9.581668816061045,5.813965779559894,0.0,0.0,-6.057506349849805e-07,0.0,0.0,4.099967398477344,-15.0709270738,0.0,0.0,1.7139983810825496,0.0,-2.1779201280942736e-06,0.0,0.06555979299766568,-0.00667572951215957,0.21760564312847552,0.0,0.0,0.0
64.0,9.581668028552254,5.813965182364304,0.0,0.0,-6.201162459854155e-07,0.0,0.0,4.099966785548942,-15.0709270738,0.0,0.0,1.713998396815362,0.0,-2.229570530990878e-06,0.0,0.06555978960141497,-0.0066757383085254,0.21760563144955244,0.0,0.0,0.0
65.0,9.581667250539036,5.813964571117551,0.0,0.0,-6.34540209966837e-07,0.0,0.0,4.099966158225401,-15.0709270738,0.0,0.0,1.71399841289215,0.0,-2.2814307428728296e-06,0.0,0.06555978612330675,-0.006675747283891573,0.21760561942464085,0.0,0.0,0.0
66.0,9.581666481990618,5.813963945771836,0.0,0.0,-6.490183141948828e-07,0.0,0.0,4.099965516450475,-15.0709270738,0.0,0.0,1.7139984293213608,0.0,-2.3334856171458637e-06,0.0,0.06555978256303183,-0.006675756438425828,0.2176056070514406,0.0,0.0,0.0
67.0,9.58166572287671,5.813963306283577,0.0,0.0,-6.635463486503338e-07,0.0,0.0,4.099964860172129,-15.0709270738,0.0,0.0,1.7139984461114484,0.0,-2.3857200169722656e-06,0.0,0.06555977892030565,-0.006675765772244269,0.2176055943277606,0.0,0.0,0.0
68.0,9.581664973167484,5.813962652613405,0.0,0.0,-6.781201065345642e-07,0.0,0.0,4.099964189342536,-15.0709270738,0.0,0.0,1.713998463270869,0.0,-2.4381188170883243e-06,0.0,0.06555977519486848,-0.00667577528541137,0.21760558125151874,0.0,0.0,0.0
69.0,9.581664232833544,5.8139619847261566,0.0,0.0,-6.927353847756559e-07,0.0,0.0,4.099963503918076,-15.0709270738,0.0,0.0,1.7139984808080806,0.0,-2.4906669056241738e-06,0.0,0.06555977138648514,-0.006675784977940177,0.2176055678207418,0.0,0.0,0.0
70.0,9.58166350184592,5.813961302590869,0.0,0.0,-7.073879845384685e-07,0.0,0.0,4.099962803859326,-15.0709270738,0.0,0.0,1.7139984987315424,0.0,-2.5433491859378513e-06,0.0,0.06555976749494508,-0.006675794849792346,0.21760555403356563,0.0,0.0,0.0
71.0,9.581662780176034,5.813960606180773,0.0,0.0,-7.220737117380076e-07,0.0,0.0,4.099962089131064,-15.0709270738,0.0,0.0,1.713998517049709,0.0,-2.596150578461221e-06,0.0,0.06555976352006238,-0.006675804900878365,0.21760553988823492,0.0,0.0,0.0
72.0,9.581662067795685,5.813959895473287,0.0,0.0,-7.367883775572176e-07,0.0,0.0,4.099961359702257,-15.0709270738,0.0,0.0,1.7139985357710303,0.0,-2.649056022561804e-06,0.0,0.06555975946167561,-0.006675815131057625,0.21760552538310327,0.0,0.0,0.0
73.0,9.581661364677034,5.813959170450007,0.0,0.0,-7.515277989674589e-07,0.0,0.0,4.099960615546057,-15.0709270738,0.0,0.0,1.7139985549039496,0.0,-2.7020504784142547e-06,0.0,0.06555975531964789,-0.0066758255401386385,0.21760551051663296,0.0,0.0,0.0
74.0,9.581660670792575,5.813958431096697,0.0,0.0,-7.662877992504495e-07,0.0,0.0,4.099959856639799,-15.0709270738,0.0,0.0,1.7139985744568982,0.0,-2.755118928877112e-06,0.0,0.0655597510938668,-0.0066758361278791145,0.21760549528739503,0.0,0.0,0.0
75.0,9.581659986115122,5.813957677403288,0.0,0.0,-7.810642085269659e-07,0.0,0.0,4.099959082964989,-15.0709270738,0.0,0.0,1.7139985944382996,0.0,-2.8082463813938433e-06,0.0,0.0655597467842443,-0.006675846893986148,0.21760547969406918,0.0,0.0,0.0
76.0,9.581659310617788,5.813956909363859,0.0,0.0,-7.958528642826871e-07,0.0,0.0,4.099958294507299,-15.0709270738,0.0,0.0,1.7139986148565596,0.0,-2.861417869883627e-06,0.0,0.06555974239071671,-0.006675857838116486,0.21760546373544354,0.0,0.0,0.0
77.0,9.581658644273963,5.813956126976632,0.0,0.0,-8.10649611902855e-07,0.0,0.0,4.099957491256562,-15.0709270738,0.0,0.0,1.7139986357200696,0.0,-2.9146184566638227e-06,0.0,0.06555973791324471,-0.006675868959876499,0.21760544741041468,0.0,0.0,0.0
78.0,9.581657987057298,5.813955330243961,0.0,0.0,-8.254503052045309e-07,0.0,0.0,4.09995667320676,-15.0709270738,0.0,0.0,1.7139986570372008,0.0,-2.96783323436381e-06,0.0,0.06555973335181317,-0.00667588025882257,0.21760543071798738,0.0,0.0,0.0
79.0,9.581657338941685,5.813954519172322,0.0,0.0,-8.402508069755223e-07,0.0,0.0,4.099955840356016,-15.0709270738,0.0,0.0,1.7139986788163055,0.0,-3.021047327862798e-06,0.0,0.06555972870643115,-0.006675891734461176,0.21760541365727454,0.0,0.0,0.0
80.0,9.58165669990124,5.8139536937723,0.0,0.0,-8.550469895112288e-07,0.0,0.0,4.099954992706587,-15.0709270738,0.0,0.0,1.7139987010657132,0.0,-3.074245896220165e-06,0.0,0.0655597239771319,-0.0066759033862490436,0.21760539622749714,0.0,0.0,0.0
81.0,9.581656069910283,5.813952854058578,0.0,0.0,-8.698347351573363e-07,0.0,0.0,4.09995413026485,-15.0709270738,0.0,0.0,1.7139987237937282,0.0,-3.127414134626815e-06,0.0,0.06555971916397267,-0.006675915213593439,0.21760537842798383,0.0,0.0,0.0
82.0,9.581655448943318,5.813952000049924,0.0,0.0,-8.846099368522801e-07,0.0,0.0,4.099953253041297,-15.0709270738,0.0,0.0,1.7139987470086266,0.0,-3.1805372763557123e-06,0.0,0.06555971426703475,-0.006675927215852362,0.21760536025817084,0.0,0.0,0.0
83.0,9.58165483697502,5.813951131769177,0.0,0.0,-8.993684986736819e-07,0.0,0.0,4.099952361050523,-15.0709270738,0.0,0.0,1.7139987707186544,0.0,-3.233600594726696e-06,0.0,0.06555970928642325,-0.006675939392334768,0.21760534171760187,0.0,0.0,0.0
84.0,9.581654233980213,5.813950249243237,0.0,0.0,-9.141063363852967e-07,0.0,0.0,4.099951454311208,-15.0709270738,0.0,0.0,1.7139987949320288,0.0,-3.2865894050731307e-06,0.0,0.06555970422226726,-0.006675951742300637,0.21760532280592787,0.0,0.0,0.0
85.0,9.581653639933858,5.8139493525030455,0.0,0.0,-9.288193779836388e-07,0.0,0.0,4.099950532846115,-15.0709270738,0.0,0.0,1.71399881965693,0.0,-3.3394890667074084e-06,0.0,0.06555969907471954,-0.00667596426496149,0.21760530352290666,0.0,0.0,0.0
86.0,9.581653054811026,5.813948441583576,0.0,0.0,-9.435035642502233e-07,0.0,0.0,4.0999495966820705,-15.0709270738,0.0,0.0,1.7139988449015053,0.0,-3.392284984906631e-06,0.0,0.06555969384395655,-0.006675976959480329,0.2176052838684029,0.0,0.0,0.0
87.0,9.581652478586891,5.8139475165238155,0.0,0.0,-9.581548493036126e-07,0.0,0.0,4.099948645849953,-15.0709270738,0.0,0.0,1.713998870673862,0.0,-3.4449626128975995e-06,0.0,0.06555968853017835,-0.006675989824972084,0.2176052638423877,0.0,0.0,0.0
88.0,9.581651911236706,5.8139465773667505,0.0,0.0,-9.72769201150633e-07,0.0,0.0,4.099947680384683,-15.0709270738,0.0,0.0,1.7139988969820674,0.0,-3.4975074538388153e-06,0.0,0.06555968313360852,-0.006676002860503849,0.21760524344493834,0.0,0.0,0.0
89.0,9.581651352735792,5.8139456241593495,0.0,0.0,-9.873426022434743e-07,0.0,0.0,4.0999467003252015,-15.0709270738,0.0,0.0,1.713998923834148,0.0,-3.549905062823633e-06,0.0,0.06555967765449405,-0.006676016065094964,0.2176052226762382,0.0,0.0,0.0
90.0,9.581650803059514,5.813944656952547,0.0,0.0,-1.0018710500311394e-06,0.0,0.0,4.099945705714463,-15.0709270738,0.0,0.0,1.713998951238084,0.0,-3.6021410488630995e-06,0.0,0.06555967209310526,-0.006676029437717404,0.21760520153657614,0.0,0.0,0.0
91.0,9.581650262183276,5.813943675801226,0.0,0.0,-1.016350557518638e-06,0.0,0.0,4.099944696599415,-15.0709270738,0.0,0.0,1.7139989792018104,0.0,-3.6542010768966388e-06,0.0,0.06555966644973568,-0.006676042977296168,0.21760518002634655,0.0,0.0,0.0
92.0,9.581649730082495,5.813942680764199,0.0,0.0,-1.0307771538218722e-06,0.0,0.0,4.099943673030985,-15.0709270738,0.0,0.0,1.7139990077332135,0.0,-3.7060708697872393e-06,0.0,0.06555966072470196,-0.006676056682709278,0.21760515814604875,0.0,0.0,0.0
93.0,9.581649206732589,5.813941671904192,0.0,0.0,-1.0451468847266958e-06,0.0,0.0,4.099942635064063,-15.0709270738,0.0,0.0,1.7139990368401286,0.0,-3.75773621033166e-06,0.0,0.06555965491834378,-0.006676070552788349,0.2176051358962868,0.0,0.0,0.0
94.0,9.58164869210896,5.813940649287822,0.0,0.0,-1.0594558132459323e-06,0.0,0.0,4.099941582757483,-15.0709270738,0.0,0.0,1.7139990665303388,0.0,-3.809182943263281e-06,0.0,0.06555964903102374,-0.0066760845863186175,0.21760511327776916,0.0,0.0,0.0
95.0,9.581648186186984,5.813939612985583,0.0,0.0,-1.073700020177978e-06,0.0,0.0,4.09994051617401,-15.0709270738,0.0,0.0,1.7139990968115724,0.0,-3.860396977260662e-06,0.0,0.06555964306312723,-0.006676098782039411,0.21760509029130817,0.0,0.0,0.0
96.0,9.581647688941986,5.813938563071817,0.0,0.0,-1.0878756046656635e-06,0.0,0.0,4.099939435380318,-15.0709270738,0.0,0.0,1.7139991276914994,0.0,-3.911364286957037e-06,0.0,0.06555963701506232,-0.006676113138644468,0.21760506693781995,0.0,0.0,0.0
97.0,9.581647200349236,5.8139374996247035,0.0,0.0,-1.1019786847562875e-06,0.0,0.0,4.09993834044697,-15.0709270738,0.0,0.0,1.7139991591777335,0.0,-3.962070914953997e-06,0.0,0.06555963088725966,-0.006676127654782066,0.21760504321832375,0.0,0.0,0.0
98.0,9.581646720383924,5.813936422726231,0.0,0.0,-1.1160053979580825e-06,0.0,0.0,4.099937231448404,-15.0709270738,0.0,0.0,1.7139991912778267,0.0,-4.01250297382238e-06,0.0,0.06555962468017237,-0.006676142329055529,0.2176050191339417,0.0,0.0,0.0
99.0,9.581646249021155,5.813935332462178,0.0,0.0,-1.1299519018015393e-06,0.0,0.0,4.09993610846291,-15.0709270738,0.0,0.0,1.7139992239992674,0.0,-4.062646648120591e-06,0.0,0.06555961839427586,-0.006676157160023483,0.2176049946858984,0.0,0.0,0.0
100.0,9.581645786235928,5.81393422892209,0.0,0.0,-1.1438143743959384e-06,0.0,0.0,4.099934971572611,-15.0709270738,0.0,0.0,1.7139992573494789,0.0,-4.112488196395724e-06,0.0,0.06555961203006774,-0.006676172146200199,0.21760496987552025,0.0,0.0,0.0
101.0,9.581645332003125,5.813933112199258,0.0,0.0,-1.1575890149883226e-06,0.0,0.0,4.0999338208634395,-15.0709270738,0.0,0.0,1.7139992913358189,0.0,-4.162013953193431e-06,0.0,0.06555960558806775,-0.006676187286055818,0.21760494470423541,0.0,0.0,0.0
102.0,9.581644886297497,5.813931982390695,0.0,0.0,-1.17127204452087e-06,0.0,0.0,4.099932656425119,-15.0709270738,0.0,0.0,1.7139993259655766,0.0,-4.2112103310620595e-06,0.0,0.06555959906881749,-0.00667620257801689,0.21760491917357308,0.0,0.0,0.0
103.0,9.581644449093647,5.81393083959711,0.0,0.0,-1.1848597061885125e-06,0.0,0.0,4.09993147835114,-15.0709270738,0.0,0.0,1.7139993612459703,0.0,-4.26006382255766e-06,0.0,0.06555959247288042,-0.006676218020466612,0.21760489328516303,0.0,0.0,0.0
104.0,9.581644020366022,5.8139296839228845,0.0,0.0,-1.1983482659937277e-06,0.0,0.0,4.09993028673874,-15.0709270738,0.0,0.0,1.7139993971841445,0.0,-4.308561002238831e-06,0.0,0.06555958580084162,-0.0066762336117451165,0.21760486704073514,0.0,0.0,0.0
105.0,9.581643600088897,5.813928515476048,0.0,0.0,-1.2117340133029386e-06,0.0,0.0,4.099929081688878,-15.0709270738,0.0,0.0,1.71399943378717,0.0,-4.356688528667351e-06,0.0,0.0655595790533077,-0.006676249350150071,0.21760484044211897,0.0,0.0,0.0
106.0,9.581643188236361,5.8139273343682545,0.0,0.0,-1.2250132614022338e-06,0.0,0.0,4.099927863306213,-15.0709270738,0.0,0.0,1.7139994710620412,0.0,-4.404433146406362e-06,0.0,0.06555957223090668,-0.00667626523393669,0.21760481349124314,0.0,0.0,0.0
107.0,9.581642784782305,5.8139261407147504,0.0,0.0,-1.2381823480470431e-06,0.0,0.0,4.099926631699076,-15.0709270738,0.0,0.0,1.7139995090156743,0.0,-4.451781687996811e-06,0.0,0.06555956533428775,-0.006676281261318501,0.21760478619013493,0.0,0.0,0.0
108.0,9.581642389700411,5.813924934634355,0.0,0.0,-1.2512376360173541e-06,0.0,0.0,4.09992538697945,-15.0709270738,0.0,0.0,1.7139995476549048,0.0,-4.4987210759538295e-06,0.0,0.06555955836412122,-0.006676297430467479,0.21760475854091962,0.0,0.0,0.0
109.0,9.581642002964138,5.813923716249429,0.0,0.0,-1.2641755136668615e-06,0.0,0.0,4.099924129262941,-15.0709270738,0.0,0.0,1.7139995869864872,0.0,-4.545238324741278e-06,0.0,0.0655595513210983,-0.006676313739514411,0.21760473054582,0.0,0.0,0.0
110.0,9.58164162454671,5.813922485685847,0.0,0.0,-1.2769923954717155e-06,0.0,0.0,4.099922858668755,-15.0709270738,0.0,0.0,1.7139996270170919,0.0,-4.591320542744866e-06,0.0,0.06555954420593094,-0.00667633018654952,0.21760470220715572,0.0,0.0,0.0
111.0,9.581641254421108,5.813921243072971,0.0,0.0,-1.2896847225781681e-06,0.0,0.0,4.0999215753196685,-15.0709270738,0.0,0.0,1.7139996677533027,0.0,-4.636954934241294e-06,0.0,0.06555953701935172,-0.006676346769622699,0.21760467352734275,0.0,0.0,0.0
112.0,9.58164089256005,5.813919988543622,0.0,0.0,-1.3022489633482782e-06,0.0,0.0,4.0999202793420055,-15.0709270738,0.0,0.0,1.7139997092016168,0.0,-4.682128801360422e-06,0.0,0.06555952976211363,-0.00667636348674383,0.21760464450889289,0.0,0.0,0.0
113.0,9.581640538935986,5.813918722234048,0.0,0.0,-1.3146816139044152e-06,0.0,0.0,4.099918970865605,-15.0709270738,0.0,0.0,1.7139997513684424,0.0,-4.726829546043117e-06,0.0,0.06555952243498994,-0.006676380335883442,0.21760461515441298,0.0,0.0,0.0
114.0,9.581640193521087,5.813917444283894,0.0,0.0,-1.3269791986683142e-06,0.0,0.0,4.0999176500238,-15.0709270738,0.0,0.0,1.7139997942600944,0.0,-4.771044671979502e-06,0.0,0.06555951503877401,-0.006676397314972979,0.21760458546660438,0.0,0.0,0.0
115.0,9.58163985628723,5.8139161548361775,0.0,0.0,-1.339138270903826e-06,0.0,0.0,4.099916316953379,-15.0709270738,0.0,0.0,1.713999837882798,0.0,-4.814761786560501e-06,0.0,0.06555950757427914,-0.00667641442190528,0.21760455544826224,0.0,0.0,0.0
116.0,9.581639527205992,5.813914854037251,0.0,0.0,-1.351155413252197e-06,0.0,0.0,4.099914971794568,-15.0709270738,0.0,0.0,1.7139998822426827,0.0,-4.85796860280251e-06,0.0,0.06555950004233833,-0.006676431654534881,0.21760452510227496,0.0,0.0,0.0
117.0,9.581639206248633,5.813913542036775,0.0,0.0,-1.3630272382669145e-06,0.0,0.0,4.099913614690992,-15.0709270738,0.0,0.0,1.7139999273457827,0.0,-4.900652941270512e-06,0.0,0.06555949244380421,-0.006676449010678709,0.21760449443162347,0.0,0.0,0.0
118.0,9.581638893386094,5.8139122189876815,0.0,0.0,-1.3747503889465453e-06,0.0,0.0,4.09991224578965,-15.0709270738,0.0,0.0,1.7139999731980318,0.0,-4.942802731993972e-06,0.0,0.06555948477954873,-0.006676466488116289,0.21760446343938053,0.0,0.0,0.0
119.0,9.581638588588978,5.813910885046147,0.0,0.0,-1.3863215392659498e-06,0.0,0.0,4.099910865240881,-15.0709270738,0.0,0.0,1.7140000198052663,0.0,-4.9844060163769e-06,0.0,0.06555947705046308,-0.006676484084590317,0.21760443212870995,0.0,0.0,0.0
120.0,9.581638291827549,5.813909540371557,0.0,0.0,-1.3977373946993706e-06,0.0,0.0,4.099909473198337,-15.0709270738,0.0,0.0,1.7140000671732203,0.0,-5.025450949078674e-06,0.0,0.06555946925745743,-0.0066765017978070995,0.2176044005028661,0.0,0.0,0.0
121.0,9.581638003071713,5.81390818512647,0.0,0.0,-1.408994692748244e-06,0.0,0.0,4.0999080698189445,-15.0709270738,0.0,0.0,1.7140001153075257,0.0,-5.065925799911866e-06,0.0,0.06555946140146077,-0.006676519625436986,0.21760436856519313,0.0,0.0,0.0
122.0,9.581637722291017,5.813906819476591,0.0,0.0,-1.420090203459861e-06,0.0,0.0,4.09990665526288,-15.0709270738,0.0,0.0,1.7140001642137106,0.0,-5.105818955707157e-06,0.0,0.06555945348342074,-0.006676537565114896,0.21760433631912385,0.0,0.0,0.0
123.0,9.581637449454634,5.813905443590728,0.0,0.0,-1.4310207299471049e-06,0.0,0.0,4.099905229693532,-15.0709270738,0.0,0.0,1.7140002138971955,0.0,-5.1451189221821094e-06,0.0,0.06555944550430334,-0.006676555614440735,0.2176043037681796,0.0,0.0,0.0
124.0,9.581637184531358,5.813904057640763,0.0,0.0,-1.4417831089012823e-06,0.0,0.0,4.09990379327747,-15.0709270738,0.0,0.0,1.7140002643632934,0.0,-5.183814325785132e-06,0.0,0.06555943746509289,-0.006676573770979882,0.21760427091596904,0.0,0.0,0.0
125.0,9.581636927489589,5.813902661801617,0.0,0.0,-1.4523742111048654e-06,0.0,0.0,4.0999023461844075,-15.0709270738,0.0,0.0,1.7140003156172092,0.0,-5.2218939155390975e-06,0.0,0.06555942936679163,-0.00667659203226377,0.21760423776618754,0.0,0.0,0.0
126.0,9.581636678297333,5.813901256251208,0.0,0.0,-1.4627909419386079e-06,0.0,0.0,4.099900888587172,-15.0709270738,0.0,0.0,1.7140003676640365,0.0,-5.2593465648647365e-06,0.0,0.06555942121041966,-0.0066766103957902195,0.2176042043226163,0.0,0.0,0.0
127.0,9.581636436922187,5.813899841170424,0.0,0.0,-1.473030241885827e-06,0.0,0.0,4.099899420661667,-15.0709270738,0.0,0.0,1.7140004205087571,0.0,-5.296161273393852e-06,0.0,0.06555941299701468,-0.00667662885902405,0.2176041705891216,0.0,0.0,0.0
128.0,9.581636203331335,5.813898416743078,0.0,0.0,-1.4830890870326952e-06,0.0,0.0,4.09989794258684,-15.0709270738,0.0,0.0,1.7140004741562382,0.0,-5.3323271687681675e-06,0.0,0.0655594047276318,-0.00667664741939758,0.21760413656965413,0.0,0.0,0.0
129.0,9.581635977491537,5.813896983155874,0.0,0.0,-1.4929644895655143e-06,0.0,0.0,4.099896454544641,-15.0709270738,0.0,0.0,1.7140005286112325,0.0,-5.3678335084273346e-06,0.0,0.06555939640334324,-0.006676666074311097,0.21760410226824783,0.0,0.0,0.0
130.0,9.58163575936912,5.813895540598368,0.0,0.0,-1.5026534982626026e-06,0.0,0.0,4.099894956719993,-15.0709270738,0.0,0.0,1.7140005838783754,0.0,-5.402669681377566e-06,0.0,0.06555938802523825,-0.006676684821133427,0.21760406768901927,0.0,0.0,0.0
131.0,9.581635548929977,5.813894089262934,0.0,0.0,-1.5121531989837387e-06,0.0,0.0,4.099893449300748,-15.0709270738,0.0,0.0,1.7140006399621859,0.0,-5.436825209951481e-06,0.0,0.0655593795944228,-0.006676703657202326,0.21760403283616678,0.0,0.0,0.0
132.0,9.581635346139553,5.813892629344719,0.0,0.0,-1.5214607151539917e-06,0.0,0.0,4.099891932477657,-15.0709270738,0.0,0.0,1.7140006968670614,0.0,-5.470289751547765e-06,0.0,0.06555937111201933,-0.006676722579825184,0.21760399771396957,0.0,0.0,0.0
133.0,9.58163515096284,5.813891161041607,0.0,0.0,-1.5305732082436914e-06,0.0,0.0,4.0998904064443265,-15.0709270738,0.0,0.0,1.7140007545972802,0.0,-5.503053100356948e-06,0.0,0.06555936257916661,-0.006676741586279428,0.21760396232678672,0.0,0.0,0.0
134.0,9.581634963364374,5.81388968455418,0.0,0.0,-1.5394878782443429e-06,0.0,0.0,4.099888871397182,-15.0709270738,0.0,0.0,1.7140008131569981,0.0,-5.535105189072602e-06,0.0,0.06555935399701947,-0.0066767606738130925,0.21760392667905648,0.0,0.0,0.0
135.0,9.581634783308221,5.813888200085677,0.0,0.0,-1.548201964140584e-06,0.0,0.0,4.0998873275354315,-15.0709270738,0.0,0.0,1.7140008725502458,0.0,-5.566436090588303e-06,0.0,0.06555934536674854,-0.00667677983964543,0.21760389077529518,0.0,0.0,0.0
136.0,9.581634610757977,5.813886707841954,0.0,0.0,-1.5567127443764017e-06,0.0,0.0,4.099885775061023,-15.0709270738,0.0,0.0,1.7140009327809311,0.0,-5.5970360196739564e-06,0.0,0.06555933668954009,-0.006676799080967244,0.21760385462009646,0.0,0.0,0.0
137.0,9.581634445676759,5.81388520803144,0.0,0.0,-1.565017537315659e-06,0.0,0.0,4.099884214178606,-15.0709270738,0.0,0.0,1.7140009938528342,0.0,-5.626895334631648e-06,0.0,0.06555932796659569,-0.006676818394941789,0.21760381821813024,0.0,0.0,0.0
138.0,9.5816342880272,5.813883700865102,0.0,0.0,-1.5731137017003485e-06,0.0,0.0,4.099882645095492,-15.0709270738,0.0,0.0,1.71400105576961,0.0,-5.656004538943344e-06,0.0,0.06555931919913205,-0.006676837778704994,0.21760378157414173,0.0,0.0,0.0
139.0,9.58163413777144,5.813882186556396,0.0,0.0,-1.5809986371027542e-06,0.0,0.0,4.099881068021612,-15.0709270738,0.0,0.0,1.7140011185347834,0.0,-5.684354282896656e-06,0.0,0.0655593103883808,-0.006676857229366173,0.21760374469295068,0.0,0.0,0.0
140.0,9.581633994871128,5.8138806653212285,0.0,0.0,-1.5886697843717746e-06,0.0,0.0,4.09987948316948,-15.0709270738,0.0,0.0,1.7140011821517485,0.0,-5.711935365189635e-06,0.0,0.06555930153558812,-0.006676876744008617,0.21760370757945022,0.0,0.0,0.0
141.0,9.581633859287408,5.813879137377915,0.0,0.0,-1.5961246260738801e-06,0.0,0.0,4.099877890754145,-15.0709270738,0.0,0.0,1.71400124662377,0.0,-5.738738734516261e-06,0.0,0.06555929264201463,-0.006676896319690082,0.21760367023860586,0.0,0.0,0.0
142.0,9.58163373098092,5.8138776029471355,0.0,0.0,-1.6033606869307118e-06,0.0,0.0,4.099876290993155,-15.0709270738,0.0,0.0,1.7140013119539805,0.0,-5.764755491139846e-06,0.0,0.06555928370893509,-0.006676915953443427,0.2176036326754546,0.0,0.0,0.0
143.0,9.581633609911792,5.813876062251888,0.0,0.0,-1.6103755342501797e-06,0.0,0.0,4.09987468410651,-15.0709270738,0.0,0.0,1.7140013781453778,0.0,-5.7899768884430775e-06,0.0,0.06555927473763812,-0.006676935642277143,0.21760359489510384,0.0,0.0,0.0
144.0,9.581633496039636,5.813874515517449,0.0,0.0,-1.6171667783506944e-06,0.0,0.0,4.0998730703166215,-15.0709270738,0.0,0.0,1.7140014452008279,0.0,-5.814394334453362e-06,0.0,0.06555926572942594,-0.006676955383176003,0.21760355690273053,0.0,0.0,0.0
145.0,9.581633389323542,5.813872962971328,0.0,0.0,-1.6237320729817744e-06,0.0,0.0,4.09987144984827,-15.0709270738,0.0,0.0,1.7140015131230584,0.0,-5.8379993933551335e-06,0.0,0.06555925668561424,-0.00667697517310159,0.21760351870357986,0.0,0.0,0.0
146.0,9.58163328972208,5.813871404843222,0.0,0.0,-1.6300691157396895e-06,0.0,0.0,4.09986982292856,-15.0709270738,0.0,0.0,1.714001581914662,0.0,-5.860783786984311e-06,0.0,0.06555924760753173,-0.006676995008992867,0.21760348030296445,0.0,0.0,0.0
147.0,9.581633197193286,5.81386984136497,0.0,0.0,-1.6361756484743815e-06,0.0,0.0,4.099868189786876,-15.0709270738,0.0,0.0,1.7140016515780943,0.0,-5.882739396291398e-06,0.0,0.06555923849652001,-0.006677014887766855,0.21760344170626322,0.0,0.0,0.0
148.0,9.58163311169467,5.813868272770509,0.0,0.0,-1.642049457690818e-06,0.0,0.0,4.099866550654838,-15.0709270738,0.0,0.0,1.714001722115671,0.0,-5.903858262784557e-06,0.0,0.06555922935393325,-0.006677034806319274,0.2176034029189203,0.0,0.0,0.0
149.0,9.5816330331832,5.813866699295827,0.0,0.0,-1.6476883749475987e-06,0.0,0.0,4.099864905766258,-15.0709270738,0.0,0.0,1.7140017935295688,0.0,-5.924132589962807e-06,0.0,0.06555922018113801,-0.0066770547615248865,0.21760336394644395,0.0,0.0,0.0
150.0,9.581632961615309,5.8138651211789165,0.0,0.0,-1.6530902772457269e-06,0.0,0.0,4.099863255357093,-15.0709270738,0.0,0.0,1.7140018658218237,0.0,-5.943554744713851e-06,0.0,0.06555921097951282,-0.006677074750238474,0.21760332479440553,0.0,0.0,0.0
151.0,9.581632896946884,5.8138635386597315,0.0,0.0,-1.6582530874141577e-06,0.0,0.0,4.099861599665401,-15.0709270738,0.0,0.0,1.7140019389943308,0.0,-5.962117258700317e-06,0.0,0.06555920175044805,-0.006677094769295108,0.21760328546843832,0.0,0.0,0.0
152.0,9.581632839133269,5.813861951980135,0.0,0.0,-1.6631747744867714e-06,0.0,0.0,4.099859938931293,-15.0709270738,0.0,0.0,1.7140020130488418,0.0,-5.979812829715167e-06,0.0,0.06555919249534556,-0.006677114815511032,0.21760324597423658,0.0,0.0,0.0
153.0,9.581632788129259,5.813860361383855,0.0,0.0,-1.6678533540745602e-06,0.0,0.0,4.0998582733968885,-15.0709270738,0.0,0.0,1.7140020879869668,0.0,-5.996634323019882e-06,0.0,0.06555918321561846,-0.0066771348856841245,0.21760320631755414,0.0,0.0,0.0
154.0,9.581632743889099,5.813858767116438,0.0,0.0,-1.67228688872903e-06,0.0,0.0,4.099856603306267,-15.0709270738,0.0,0.0,1.7140021638101706,0.0,-6.012574772651074e-06,0.0,0.06555917391269081,-0.00667715497659456,0.2176031665042036,0.0,0.0,0.0
155.0,9.581632706366479,5.813857169425196,0.0,0.0,-1.6764734883023934e-06,0.0,0.0,4.099854928905423,-15.0709270738,0.0,0.0,1.7140022405197728,0.0,-6.0276273827155465e-06,0.0,0.06555916458799742,-0.006677175085005482,0.21760312654005493,0.0,0.0,0.0
156.0,9.581632675514536,5.813855568559166,0.0,0.0,-1.6804113102981715e-06,0.0,0.0,4.099853250442217,-15.0709270738,0.0,0.0,1.7140023181169495,0.0,-6.041785528650867e-06,0.0,0.06555915524298342,-0.006677195207663522,0.21760308643103451,0.0,0.0,0.0
157.0,9.58163265128585,5.813853964769055,0.0,0.0,-1.6840985602158549e-06,0.0,0.0,4.099851568166327,-15.0709270738,0.0,0.0,1.7140023966027282,0.0,-6.055042758464585e-06,0.0,0.06555914587910408,-0.006677215341299586,0.21760304618312368,0.0,0.0,0.0
158.0,9.581632633632438,5.813852358307192,0.0,0.0,-1.6875334918898263e-06,0.0,0.0,4.099849882329202,-15.0709270738,0.0,0.0,1.7140024759779893,0.0,-6.067392793952808e-06,0.0,0.06555913649782458,-0.006677235482629343,0.21760300580235808,0.0,0.0,0.0
159.0,9.581632622505763,5.8138507494274805,0.0,0.0,-1.6907144078200611e-06,0.0,0.0,4.099848193184015,-15.0709270738,0.0,0.0,1.7140025562434653,0.0,-6.078829531889212e-06,0.0,0.06555912710061956,-0.006677255628354001,0.21760296529482587,0.0,0.0,0.0
160.0,9.581632617856723,5.813849138385351,0.0,0.0,-1.6936396594970493e-06,0.0,0.0,4.099846500985609,-15.0709270738,0.0,0.0,1.7140026373997417,0.0,-6.089347045193276e-06,0.0,0.06555911768897299,-0.006677275775160793,0.21760292466666709,0.0,0.0,0.0
161.0,9.581632619635654,5.813847525437705,0.0,0.0,-1.6963076477164644e-06,0.0,0.0,4.099844805990451,-15.0709270738,0.0,0.0,1.7140027194472536,0.0,-6.098939584061649e-06,0.0,0.06555910826437782,-0.006677295919723797,0.2176028839240719,0.0,0.0,0.0
162.0,9.581632627792327,5.813845910842872,0.0,0.0,-1.6987168228913035e-06,0.0,0.0,4.099843108456585,-15.0709270738,0.0,0.0,1.714002802386287,0.0,-6.107601577090416e-06,0.0,0.06555909882833562,-0.006677316058704433,0.21760284307328004,0.0,0.0,0.0
163.0,9.58163264227595,5.813844294860553,0.0,0.0,-1.7008656853525932e-06,0.0,0.0,4.099841408643577,-15.0709270738,0.0,0.0,1.714002886216976,0.0,-6.1153276323562595e-06,0.0,0.06555908938235643,-0.0066773361887522,0.21760280212057895,0.0,0.0,0.0
164.0,9.581632663035169,5.813842677751775,0.0,0.0,-1.7027527856463556e-06,0.0,0.0,4.099839706812469,-15.0709270738,0.0,0.0,1.7140029709393056,0.0,-6.122112538484157e-06,0.0,0.06555907992795836,-0.00667735630650533,0.217602761072303,0.0,0.0,0.0
165.0,9.581632690018061,5.813841059778835,0.0,0.0,-1.7043767248188032e-06,0.0,0.0,4.099838003225727,-15.0709270738,0.0,0.0,1.714003056553108,0.0,-6.127951265672771e-06,0.0,0.06555907046666729,-0.00667737640859134,0.21760271993483207,0.0,0.0,0.0
166.0,9.58163272317214,5.813839441205254,0.0,0.0,-1.7057361546987517e-06,0.0,0.0,4.09983629814719,-15.0709270738,0.0,0.0,1.714003143058064,0.0,-6.132838966709818e-06,0.0,0.06555906100001666,-0.006677396491627907,0.21760267871459027,0.0,0.0,0.0
167.0,9.581632762444354,5.813837822295722,0.0,0.0,-1.7068297781685766e-06,0.0,0.0,4.09983459184202,-15.0709270738,0.0,0.0,1.7140032304537014,0.0,-6.1367709779462505e-06,0.0,0.06555905152954707,-0.006677416552223273,0.21760263741804495,0.0,0.0,0.0
168.0,9.581632807781089,5.813836203316046,0.0,0.0,-1.707656349429154e-06,0.0,0.0,4.099832884576651,-15.0709270738,0.0,0.0,1.7140033187393948,0.0,-6.139742820248807e-06,0.0,0.06555904205680607,-0.006677436586977073,0.21760259605170496,0.0,0.0,0.0
169.0,9.581632859128167,5.813834584533103,0.0,0.0,-1.7082146742583733e-06,0.0,0.0,4.099831176618737,-15.0709270738,0.0,0.0,1.7140034079143653,0.0,-6.1417501999294455e-06,0.0,0.06555903258334779,-0.006677456592480938,0.21760255462212003,0.0,0.0,0.0
170.0,9.581632916430843,5.813832966214782,0.0,0.0,-1.7085036102582483e-06,0.0,0.0,4.0998294682370995,-15.0709270738,0.0,0.0,1.7140034979776821,0.0,-6.1427890096337815e-06,0.0,0.06555902311073265,-0.006677476565319251,0.2176025131358787,0.0,0.0,0.0
171.0,9.581632979633815,5.813831348629935,0.0,0.0,-1.7085220670979667e-06,0.0,0.0,4.099827759701677,-15.0709270738,0.0,0.0,1.714003588928258,0.0,-6.142855329214914e-06,0.0,0.06555901364052709,-0.006677496502069599,0.21760247159960794,0.0,0.0,0.0
172.0,9.581633048681216,5.813829732048325,0.0,0.0,-1.7082690067456012e-06,0.0,0.0,4.099826051283472,-15.0709270738,0.0,0.0,1.7140036807648533,0.0,-6.141945426566495e-06,0.0,0.06555900417430323,-0.006677516399303737,0.2176024300199711,0.0,0.0,0.0
173.0,9.581633123516623,5.81382811674057,0.0,0.0,-1.7077434436948905e-06,0.0,0.0,4.0998243432544985,-15.0709270738,0.0,0.0,1.7140037734860716,0.0,-6.140055758438048e-06,0.0,0.06555899471363856,-0.0066775362535880095,0.21760238840366702,0.0,0.0,0.0
174.0,9.581633204083051,5.813826502978093,0.0,0.0,-1.706944445179971e-06,0.0,0.0,4.0998226358877305,-15.0709270738,0.0,0.0,1.7140038670903621,0.0,-6.137182971206994e-06,0.0,0.06555898526011569,-0.006677556061484194,0.21760234675742862,0.0,0.0,0.0
175.0,9.581633290322962,5.813824891033067,0.0,0.0,-1.7058711313875e-06,0.0,0.0,4.099820929457048,-15.0709270738,0.0,0.0,1.7140039615760196,0.0,-6.133323901641256e-06,0.0,0.06555897581532191,-0.006677575819550058,0.21760230508802147,0.0,0.0,0.0
176.0,9.581633382178262,5.813823281178366,0.0,0.0,-1.7045226756559003e-06,0.0,0.0,4.099819224237183,-15.0709270738,0.0,0.0,1.7140040569411834,0.0,-6.128475577615593e-06,0.0,0.06555896638084908,-0.006677595524340094,0.21760226340224278,0.0,0.0,0.0
177.0,9.581633479590307,5.813821673687505,0.0,0.0,-1.7028983046666535e-06,0.0,0.0,4.099817520503668,-15.0709270738,0.0,0.0,1.7140041531838364,0.0,-6.122635218799313e-06,0.0,0.06555895695829313,-0.006677615172406212,0.21760222170691979,0.0,0.0,0.0
178.0,9.581633582499899,5.813820068834589,0.0,0.0,-1.70099729862938e-06,0.0,0.0,4.099815818532785,-15.0709270738,0.0,0.0,1.7140042503018043,0.0,-6.115800237321668e-06,0.0,0.0655589475492538,-0.006677634760298395,0.21760218000890846,0.0,0.0,0.0
179.0,9.581633690847296,5.813818466894265,0.0,0.0,-1.6988189914578595e-06,0.0,0.0,4.099814118601505,-15.0709270738,0.0,0.0,1.71400434829276,0.0,-6.1079682384046564e-06,0.0,0.06555893815533442,-0.006677654284565349,0.2176021383150924,0.0,0.0,0.0
180.0,9.58163380457221,5.813816868141657,0.0,0.0,-1.6963627709360167e-06,0.0,0.0,4.0998124209874405,-15.0709270738,0.0,0.0,1.7140044471542168,0.0,-6.09913702095975e-06,0.0,0.06555892877814148,-0.006677673741755236,0.21760209663238117,0.0,0.0,0.0
181.0,9.581633923613813,5.813815272852323,0.0,0.0,-1.693628078877819e-06,0.0,0.0,4.099810725968788,-15.0709270738,0.0,0.0,1.714004546883535,0.0,-6.089304578162726e-06,0.0,0.06555891941928435,-0.006677693128416318,0.21760205496770924,0.0,0.0,0.0
182.0,9.581634047910734,5.813813681302193,0.0,0.0,-1.6906144112747756e-06,0.0,0.0,4.099809033824275,-15.0709270738,0.0,0.0,1.7140046474779176,0.0,-6.078469097983925e-06,0.0,0.06555891008037501,-0.006677712441097661,0.21760201332803442,0.0,0.0,0.0
183.0,9.581634177401071,5.8138120937675195,0.0,0.0,-1.6873213184400107e-06,0.0,0.0,4.099807344833108,-15.0709270738,0.0,0.0,1.7140047489344115,0.0,-6.06662896370618e-06,0.0,0.06555890076302767,-0.0066777316763498296,0.21760197172033663,0.0,0.0,0.0
184.0,9.581634312022388,5.813810510524821,0.0,0.0,-1.6837484051386434e-06,0.0,0.0,4.099805659274913,-15.0709270738,0.0,0.0,1.714004851249908,0.0,-6.053782754393512e-06,0.0,0.06555889146885849,-0.006677750830725512,0.21760193015161639,0.0,0.0,0.0
185.0,9.58163445171172,5.813808931850826,0.0,0.0,-1.679895330711865e-06,0.0,0.0,4.099803977429685,-15.0709270738,0.0,0.0,1.7140049544211404,0.0,-6.039929245337165e-06,0.0,0.06555888219948523,-0.006677769900780284,0.2176018886288938,0.0,0.0,0.0
186.0,9.58163459640558,5.813807358022423,0.0,0.0,-1.6757618091933234e-06,0.0,0.0,4.099802299577735,-15.0709270738,0.0,0.0,1.7140050584446884,0.0,-6.02506740847398e-06,0.0,0.06555887295652697,-0.006677788883073188,0.2176018471592066,0.0,0.0,0.0
187.0,9.581634746039958,5.813805789316602,0.0,0.0,-1.6713476094137692e-06,0.0,0.0,4.099800625999627,-15.0709270738,0.0,0.0,1.7140051633169744,0.0,-6.009196412762553e-06,0.0,0.06555886374160379,-0.006677807774167599,0.21760180574960938,0.0,0.0,0.0
188.0,9.581634900550329,5.813804226010401,0.0,0.0,-1.6666525550974651e-06,0.0,0.0,4.099798956976135,-15.0709270738,0.0,0.0,1.7140052690342662,0.0,-5.9923156245297904e-06,0.0,0.06555885455633641,-0.006677826570631637,0.21760176440717183,0.0,0.0,0.0
189.0,9.581635059871655,5.813802668380852,0.0,0.0,-1.6616765249527677e-06,0.0,0.0,4.0997972927881765,-15.0709270738,0.0,0.0,1.7140053755926754,0.0,-5.974424607796495e-06,0.0,0.06555884540234588,-0.00667784526903914,0.21760172313897752,0.0,0.0,0.0
190.0,9.58163522393839,5.813801116704925,0.0,0.0,-1.65641945274915e-06,0.0,0.0,4.0997956337167665,-15.0709270738,0.0,0.0,1.7140054829881581,0.0,-5.955523124554209e-06,0.0,0.06555883628125331,-0.006677863865970093,0.21760168195212243,0.0,0.0,0.0
191.0,9.581635392684488,5.813799571259473,0.0,0.0,-1.6508813273883748e-06,0.0,0.0,4.099793980042956,-15.0709270738,0.0,0.0,1.7140055912165169,0.0,-5.935611135021016e-06,0.0,0.0655588271946795,-0.006677882358011505,0.21760164085371353,0.0,0.0,0.0
192.0,9.581635566043403,5.813798032321179,0.0,0.0,-1.6450621929639377e-06,0.0,0.0,4.099792332047782,-15.0709270738,0.0,0.0,1.7140057002733968,0.0,-5.9146887978551765e-06,0.0,0.06555881814424461,-0.006677900741758003,0.21760159985086758,0.0,0.0,0.0
193.0,9.581635743948096,5.813796500166498,0.0,0.0,-1.6389621488161523e-06,0.0,0.0,4.099790690012208,-15.0709270738,0.0,0.0,1.7140058101542905,0.0,-5.892756470353076e-06,0.0,0.06555880913156786,-0.006677919013812553,0.2176015589507094,0.0,0.0,0.0
194.0,9.581635926331044,5.813794975071607,0.0,0.0,-1.6325813495709358e-06,0.0,0.0,4.09978905421707,-15.0709270738,0.0,0.0,1.7140059208545368,0.0,-5.869814708588582e-06,0.0,0.06555880015826729,-0.006677937170787032,0.21760151816037088,0.0,0.0,0.0
195.0,9.581636113124237,5.813793457312344,0.0,0.0,-1.6259200051763135e-06,0.0,0.0,4.099787424943024,-15.0709270738,0.0,0.0,1.71400603236932,0.0,-5.845864267544193e-06,0.0,0.06555879122595924,-0.006677955209303046,0.21760147748698927,0.0,0.0,0.0
196.0,9.581636304259188,5.813791947164157,0.0,0.0,-1.6189783809254748e-06,0.0,0.0,4.099785802470487,-15.0709270738,0.0,0.0,1.7140061446936699,0.0,-5.82090610119383e-06,0.0,0.06555878233625823,-0.0066779731259925396,0.21760143693770584,0.0,0.0,0.0
197.0,9.581636499666946,5.8137904449020485,0.0,0.0,-1.6117567974719027e-06,0.0,0.0,4.099784187079583,-15.0709270738,0.0,0.0,1.714006257822466,0.0,-5.794941362557125e-06,0.0,0.06555877349077652,-0.006677990917498544,0.21760139651966454,0.0,0.0,0.0
198.0,9.581636699278087,5.81378895080052,0.0,0.0,-1.6042556308341337e-06,0.0,0.0,4.099782579050087,-15.0709270738,0.0,0.0,1.7140063717504326,0.0,-5.767971403716432e-06,0.0,0.06555876469112382,-0.0066780085804756945,0.21760135624001054,0.0,0.0,0.0
199.0,9.581636903022734,5.813787465133517,0.0,0.0,-1.5964753123944905e-06,0.0,0.0,4.099780978661372,-15.0709270738,0.0,0.0,1.7140064864721447,0.0,-5.739997775812159e-06,0.0,0.065558755938907,-0.006678026111591073,0.2176013161058889,0.0,0.0,0.0
200.0,9.581637110830554,5.8137859881743745,0.0,0.0,-1.5884163288842302e-06,0.0,0.0,4.099779386192352,-15.0709270738,0.0,0.0,1.7140066019820228,0.0,-5.7110222289892606e-06,0.0,0.06555874723572971,-0.00667804350752485,0.21760127612444297,0.0,0.0,0.0
201.0,9.581637322630769,5.813784520195762,0.0,0.0,-1.5800792223625747e-06,0.0,0.0,4.099777801921423,-15.0709270738,0.0,0.0,1.714006718274339,0.0,-5.681046712321729e-06,0.0,0.06555873858319212,-0.006678060764970892,0.2176012363028132,0.0,0.0,0.0
202.0,9.581637538352162,5.81378306146963,0.0,0.0,-1.5714645901819389e-06,0.0,0.0,4.099776226126416,-15.0709270738,0.0,0.0,1.7140068353432145,0.0,-5.650073373687459e-06,0.0,0.06555872998289056,-0.006678077880637401,0.2176011966481356,0.0,0.0,0.0
203.0,9.581637757923081,5.813781612267153,0.0,0.0,-1.5625730849509896e-06,0.0,0.0,4.099774659084534,-15.0709270738,0.0,0.0,1.7140069531826194,0.0,-5.6181045596353185e-06,0.0,0.06555872143641717,-0.00667809485124779,0.21760115716754036,0.0,0.0,0.0
204.0,9.58163798127145,5.813780172858677,0.0,0.0,-1.5534054144810183e-06,0.0,0.0,4.0997731010723015,-15.0709270738,0.0,0.0,1.7140070717863756,0.0,-5.585142815192216e-06,0.0,0.06555871294535967,-0.006678111673541126,0.2176011178681504,0.0,0.0,0.0
205.0,9.581638208324774,5.813778743513663,0.0,0.0,-1.5439623417274656e-06,0.0,0.0,4.099771552365507,-15.0709270738,0.0,0.0,1.7140071911481565,0.0,-5.551190883652733e-06,0.0,0.06555870451130097,-0.006678128344272907,0.21760107875707996,0.0,0.0,0.0
206.0,9.581638439010144,5.813777324500636,0.0,0.0,-1.534244684719539e-06,0.0,0.0,4.099770013239147,-15.0709270738,0.0,0.0,1.714007311261489,0.0,-5.516251706325961e-06,0.0,0.06555869613581888,-0.0066781448602156734,0.2176010398414333,0.0,0.0,0.0
207.0,9.581638673254245,5.813775916087126,0.0,0.0,-1.524253316481793e-06,0.0,0.0,4.099768483967375,-15.0709270738,0.0,0.0,1.7140074321197512,0.0,-5.480328422253418e-06,0.0,0.0655586878204858,-0.006678161218159728,0.21760100112830313,0.0,0.0,0.0
208.0,9.58163891098337,5.813774518539617,0.0,0.0,-1.5139891649445187e-06,0.0,0.0,4.099766964823442,-15.0709270738,0.0,0.0,1.7140075537161747,0.0,-5.443424367886743e-06,0.0,0.0655586795668683,-0.0066781774149137635,0.21760096262476925,0.0,0.0,0.0
209.0,9.58163915212342,5.813773132123494,0.0,0.0,-1.5034532128471672e-06,0.0,0.0,4.099765456079646,-15.0709270738,0.0,0.0,1.714007676043848,0.0,-5.4055430767403374e-06,0.0,0.06555867137652699,-0.006678193447305525,0.21760092433789716,0.0,0.0,0.0
210.0,9.581639396599915,5.813771757102984,0.0,0.0,-1.4926464976296954e-06,0.0,0.0,4.099763958007271,-15.0709270738,0.0,0.0,1.7140077990957128,0.0,-5.366688279000586e-06,0.0,0.06555866325101603,-0.0066782093121823954,0.2176008862747366,0.0,0.0,0.0
211.0,9.581639644337997,5.813770393741108,0.0,0.0,-1.4815701113159973e-06,0.0,0.0,4.0997624708765406,-15.0709270738,0.0,0.0,1.7140079228645675,0.0,-5.326863901106616e-06,0.0,0.06555865519188295,-0.006678225006412242,0.21760084844232028,0.0,0.0,0.0
212.0,9.581639895262448,5.813769042299624,0.0,0.0,-1.470225200386868e-06,0.0,0.0,4.099760994956557,-15.0709270738,0.0,0.0,1.714008047343067,0.0,-5.286074065293422e-06,0.0,0.0655586472006682,-0.006678240526883747,0.21760081084766225,0.0,0.0,0.0
213.0,9.58164014929769,5.813767703038974,0.0,0.0,-1.4586129656445387e-06,0.0,0.0,4.099759530515248,-15.0709270738,0.0,0.0,1.7140081725237257,0.0,-5.2443230891046875e-06,0.0,0.06555863927890494,-0.006678255870507424,0.21760077349775658,0.0,0.0,0.0
214.0,9.581640406367796,5.813766376218232,0.0,0.0,-1.4467346620659887e-06,0.0,0.0,4.099758077819316,-15.0709270738,0.0,0.0,1.714008298398916,0.0,-5.201615484865253e-06,0.0,0.06555863142811869,-0.006678271034215963,0.21760073639957606,0.0,0.0,0.0
215.0,9.581640666396497,5.813765062095048,0.0,0.0,-1.4345915986485935e-06,0.0,0.0,4.0997566371341785,-15.0709270738,0.0,0.0,1.7140084249608698,0.0,-5.157955959126023e-06,0.0,0.06555862364982702,-0.006678286014964993,0.21760069956007072,0.0,0.0,0.0
216.0,9.581640929307191,5.8137637609256,0.0,0.0,-1.4221851382447457e-06,0.0,0.0,4.099755208723918,-15.0709270738,0.0,0.0,1.7140085522016815,0.0,-5.11334941206924e-06,0.0,0.06555861594553924,-0.006678300809733778,0.21760066298616643,0.0,0.0,0.0
217.0,9.581641195022957,5.813762472964534,0.0,0.0,-1.4095166973875755e-06,0.0,0.0,4.099753792851229,-15.0709270738,0.0,0.0,1.714008680113305,0.0,-5.067800936881736e-06,0.0,0.0655586083167561,-0.006678315415525701,0.21760062668476332,0.0,0.0,0.0
218.0,9.581641463466555,5.813761198464919,0.0,0.0,-1.3965877461071352e-06,0.0,0.0,4.09975238977736,-15.0709270738,0.0,0.0,1.7140088086875584,0.0,-5.021315819093918e-06,0.0,0.06555860076496944,-0.006678329829368973,0.21760059066273468,0.0,0.0,0.0
219.0,9.581641734560442,5.813759937678189,0.0,0.0,-1.3833998077380264e-06,0.0,0.0,4.099750999762066,-15.0709270738,0.0,0.0,1.7140089379161232,0.0,-4.973899535887973e-06,0.0,0.06555859329166194,-0.006678344048317353,0.2176005549269256,0.0,0.0,0.0
220.0,9.581642008226778,5.813758690854097,0.0,0.0,-1.3699544587139397e-06,0.0,0.0,4.099749623063549,-15.0709270738,0.0,0.0,1.7140090677905473,0.0,-4.925557755359024e-06,0.0,0.06555858589830678,-0.006678358069450524,0.21760051948415107,0.0,0.0,0.0
221.0,9.581642284387433,5.813757458240653,0.0,0.0,-1.356253328358317e-06,0.0,0.0,4.09974825993841,-15.0709270738,0.0,0.0,1.714009198302243,0.0,-4.876296335762349e-06,0.0,0.06555857858636732,-0.006678371889874982,0.2176004843411953,0.0,0.0,0.0
222.0,9.581642562964003,5.813756240084085,0.0,0.0,-1.342298098660049e-06,0.0,0.0,4.099746910641593,-15.0709270738,0.0,0.0,1.7140093294424918,0.0,-4.826121324706779e-06,0.0,0.06555857135729684,-0.006678385506724505,0.2176004495048097,0.0,0.0,0.0
223.0,9.581642843877814,5.813755036628778,0.0,0.0,-1.3280905040429652e-06,0.0,0.0,4.0997455754263346,-15.0709270738,0.0,0.0,1.7140094612024432,0.0,-4.775038958325799e-06,0.0,0.06555856421253824,-0.0066783989171607105,0.217600414981712,0.0,0.0,0.0
224.0,9.581643127049933,5.813753848117226,0.0,0.0,-1.3136323311250558e-06,0.0,0.0,4.099744254544111,-15.0709270738,0.0,0.0,1.714009593573115,0.0,-4.723055660411714e-06,0.0,0.06555855715352363,-0.006678412118373833,0.21760038077858448,0.0,0.0,0.0
225.0,9.581643412401178,5.813752674789984,0.0,0.0,-1.2989254184683212e-06,0.0,0.0,4.099742948244586,-15.0709270738,0.0,0.0,1.714009726545398,0.0,-4.67017804151613e-06,0.0,0.0655585501816742,-0.00667842510758318,0.21760034690207297,0.0,0.0,0.0
226.0,9.581643699852128,5.8137515168856115,0.0,0.0,-1.2839716563188505e-06,0.0,0.0,4.099741656775558,-15.0709270738,0.0,0.0,1.7140098601100533,0.0,-4.6164128980153e-06,0.0,0.0655585432983998,-0.0066784378820377716,0.21760031335878516,0.0,0.0,0.0
227.0,9.581643989323132,5.8137503746406285,0.0,0.0,-1.2687729863376223e-06,0.0,0.0,4.09974038038291,-15.0709270738,0.0,0.0,1.7140099942577187,0.0,-4.561767211142105e-06,0.0,0.06555853650509869,-0.006678450439017006,0.21760028015528937,0.0,0.0,0.0
228.0,9.58164428073432,5.8137492482894615,0.0,0.0,-1.253331401322149e-06,0.0,0.0,4.0997391193105575,-15.0709270738,0.0,0.0,1.714010128978904,0.0,-4.506248145985129e-06,0.0,0.06555852980315723,-0.006678462775831034,0.2176002472981134,0.0,0.0,0.0
229.0,9.581644574005615,5.813748138064395,0.0,0.0,-1.2376489449181595e-06,0.0,0.0,4.0997378738003984,-15.0709270738,0.0,0.0,1.7140102642639965,0.0,-4.449863050451907e-06,0.0,0.06555852319394959,-0.006678474889821678,0.2176002147937427,0.0,0.0,0.0
230.0,9.581644869056738,5.813747044195522,0.0,0.0,-1.2217277113230968e-06,0.0,0.0,4.0997366440922605,-15.0709270738,0.0,0.0,1.7140104001032617,0.0,-4.39261945420276e-06,0.0,0.06555851667883746,-0.006678486778362677,0.21760018264861958,0.0,0.0,0.0
231.0,9.581645165807226,5.813745966910696,0.0,0.0,-1.2055698449781346e-06,0.0,0.0,4.099735430423854,-15.0709270738,0.0,0.0,1.7140105364868425,0.0,-4.334525067543325e-06,0.0,0.0655585102591698,-0.006678498438860467,0.21760015086914147,0.0,0.0,0.0
232.0,9.58164546417643,5.813744906435481,0.0,0.0,-1.1891775402536851e-06,0.0,0.0,4.099734233030717,-15.0709270738,0.0,0.0,1.714010673404764,0.0,-4.275587780293716e-06,0.0,0.06555850393628246,-0.006678509868754665,0.21760011946165972,0.0,0.0,0.0
233.0,9.581645764083543,5.813743862993103,0.0,0.0,-1.1725530411252885e-06,0.0,0.0,4.0997330521461715,-15.0709270738,0.0,0.0,1.7140108108469319,0.0,-4.215815660623079e-06,0.0,0.06555849771149802,-0.006678521065518653,0.2176000884324783,0.0,0.0,0.0
234.0,9.581646065447595,5.813742836804405,0.0,0.0,-1.1556986408371023e-06,0.0,0.0,4.099731888001269,-15.0709270738,0.0,0.0,1.7140109488031356,0.0,-4.155216953839582e-06,0.0,0.06555849158612537,-0.006678532026660161,0.21760005778785257,0.0,0.0,0.0
235.0,9.58164636818747,5.813741828087794,0.0,0.0,-1.13861668156035e-06,0.0,0.0,4.099730740824744,-15.0709270738,0.0,0.0,1.7140110872630503,0.0,-4.093800081162272e-06,0.0,0.06555848556145953,-0.006678542749721766,0.21760002753398777,0.0,0.0,0.0
236.0,9.581646672221924,5.8137408370592,0.0,0.0,-1.1213095540400923e-06,0.0,0.0,4.099729610842963,-15.0709270738,0.0,0.0,1.714011226216237,0.0,-4.031573638450951e-06,0.0,0.06555847963878136,-0.006678553232281434,0.21759999767703775,0.0,0.0,0.0
237.0,9.581646977469578,5.813739863932024,0.0,0.0,-1.1037796972325316e-06,0.0,0.0,4.099728498279879,-15.0709270738,0.0,0.0,1.7140113656521443,0.0,-3.968546394902019e-06,0.0,0.0655584738193572,-0.006678563471953197,0.2175999682231039,0.0,0.0,0.0
238.0,9.581647283848948,5.813738908917094,0.0,0.0,-1.0860295979367358e-06,0.0,0.0,4.099727403356983,-15.0709270738,0.0,0.0,1.7140115055601113,0.0,-3.904727291724253e-06,0.0,0.06555846810443872,-0.0066785734663874635,0.21759993917823373,0.0,0.0,0.0
239.0,9.581647591278445,5.813737972222621,0.0,0.0,-1.068061790412816e-06,0.0,0.0,4.099726326293253,-15.0709270738,0.0,0.0,1.714011645929368,0.0,-3.8401254407658845e-06,0.0,0.06555846249526256,-0.006678583213271763,0.2175999105484193,0.0,0.0,0.0
240.0,9.581647899676389,5.813737054054148,0.0,0.0,-1.04987885599501e-06,0.0,0.0,4.099725267305112,-15.0709270738,0.0,0.0,1.7140117867490368,0.0,-3.7747501231233562e-06,0.0,0.0655584569930501,-0.006678592710331097,0.21759988233959648,0.0,0.0,0.0
241.0,9.581648208961022,5.81373615461451,0.0,0.0,-1.0314834226926296e-06,0.0,0.0,4.099724226606375,-15.0709270738,0.0,0.0,1.7140119280081354,0.0,-3.7086107877064566e-06,0.0,0.06555845159900714,-0.006678601955328614,0.21759985455764336,0.0,0.0,0.0
242.0,9.581648519050516,5.813735274103784,0.0,0.0,-1.0128781647834797e-06,0.0,0.0,4.099723204408209,-15.0709270738,0.0,0.0,1.7140120696955758,0.0,-3.6417170497763816e-06,0.0,0.06555844631432371,-0.006678610946065963,0.2175998272083789,0.0,0.0,0.0
243.0,9.581648829862987,5.813734412719251,0.0,0.0,-9.940658024008477e-07,0.0,0.0,4.099722200919081,-15.0709270738,0.0,0.0,1.7140122118001697,0.0,-3.574078689460685e-06,0.0,0.06555844114017376,-0.006678619680383954,0.2175998002975621,0.0,0.0,0.0
244.0,9.581649141316506,5.813733570655346,0.0,0.0,-9.750491011066593e-07,0.0,0.0,4.099721216344718,-15.0709270738,0.0,0.0,1.7140123543106283,0.0,-3.5057056502184897e-06,0.0,0.06555843607771489,-0.006678628156162908,0.21759977383089033,0.0,0.0,0.0
245.0,9.58164945332911,5.81373274810362,0.0,0.0,-9.55830871461691e-07,0.0,0.0,4.099720250888056,-15.0709270738,0.0,0.0,1.7140124972155641,0.0,-3.436608037295125e-06,0.0,0.06555843112808814,-0.006678636371323293,0.21759974781399832,0.0,0.0,0.0
246.0,9.581649765818813,5.813731945252691,0.0,0.0,-9.364139685809992e-07,0.0,0.0,4.0997193047491995,-15.0709270738,0.0,0.0,1.7140126405034914,0.0,-3.3667961161236045e-06,0.0,0.06555842629241772,-0.006678644323826088,0.21759972225245694,0.0,0.0,0.0
247.0,9.581650078703621,5.813731162288207,0.0,0.0,-9.168012916858457e-07,0.0,0.0,4.0997183781253765,-15.0709270738,0.0,0.0,1.71401278416283,0.0,-3.296280310713519e-06,0.0,0.06555842157181069,-0.006678652011673308,0.2175996971517719,0.0,0.0,0.0
248.0,9.581650391901539,5.8137303993928,0.0,0.0,-8.969957836453537e-07,0.0,0.0,4.0997174712108935,-15.0709270738,0.0,0.0,1.7140129281819068,0.0,-3.2250712020030025e-06,0.0,0.0655584169673568,-0.00667865943290856,0.21759967251738266,0.0,0.0,0.0
249.0,9.581650705330587,5.813729656746048,0.0,0.0,-8.770004305089613e-07,0.0,0.0,4.0997165841970915,-15.0709270738,0.0,0.0,1.7140130725489566,0.0,-3.1531795261776162e-06,0.0,0.06555841248012824,-0.0066786665856172905,0.21759964835466122,0.0,0.0,0.0
250.0,9.581651018908808,5.813728934524431,0.0,0.0,-8.568182610304668e-07,0.0,0.0,4.099715717272305,-15.0709270738,0.0,0.0,1.714013217252126,0.0,-3.080616172959003e-06,0.0,0.0655584081111793,-0.006678673467927498,0.21759962466891078,0.0,0.0,0.0
251.0,9.581651332554284,5.8137282329012905,0.0,0.0,-8.364523461857245e-07,0.0,0.0,4.099714870621819,-15.0709270738,0.0,0.0,1.7140133622794718,0.0,-3.007392183870719e-06,0.0,0.06555840386154625,-0.006678680078010077,0.2175996014653649,0.0,0.0,0.0
252.0,9.581651646185145,5.8137275520467915,0.0,0.0,-8.159057986790811e-07,0.0,0.0,4.099714044427825,-15.0709270738,0.0,0.0,1.7140135076189669,0.0,-2.9335187504635794e-06,0.0,0.06555839973224703,-0.006678686414079149,0.21759957874918595,0.0,0.0,0.0
253.0,9.581651959719585,5.81372689212788,0.0,0.0,-7.951817724440948e-07,0.0,0.0,4.0997132388693815,-15.0709270738,0.0,0.0,1.7140136532584984,0.0,-2.8590072125204573e-06,0.0,0.06555839572428097,-0.006678692474392747,0.21759955652546437,0.0,0.0,0.0
254.0,9.581652273075868,5.813726253308248,0.0,0.0,-7.742834621341053e-07,0.0,0.0,4.099712454122375,-15.0709270738,0.0,0.0,1.7140137991858735,0.0,-2.7838690562245918e-06,0.0,0.06555839183862874,-0.00667869825725298,0.21759953479921723,0.0,0.0,0.0
255.0,9.581652586172343,5.813725635748291,0.0,0.0,-7.532141026061147e-07,0.0,0.0,4.099711690359474,-15.0709270738,0.0,0.0,1.7140139453888175,0.0,-2.70811591230385e-06,0.0,0.0655583880762519,-0.0066787037610066685,0.21759951357538726,0.0,0.0,0.0
256.0,9.581652898927459,5.813725039605072,0.0,0.0,-7.319769683966267e-07,0.0,0.0,4.099710947750094,-15.0709270738,0.0,0.0,1.7140140918549776,0.0,-2.6317595541460767e-06,0.0,0.06555838443809281,-0.006678708984045656,0.21759949285884167,0.0,0.0,0.0
257.0,9.581653211259773,5.8137244650322835,0.0,0.0,-7.105753731894732e-07,0.0,0.0,4.099710226460358,-15.0709270738,0.0,0.0,1.7140142385719255,0.0,-2.5548118958856442e-06,0.0,0.06555838092507439,-0.00667871392480722,0.21759947265437113,0.0,0.0,0.0
258.0,9.581653523087967,5.813723912180213,0.0,0.0,-6.890126692744044e-07,0.0,0.0,4.099709526653052,-15.0709270738,0.0,0.0,1.714014385527161,0.0,-2.477284990456789e-06,0.0,0.06555837753809984,-0.0066787185817744205,0.2175994529666886,0.0,0.0,0.0
259.0,9.581653834330853,5.813723381195701,0.0,0.0,-6.672922469990089e-07,0.0,0.0,4.099708848487593,-15.0709270738,0.0,0.0,1.7140145327081084,0.0,-2.399191027622975e-06,0.0,0.0655583742780525,-0.00667872295347674,0.21759943380042826,0.0,0.0,0.0
260.0,9.581654144907393,5.813722872222112,0.0,0.0,-6.454175342145126e-07,0.0,0.0,4.099708192119988,-15.0709270738,0.0,0.0,1.7140146801021237,0.0,-2.3205423319842506e-06,0.0,0.06555837114579557,-0.0066787270384900815,0.21759941516014464,0.0,0.0,0.0
261.0,9.581654454736707,5.813722385399294,0.0,0.0,-6.23391995710332e-07,0.0,0.0,4.0997075577028,-15.0709270738,0.0,0.0,1.7140148276964942,0.0,-2.2413513609441753e-06,0.0,0.06555836814217199,-0.006678730835437505,0.21759939705031128,0.0,0.0,0.0
262.0,9.581654763738088,5.813721920863548,0.0,0.0,-6.012191326438285e-07,0.0,0.0,4.099706945385106,-15.0709270738,0.0,0.0,1.7140149754784426,0.0,-2.161630702659498e-06,0.0,0.0655583652680041,-0.006678734342989337,0.21759937947531993,0.0,0.0,0.0
263.0,9.58165507183101,5.813721478747592,0.0,0.0,-5.789024819619839e-07,0.0,0.0,4.099706355312464,-15.0709270738,0.0,0.0,1.7140151234351277,0.0,-2.0813930739607906e-06,0.0,0.06555836252409356,-0.006678737559863715,0.21759936243947942,0.0,0.0,0.0
264.0,9.581655378935146,5.8137210591805255,0.0,0.0,-5.564456158155376e-07,0.0,0.0,4.09970578762688,-15.0709270738,0.0,0.0,1.7140152715536452,0.0,-2.0006513182459783e-06,0.0,0.06555835991122111,-0.006678740484826848,0.21759934594701463,0.0,0.0,0.0
265.0,9.581655684970375,5.8137206622878015,0.0,0.0,-5.33852140965014e-07,0.0,0.0,4.0997052424667695,-15.0709270738,0.0,0.0,1.714015419821032,0.0,-1.919418403344724e-06,0.0,0.06555835743014632,-0.006678743116693309,0.21759933000206558,0.0,0.0,0.0
266.0,9.5816559898568,5.813720288191192,0.0,0.0,-5.111256981834161e-07,0.0,0.0,4.099704719966922,-15.0709270738,0.0,0.0,1.7140155682242701,0.0,-1.8377074193708182e-06,0.0,0.06555835508160751,-0.006678745454326521,0.21759931460868637,0.0,0.0,0.0
267.0,9.58165629351476,5.813719937008754,0.0,0.0,-4.882699616442668e-07,0.0,0.0,4.099704220258471,-15.0709270738,0.0,0.0,1.714015716750283,0.0,-1.7555315765219046e-06,0.0,0.06555835286632147,-0.006678747496638965,0.21759929977084438,0.0,0.0,0.0
268.0,9.581656595864834,5.813719608854803,0.0,0.0,-4.6528863831032046e-07,0.0,0.0,4.099703743468861,-15.0709270738,0.0,0.0,1.7140158653859423,0.0,-1.672904202881606e-06,0.0,0.06555835078498326,-0.006678749242592499,0.21759928549241903,0.0,0.0,0.0
269.0,9.581656896827864,5.813719303839879,0.0,0.0,-4.4218546731093885e-07,0.0,0.0,4.099703289721811,-15.0709270738,0.0,0.0,1.7140160141180685,0.0,-1.589838742180909e-06,0.0,0.06555834883826614,-0.006678750691198804,0.21759927177720118,0.0,0.0,0.0
270.0,9.581657196324963,5.813719022070721,0.0,0.0,-4.189642193153789e-07,0.0,0.0,4.0997028591372855,-15.0709270738,0.0,0.0,1.7140161629334356,0.0,-1.5063487515448465e-06,0.0,0.06555834702682128,-0.00667875184151949,0.2175992586288919,0.0,0.0,0.0
271.0,9.581657494277529,5.813718763650233,0.0,0.0,-3.9562869589493984e-07,0.0,0.0,4.099702451831464,-15.0709270738,0.0,0.0,1.714016311818769,0.0,-1.4224478991991308e-06,0.0,0.06555834535127761,-0.006678752692666531,0.21759924605110187,0.0,0.0,0.0
272.0,9.581657790607254,5.81371852867746,0.0,0.0,-3.72182728884491e-07,0.0,0.0,4.099702067916708,-15.0709270738,0.0,0.0,1.7140164607607513,0.0,-1.3381499621745643e-06,0.0,0.06555834381224171,-0.006678753243802529,0.2175992340473501,0.0,0.0,0.0
273.0,9.581658085236143,5.813718317247556,0.0,0.0,-3.4863017973147074e-07,0.0,0.0,4.099701707501534,-15.0709270738,0.0,0.0,1.7140166097460217,0.0,-1.2534688239664075e-06,0.0,0.06555834241029758,-0.006678753494140918,0.21759922262106346,0.0,0.0,0.0
274.0,9.581658378086516,5.813718129451762,0.0,0.0,-3.2497493884443684e-07,0.0,0.0,4.09970137069058,-15.0709270738,0.0,0.0,1.7140167587611819,0.0,-1.1684184721921384e-06,0.0,0.0655583411460065,-0.006678753442946328,0.21759921177557556,0.0,0.0,0.0
275.0,9.581658669081035,5.813717965377376,0.0,0.0,-3.0122092492915513e-07,0.0,0.0,4.099701057584581,-15.0709270738,0.0,0.0,1.7140169077927947,0.0,-1.0830129962044083e-06,0.0,0.06555834001990687,-0.006678753089534764,0.21759920151412604,0.0,0.0,0.0
276.0,9.581658958142702,5.813717825107729,0.0,0.0,-2.7737208432332724e-07,0.0,0.0,4.099700768280339,-15.0709270738,0.0,0.0,1.71401705682739,0.0,-9.97266584699112e-07,0.0,0.06555833903251407,-0.006678752433273899,0.21759919183985965,0.0,0.0,0.0
277.0,9.581659245194883,5.813717708722159,0.0,0.0,-2.534323903224239e-07,0.0,0.0,4.099700502870697,-15.0709270738,0.0,0.0,1.7140172058514613,0.0,-9.111935232914795e-07,0.0,0.06555833818432023,-0.006678751473583322,0.21759918275582546,0.0,0.0,0.0
278.0,9.581659530161314,5.813717616295986,0.0,0.0,-2.294058425007876e-07,0.0,0.0,4.099700261444511,-15.0709270738,0.0,0.0,1.7140173548514754,0.0,-8.248081920751656e-07,0.0,0.06555833747579425,-0.006678750209934775,0.21759917426497605,0.0,0.0,0.0
279.0,9.581659812966114,5.8137175479004926,0.0,0.0,-2.0529646602712068e-07,0.0,0.0,4.099700044086623,-15.0709270738,0.0,0.0,1.7140175038138699,0.0,-7.381250631611544e-07,0.0,0.06555833690738144,-0.006678748641852236,0.21759916637016685,0.0,0.0,0.0
280.0,9.581660093533799,5.813717503602894,0.0,0.0,-1.81108310970957e-07,0.0,0.0,4.099699850877839,-15.0709270738,0.0,0.0,1.7140176527250555,0.0,-6.511586981842523e-07,0.0,0.06555833647950357,-0.006678746768912447,0.2175991590741551,0.0,0.0,0.0
281.0,9.581660371789296,5.813717483466323,0.0,0.0,-1.568454516088461e-07,0.0,0.0,4.0996996818949025,-15.0709270738,0.0,0.0,1.714017801571421,0.0,-5.639237458085485e-07,0.0,0.06555833619255864,-0.006678744590744717,0.21759915237959956,0.0,0.0,0.0
282.0,9.581660647657952,5.8137174875498046,0.0,0.0,-1.3251198572026892e-07,0.0,0.0,4.099699537210471,-15.0709270738,0.0,0.0,1.7140179503393336,0.0,-4.764349391959627e-07,0.0,0.06555833604692078,-0.006678742107031468,0.2175991462890592,0.0,0.0,0.0
283.0,9.581660921065547,5.813717515908234,0.0,0.0,-1.0811203388054447e-07,0.0,0.0,4.099699416893093,-15.0709270738,0.0,0.0,1.7140180990151412,0.0,-3.887070934639765e-07,0.0,0.06555833604294006,-0.006678739317508189,0.21759914080499293,0.0,0.0,0.0
284.0,9.581661191938311,5.813717568592361,0.0,0.0,-8.36497387463083e-08,0.0,0.0,4.099699321007185,-15.0709270738,0.0,0.0,1.7140182475851766,0.0,-3.0075510311666156e-07,0.0,0.06555833618094249,-0.006678736221963716,0.21759913592975882,0.0,0.0,0.0
285.0,9.581661460202929,5.813717645648767,0.0,0.0,-5.9129264338894445e-08,0.0,0.0,4.099699249613009,-15.0709270738,0.0,0.0,1.7140183960357582,0.0,-2.1259393946817366e-07,0.0,0.06555833646122977,-0.006678732820240382,0.2175991316656133,0.0,0.0,0.0
286.0,9.581661725786558,5.813717747119847,0.0,0.0,-3.455479532025008e-08,0.0,0.0,4.099699202766654,-15.0709270738,0.0,0.0,1.714018544353193,0.0,-1.2423864803940304e-07,0.0,0.0655583368840793,-0.00667872911223423,0.21759912801471043,0.0,0.0,0.0
287.0,9.581661988616839,5.813717873043794,0.0,0.0,-9.930536263353957e-09,0.0,0.0,4.099699180520015,-15.0709270738,0.0,0.0,1.714018692523779,0.0,-3.5704345934867274e-08,0.0,0.06555833744974393,-0.00667872509789498,0.2175991249791016,0.0,0.0,0.0
288.0,9.581662248621907,5.813718023454578,0.0,0.0,1.4739289080658266e-08,0.0,0.0,4.099699182920771,-15.0709270738,0.0,0.0,1.7140188405338073,0.0,5.299378079223233e-08,0.0,0.065558338158452,-0.0066787207772263935,0.2175991225607346,0.0,0.0,0.0
289.0,9.581662505730407,5.813718198381933,0.0,0.0,3.945043851978049e-08,0.0,0.0,4.099699210012369,-15.0709270738,0.0,0.0,1.7140189883695642,0.0,1.4184047979081235e-07,0.0,0.06555833901040713,-0.006678716150286215,0.217599120761453,0.0,0.0,0.0
290.0,9.581662759871502,5.813718397851338,0.0,0.0,6.419865216667916e-08,0.0,0.0,4.099699261834004,-15.0709270738,0.0,0.0,1.7140191360173347,0.0,2.3082043509239072e-07,0.0,0.0655583400057882,-0.006678711217186495,0.21759911958299574,0.0,0.0,0.0
291.0,9.58166301097489,5.813718621884008,0.0,0.0,8.897965318339366e-08,0.0,0.0,4.099699338420603,-15.0709270738,0.0,0.0,1.7140192834634052,0.0,3.1991826978853716e-07,0.0,0.06555834114474915,-0.006678705978093405,0.21759911902699658,0.0,0.0,0.0
292.0,9.581663258970805,5.8137188704968725,0.0,0.0,1.1378914853498717e-07,0.0,0.0,4.099699439802809,-15.0709270738,0.0,0.0,1.714019430694064,0.0,4.0911854874050037e-07,0.0,0.06555834242741906,-0.006678700433227644,0.2175991190949832,0.0,0.0,0.0
293.0,9.581663503790047,5.813719143702567,0.0,0.0,1.3862282974498993e-07,0.0,0.0,4.099699566006962,-15.0709270738,0.0,0.0,1.7140195776956046,0.0,4.984057812952753e-07,0.0,0.06555834385390193,-0.006678694582864311,0.2175991197883771,0.0,0.0,0.0
294.0,9.581663745363977,5.813719441509419,0.0,0.0,1.6347637365594502e-07,0.0,0.0,4.099699717055089,-15.0709270738,0.0,0.0,1.7140197244543298,0.0,5.877644240200138e-07,0.0,0.06555834542427659,-0.006678688427333115,0.21759912110849283,0.0,0.0,0.0
295.0,9.581663983624539,5.813719763921436,0.0,0.0,1.883454431943101e-07,0.0,0.0,4.099699892964885,-15.0709270738,0.0,0.0,1.7140198709565508,0.0,6.771788834520913e-07,0.0,0.06555834713859673,-0.00667868196701836,0.21759912305653745,0.0,0.0,0.0
296.0,9.581664218504267,5.813720110938295,0.0,0.0,2.132256881380246e-07,0.0,0.0,4.099700093749702,-15.0709270738,0.0,0.0,1.7140200171885933,0.0,7.666335188587549e-07,0.0,0.0655583489968908,-0.006678675202359069,0.21759912563361034,0.0,0.0,0.0
297.0,9.581664449936302,5.813720482555331,0.0,0.0,2.381127458884246e-07,0.0,0.0,4.099700319418533,-15.0709270738,0.0,0.0,1.714020163136798,0.0,8.561126450123978e-07,0.0,0.06555835099916187,-0.006678668133848972,0.21759912884070237,0.0,0.0,0.0
298.0,9.581664677854393,5.813720878763528,0.0,0.0,2.630022422481235e-07,0.0,0.0,4.099700569976006,-15.0709270738,0.0,0.0,1.7140203087875214,0.0,9.456005349872819e-07,0.0,0.06555835314538759,-0.006678660762036576,0.21759913267869566,0.0,0.0,0.0
299.0,9.581664902192923,5.813721299549511,0.0,0.0,2.878897921966424e-07,0.0,0.0,4.099700845422369,-15.0709270738,0.0,0.0,1.7140204541271418,0.0,1.035081422948164e-06,0.0,0.06555835543552024,-0.0066786530875252575,0.2175991371483632,0.0,0.0,0.0
300.0,9.58166512288691,5.813721744895537,0.0,0.0,3.127710006767456e-07,0.0,0.0,4.099701145753477,-15.0709270738,0.0,0.0,1.71402059914206,0.0,1.1245395069774095e-06,0.0,0.06555835786948656,-0.006678645110973172,0.21759914225036828,0.0,0.0,0.0
301.0,9.581665339872023,5.813722214779491,0.0,0.0,3.3764146337871596e-07,0.0,0.0,4.099701470960788,-15.0709270738,0.0,0.0,1.7140207438187032,0.0,1.2139589518946949e-06,0.0,0.06555836044718777,-0.006678636833093263,0.21759914798526436,0.0,0.0,0.0
302.0,9.58166555308459,5.813722709174873,0.0,0.0,3.624967675290977e-07,0.0,0.0,4.099701821031351,-15.0709270738,0.0,0.0,1.714020888143522,0.0,1.3033238920927685e-06,0.0,0.06555836316849943,-0.006678628254653415,0.2175991543534943,0.0,0.0,0.0
303.0,9.581665762461617,5.813723228050798,0.0,0.0,3.873324926840765e-07,0.0,0.0,4.099702195947797,-15.0709270738,0.0,0.0,1.714021032103001,0.0,1.3926184343898825e-06,0.0,0.06555836603327157,-0.006678619376476291,0.21759916135539054,0.0,0.0,0.0
304.0,9.581665967940786,5.813723771371991,0.0,0.0,4.1214421152322084e-07,0.0,0.0,4.099702595688335,-15.0709270738,0.0,0.0,1.7140211756836559,0.0,1.4818266608835205e-06,0.0,0.06555836904132846,-0.006678610199439355,0.21759916899117424,0.0,0.0,0.0
305.0,9.58166616946048,5.813724339098778,0.0,0.0,4.369274906484061e-07,0.0,0.0,4.099703020226741,-15.0709270738,0.0,0.0,1.714021318872037,0.0,1.5709326318227533e-06,0.0,0.06555837219246874,-0.006678600724474848,0.2175991772609554,0.0,0.0,0.0
306.0,9.581666366959785,5.813724931187089,0.0,0.0,4.6167789138289443e-07,0.0,0.0,4.099703469532357,-15.0709270738,0.0,0.0,1.714021461654732,0.0,1.659920388481156e-06,0.0,0.06555837548646533,-0.006678590952569785,0.21759918616473223,0.0,0.0,0.0
307.0,9.581666560378508,5.813725547588453,0.0,0.0,4.863909705742925e-07,0.0,0.0,4.099703943570083,-15.0709270738,0.0,0.0,1.7140216040183693,0.0,1.7487739560436606e-06,0.0,0.06555837892306539,-0.006678580884765806,0.21759919570239133,0.0,0.0,0.0
308.0,9.581666749657181,5.813726188249994,0.0,0.0,5.110622814014433e-07,0.0,0.0,4.099704442300375,-15.0709270738,0.0,0.0,1.7140217459496192,0.0,1.8374773465075525e-06,0.0,0.06555838250199034,-0.006678570522159213,0.2175992058737069,0.0,0.0,0.0
309.0,9.581666934737076,5.813726853114435,0.0,0.0,5.3568737417908e-07,0.0,0.0,4.09970496567924,-15.0709270738,0.0,0.0,1.7140218874351953,0.0,1.926014561575418e-06,0.0,0.06555838622293585,-0.006678559865900879,0.21759921667834087,0.0,0.0,0.0
310.0,9.581667115560212,5.813727542120094,0.0,0.0,5.602617971687597e-07,0.0,0.0,4.099705513658233,-15.0709270738,0.0,0.0,1.7140220284618604,0.0,2.014369595570666e-06,0.0,0.0655583900855718,-0.006678548917196145,0.21759922811584265,0.0,0.0,0.0
311.0,9.581667292069373,5.8137282552008855,0.0,0.0,5.847810973891543e-07,0.0,0.0,4.09970608618446,-15.0709270738,0.0,0.0,1.7140221690164257,0.0,2.1025264383507366e-06,0.0,0.06555839408954231,-0.0066785376773047245,0.2175992401856488,0.0,0.0,0.0
312.0,9.581667464208111,5.8137289922863244,0.0,0.0,6.09240821430247e-07,0.0,0.0,4.099706683200569,-15.0709270738,0.0,0.0,1.7140223090857551,0.0,2.1904690782343506e-06,0.0,0.06555839823446576,-0.006678526147540581,0.21759925288708312,0.0,0.0,0.0
313.0,9.581667631920762,5.813729753301526,0.0,0.0,6.336365162673021e-07,0.0,0.0,4.09970730464476,-15.0709270738,0.0,0.0,1.7140224486567668,0.0,2.278181504927938e-06,0.0,0.06555840251993474,-0.006678514329271912,0.2175992662193562,0.0,0.0,0.0
314.0,9.58166779515245,5.813730538167212,0.0,0.0,6.579637300761038e-07,0.0,0.0,4.099707950450775,-15.0709270738,0.0,0.0,1.7140225877164363,0.0,2.3656477124566326e-06,0.0,0.06555840694551612,-0.006678502223920885,0.21759928018156555,0.0,0.0,0.0
315.0,9.581667953849104,5.81373134679971,0.0,0.0,6.822180130518067e-07,0.0,0.0,4.09970862054791,-15.0709270738,0.0,0.0,1.7140227262518,0.0,2.4528517021082387e-06,0.0,0.06555841151075105,-0.006678489832963666,0.2175992947726953,0.0,0.0,0.0
316.0,9.581668107957464,5.8137321791109615,0.0,0.0,7.063949182265244e-07,0.0,0.0,4.099709314861008,-15.0709270738,0.0,0.0,1.7140228642499533,0.0,2.539777485372675e-06,0.0,0.06555841621515496,-0.006678477157930213,0.21759930999161628,0.0,0.0,0.0
317.0,9.58166825742509,5.813733035008529,0.0,0.0,7.304900022906871e-07,0.0,0.0,4.099710033310472,-15.0709270738,0.0,0.0,1.7140230016980569,0.0,2.6264090868949514e-06,0.0,0.06555842105821759,-0.006678464200403966,0.2175993258370858,0.0,0.0,0.0
318.0,9.581668402200378,5.8137339143955975,0.0,0.0,7.544988264109141e-07,0.0,0.0,4.099710775812259,-15.0709270738,0.0,0.0,1.7140231385833387,0.0,2.712730547415621e-06,0.0,0.0655584260394031,-0.006678450962021992,0.21759934230774786,0.0,0.0,0.0
319.0,9.581668542232565,5.813734817170989,0.0,0.0,7.784169570534239e-07,0.0,0.0,4.099711542277893,-15.0709270738,0.0,0.0,1.714023274893096,0.0,2.798725926731141e-06,0.0,0.06555843115814998,-0.006678437444474536,0.21759935940213265,0.0,0.0,0.0
320.0,9.581668677471736,5.813735743229162,0.0,0.0,8.022399668059937e-07,0.0,0.0,4.099712332614466,-15.0709270738,0.0,0.0,1.714023410614696,0.0,2.8843793066490123e-06,0.0,0.0655584364138712,-0.006678423649505022,0.21759937711865723,0.0,0.0,0.0
321.0,9.581668807868843,5.813736692460228,0.0,0.0,8.259634351979752e-07,0.0,0.0,4.099713146724646,-15.0709270738,0.0,0.0,1.7140235457355821,0.0,2.9696747939359317e-06,0.0,0.0655584418059542,-0.006678409578909736,0.2175993954556249,0.0,0.0,0.0
322.0,9.581668933375703,5.813737664749958,0.0,0.0,8.495829495276093e-07,0.0,0.0,4.099713984506685,-15.0709270738,0.0,0.0,1.7140236802432733,0.0,3.0545965232921833e-06,0.0,0.06555844733376093,-0.006678395234537685,0.21759941441122568,0.0,0.0,0.0
323.0,9.581669053945015,5.813738659979791,0.0,0.0,8.730941056809625e-07,0.0,0.0,4.099714845854425,-15.0709270738,0.0,0.0,1.7140238141253654,0.0,3.1391286602959062e-06,0.0,0.06555845299662798,-0.006678380618290444,0.2175994339835361,0.0,0.0,0.0
324.0,9.581669169530368,5.81373967802685,0.0,0.0,8.964925089567401e-07,0.0,0.0,4.099715730657311,-15.0709270738,0.0,0.0,1.7140239473695384,0.0,3.22325540436849e-06,0.0,0.06555845879386657,-0.0066783657321217715,0.21759945417051949,0.0,0.0,0.0
325.0,9.581669280086249,5.813740718763951,0.0,0.0,9.19773774888147e-07,0.0,0.0,4.099716638800397,-15.0709270738,0.0,0.0,1.7140240799635533,0.0,3.3069609917293495e-06,0.0,0.06555846472476261,-0.006678350578037534,0.21759947497002594,0.0,0.0,0.0
326.0,9.581669385568052,5.813741782059616,0.0,0.0,9.429335300677224e-07,0.0,0.0,4.099717570164358,-15.0709270738,0.0,0.0,1.714024211895258,0.0,3.3902296983614003e-06,0.0,0.06555847078857682,-0.006678335158095378,0.21759949637979242,0.0,0.0,0.0
327.0,9.581669485932085,5.813742867778088,0.0,0.0,9.659674129666587e-07,0.0,0.0,4.0997185246255,-15.0709270738,0.0,0.0,1.7140243431525883,0.0,3.47304584295669e-06,0.0,0.06555847698454481,-0.006678319474404504,0.21759951839744307,0.0,0.0,0.0
328.0,9.581669581135584,5.813743975779347,0.0,0.0,9.88871074758635e-07,0.0,0.0,4.099719502055776,-15.0709270738,0.0,0.0,1.7140244737235708,0.0,3.55539378987827e-06,0.0,0.06555848331187711,-0.006678303529125379,0.21759954102048923,0.0,0.0,0.0
329.0,9.581669671136714,5.813745105919121,0.0,0.0,1.0116401801403684e-06,0.0,0.0,4.099720502322796,-15.0709270738,0.0,0.0,1.7140246035963251,0.0,3.637257952110258e-06,0.0,0.06555848976975925,-0.006678287324469526,0.21759956424632965,0.0,0.0,0.0
330.0,9.581669755894586,5.813746258048908,0.0,0.0,1.0342704081503356e-06,0.0,0.0,4.099721525289843,-15.0709270738,0.0,0.0,1.7140247327590643,0.0,3.7186227942013268e-06,0.0,0.0655584963573519,-0.00667827086269919,0.21759958807225083,0.0,0.0,0.0
331.0,9.581669835369258,5.813747432015985,0.0,0.0,1.0567574529912837e-06,0.0,0.0,4.099722570815885,-15.0709270738,0.0,0.0,1.7140248612001,0.0,3.7994728352218104e-06,0.0,0.06555850307379098,-0.006678254146127063,0.21759961249542692,0.0,0.0,0.0
332.0,9.581669909521747,5.813748627663436,0.0,0.0,1.0790970248439275e-06,0.0,0.0,4.0997236387555915,-15.0709270738,0.0,0.0,1.7140249889078447,0.0,3.879792651689128e-06,0.0,0.06555850991818765,-0.0066782371771159366,0.2175996375129204,0.0,0.0,0.0
333.0,9.581669978314036,5.813749844830164,0.0,0.0,1.101284850687152e-06,0.0,0.0,4.099724728959353,-15.0709270738,0.0,0.0,1.714025115870811,0.0,3.959566880516591e-06,0.0,0.06555851688962855,-0.006678219958078477,0.21759966312168208,0.0,0.0,0.0
334.0,9.58167004170908,5.813751083350909,0.0,0.0,1.123316675112612e-06,0.0,0.0,4.099725841273292,-15.0709270738,0.0,0.0,1.714025242077617,0.0,4.03878022194207e-06,0.0,0.06555852398717577,-0.006678202491476826,0.2175996893185514,0.0,0.0,0.0
335.0,9.581670099670818,5.813752343056276,0.0,0.0,1.1451882611365946e-06,0.0,0.0,4.09972697553929,-15.0709270738,0.0,0.0,1.714025367516986,0.0,4.11741744244681e-06,0.0,0.06555853120986711,-0.006678184779822349,0.21759971610025686,0.0,0.0,0.0
336.0,9.581670152164179,5.813753623772747,0.0,0.0,1.1668953910140132e-06,0.0,0.0,4.099728131594996,-15.0709270738,0.0,0.0,1.7140254921777514,0.0,4.19546337768192e-06,0.0,0.06555853855671606,-0.006678166825675166,0.2175997434634162,0.0,0.0,0.0
337.0,9.581670199155084,5.813754925322711,0.0,0.0,1.188433867047713e-06,0.0,0.0,4.099729309273854,-15.0709270738,0.0,0.0,1.7140256160488576,0.0,4.272902935378006e-06,0.0,0.06555854602671203,-0.006678148631643982,0.217599771404537,0.0,0.0,0.0
338.0,9.581670240610462,5.81375624752448,0.0,0.0,1.2097995123969397e-06,0.0,0.0,4.099730508405119,-15.0709270738,0.0,0.0,1.7140257391193607,0.0,4.349721098251785e-06,0.0,0.06555855361882042,-0.006678130200385504,0.2175997999200167,0.0,0.0,0.0
339.0,9.58167027649825,5.813757590192315,0.0,0.0,1.2309881718828537e-06,0.0,0.0,4.099731728813882,-15.0709270738,0.0,0.0,1.714025861378433,0.0,4.425902926902084e-06,0.0,0.06555856133198273,-0.00667811153460432,0.21759982900614344,0.0,0.0,0.0
340.0,9.581670306787405,5.813758953136453,0.0,0.0,1.2519957127920477e-06,0.0,0.0,4.09973297032109,-15.0709270738,0.0,0.0,1.7140259828153637,0.0,4.501433562698666e-06,0.0,0.06555856916511678,-0.0066780926370522825,0.21759985865909592,0.0,0.0,0.0
341.0,9.581670331447908,5.813760336163128,0.0,0.0,1.2728180256769527e-06,0.0,0.0,4.0997342327435655,-15.0709270738,0.0,0.0,1.7140261034195623,0.0,4.576298230659848e-06,0.0,0.06555857711711677,-0.006678073510528348,0.21759988887494452,0.0,0.0,0.0
342.0,9.58167035045077,5.813761739074598,0.0,0.0,1.2934510251571704e-06,0.0,0.0,4.099735515894037,-15.0709270738,0.0,0.0,1.7140262231805616,0.0,4.650482242333481e-06,0.0,0.06555858518685348,-0.0066780541578779495,0.21759991964965114,0.0,0.0,0.0
343.0,9.581670363768039,5.813763161669173,0.0,0.0,1.3138906507113304e-06,0.0,0.0,4.099736819581158,-15.0709270738,0.0,0.0,1.7140263420880153,0.0,4.723970998643835e-06,0.0,0.06555859337317435,-0.006678034581992787,0.21759995097906998,0.0,0.0,0.0
344.0,9.581670371372809,5.81376460374124,0.0,0.0,1.3341328674723324e-06,0.0,0.0,4.099738143609535,-15.0709270738,0.0,0.0,1.7140264601317048,0.0,4.796749992750673e-06,0.0,0.06555860167490374,-0.00667801478581026,0.21759998285894805,0.0,0.0,0.0
345.0,9.581670373239222,5.8137660650812935,0.0,0.0,1.3541736670161755e-06,0.0,0.0,4.099739487779754,-15.0709270738,0.0,0.0,1.7140265773015395,0.0,4.868804812885262e-06,0.0,0.065558610090843,-0.006677994772313178,0.21760001528492556,0.0,0.0,0.0
346.0,9.58167036934248,5.8137675454759625,0.0,0.0,1.374009068148382e-06,0.0,0.0,4.099740851888403,-15.0709270738,0.0,0.0,1.7140266935875594,0.0,4.9401211451777375e-06,0.0,0.06555861861977065,-0.006677974544529175,0.21760004825253673,0.0,0.0,0.0
347.0,9.58167035965884,5.8137690447080415,0.0,0.0,1.3936351176884554e-06,0.0,0.0,4.099742235728106,-15.0709270738,0.0,0.0,1.714026808979935,0.0,5.0106847764774005e-06,0.0,0.06555862726044262,-0.006677954105530376,0.2176000817572099,0.0,0.0,0.0
348.0,9.581670344165635,5.81377056255652,0.0,0.0,1.4130478912469502e-06,0.0,0.0,4.099743639087547,-15.0709270738,0.0,0.0,1.7140269234689738,0.0,5.080481597146454e-06,0.0,0.06555863601159226,-0.006677933458432997,0.21760011579426852,0.0,0.0,0.0
349.0,9.581670322841264,5.8137720987966155,0.0,0.0,1.432243494003845e-06,0.0,0.0,4.0997450617514986,-15.0709270738,0.0,0.0,1.714027037045117,0.0,5.149497603858424e-06,0.0,0.06555864487193075,-0.006677912606396677,0.2176001503589316,0.0,0.0,0.0
350.0,9.581670295665207,5.813773653199802,0.0,0.0,1.4512180614790936e-06,0.0,0.0,4.099746503500856,-15.0709270738,0.0,0.0,1.7140271496989463,0.0,5.217718902368464e-06,0.0,0.06555865384014706,-0.006677891552624174,0.2176001854463143,0.0,0.0,0.0
351.0,9.581670262618026,5.8137752255338455,0.0,0.0,1.4699677603020332e-06,0.0,0.0,4.099747964112664,-15.0709270738,0.0,0.0,1.7140272614211813,0.0,5.285131710279543e-06,0.0,0.06555866291490825,-0.006677870300360891,0.21760022105142868,0.0,0.0,0.0
352.0,9.581670223681373,5.8137768155628375,0.0,0.0,1.4884887889746787e-06,0.0,0.0,4.099749443360152,-15.0709270738,0.0,0.0,1.7140273722026853,0.0,5.3517223597866635e-06,0.0,0.06555867209485967,-0.006677848852894269,0.2176002571691842,0.0,0.0,0.0
353.0,9.581670178837994,5.813778423047228,0.0,0.0,1.506777378631198e-06,0.0,0.0,4.099750941012762,-15.0709270738,0.0,0.0,1.7140274820344654,0.0,5.41747730040734e-06,0.0,0.06555868137862511,-0.0066778272135533945,0.21760029379438867,0.0,0.0,0.0
354.0,9.581670128071728,5.813780047743859,0.0,0.0,1.5248297937946255e-06,0.0,0.0,4.0997524568361845,-15.0709270738,0.0,0.0,1.7140275909076745,0.0,5.482383101702164e-06,0.0,0.065558690764807,-0.00667780538570846,0.2176003309217486,0.0,0.0,0.0
355.0,9.581670071367522,5.813781689406005,0.0,0.0,1.5426423331267993e-06,0.0,0.0,4.099753990592391,-15.0709270738,0.0,0.0,1.7140276988136138,0.0,5.546426455970987e-06,0.0,0.06555870025198664,-0.00667778337277021,0.2176003685458702,0.0,0.0,0.0
356.0,9.581670008711425,5.813783347783404,0.0,0.0,1.5602113301759867e-06,0.0,0.0,4.09975554203967,-15.0709270738,0.0,0.0,1.7140278057437337,0.0,5.609594180940816e-06,0.0,0.0655587098387244,-0.006677761178189537,0.21760040666126013,0.0,0.0,0.0
357.0,9.581669940090597,5.813785022622297,0.0,0.0,1.5775331541158812e-06,0.0,0.0,4.099757110932661,-15.0709270738,0.0,0.0,1.7140279116896364,0.0,5.671873222422672e-06,0.0,0.06555871952355993,-0.006677738805456773,0.21760044526232597,0.0,0.0,0.0
358.0,9.581669865493314,5.8137867136654675,0.0,0.0,1.5946042104843349e-06,0.0,0.0,4.099758697022389,-15.0709270738,0.0,0.0,1.7140280166430788,0.0,5.73325065696751e-06,0.0,0.06555872930501234,-0.006677716258101318,0.2176004843433773,0.0,0.0,0.0
359.0,9.581669784908968,5.813788420652277,0.0,0.0,1.6114209419142876e-06,0.0,0.0,4.099760300056306,-15.0709270738,0.0,0.0,1.7140281205959713,0.0,5.793713694494078e-06,0.0,0.0655587391815805,-0.006677693539690957,0.21760052389862655,0.0,0.0,0.0
360.0,9.581669698328074,5.813790143318705,0.0,0.0,1.6279798288590252e-06,0.0,0.0,4.099761919778324,-15.0709270738,0.0,0.0,1.7140282235403816,0.0,5.853249680896391e-06,0.0,0.0655587491517432,-0.006677670653831416,0.21760056392218946,0.0,0.0,0.0
361.0,9.581669605742272,5.813791881397391,0.0,0.0,1.6442773903139189e-06,0.0,0.0,4.099763555928854,-15.0709270738,0.0,0.0,1.7140283254685365,0.0,5.911846100638565e-06,0.0,0.0655587592139594,-0.00667764760416574,0.2176006044080862,0.0,0.0,0.0
362.0,9.581669507144328,5.813793634617672,0.0,0.0,1.6603101845318224e-06,0.0,0.0,4.099765208244848,-15.0709270738,0.0,0.0,1.714028426372824,0.0,5.969490579326838e-06,0.0,0.06555876936666846,-0.006677624394373707,0.21760064535024237,0.0,0.0,0.0
363.0,9.581669402528139,5.813795402705625,0.0,0.0,1.676074809732061e-06,0.0,0.0,4.0997668764598325,-15.0709270738,0.0,0.0,1.7140285262457926,0.0,6.026170886258558e-06,0.0,0.06555877960829036,-0.006677601028171304,0.21760068674248934,0.0,0.0,0.0
364.0,9.581669291888737,5.813797185384111,0.0,0.0,1.6915679048037318e-06,0.0,0.0,4.099768560303956,-15.0709270738,0.0,0.0,1.7140286250801546,0.0,6.081874936950731e-06,0.0,0.06555878993722597,-0.006677577509310098,0.21760072857856572,0.0,0.0,0.0
365.0,9.58166917522229,5.8137989823728145,0.0,0.0,1.706786150004407e-06,0.0,0.0,4.099770259504025,-15.0709270738,0.0,0.0,1.7140287228687896,0.0,6.136590795652024e-06,0.0,0.06555880035185731,-0.006677553841576603,0.2176007708521181,0.0,0.0,0.0
366.0,9.581669052526102,5.81380079338829,0.0,0.0,1.7217262676517726e-06,0.0,0.0,4.099771973783547,-15.0709270738,0.0,0.0,1.714028819604743,0.0,6.190306677829394e-06,0.0,0.06555881085054774,-0.006677530028791803,0.21760081355670174,0.0,0.0,0.0
367.0,9.581668923798622,5.813802618144002,0.0,0.0,1.7363850228094407e-06,0.0,0.0,4.099773702862772,-15.0709270738,0.0,0.0,1.7140289152812294,0.0,6.24301095263375e-06,0.0,0.06555882143164225,-0.006677506074810366,0.21760085668578183,0.0,0.0,0.0
368.0,9.581668789039439,5.813804456350373,0.0,0.0,1.7507592239655962e-06,0.0,0.0,4.09977544645874,-15.0709270738,0.0,0.0,1.7140290098916324,0.0,6.294692145339876e-06,0.0,0.06555883209346773,-0.006677481983520209,0.2176009002327344,0.0,0.0,0.0
369.0,9.581668648249286,5.813806307714828,0.0,0.0,1.7648457237057063e-06,0.0,0.0,4.099777204285319,-15.0709270738,0.0,0.0,1.7140291034295094,0.0,6.345338939764992e-06,0.0,0.06555884283433316,-0.0066774577588417094,0.2176009441908472,0.0,0.0,0.0
370.0,9.581668501430043,5.813808171941841,0.0,0.0,1.7786414193791415e-06,0.0,0.0,4.099778976053252,-15.0709270738,0.0,0.0,1.714029195888589,0.0,6.3949401806654435e-06,0.0,0.06555885365253003,-0.006677433404727234,0.21760098855332077,0.0,0.0,0.0
371.0,9.581668348584738,5.813810048732979,0.0,0.0,1.7921432537585953e-06,0.0,0.0,4.099780761470203,-15.0709270738,0.0,0.0,1.7140292872627754,0.0,6.443484876107493e-06,0.0,0.06555886454633236,-0.006677408925160291,0.21760103331326952,0.0,0.0,0.0
372.0,9.581668189717547,5.8138119377869515,0.0,0.0,1.805348215691625e-06,0.0,0.0,4.099782560240802,-15.0709270738,0.0,0.0,1.71402937754615,0.0,6.49096219980979e-06,0.0,0.06555887551399725,-0.006677384324155114,0.21760107846372273,0.0,0.0,0.0
373.0,9.581668024833796,5.813813838799659,0.0,0.0,1.8182533407476395e-06,0.0,0.0,4.099784372066688,-15.0709270738,0.0,0.0,1.7140294667329705,0.0,6.537361493469476e-06,0.0,0.06555888655376498,-0.006677359605755842,0.21760112399762557,0.0,0.0,0.0
374.0,9.581667853939962,5.8138157514642375,0.0,0.0,1.8308557118549494e-06,0.0,0.0,4.099786196646565,-15.0709270738,0.0,0.0,1.7140295548176727,0.0,6.582672269052568e-06,0.0,0.06555889766385925,-0.006677334774035926,0.21760116990784029,0.0,0.0,0.0
375.0,9.581667677043672,5.813817675471113,0.0,0.0,1.8431524599312359e-06,0.0,0.0,4.099788033676237,-15.0709270738,0.0,0.0,1.714029641794876,0.0,6.62688421106067e-06,0.0,0.06555890884248768,-0.006677309833097458,0.21760121618714717,0.0,0.0,0.0
376.0,9.581667494153706,5.813819610508047,0.0,0.0,1.855140764509851e-06,0.0,0.0,4.099789882848669,-15.0709270738,0.0,0.0,1.714029727659378,0.0,6.669987178782721e-06,0.0,0.06555892008784184,-0.006677284787070498,0.21760126282824588,0.0,0.0,0.0
377.0,9.581667305279993,5.81382155626019,0.0,0.0,1.8668178543534413e-06,0.0,0.0,4.099791743854027,-15.0709270738,0.0,0.0,1.7140298124061628,0.0,6.7119712085011445e-06,0.0,0.06555893139809774,-0.006677259640112301,0.21760130982375625,0.0,0.0,0.0
378.0,9.581667110433617,5.813823512410127,0.0,0.0,1.8781810080637693e-06,0.0,0.0,4.099793616379731,-15.0709270738,0.0,0.0,1.7140298960303957,0.0,6.752826515684359e-06,0.0,0.06555894277141602,-0.006677234396406842,0.2176013571662198,0.0,0.0,0.0
379.0,9.581666909626813,5.813825478637935,0.0,0.0,1.8892275546816214e-06,0.0,0.0,4.099795500110506,-15.0709270738,0.0,0.0,1.7140299785274289,0.0,6.792543497143625e-06,0.0,0.06555895420594224,-0.006677209060163905,0.21760140484810064,0.0,0.0,0.0
380.0,9.581666702872967,5.813827454621231,0.0,0.0,1.8999548742794961e-06,0.0,0.0,4.099797394728431,-15.0709270738,0.0,0.0,1.7140300598928002,0.0,6.831112733163958e-06,0.0,0.06555896569980725,-0.006677183635618519,0.21760145286178675,0.0,0.0,0.0
381.0,9.581666490186615,5.813829440035227,0.0,0.0,1.9103603985468636e-06,0.0,0.0,4.0997992999129895,-15.0709270738,0.0,0.0,1.7140301401222375,0.0,6.868524989608324e-06,0.0,0.06555897725112741,-0.006677158127030167,0.21760150119959115,0.0,0.0,0.0
382.0,9.581666271583444,5.813831434552781,0.0,0.0,1.9204416113677857e-06,0.0,0.0,4.099801215341124,-15.0709270738,0.0,0.0,1.714030219211657,0.0,6.9047712199943805e-06,0.0,0.06555898885800501,-0.006677132538682143,0.2176015498537533,0.0,0.0,0.0
383.0,9.581666047080288,5.813833437844451,0.0,0.0,1.9301960493865063e-06,0.0,0.0,4.099803140687286,-15.0709270738,0.0,0.0,1.7140302971571648,0.0,6.93984256752796e-06,0.0,0.06555900051852845,-0.006677106874880767,0.21760159881643995,0.0,0.0,0.0
384.0,9.581665816695132,5.8138354495785505,0.0,0.0,1.939621302570898e-06,0.0,0.0,4.099805075623493,-15.0709270738,0.0,0.0,1.7140303739550573,0.0,6.973730367128865e-06,0.0,0.0655590122307726,-0.0066770811399547575,0.21760164807974675,0.0,0.0,0.0
385.0,9.581665580447105,5.813837469421202,0.0,0.0,1.948715014760706e-06,0.0,0.0,4.099807019819377,-15.0709270738,0.0,0.0,1.7140304496018253,0.0,7.006426147401997e-06,0.0,0.06555902399279917,-0.006677055338254398,0.21760169763569936,0.0,0.0,0.0
386.0,9.58166533835648,5.813839497036392,0.0,0.0,1.9574748842126877e-06,0.0,0.0,4.099808972942241,-15.0709270738,0.0,0.0,1.7140305240941514,0.0,7.037921632597331e-06,0.0,0.065559035802657,-0.006677029474150845,0.21760174747625471,0.0,0.0,0.0
387.0,9.581665090444675,5.813841532086028,0.0,0.0,1.965898664133534e-06,0.0,0.0,4.099810934657115,-15.0709270738,0.0,0.0,1.7140305974289127,0.0,7.068208744525968e-06,0.0,0.0655590476583823,-0.006677003552035418,0.2176017975933023,0.0,0.0,0.0
388.0,9.581664836734248,5.813843574229992,0.0,0.0,1.973984163205921e-06,0.0,0.0,4.099812904626808,-15.0709270738,0.0,0.0,1.7140306696031837,0.0,7.097279604451489e-06,0.0,0.06555905955799914,-0.006676977576318868,0.21760184797866564,0.0,0.0,0.0
389.0,9.581664577248896,5.813845623126201,0.0,0.0,1.981729246103678e-06,0.0,0.0,4.099814882511969,-15.0709270738,0.0,0.0,1.7140307406142323,0.0,7.1251265349421874e-06,0.0,0.06555907149951959,-0.006676951551430471,0.2176018986241033,0.0,0.0,0.0
390.0,9.581664312013451,5.813847678430661,0.0,0.0,1.98913183399961e-06,0.0,0.0,4.0998168679711355,-15.0709270738,0.0,0.0,1.7140308104595254,0.0,7.151742061696888e-06,0.0,0.06555908348094419,-0.0066769254818175305,0.21760194952131062,0.0,0.0,0.0
391.0,9.581664041053882,5.813849739797526,0.0,0.0,1.996189905064144e-06,0.0,0.0,4.099818860660798,-15.0709270738,0.0,0.0,1.714030879136728,0.0,7.177118915337793e-06,0.0,0.06555909550026227,-0.00667689937194435,0.21760200066192073,0.0,0.0,0.0
392.0,9.581663764397286,5.813851806879154,0.0,0.0,2.002901494953187e-06,0.0,0.0,4.099820860235451,-15.0709270738,0.0,0.0,1.7140309466437031,0.0,7.201250033164526e-06,0.0,0.06555910755545219,-0.00667687322629168,0.21760205203750604,0.0,0.0,0.0
393.0,9.581663482071889,5.813853879326171,0.0,0.0,2.009264697288633e-06,0.0,0.0,4.099822866347657,-15.0709270738,0.0,0.0,1.7140310129785137,0.0,7.224128560881771e-06,0.0,0.0655591196444818,-0.00667684704935588,0.21760210363957966,0.0,0.0,0.0
394.0,9.581663194107042,5.813855956787522,0.0,0.0,2.0152776641269557e-06,0.0,0.0,4.0998248786481,-15.0709270738,0.0,0.0,1.7140310781394223,0.0,7.245747854284057e-06,0.0,0.06555913176530867,-0.0066768208456480654,0.21760215545959682,0.0,0.0,0.0
395.0,9.581662900533217,5.813858038910538,0.0,0.0,2.0209386064191776e-06,0.0,0.0,4.099826896785643,-15.0709270738,0.0,0.0,1.7140311421248944,0.0,7.266101480909568e-06,0.0,0.06555914391588054,-0.006676794619693435,0.2176022074889561,0.0,0.0,0.0
396.0,9.581662601382005,5.81386012534099,0.0,0.0,2.0262457944638836e-06,0.0,0.0,4.099828920407393,-15.0709270738,0.0,0.0,1.7140312049335966,0.0,7.285183221668924e-06,0.0,0.06555915609413558,-0.006676768376030401,0.21760225971900105,0.0,0.0,0.0
397.0,9.581662296686108,5.813862215723153,0.0,0.0,2.0311975583460968e-06,0.0,0.0,4.099830949158757,-15.0709270738,0.0,0.0,1.7140312665643966,0.0,7.302987072423158e-06,0.0,0.06555916829800282,-0.006676742119209933,0.21760231214102146,0.0,0.0,0.0
398.0,9.58166198647934,5.8138643096998655,0.0,0.0,2.0357922883673036e-06,0.0,0.0,4.099832982683498,-15.0709270738,0.0,0.0,1.7140313270163672,0.0,7.319507245529866e-06,0.0,0.06555918052540242,-0.006676715853794618,0.2176023647462551,0.0,0.0,0.0
399.0,9.581661670796617,5.813866406912589,0.0,0.0,2.0400284354672995e-06,0.0,0.0,4.0998350206238054,-15.0709270738,0.0,0.0,1.7140313862887835,0.0,7.3347381713599466e-06,0.0,0.06555919277424609,-0.006676689584357964,0.21760241752588874,0.0,0.0,0.0
400.0,9.581661349673961,5.813868507001472,0.0,0.0,2.0439045116350947e-06,0.0,0.0,4.099837062620345,-15.0709270738,0.0,0.0,1.7140314443811269,0.0,7.348674499775028e-06,0.0,0.06555920504243738,-0.006676663315483555,0.21760247047106,0.0,0.0,0.0
401.0,9.58166102314849,5.813870609605409,0.0,0.0,2.0474190903103127e-06,0.0,0.0,4.099839108312329,-15.0709270738,0.0,0.0,1.7140315012930802,0.0,7.361311101570703e-06,0.0,0.06555921732787214,-0.006676637051764273,0.21760252357285853,0.0,0.0,0.0
402.0,9.58166069125841,5.813872714362106,0.0,0.0,2.050570806770655e-06,0.0,0.0,4.099841157337571,-15.0709270738,0.0,0.0,1.7140315570245352,0.0,7.372643069869682e-06,0.0,0.06555922962843877,-0.006676610797801505,0.2176025768223279,0.0,0.0,0.0
403.0,9.581660354043017,5.813874820908139,0.0,0.0,2.0533583585148965e-06,0.0,0.0,4.099843209332553,-15.0709270738,0.0,0.0,1.714031611575586,0.0,7.38266572149888e-06,0.0,0.06555924194201865,-0.006676584558204274,0.2176026302104666,0.0,0.0,0.0
404.0,9.581660011542686,5.81387692887902,0.0,0.0,2.055780505629715e-06,0.0,0.0,4.099845263932486,-15.0709270738,0.0,0.0,1.7140316649465346,0.0,7.39137459830837e-06,0.0,0.06555925426648648,-0.006676558337588512,0.2176026837282301,0.0,0.0,0.0
405.0,9.58165966379887,5.813879037909259,0.0,0.0,2.0578360711500677e-06,0.0,0.0,4.09984732077137,-15.0709270738,0.0,0.0,1.714031717137889,0.0,7.39876546846717e-06,0.0,0.06555926659971067,-0.0066765321405761885,0.21760273736653196,0.0,0.0,0.0
406.0,9.581659310854093,5.813881147632427,0.0,0.0,2.059523941407031e-06,0.0,0.0,4.0998493794820625,-15.0709270738,0.0,0.0,1.714031768150364,0.0,7.404834327713935e-06,0.0,0.0655592789395537,-0.006676505971794505,0.21760279111624542,0.0,0.0,0.0
407.0,9.581658952751939,5.81388325768122,0.0,0.0,2.06084306636475e-06,0.0,0.0,4.099851439696337,-15.0709270738,0.0,0.0,1.7140318179848828,0.0,7.409577400568504e-06,0.0,0.06555929128387242,-0.006676479835875104,0.21760284496820537,0.0,0.0,0.0
408.0,9.581658589537053,5.813885367687525,0.0,0.0,2.061792459947663e-06,0.0,0.0,4.099853501044951,-15.0709270738,0.0,0.0,1.714031866642574,0.0,7.4129911415085e-06,0.0,0.0655593036305186,-0.006676453737453167,0.2176028989132093,0.0,0.0,0.0
409.0,9.581658221255134,5.81388747728248,0.0,0.0,2.0623712003553545e-06,0.0,0.0,4.099855563157705,-15.0709270738,0.0,0.0,1.7140319141247744,0.0,7.4150722361014305e-06,0.0,0.06555931597733909,-0.006676427681166774,0.21760295294201926,0.0,0.0,0.0
410.0,9.581657847952926,5.8138895860965425,0.0,0.0,2.0625784303697064e-06,0.0,0.0,4.099857625663514,-15.0709270738,0.0,0.0,1.7140319604330285,0.0,7.41581760210913e-06,0.0,0.06555932832217636,-0.006676401671655757,0.21760300704536334,0.0,0.0,0.0
411.0,9.581657469678207,5.813891693759554,0.0,0.0,2.0624133576446742e-06,0.0,0.0,4.099859688190464,-15.0709270738,0.0,0.0,1.7140320055690896,0.0,7.41522439052971e-06,0.0,0.06555934066286878,-0.006676375713561222,0.21760306121393735,0.0,0.0,0.0
412.0,9.581657086479796,5.813893799900803,0.0,0.0,2.0618752549920652e-06,0.0,0.0,4.099861750365885,-15.0709270738,0.0,0.0,1.714032049534918,0.0,7.4132899866251575e-06,0.0,0.06555935299725106,-0.0066763498115244985,0.21760311543840627,0.0,0.0,0.0
413.0,9.58165669840753,5.813895904149092,0.0,0.0,2.0609634606525638e-06,0.0,0.0,4.09986381181641,-15.0709270738,0.0,0.0,1.7140320923326824,0.0,7.410012010895888e-06,0.0,0.06555936532315461,-0.006676323970186374,0.21760316970940596,0.0,0.0,0.0
414.0,9.581656305512267,5.813898006132803,0.0,0.0,2.0596773785537696e-06,0.0,0.0,4.099865872168043,-15.0709270738,0.0,0.0,1.7140321339647597,0.0,7.405388320008608e-06,0.0,0.06555937763840788,-0.006676298194186248,0.21760322401754473,0.0,0.0,0.0
415.0,9.581655907845875,5.813900105479962,0.0,0.0,2.058016478561565e-06,0.0,0.0,4.0998679310462265,-15.0709270738,0.0,0.0,1.7140321744337355,0.0,7.399417007700205e-06,0.0,0.06555938994083683,-0.006676272488161286,0.21760327835340496,0.0,0.0,0.0
416.0,9.581655505461224,5.8139022018183075,0.0,0.0,2.0559802967162748e-06,0.0,0.0,4.0998699880759055,-15.0709270738,0.0,0.0,1.714032213742402,0.0,7.392096405626958e-06,0.0,0.06555940222826524,-0.0066762468567456434,0.2176033327075448,0.0,0.0,0.0
417.0,9.581655098412185,5.813904294775354,0.0,0.0,2.0535684354575957e-06,0.0,0.0,4.099872042881593,-15.0709270738,0.0,0.0,1.7140322518937614,0.0,7.38342508417337e-06,0.0,0.06555941449851513,-0.006676221304569532,0.2176033870704998,0.0,0.0,0.0
418.0,9.581654686753605,5.813906383978461,0.0,0.0,2.0507805638412276e-06,0.0,0.0,4.099874095087439,-15.0709270738,0.0,0.0,1.7140322888910218,0.0,7.373401853231184e-06,0.0,0.06555942674940715,-0.006676195836258461,0.21760344143278448,0.0,0.0,0.0
419.0,9.581654270541321,5.813908469054896,0.0,0.0,2.0476164177389226e-06,0.0,0.0,4.099876144317295,-15.0709270738,0.0,0.0,1.7140323247376008,0.0,7.362025762918773e-06,0.0,0.06555943897876092,-0.006676170456432401,0.21760349578489402,0.0,0.0,0.0
420.0,9.581653849832135,5.813910549631906,0.0,0.0,2.0440758000328093e-06,0.0,0.0,4.099878190194783,-15.0709270738,0.0,0.0,1.7140323594371232,0.0,7.349296104279949e-06,0.0,0.0655594511843955,-0.006676145169704759,0.21760355011730603,0.0,0.0,0.0
421.0,9.581653424683811,5.813912625336781,0.0,0.0,2.040158580791792e-06,0.0,0.0,4.09988023234336,-15.0709270738,0.0,0.0,1.7140323929934205,0.0,7.335212409918338e-06,0.0,0.06555946336412975,-0.0066761199806818355,0.21760360442048216,0.0,0.0,0.0
422.0,9.58165299515507,5.81391469579692,0.0,0.0,2.035864697440809e-06,0.0,0.0,4.099882270386389,-15.0709270738,0.0,0.0,1.7140324254105312,0.0,7.319774454606077e-06,0.0,0.06555947551578264,-0.006676094893961815,0.21760365868486958,0.0,0.0,0.0
423.0,9.581652561305571,5.813916760639903,0.0,0.0,2.0311941549154646e-06,0.0,0.0,4.099884303947201,-15.0709270738,0.0,0.0,1.7140324566927019,0.0,7.302982255839926e-06,0.0,0.06555948763717381,-0.006676069914133831,0.21760371290090305,0.0,0.0,0.0
424.0,9.581652123195914,5.813918819493553,0.0,0.0,2.0261470258064632e-06,0.0,0.0,4.099886332649169,-15.0709270738,0.0,0.0,1.714032486844384,0.0,7.28483607436073e-06,0.0,0.06555949972612378,-0.006676045045777332,0.2176037670590063,0.0,0.0,0.0
425.0,9.581651680887624,5.813920871986007,0.0,0.0,2.0207234504919505e-06,0.0,0.0,4.099888356115771,-15.0709270738,0.0,0.0,1.7140325158702368,0.0,7.265336414629384e-06,0.0,0.06555951178045445,-0.006676020293461066,0.2176038211495938,0.0,0.0,0.0
426.0,9.581651234443141,5.813922917745781,0.0,0.0,2.0149236372576946e-06,0.0,0.0,4.099890373970657,-15.0709270738,0.0,0.0,1.714032543775124,0.0,7.244484025259111e-06,0.0,0.0655595237979895,-0.006675995661742373,0.2176038751630726,0.0,0.0,0.0
427.0,9.581650783925811,5.81392495640184,0.0,0.0,2.0087478624037756e-06,0.0,0.0,4.099892385837724,-15.0709270738,0.0,0.0,1.7140325705641155,0.0,7.22227989939921e-06,0.0,0.06555953577655473,-0.00667597115516623,0.2176039290898438,0.0,0.0,0.0
428.0,9.58165032939988,5.8139269875836606,0.0,0.0,2.0021964703407323e-06,0.0,0.0,4.099894391341175,-15.0709270738,0.0,0.0,1.7140325962424852,0.0,7.198725275080909e-06,0.0,0.06555954771397848,-0.006675946778264469,0.21760398292030447,0.0,0.0,0.0
429.0,9.581649870930477,5.813929010921306,0.0,0.0,1.9952698736744488e-06,0.0,0.0,4.099896390105595,-15.0709270738,0.0,0.0,1.7140326208157113,0.0,7.173821635522745e-06,0.0,0.06555955960809205,-0.0066759225355549345,0.21760403664484929,0.0,0.0,0.0
430.0,9.58164940858361,5.813931026045489,0.0,0.0,1.9879685532770044e-06,0.0,0.0,4.099898381756014,-15.0709270738,0.0,0.0,1.7140326442894747,0.0,7.147570709385468e-06,0.0,0.06555957145673004,-0.0066758984315405945,0.21760409025387215,0.0,0.0,0.0
431.0,9.581648942426154,5.813933032587638,0.0,0.0,1.980293058344943e-06,0.0,0.0,4.099900365917977,-15.0709270738,0.0,0.0,1.7140326666696613,0.0,7.119974470981728e-06,0.0,0.06555958325773081,-0.006675874470708776,0.2176041437377681,0.0,0.0,0.0
432.0,9.58164847252584,5.81393503017997,0.0,0.0,1.97224400644814e-06,0.0,0.0,4.099902342217611,-15.0709270738,0.0,0.0,1.7140326879623595,0.0,7.091035140451943e-06,0.0,0.06555959500893682,-0.006675850657530208,0.21760419708693496,0.0,0.0,0.0
433.0,9.581647998951242,5.8139370184555546,0.0,0.0,1.9638220835644444e-06,0.0,0.0,4.099904310281698,-15.0709270738,0.0,0.0,1.714032708173857,0.0,7.06075518388905e-06,0.0,0.06555960670819505,-0.006675826996458398,0.217604250291775,0.0,0.0,0.0
434.0,9.581647521771771,5.813938997048382,0.0,0.0,1.955028044101471e-06,0.0,0.0,4.099906269737738,-15.0709270738,0.0,0.0,1.7140327273106442,0.0,7.029137313417021e-06,0.0,0.06555961835335743,-0.006675803491928506,0.2176043033426967,0.0,0.0,0.0
435.0,9.581647041057657,5.813940965593432,0.0,0.0,1.945862710907208e-06,0.0,0.0,4.0999082202140205,-15.0709270738,0.0,0.0,1.714032745379412,0.0,6.996184487229219e-06,0.0,0.06555962994228114,-0.00667578014835675,0.21760435623011656,0.0,0.0,0.0
436.0,9.581646556879946,5.813942923726742,0.0,0.0,1.9363269752681436e-06,0.0,0.0,4.099910161339691,-15.0709270738,0.0,0.0,1.7140327623870508,0.0,6.961899909581831e-06,0.0,0.06555964147282914,-0.006675756970139474,0.21760440894446093,0.0,0.0,0.0
437.0,9.581646069310482,5.8139448710854715,0.0,0.0,1.9264217968947588e-06,0.0,0.0,4.099912092744822,-15.0709270738,0.0,0.0,1.7140327783406493,0.0,6.926287030741916e-06,0.0,0.06555965294287046,-0.0066757339616523165,0.2176044614761673,0.0,0.0,0.0
438.0,9.581645578421899,5.813946807307972,0.0,0.0,1.9161482038947817e-06,0.0,0.0,4.099914014060479,-15.0709270738,0.0,0.0,1.714032793247493,0.0,6.8893495468914355e-06,0.0,0.0655596643502806,-0.006675711127249323,0.2176045138156865,0.0,0.0,0.0
439.0,9.581645084287608,5.813948732033856,0.0,0.0,1.9055072927329562e-06,0.0,0.0,4.09991592491879,-15.0709270738,0.0,0.0,1.714032807115066,0.0,6.851091399982805e-06,0.0,0.06555967569294202,-0.006675688471262348,0.2176045659534844,0.0,0.0,0.0
440.0,9.581644586981785,5.81395064490406,0.0,0.0,1.8945002281811952e-06,0.0,0.0,4.099917824953013,-15.0709270738,0.0,0.0,1.714032819951047,0.0,6.8115167775598745e-06,0.0,0.06555968696874442,-0.0066756659979998745,0.21760461788004343,0.0,0.0,0.0
441.0,9.58164408657936,5.813952545560917,0.0,0.0,1.8831282432531012e-06,0.0,0.0,4.099919713797606,-15.0709270738,0.0,0.0,1.7140328317633111,0.0,6.7706301125227066e-06,0.0,0.06555969817558524,-0.006675643711746532,0.21760466958586444,0.0,0.0,0.0
442.0,9.581643583156003,5.813954433648219,0.0,0.0,1.8713926391269326e-06,0.0,0.0,4.099921591088292,-15.0709270738,0.0,0.0,1.7140328425599272,0.0,6.728436082850816e-06,0.0,0.06555970931136991,-0.006675621616762037,0.21760472106146844,0.0,0.0,0.0
443.0,9.581643076788113,5.813956308811288,0.0,0.0,1.8592947850579292e-06,0.0,0.0,4.099923456462133,-15.0709270738,0.0,0.0,1.7140328523491544,0.0,6.684939611288144e-06,0.0,0.06555972037401242,-0.006675599717280517,0.2176047722973985,0.0,0.0,0.0
444.0,9.581642567552807,5.813958170697039,0.0,0.0,1.846836118274992e-06,0.0,0.0,4.099925309557591,-15.0709270738,0.0,0.0,1.7140328611394482,0.0,6.640145864971793e-06,0.0,0.06555973136143556,-0.006675578017509606,0.2176048232842211,0.0,0.0,0.0
445.0,9.581642055527903,5.813960018954051,0.0,0.0,1.8340181438685205e-06,0.0,0.0,4.0999271500146,-15.0709270738,0.0,0.0,1.7140328689394506,0.0,6.5940602550289605e-06,0.0,0.06555974227157145,-0.006675556521629711,0.2176048740125283,0.0,0.0,0.0
446.0,9.58164154079191,5.8139618532326285,0.0,0.0,1.8208424346618207e-06,0.0,0.0,4.099928977474633,-15.0709270738,0.0,0.0,1.7140328757579955,0.0,6.546688436114814e-06,0.0,0.06555975310236177,-0.00667553523379312,0.2176049244729392,0.0,0.0,0.0
447.0,9.581641023424018,5.813963673184874,0.0,0.0,1.807310631073704e-06,0.0,0.0,4.09993079158077,-15.0709270738,0.0,0.0,1.714032881604104,0.0,6.498036305918682e-06,0.0,0.06555976385175831,-0.006675514158123272,0.2176049746561019,0.0,0.0,0.0
448.0,9.581640503504076,5.813965478464751,0.0,0.0,1.7934244409663117e-06,0.0,0.0,4.099932591977765,-15.0709270738,0.0,0.0,1.7140328864869856,0.0,6.448110004617139e-06,0.0,0.06555977451772324,-0.006675493298713919,0.217605024552695,0.0,0.0,0.0
449.0,9.58163998111259,5.813967268728149,0.0,0.0,1.7791856394793342e-06,0.0,0.0,4.099934378312114,-15.0709270738,0.0,0.0,1.7140328904160347,0.0,6.396915914278166e-06,0.0,0.06555978509822957,-0.006675472659628298,0.2176050741534296,0.0,0.0,0.0
450.0,9.5816394563307,5.813969043632951,0.0,0.0,1.7645960688565825e-06,0.0,0.0,4.0999361502321205,-15.0709270738,0.0,0.0,1.7140328934008302,0.0,6.344460658237813e-06,0.0,0.06555979559126153,-0.006675452244898419,0.2176051234490508,0.0,0.0,0.0
451.0,9.581638929240174,5.813970802839099,0.0,0.0,1.749657638254257e-06,0.0,0.0,4.0999379073879645,-15.0709270738,0.0,0.0,1.7140328954511341,0.0,6.2907511004110685e-06,0.0,0.06555980599481487,-0.006675432058524222,0.2176051724303396,0.0,0.0,0.0
452.0,9.581638399923387,5.813972546008659,0.0,0.0,1.734372323540229e-06,0.0,0.0,4.099939649431768,-15.0709270738,0.0,0.0,1.7140328965768914,0.0,6.235794344570407e-06,0.0,0.06555981630689739,-0.006675412104472769,0.21760522108811442,0.0,0.0,0.0
453.0,9.581637868463313,5.813974272805889,0.0,0.0,1.7187421670802527e-06,0.0,0.0,4.0999413760176635,-15.0709270738,0.0,0.0,1.7140328967882255,0.0,6.179597733577341e-06,0.0,0.06555982652552918,-0.00667539238667747,0.21760526941323324,0.0,0.0,0.0
454.0,9.581637334943508,5.813975982897299,0.0,0.0,1.7027692775106936e-06,0.0,0.0,4.099943086801857,-15.0709270738,0.0,0.0,1.7140328960954418,0.0,6.12216884856551e-06,0.0,0.06555983664874314,-0.006675372909037372,0.21760531739659494,0.0,0.0,0.0
455.0,9.581636799448098,5.813977675951717,0.0,0.0,1.6864558295006679e-06,0.0,0.0,4.099944781442698,-15.0709270738,0.0,0.0,1.7140328945090193,0.0,6.063515508085683e-06,0.0,0.06555984667458523,-0.006675353675416357,0.21760536502914102,0.0,0.0,0.0
456.0,9.581636262061766,5.813979351640358,0.0,0.0,1.6698040634981595e-06,0.0,0.0,4.099946459600742,-15.0709270738,0.0,0.0,1.714032892039616,0.0,6.003645767193158e-06,0.0,0.0655598566011149,-0.006675334689642237,0.21760541230185756,0.0,0.0,0.0
457.0,9.581635722869729,5.8139810096368825,0.0,0.0,1.6528162854692323e-06,0.0,0.0,4.09994812093882,-15.0709270738,0.0,0.0,1.7140328886980623,0.0,5.9425679165103456e-06,0.0,0.0655598664264055,-0.006675315955506245,0.2176054592057769,0.0,0.0,0.0
458.0,9.581635181957736,5.813982649617462,0.0,0.0,1.6354948666205258e-06,0.0,0.0,4.0999497651220995,-15.0709270738,0.0,0.0,1.7140328844953627,0.0,5.880290481229223e-06,0.0,0.06555987614854465,-0.006675297476762057,0.217605505731979,0.0,0.0,0.0
459.0,9.581634639412044,5.813984271260845,0.0,0.0,1.6178422431092243e-06,0.0,0.0,4.099951391818151,-15.0709270738,0.0,0.0,1.7140328794426942,0.0,5.81682222006879e-06,0.0,0.06555988576563457,-0.006675279257125161,0.2176055518715938,0.0,0.0,0.0
460.0,9.58163409531941,5.8139858742484165,0.0,0.0,1.5998609157445461e-06,0.0,0.0,4.099953000697017,-15.0709270738,0.0,0.0,1.7140328735513997,0.0,5.752172124201985e-06,0.0,0.06555989527579242,-0.00667526130027199,0.21760559761580214,0.0,0.0,0.0
461.0,9.58163354976707,5.813987458264261,0.0,0.0,1.5815534496729504e-06,0.0,0.0,4.09995459143127,-15.0709270738,0.0,0.0,1.7140328668329916,0.0,5.686349416124109e-06,0.0,0.06555990467715084,-0.006675243609839371,0.217605642955838,0.0,0.0,0.0
462.0,9.581633002842725,5.81398902299523,0.0,0.0,1.5629224740531465e-06,0.0,0.0,4.0999561636960795,-15.0709270738,0.0,0.0,1.7140328592991505,0.0,5.619363548484543e-06,0.0,0.0655599139678581,-0.006675226189423636,0.2176056878829902,0.0,0.0,0.0
463.0,9.581632454634534,5.813990568130997,0.0,0.0,1.54397068171812e-06,0.0,0.0,4.0999577171692785,-15.0709270738,0.0,0.0,1.7140328509617184,0.0,5.5512242028718085e-06,0.0,0.0655599231460786,-0.006675209042579858,0.2176057323886036,0.0,0.0,0.0
464.0,9.581631905231085,5.813992093364123,0.0,0.0,1.524700828824661e-06,0.0,0.0,4.0999592515314225,-15.0709270738,0.0,0.0,1.7140328418327009,0.0,5.481941288553683e-06,0.0,0.06555993220999322,-0.006675192172821323,0.21760577646408114,0.0,0.0,0.0
465.0,9.581631354721395,5.8139935983901205,0.0,0.0,1.5051157344915473e-06,0.0,0.0,4.0999607664658555,-15.0709270738,0.0,0.0,1.714032831924265,0.0,5.411524941176521e-06,0.0,0.06555994115779963,-0.006675175583618534,0.2176058201008857,0.0,0.0,0.0
466.0,9.581630803194884,5.813995082907508,0.0,0.0,1.485218280426691e-06,0.0,0.0,4.099962261658772,-15.0709270738,0.0,0.0,1.7140328212487361,0.0,5.339985521424899e-06,0.0,0.06555994998771274,-0.006675159278398804,0.2176058632905412,0.0,0.0,0.0
467.0,9.58163025074136,5.813996546617874,0.0,0.0,1.4650114105376373e-06,0.0,0.0,4.099963736799277,-15.0709270738,0.0,0.0,1.7140328098185966,0.0,5.2673336136214e-06,0.0,0.06555995869796492,-0.006675143260545274,0.21760590602463475,0.0,0.0,0.0
468.0,9.58162969745101,5.813997989225939,0.0,0.0,1.444498130536665e-06,0.0,0.0,4.0999651915794555,-15.0709270738,0.0,0.0,1.7140327976464835,0.0,5.193580024306981e-06,0.0,0.0655599672868065,-0.006675127533396399,0.217605948294818,0.0,0.0,0.0
469.0,9.581629143414379,5.813999410439611,0.0,0.0,1.4236815075267842e-06,0.0,0.0,4.099966625694424,-15.0709270738,0.0,0.0,1.7140327847451875,0.0,5.118735780752668e-06,0.0,0.06555997575250602,-0.0066751121002451425,0.21760599009280893,0.0,0.0,0.0
470.0,9.581628588722355,5.814000809970048,0.0,0.0,1.4025646695818146e-06,0.0,0.0,4.099968038842398,-15.0709270738,0.0,0.0,1.7140327711276502,0.0,5.042812129449952e-06,0.0,0.06555998409335062,-0.006675096964338351,0.21760603141039342,0.0,0.0,0.0
471.0,9.581628033466155,5.814002187531716,0.0,0.0,1.3811508053117773e-06,0.0,0.0,4.099969430724753,-15.0709270738,0.0,0.0,1.7140327568069624,0.0,4.9658205345483896e-06,0.0,0.06555999230764639,-0.006675082128876089,0.21760607223942685,0.0,0.0,0.0
472.0,9.581627477737305,5.814003542842444,0.0,0.0,1.3594431634162922e-06,0.0,0.0,4.099970801046083,-15.0709270738,0.0,0.0,1.7140327417963617,0.0,4.887772676250069e-06,0.0,0.0655600003937187,-0.006675067597010878,0.21760611257183582,0.0,0.0,0.0
473.0,9.581626921627631,5.814004875623488,0.0,0.0,1.3374450522252172e-06,0.0,0.0,4.099972149514257,-15.0709270738,0.0,0.0,1.714032726109231,0.0,4.808680449158208e-06,0.0,0.06556000834991257,-0.006675053371847123,0.21760615239961947,0.0,0.0,0.0
474.0,9.581626365229235,5.814006185599583,0.0,0.0,1.3151598392317345e-06,0.0,0.0,4.099973475840486,-15.0709270738,0.0,0.0,1.7140327097590964,0.0,4.728555960598585e-06,0.0,0.06556001617459294,-0.006675039456440365,0.21760619171485152,0.0,0.0,0.0
475.0,9.581625808634486,5.814007472499001,0.0,0.0,1.2925909506097876e-06,0.0,0.0,4.099974779739377,-15.0709270738,0.0,0.0,1.7140326927596243,0.0,4.647411528884709e-06,0.0,0.0655600238661451,-0.006675025853796757,0.21760623050968142,0.0,0.0,0.0
476.0,9.581625251935996,5.8140087360536095,0.0,0.0,1.2697418707206803e-06,0.0,0.0,4.09997606092899,-15.0709270738,0.0,0.0,1.7140326751246198,0.0,4.565259681544017e-06,0.0,0.06556003142297495,-0.006675012566872265,0.2176062687763362,0.0,0.0,0.0
477.0,9.58162469522661,5.814009975998924,0.0,0.0,1.2466161416090784e-06,0.0,0.0,4.099977319130901,-15.0709270738,0.0,0.0,1.7140326568680226,0.0,4.482113153505963e-06,0.0,0.06556003884350935,-0.006674999598572207,0.2176063065071218,0.0,0.0,0.0
478.0,9.58162413859939,5.814011192074166,0.0,0.0,1.223217362486298e-06,0.0,0.0,4.099978554070256,-15.0709270738,0.0,0.0,1.7140326380039106,0.0,4.3979848852443955e-06,0.0,0.06556004612619647,-0.006674986951750381,0.2176063436944249,0.0,0.0,0.0
479.0,9.58162358214759,5.814012384022317,0.0,0.0,1.1995491892039642e-06,0.0,0.0,4.099979765475827,-15.0709270738,0.0,0.0,1.71403261854649,0.0,4.312888020885314e-06,0.0,0.06556005326950609,-0.006674974629208713,0.2176063803307142,0.0,0.0,0.0
480.0,9.581623025964648,5.814013551590171,0.0,0.0,1.1756153337151224e-06,0.0,0.0,4.099980953080072,-15.0709270738,0.0,0.0,1.7140325985100988,0.0,4.226835906269498e-06,0.0,0.06556006027192993,-0.006674962633696449,0.21760641640854214,0.0,0.0,0.0
481.0,9.58162247014417,5.814014694528389,0.0,0.0,1.1514195635232858e-06,0.0,0.0,4.099982116619189,-15.0709270738,0.0,0.0,1.7140325779092,0.0,4.139842086971765e-06,0.0,0.06556006713198195,-0.00667495096790964,0.21760645192054623,0.0,0.0,0.0
482.0,9.581621914779905,5.814015812591552,0.0,0.0,1.1269657011219312e-06,0.0,0.0,4.099983255833168,-15.0709270738,0.0,0.0,1.7140325567583838,0.0,4.0519203062858845e-06,0.0,0.06556007384819869,-0.0066749396344906176,0.21760648685945064,0.0,0.0,0.0
483.0,9.581621359965737,5.814016905538214,0.0,0.0,1.1022576234229082e-06,0.0,0.0,4.099984370465852,-15.0709270738,0.0,0.0,1.714032535072362,0.0,3.963084503169616e-06,0.0,0.06556008041913955,-0.00667492863602713,0.21760652121806784,0.0,0.0,0.0
484.0,9.581620805795662,5.814017973130952,0.0,0.0,1.0772992611712938e-06,0.0,0.0,4.099985460264986,-15.0709270738,0.0,0.0,1.7140325128659653,0.0,3.8733488101410205e-06,0.0,0.06556008684338713,-0.0066749179750521664,0.21760655498929976,0.0,0.0,0.0
485.0,9.581620252363775,5.814019015136419,0.0,0.0,1.0520945983531381e-06,0.0,0.0,4.099986524982274,-15.0709270738,0.0,0.0,1.7140324901541453,0.0,3.782727551149201e-06,0.0,0.0655600931195475,-0.006674907654042939,0.2176065881661396,0.0,0.0,0.0
486.0,9.581619699764252,5.814020031325394,0.0,0.0,1.0266476715893012e-06,0.0,0.0,4.0999875643734285,-15.0709270738,0.0,0.0,1.7140324669519655,0.0,3.6912352393950294e-06,0.0,0.06556009924625053,-0.006674897675420788,0.2176066207416729,0.0,0.0,0.0
487.0,9.58161914809133,5.814021021472831,0.0,0.0,1.000962569519677e-06,0.0,0.0,4.099988578198225,-15.0709270738,0.0,0.0,1.714032443274606,0.0,3.5988865751173133e-06,0.0,0.06556010522215021,-0.0066748880415502115,0.21760665270907936,0.0,0.0,0.0
488.0,9.581618597439293,5.8140219853579085,0.0,0.0,9.750434321768577e-07,0.0,0.0,4.099989566220555,-15.0709270738,0.0,0.0,1.7140324191373537,0.0,3.5056964433409833e-06,0.0,0.06556011104592482,-0.006674878754738545,0.21760668406163403,0.0,0.0,0.0
489.0,9.581618047902458,5.814022922764078,0.0,0.0,9.488944503480502e-07,0.0,0.0,4.099990528208473,-15.0709270738,0.0,0.0,1.7140323945556046,0.0,3.411679911583041e-06,0.0,0.06556011671627739,-0.0066748698172354876,0.21760671479270877,0.0,0.0,0.0
490.0,9.581617499575152,5.814023833479114,0.0,0.0,9.225198649287709e-07,0.0,0.0,4.099991463934253,-15.0709270738,0.0,0.0,1.714032369544861,0.0,3.316852227528945e-06,0.0,0.06556012223193584,-0.006674861231232315,0.21760674489577364,0.0,0.0,0.0
491.0,9.581616952551698,5.8140247172951565,0.0,0.0,8.959239662629696e-07,0.0,0.0,4.099992373174431,-15.0709270738,0.0,0.0,1.7140323441207252,0.0,3.2212288166601877e-06,0.0,0.06556012759165333,-0.006674852998861627,0.21760677436439838,0.0,0.0,0.0
492.0,9.581616406926397,5.814025574008763,0.0,0.0,8.691110934769372e-07,0.0,0.0,4.09999325570986,-15.0709270738,0.0,0.0,1.7140323182989032,0.0,3.124825279859535e-06,0.0,0.0655601327942086,-0.006674845122196724,0.21760680319225353,0.0,0.0,0.0
493.0,9.581615862793509,5.814026403420951,0.0,0.0,8.420856337986689e-07,0.0,0.0,4.099994111325755,-15.0709270738,0.0,0.0,1.7140322920951956,0.0,3.027657390963945e-06,0.0,0.06556013783840606,-0.006674837603251091,0.2176068313731121,0.0,0.0,0.0
494.0,9.581615320247241,5.814027205337243,0.0,0.0,8.148520218693765e-07,0.0,0.0,4.099994939811744,-15.0709270738,0.0,0.0,1.714032265525499,0.0,2.9297410942892735e-06,0.0,0.06556014272307623,-0.0066748304439779305,0.21760685890085063,0.0,0.0,0.0
495.0,9.581614779381727,5.814027979567711,0.0,0.0,7.874147390462159e-07,0.0,0.0,4.0999957409619086,-15.0709270738,0.0,0.0,1.7140322386058022,0.0,2.8310925021233767e-06,0.0,0.06556014744707593,-0.006674823646269784,0.21760688576945064,0.0,0.0,0.0
496.0,9.581614240291007,5.814028725927024,0.0,0.0,7.597783126923299e-07,0.0,0.0,4.09999651457484,-15.0709270738,0.0,0.0,1.7140322113521842,0.0,2.731727892173607e-06,0.0,0.06556015200928857,-0.006674817211957881,0.21760691197299997,0.0,0.0,0.0
497.0,9.581613703069015,5.814029444234485,0.0,0.0,7.319473154587856e-07,0.0,0.0,4.0999972604536765,-15.0709270738,0.0,0.0,1.7140321837808088,0.0,2.6316637049851584e-06,0.0,0.06556015640862439,-0.006674811142811779,0.217606937505694,0.0,0.0,0.0
498.0,9.581613167809559,5.814030134314078,0.0,0.0,7.039263645559078e-07,0.0,0.0,4.099997978406153,-15.0709270738,0.0,0.0,1.7140321559079252,0.0,2.5309165413212825e-06,0.0,0.06556016064402068,-0.006674805440539028,0.2176069623618368,0.0,0.0,0.0
499.0,9.581612634606305,5.814030795994505,0.0,0.0,6.757201210165647e-07,0.0,0.0,4.099998668244641,-15.0709270738,0.0,0.0,1.7140321277498636,0.0,2.429503159514561e-06,0.0,0.0655601647144421,-0.006674800106784465,0.21760698653584268,0.0,0.0,0.0
500.0,9.581612103552759,5.814031429109231,0.0,0.0,6.473332889481822e-07,0.0,0.0,4.099999329786198,-15.0709270738,0.0,0.0,1.714032099323033,0.0,2.327440472777649e-06,0.0,0.06556016861888088,-0.006674795143130088,0.21760701002223704,0.0,0.0,0.0
501.0,9.581611574742249,5.814032033496522,0.0,0.0,6.187706147761293e-07,0.0,0.0,4.099999962852604,-15.0709270738,0.0,0.0,1.7140320706439178,0.0,2.224745546482987e-06,0.0,0.06556017235635703,-0.006674790551094392,0.21760703281565807,0.0,0.0,0.0
502.0,9.58161104826791,5.814032608999485,0.0,0.0,5.900368864789671e-07,0.0,0.0,4.100000567270409,-15.0709270738,0.0,0.0,1.7140320417290758,0.0,2.1214355954132515e-06,0.0,0.06556017592591865,-0.006674786332132088,0.2176070549108575,0.0,0.0,0.0
503.0,9.581610524222661,5.814033155466102,0.0,0.0,5.611369328126933e-07,0.0,0.0,4.100001142870968,-15.0709270738,0.0,0.0,1.7140320125951343,0.0,2.0175279809722376e-06,0.0,0.0655601793266421,-0.006674782487633715,0.21760707630270193,0.0,0.0,0.0
504.0,9.581610002699199,5.814033672749275,0.0,0.0,5.320756225265896e-07,0.0,0.0,4.1000016894904885,-15.0709270738,0.0,0.0,1.7140319832587867,0.0,1.91304020836554e-06,0.0,0.06556018255763221,-0.0066747790189252,0.2176070969861742,0.0,0.0,0.0
505.0,9.581609483789967,5.814034160706857,0.0,0.0,5.028578635717189e-07,0.0,0.0,4.100002206970063,-15.0709270738,0.0,0.0,1.7140319537367938,0.0,1.807989923754803e-06,0.0,0.0655601856180226,-0.006674775927267562,0.21760711695637422,0.0,0.0,0.0
506.0,9.58160896758715,5.814034619201689,0.0,0.0,4.734886022990478e-07,0.0,0.0,4.100002695155714,-15.0709270738,0.0,0.0,1.7140319240459752,0.0,1.7023949113746624e-06,0.0,0.06556018850697577,-0.006674773213856414,0.21760713620852018,0.0,0.0,0.0
507.0,9.581608454182646,5.814035048101638,0.0,0.0,4.439728226485989e-07,0.0,0.0,4.100003153898428,-15.0709270738,0.0,0.0,1.7140318942032096,0.0,1.5962730906174306e-06,0.0,0.0655601912236834,-0.006674770879821781,0.21760715473794995,0.0,0.0,0.0
508.0,9.581607943668061,5.814035447279626,0.0,0.0,4.1431554533142346e-07,0.0,0.0,4.100003583054193,-15.0709270738,0.0,0.0,1.7140318642254329,0.0,1.489642513091956e-06,0.0,0.06556019376736653,-0.00667476892622762,0.21760717254012168,0.0,0.0,0.0
509.0,9.58160743613468,5.81403581661367,0.0,0.0,3.845218270015597e-07,0.0,0.0,4.100003982484038,-15.0709270738,0.0,0.0,1.7140318341296314,0.0,1.382521359646479e-06,0.0,0.06556019613727575,-0.006674767354071576,0.21760718961061526,0.0,0.0,0.0
510.0,9.58160693167346,5.814036155986908,0.0,0.0,3.545967594239053e-07,0.0,0.0,4.100004352054064,-15.0709270738,0.0,0.0,1.7140318039328433,0.0,1.2749279373767838e-06,0.0,0.06556019833269139,-0.006674766164284612,0.21760720594513322,0.0,0.0,0.0
511.0,9.581606430375,5.814036465287635,0.0,0.0,3.245454686273245e-07,0.0,0.0,4.100004691635482,-15.0709270738,0.0,0.0,1.7140317736521524,0.0,1.1668806765812598e-06,0.0,0.06556020035292373,-0.006674765357730733,0.2176072215395017,0.0,0.0,0.0
512.0,9.581605932329541,5.814036744409333,0.0,0.0,2.943731140554651e-07,0.0,0.0,4.1000050011046465,-15.0709270738,0.0,0.0,1.7140317433046866,0.0,1.0583981277077204e-06,0.0,0.06556020219731323,-0.0066747649352066896,0.2176072363896716,0.0,0.0,0.0
513.0,9.581605437626935,5.8140369932507,0.0,0.0,2.6408488770809076e-07,0.0,0.0,4.100005280343086,-15.0709270738,0.0,0.0,1.7140317129076141,0.0,9.49498958266116e-07,0.0,0.06556020386523059,-0.006674764897441718,0.21760725049171953,0.0,0.0,0.0
514.0,9.58160494635663,5.81403721171568,0.0,0.0,2.3368601327296284e-07,0.0,0.0,4.100005529237539,-15.0709270738,0.0,0.0,1.7140316824781419,0.0,8.402019497072603e-07,0.0,0.06556020535607707,-0.00667476524509715,0.2176072638418486,0.0,0.0,0.0
515.0,9.58160445860766,5.8140373997134915,0.0,0.0,2.0318174525270828e-07,0.0,0.0,4.1000057476799805,-15.0709270738,0.0,0.0,1.714031652033511,0.0,7.305259942835233e-07,0.0,0.06556020666928453,-0.006674765978766345,0.2176072764363896,0.0,0.0,0.0
516.0,9.581603974468623,5.814037557158653,0.0,0.0,1.7257736808120765e-07,0.0,0.0,4.100005935567658,-15.0709270738,0.0,0.0,1.714031621590995,0.0,6.204900918718381e-07,0.0,0.06556020780431568,-0.00667476709897423,0.21760728827180195,0.0,0.0,0.0
517.0,9.581603494027657,5.814037683971012,0.0,0.0,1.4187819523733266e-07,0.0,0.0,4.100006092803118,-15.0709270738,0.0,0.0,1.7140315911678945,0.0,5.101133467871722e-07,0.0,0.06556020876066426,-0.006674768606177273,0.21760729934467427,0.0,0.0,0.0
518.0,9.58160301737244,5.814037780075768,0.0,0.0,1.1108956834732089e-07,0.0,0.0,4.10000621929423,-15.0709270738,0.0,0.0,1.714031560781538,0.0,3.9941496455513677e-07,0.0,0.0655602095378551,-0.0066747705007630664,0.21760730965172564,0.0,0.0,0.0
519.0,9.58160254459016,5.814037845403501,0.0,0.0,8.021685628218499e-08,0.0,0.0,4.100006314954225,-15.0709270738,0.0,0.0,1.714031530449276,0.0,2.8841424866673773e-07,0.0,0.06556021013544439,-0.006674772783050259,0.21760731918980636,0.0,0.0,0.0
520.0,9.581602075767497,5.814037879890189,0.0,0.0,4.9265454247617314e-08,0.0,0.0,4.100006379701712,-15.0709270738,0.0,0.0,1.7140315001884767,0.0,1.7713059730613676e-07,0.0,0.06556021055301967,-0.006674775453288262,0.2176073279558986,0.0,0.0,0.0
521.0,9.581601610990617,5.814037883477237,0.0,0.0,1.8240782867556054e-08,0.0,0.0,4.100006413460711,-15.0709270738,0.0,0.0,1.7140314700165264,0.0,6.558350005561731e-08,0.0,0.06556021079020011,-0.006674778511657126,0.2176073359471174,0.0,0.0,0.0
522.0,9.581601150345147,5.814037856111495,0.0,0.0,-1.2851712738129361e-08,0.0,0.0,4.10000641616067,-15.0709270738,0.0,0.0,1.7140314399508254,0.0,-4.62074654206002e-08,0.0,0.06556021084663663,-0.006674781958267276,0.2176073431607115,0.0,0.0,0.0
523.0,9.58160069391616,5.814037797745282,0.0,0.0,-4.400656388421135e-08,0.0,0.0,4.100006387736499,-15.0709270738,0.0,0.0,1.7140314100087828,0.0,-1.5822263672224226e-07,0.0,0.06556021072201196,-0.006674785793159499,0.21760734959406403,0.0,0.0,0.0
524.0,9.58160024178816,5.814037708336402,0.0,0.0,-7.521827925433742e-08,0.0,0.0,4.100006328128587,-15.0709270738,0.0,0.0,1.7140313802078149,0.0,-2.704422700720324e-07,0.0,0.06556021041604074,-0.006674790016304555,0.2176073552446931,0.0,0.0,0.0
525.0,9.58159979404506,5.814037587848166,0.0,0.0,-1.0648134584404138e-07,0.0,0.0,4.100006237282823,-15.0709270738,0.0,0.0,1.7140313505653424,0.0,-3.8284654370630824e-07,0.0,0.06556020992846981,-0.006674794627603356,0.217607360110253,0.0,0.0,0.0
526.0,9.581599350770176,5.814037436249409,0.0,0.0,-1.3779022990749887e-07,0.0,0.0,4.100006115150622,-15.0709270738,0.0,0.0,1.714031321098787,0.0,-4.954155612791073e-07,0.0,0.06556020925907814,-0.00667479962688651,0.21760736418853432,0.0,0.0,0.0
527.0,9.581598912046202,5.814037253514509,0.0,0.0,-1.6913937791069783e-07,0.0,0.0,4.100005961688941,-15.0709270738,0.0,0.0,1.7140312918255676,0.0,-6.081293552893236e-07,0.0,0.065560208407677,-0.006674805013914403,0.2176073674774651,0.0,0.0,0.0
528.0,9.581598477955193,5.8140370396234,0.0,0.0,-2.0052321748955576e-07,0.0,0.0,4.100005776860302,-15.0709270738,0.0,0.0,1.7140312627630978,0.0,-7.209678905256565e-07,0.0,0.0655602073741101,-0.006674810788377061,0.2176073699751112,0.0,0.0,0.0
529.0,9.581598048578558,5.814036794561589,0.0,0.0,-2.3193615841708647e-07,0.0,0.0,4.100005560632805,-15.0709270738,0.0,0.0,1.7140312339287833,0.0,-8.33911067544102e-07,0.0,0.06556020615825361,-0.0066748169498940385,0.21760737167967723,0.0,0.0,0.0
530.0,9.581597623997032,5.8140365183201705,0.0,0.0,-2.6337259356964654e-07,0.0,0.0,4.100005312980153,-15.0709270738,0.0,0.0,1.7140312053400173,0.0,-9.469387261421419e-07,0.0,0.06556020476001635,-0.006674823498014307,0.21760737258950671,0.0,0.0,0.0
531.0,9.58159720429067,5.814036210895839,0.0,0.0,-2.94826899903061e-07,0.0,0.0,4.100005033881661,-15.0709270738,0.0,0.0,1.7140311770141778,0.0,-1.0600306488684589e-06,0.0,0.06556020317933975,-0.006674830432216311,0.21760737270308317,0.0,0.0,0.0
532.0,9.581596789538825,5.814035872290902,0.0,0.0,-3.2629343943236937e-07,0.0,0.0,4.100004723322276,-15.0709270738,0.0,0.0,1.7140311489686262,0.0,-1.1731665645456744e-06,0.0,0.06556020141619803,-0.006674837751907775,0.2176073720190303,0.0,0.0,0.0
533.0,9.581596379820132,5.814035502513291,0.0,0.0,-3.5776656021408103e-07,0.0,0.0,4.100004381292589,-15.0709270738,0.0,0.0,1.7140311212207022,0.0,-1.2863261518021135e-06,0.0,0.06556019947059827,-0.006674845456425688,0.21760737053611273,0.0,0.0,0.0
534.0,9.581595975212498,5.81403510157657,0.0,0.0,-3.892405973380422e-07,0.0,0.0,4.10000400778885,-15.0709270738,0.0,0.0,1.7140310937877201,0.0,-1.399489042638136e-06,0.0,0.06556019734258038,-0.0066748535450363855,0.21760736825323657,0.0,0.0,0.0
535.0,9.581595575793079,5.814034669499947,0.0,0.0,-4.2070987391877376e-07,0.0,0.0,4.100003602812981,-15.0709270738,0.0,0.0,1.7140310666869665,0.0,-1.5126348259905677e-06,0.0,0.06556019503221729,-0.006674862016935387,0.2176073651694495,0.0,0.0,0.0
536.0,9.581595181638273,5.814034206308285,0.0,0.0,-4.521687020941397e-07,0.0,0.0,4.100003166372585,-15.0709270738,0.0,0.0,1.7140310399356995,0.0,-1.6257430513234962e-06,0.0,0.06556019253961487,-0.006674870871247546,0.21760736128394198,0.0,0.0,0.0
537.0,9.581594792823692,5.8140337120321,0.0,0.0,-4.836113840256541e-07,0.0,0.0,4.100002698480959,-15.0709270738,0.0,0.0,1.714031013551141,0.0,-1.7387932322249635e-06,0.0,0.0655601898649121,-0.0066748801070268815,0.21760735659604696,0.0,0.0,0.0
538.0,9.581594409424161,5.8140331867075785,0.0,0.0,-5.150322129051939e-07,0.0,0.0,4.100002199157101,-15.0709270738,0.0,0.0,1.7140309875504771,0.0,-1.8517648500266932e-06,0.0,0.06556018700828109,-0.006674889723256763,0.2176073511052406,0.0,0.0,0.0
539.0,9.581594031513692,5.814032630376575,0.0,0.0,-5.464254739628403e-07,0.0,0.0,4.100001668425723,-15.0709270738,0.0,0.0,1.7140309619508525,0.0,-1.9646373574278843e-06,0.0,0.06556018396992702,-0.006674899718849853,0.21760734481114277,0.0,0.0,0.0
540.0,9.581593659165474,5.81403204308662,0.0,0.0,-5.777854454820121e-07,0.0,0.0,4.10000110631725,-15.0709270738,0.0,0.0,1.7140309367693698,0.0,-2.077390182145227e-06,0.0,0.06556018075008832,-0.006674910092648215,0.21760733771351726,0.0,0.0,0.0
541.0,9.581593292451856,5.8140314248909215,0.0,0.0,-6.09106399813808e-07,0.0,0.0,4.100000512867837,-15.0709270738,0.0,0.0,1.7140309120230848,0.0,-2.1900027305600774e-06,0.0,0.06556017734903657,-0.006674920843423263,0.2176073298122722,0.0,0.0,0.0
542.0,9.581592931444336,5.8140307758483685,0.0,0.0,-6.403826043967824e-07,0.0,0.0,4.099999888119367,-15.0709270738,0.0,0.0,1.7140308877290016,0.0,-2.302454391385174e-06,0.0,0.06556017376707661,-0.006674931969875966,0.2176073211074604,0.0,0.0,0.0
543.0,9.581592576213538,5.814030096023531,0.0,0.0,-6.716083227799678e-07,0.0,0.0,4.099999232119457,-15.0709270738,0.0,0.0,1.7140308639040738,0.0,-2.4147245393430366e-06,0.0,0.06556017000454648,-0.006674943470636949,0.21760731159927937,0.0,0.0,0.0
544.0,9.581592226829205,5.814029385486662,0.0,0.0,-7.02777815646863e-07,0.0,0.0,4.099998544921464,-15.0709270738,0.0,0.0,1.714030840565198,0.0,-2.5267925388478337e-06,0.0,0.06556016606181748,-0.006674955344266417,0.21760730128807204,0.0,0.0,0.0
545.0,9.581591883360185,5.814028644313694,0.0,0.0,-7.338853418457079e-07,0.0,0.0,4.099997826584482,-15.0709270738,0.0,0.0,1.7140308177292125,0.0,-2.638637747709865e-06,0.0,0.06556016193929419,-0.006674967589254427,0.21760729017432665,0.0,0.0,0.0
546.0,9.581591545874407,5.814027872586241,0.0,0.0,-7.649251594175234e-07,0.0,0.0,4.09999707717335,-15.0709270738,0.0,0.0,1.7140307954128913,0.0,-2.750239520832012e-06,0.0,0.06556015763741439,-0.00667498020402095,0.2176072782586771,0.0,0.0,0.0
547.0,9.581591214438879,5.814027070391591,0.0,0.0,-7.958915266309647e-07,0.0,0.0,4.099996296758646,-15.0709270738,0.0,0.0,1.7140307736329445,0.0,-2.861577213930685e-06,0.0,0.06556015315664912,-0.006674993186916084,0.21760726554190318,0.0,0.0,0.0
548.0,9.581590889119667,5.814026237822705,0.0,0.0,-8.267787030151043e-07,0.0,0.0,4.0999954854166925,-15.0709270738,0.0,0.0,1.7140307524060123,0.0,-2.9726301872493378e-06,0.0,0.06556014849750263,-0.006675006536220052,0.21760725202493053,0.0,0.0,0.0
549.0,9.581590569981882,5.814025374978212,0.0,0.0,-8.575809503977112e-07,0.0,0.0,4.099994643229549,-15.0709270738,0.0,0.0,1.7140307317486627,0.0,-3.083377809291742e-06,0.0,0.06556014366051235,-0.006675020250143493,0.2176072377088311,0.0,0.0,0.0
550.0,9.581590257089665,5.814024481962403,0.0,0.0,-8.882925339444867e-07,0.0,0.0,4.099993770285013,-15.0709270738,0.0,0.0,1.71403071167739,0.0,-3.193799460558711e-06,0.0,0.0655601386462489,-0.0066750343268277,0.21760722259482296,0.0,0.0,0.0
551.0,9.581589950506178,5.814023558885224,0.0,0.0,-9.189077231977664e-07,0.0,0.0,4.0999928666766134,-15.0709270738,0.0,0.0,1.7140306922086106,0.0,-3.3038745372828972e-06,0.0,0.06556013345531607,-0.006675048764344604,0.21760720668427058,0.0,0.0,0.0
552.0,9.581589650293584,5.814022605862266,0.0,0.0,-9.494207931199497e-07,0.0,0.0,4.099991932503607,-15.0709270738,0.0,0.0,1.7140306733586588,0.0,-3.413582455180608e-06,0.0,0.06556012808835066,-0.006675063560697081,0.2176071899786848,0.0,0.0,0.0
553.0,9.581589356513037,5.8140216230147574,0.0,0.0,-9.798260251333206e-07,0.0,0.0,4.099990967870974,-15.0709270738,0.0,0.0,1.7140306551437838,0.0,-3.522902653190632e-06,0.0,0.06556012254602259,-0.006675078713819282,0.21760717247972283,0.0,0.0,0.0
554.0,9.581589069224673,5.814020610469556,0.0,0.0,-1.0101177081670732e-06,0.0,0.0,4.099989972889407,-15.0709270738,0.0,0.0,1.7140306375801488,0.0,-3.6318145972389857e-06,0.0,0.06556011682903477,-0.006675094221576666,0.21760715418918836,0.0,0.0,0.0
555.0,9.58158878848759,5.814019568359135,0.0,0.0,-1.0402901397015459e-06,0.0,0.0,4.099988947675309,-15.0709270738,0.0,0.0,1.7140306206838263,0.0,-3.7402977839936214e-06,0.0,0.06556011093812303,-0.006675110081766383,0.2176071351090315,0.0,0.0,0.0
556.0,9.581588514359836,5.814018496821571,0.0,0.0,-1.0703376268109596e-06,0.0,0.0,4.099987892350776,-15.0709270738,0.0,0.0,1.7140306044707954,0.0,-3.84833174461376e-06,0.0,0.06556010487405607,-0.006675126292117431,0.2176071152413487,0.0,0.0,0.0
557.0,9.5815882468984,5.8140173960005335,0.0,0.0,-1.100254487211893e-06,0.0,0.0,4.099986807043597,-15.0709270738,0.0,0.0,1.7140305889569367,0.0,-3.95589604851986e-06,0.0,0.06556009863763544,-0.006675142850291013,0.21760709458838273,0.0,0.0,0.0
558.0,9.5815879861592,5.814016266045266,0.0,0.0,-1.1300350503094087e-06,0.0,0.0,4.099985691887234,-15.0709270738,0.0,0.0,1.7140305741580324,0.0,-4.062970307155129e-06,0.0,0.06556009222969539,-0.006675159753880763,0.21760707315252248,0.0,0.0,0.0
559.0,9.581587732197061,5.814015107110577,0.0,0.0,-1.159673658241166e-06,0.0,0.0,4.0999845470208145,-15.0709270738,0.0,0.0,1.7140305600897623,0.0,-4.169534177739815e-06,0.0,0.06556008565110283,-0.006675177000413007,0.21760705093630295,0.0,0.0,0.0
560.0,9.581587485065718,5.8140139193568166,0.0,0.0,-1.1891646669262952e-06,0.0,0.0,4.099983372589117,-15.0709270738,0.0,0.0,1.7140305467676997,0.0,-4.275567367042612e-06,0.0,0.06556007890275722,-0.006675194587347194,0.21760702794240513,0.0,0.0,0.0
561.0,9.581587244817792,5.8140127029498645,0.0,0.0,-1.2185024471089241e-06,0.0,0.0,4.099982168742557,-15.0709270738,0.0,0.0,1.7140305342073079,0.0,-4.3810496351328374e-06,0.0,0.0655600719855905,-0.006675212512076048,0.2176070041736556,0.0,0.0,0.0
562.0,9.58158701150478,5.814011458061111,0.0,0.0,-1.2476813854046722e-06,0.0,0.0,4.09998093563717,-15.0709270738,0.0,0.0,1.7140305224239407,0.0,-4.4859607991432906e-06,0.0,0.06556006490056696,-0.006675230771926041,0.2176069796330266,0.0,0.0,0.0
563.0,9.58158678517705,5.814010184867433,0.0,0.0,-1.2766958853453624e-06,0.0,0.0,4.099979673434599,-15.0709270738,0.0,0.0,1.714030511432834,0.0,-4.590280737026694e-06,0.0,0.06556005764868317,-0.006675249364157643,0.21760695432363553,0.0,0.0,0.0
564.0,9.581586565883821,5.814008883551182,0.0,0.0,-1.3055403684220695e-06,0.0,0.0,4.099978382302072,-15.0709270738,0.0,0.0,1.71403050124911,0.0,-4.693989391306162e-06,0.0,0.06556005023096782,-0.006675268285965721,0.21760692824874495,0.0,0.0,0.0
565.0,9.581586353673158,5.8140075543001535,0.0,0.0,-1.3342092751290075e-06,0.0,0.0,4.099977062412387,-15.0709270738,0.0,0.0,1.7140304918877662,0.0,-4.797066772828691e-06,0.0,0.06556004264848167,-0.006675287534479921,0.21760690141176214,0.0,0.0,0.0
566.0,9.581586148591954,5.814006197307571,0.0,0.0,-1.3626970660032975e-06,0.0,0.0,4.099975713943893,-15.0709270738,0.0,0.0,1.7140304833636781,0.0,-4.899492964503828e-06,0.0,0.06556003490231735,-0.006675307106764977,0.21760687381623883,0.0,0.0,0.0
567.0,9.58158595068593,5.81400481277206,0.0,0.0,-1.3909982226684653e-06,0.0,0.0,4.099974337080466,-15.0709270738,0.0,0.0,1.7140304756915938,0.0,-5.001248125055761e-06,0.0,0.0655600269935993,-0.006675326999821235,0.21760684546587078,0.0,0.0,0.0
568.0,9.581585759999612,5.814003400897623,0.0,0.0,-1.4191072488692287e-06,0.0,0.0,4.099972932011491,-15.0709270738,0.0,0.0,1.7140304688861319,0.0,-5.102312492744094e-06,0.0,0.06556001892348354,-0.006675347210584867,0.21760681636449766,0.0,0.0,0.0
569.0,9.581585576576328,5.814001961893615,0.0,0.0,-1.4470186715101696e-06,0.0,0.0,4.099971498931836,-15.0709270738,0.0,0.0,1.7140304629617784,0.0,-5.202666389098574e-06,0.0,0.06556001069315764,-0.006675367735928528,0.2176067865161022,0.0,0.0,0.0
570.0,9.581585400458195,5.8140004959747165,0.0,0.0,-1.4747270416911981e-06,0.0,0.0,4.099970038041833,-15.0709270738,0.0,0.0,1.7140304579328838,0.0,-5.302290222642309e-06,0.0,0.06556000230384054,-0.0066753885726615475,0.2176067559248104,0.0,0.0,0.0
571.0,9.58158523168611,5.813999003360906,0.0,0.0,-1.5022269357379683e-06,0.0,0.0,4.0999685495472455,-15.0709270738,0.0,0.0,1.7140304538136606,0.0,-5.401164492596811e-06,0.0,0.0655599937567823,-0.006675409717530584,0.2176067245948905,0.0,0.0,0.0
572.0,9.581585070299742,5.813997484277433,0.0,0.0,-1.5295129562330606e-06,0.0,0.0,4.099967033659253,-15.0709270738,0.0,0.0,1.7140304506181803,0.0,-5.499269792589817e-06,0.0,0.06555998505326405,-0.006675431167219886,0.21760669253075274,0.0,0.0,0.0
573.0,9.581584916337512,5.813995938954784,0.0,0.0,-1.5565797330441043e-06,0.0,0.0,4.099965490594415,-15.0709270738,0.0,0.0,1.7140304483603694,0.0,-5.59658681435209e-06,0.0,0.06555997619459779,-0.006675452918351962,0.2176066597369491,0.0,0.0,0.0
574.0,9.5815847698366,5.813994367628658,0.0,0.0,-1.5834219243477694e-06,0.0,0.0,4.099963920574649,-15.0709270738,0.0,0.0,1.714030447054009,0.0,-5.693096351399385e-06,0.0,0.06555996718212623,-0.006675474967487827,0.21760662621817234,0.0,0.0,0.0
575.0,9.581584630832918,5.813992770539929,0.0,0.0,-1.6100342176527377e-06,0.0,0.0,4.099962323827199,-15.0709270738,0.0,0.0,1.7140304467127292,0.0,-5.788779302710729e-06,0.0,0.06555995801722254,-0.006675497311127723,0.2176065919792556,0.0,0.0,0.0
576.0,9.581584499361117,5.813991147934616,0.0,0.0,-1.6364113308171498e-06,0.0,0.0,4.0999607005846075,-15.0709270738,0.0,0.0,1.7140304473500088,0.0,-5.88361667638685e-06,0.0,0.06555994870129031,-0.006675519945711514,0.21760655702517215,0.0,0.0,0.0
577.0,9.581584375454568,5.813989500063852,0.0,0.0,-1.6625480130650178e-06,0.0,0.0,4.0999590510846815,-15.0709270738,0.0,0.0,1.7140304489791705,0.0,-5.97758959330488e-06,0.0,0.06555993923576323,-0.006675542867619136,0.21760652136103426,0.0,0.0,0.0
578.0,9.581584259145355,5.813987827183844,0.0,0.0,-1.6884390459973829e-06,0.0,0.0,4.099957375570464,-15.0709270738,0.0,0.0,1.7140304516133797,0.0,-6.07067929075417e-06,0.0,0.06555992962210488,-0.006675566073171282,0.2176064849920929,0.0,0.0,0.0
579.0,9.581584150464268,5.813986129555842,0.0,0.0,-1.7140792446007426e-06,0.0,0.0,4.099955674290201,-15.0709270738,0.0,0.0,1.7140304552656414,0.0,-6.1628671260622775e-06,0.0,0.0655599198618087,-0.006675589558629819,0.21760644792373712,0.0,0.0,0.0
580.0,9.581584049440792,5.813984407446101,0.0,0.0,-1.739463458252213e-06,0.0,0.0,4.099953947497304,-15.0709270738,0.0,0.0,1.7140304599487974,0.0,-6.254134580209219e-06,0.0,0.0655599099563976,-0.006675613320198309,0.217606410161493,0.0,0.0,0.0
581.0,9.581583956103103,5.813982661125841,0.0,0.0,-1.7645865717171664e-06,0.0,0.0,4.099952195450318,-15.0709270738,0.0,0.0,1.7140304656755232,0.0,-6.344463261414672e-06,0.0,0.06555989990742382,-0.006675637354022795,0.21760637171102348,0.0,0.0,0.0
582.0,9.581583870478056,5.813980890871213,0.0,0.0,-1.789443506149456e-06,0.0,0.0,4.099950418412887,-15.0709270738,0.0,0.0,1.714030472458326,0.0,-6.433834908734461e-06,0.0,0.06555988971646873,-0.006675661656192058,0.21760633257812712,0.0,0.0,0.0
583.0,9.581583792591184,5.813979096963255,0.0,0.0,-1.8140292200790542e-06,0.0,0.0,4.099948616653713,-15.0709270738,0.0,0.0,1.7140304803095416,0.0,-6.522231395611803e-06,0.0,0.06555987938514259,-0.0066756862227384806,0.2176062927687376,0.0,0.0,0.0
584.0,9.58158372246668,5.813977279687855,0.0,0.0,-1.8383387103998301e-06,0.0,0.0,4.099946790446522,-15.0709270738,0.0,0.0,1.714030489241333,0.0,-6.609634733429047e-06,0.0,0.06555986891508425,-0.0066757110496385025,0.217606252288923,0.0,0.0,0.0
585.0,9.581583660127398,5.8139754393357075,0.0,0.0,-1.8623670133518162e-06,0.0,0.0,4.099944940070022,-15.0709270738,0.0,0.0,1.7140304992656858,0.0,-6.696027075039599e-06,0.0,0.06555985830796109,-0.006675736132813179,0.21760621114488476,0.0,0.0,0.0
586.0,9.581583605594846,5.813973576202273,0.0,0.0,-1.8861092054992502e-06,0.0,0.0,4.0999430658078655,-15.0709270738,0.0,0.0,1.7140305103944078,0.0,-6.781390718284642e-06,0.0,0.06555984756546858,-0.0066757614681289545,0.2176061693429569,0.0,0.0,0.0
587.0,9.581583558889172,5.813971690587733,0.0,0.0,-1.9095604046997863e-06,0.0,0.0,4.099941167948609,-15.0709270738,0.0,0.0,1.7140305226391241,0.0,-6.865708109478123e-06,0.0,0.06555983668933013,-0.0066757870513982215,0.2176061268896054,0.0,0.0,0.0
588.0,9.581583520029167,5.8139697827969465,0.0,0.0,-1.932715771072686e-06,0.0,0.0,4.099939246785668,-15.0709270738,0.0,0.0,1.7140305360112782,0.0,-6.948961846888055e-06,0.0,0.06555982568129688,-0.006675812878379886,0.21760608379142693,0.0,0.0,0.0
589.0,9.581583489032253,5.813967853139404,0.0,0.0,-1.9555705079595738e-06,0.0,0.0,4.099937302617278,-15.0709270738,0.0,0.0,1.7140305505221267,0.0,-7.031134684191087e-06,0.0,0.06555981454314733,-0.006675838944780146,0.21760604005514828,0.0,0.0,0.0
590.0,9.581583465914477,5.8139659019291825,0.0,0.0,-1.978119862877937e-06,0.0,0.0,4.099935335746447,-15.0709270738,0.0,0.0,1.7140305661827355,0.0,-7.11220953390098e-06,0.0,0.06555980327668719,-0.006675865246253118,0.21760599568762515,0.0,0.0,0.0
591.0,9.581583450690506,5.813963929484898,0.0,0.0,-2.0003591284708147e-06,0.0,0.0,4.099933346480916,-15.0709270738,0.0,0.0,1.7140305830039821,0.0,-7.192169470783386e-06,0.0,0.065559791883749,-0.006675891778401444,0.2176059506958413,0.0,0.0,0.0
592.0,9.581583443373622,5.813961936129658,0.0,0.0,-2.0222836434506674e-06,0.0,0.0,4.099931335133108,-15.0709270738,0.0,0.0,1.7140306009965505,0.0,-7.270997735249686e-06,0.0,0.06555978036619198,-0.0066759185367770285,0.2176059050869076,0.0,0.0,0.0
593.0,9.581583443975719,5.813959922191011,0.0,0.0,-2.0438887935346886e-06,0.0,0.0,4.099929302020085,-15.0709270738,0.0,0.0,1.7140306201709263,0.0,-7.348677736720076e-06,0.0,0.06555976872590162,-0.00667594551688179,0.21760585886806094,0.0,0.0,0.0
594.0,9.58158345250729,5.8139578880009,0.0,0.0,-2.0651700123748326e-06,0.0,0.0,4.099927247463499,-15.0709270738,0.0,0.0,1.714030640537401,0.0,-7.4251930569676215e-06,0.0,0.06555975696478952,-0.006675972714168213,0.21760581204666335,0.0,0.0,0.0
595.0,9.581583468977433,5.813955833895607,0.0,0.0,-2.086122782481675e-06,0.0,0.0,4.099925171789543,-15.0709270738,0.0,0.0,1.7140306621060635,0.0,-7.500527453440168e-06,0.0,0.06555974508479302,-0.006676000124040252,0.21760576463020054,0.0,0.0,0.0
596.0,9.581583493393836,5.813953760215706,0.0,0.0,-2.1067426361409465e-06,0.0,0.0,4.099923075328906,-15.0709270738,0.0,0.0,1.7140306848867999,0.0,-7.57466486255587e-06,0.0,0.06555973308787488,-0.0066760277418539404,0.2176057166262812,0.0,0.0,0.0
597.0,9.581583525762781,5.813951667306009,0.0,0.0,-2.1270251563213735e-06,0.0,0.0,4.099920958416716,-15.0709270738,0.0,0.0,1.7140307088892932,0.0,-7.64758940296749e-06,0.0,0.0655597209760231,-0.006676055562918143,0.21760566804263592,0.0,0.0,0.0
598.0,9.581583566089133,5.813949555515511,0.0,0.0,-2.146965977580143e-06,0.0,0.0,4.099918821392493,-15.0709270738,0.0,0.0,1.7140307341230177,0.0,-7.719285378818131e-06,0.0,0.06555970875125047,-0.006676083582495315,0.21760561888711555,0.0,0.0,0.0
599.0,9.581583614376342,5.813947425197338,0.0,0.0,-2.1665607869537637e-06,0.0,0.0,4.099916664600099,-15.0709270738,0.0,0.0,1.7140307605972396,0.0,-7.789737282944465e-06,0.0,0.06555969641559437,-0.006676111795802242,0.21760556916769064,0.0,0.0,0.0
600.0,9.581583670626436,5.813945276708693,0.0,0.0,-2.1858053248480885e-06,0.0,0.0,4.099914488387678,-15.0709270738,0.0,0.0,1.7140307883210149,0.0,-7.858929800076935e-06,0.0,0.06555968397111639,-0.006676140198010896,0.21760551889244997,0.0,0.0,0.0
601.0,9.58158373484002,5.813943110410795,0.0,0.0,-2.2046953859163015e-06,0.0,0.0,4.099912293107609,-15.0709270738,0.0,0.0,1.7140308173031862,0.0,-7.926847809996698e-06,0.0,0.06555967141990204,-0.006676168784249051,0.21760546806959918,0.0,0.0,0.0
602.0,9.581583807016267,5.8139409266688284,0.0,0.0,-2.2232268199307543e-06,0.0,0.0,4.099910079116449,-15.0709270738,0.0,0.0,1.7140308475523796,0.0,-7.993476390670415e-06,0.0,0.06555965876406042,-0.006676197549601207,0.21760541670745978,0.0,0.0,0.0
603.0,9.581583887152922,5.813938725851881,0.0,0.0,-2.2413955326473273e-06,0.0,0.0,4.099907846774877,-15.0709270738,0.0,0.0,1.7140308790770042,0.0,-8.058800821358198e-06,0.0,0.06555964600572385,-0.006676226489109344,0.21760536481446796,0.0,0.0,0.0
604.0,9.581583975246296,5.813936508332889,0.0,0.0,-2.2591974866582796e-06,0.0,0.0,4.099905596447638,-15.0709270738,0.0,0.0,1.714030911885251,0.0,-8.122806585680121e-06,0.0,0.06555963314704762,-0.006676255597773684,0.21760531239917297,0.0,0.0,0.0
605.0,9.581584071291267,5.813934274488574,0.0,0.0,-2.2766287022418407e-06,0.0,0.0,4.099903328503484,-15.0709270738,0.0,0.0,1.7140309459850895,0.0,-8.185479374671059e-06,0.0,0.06555962019020954,-0.006676284870553592,0.21760525947023615,0.0,0.0,0.0
606.0,9.581584175281272,5.813932024699387,0.0,0.0,-2.29368525819781e-06,0.0,0.0,4.09990104331512,-15.0709270738,0.0,0.0,1.7140309813842665,0.0,-8.246805089785163e-06,0.0,0.06555960713740971,-0.0066763143023683,0.21760520603642944,0.0,0.0,0.0
607.0,9.581584287208308,5.813929759349445,0.0,0.0,-2.3103632926765762e-06,0.0,0.0,4.0998987412591426,-15.0709270738,0.0,0.0,1.714031018090302,0.0,-8.306769845876708e-06,0.0,0.06555959399087005,-0.006676343888097791,0.21760515210663403,0.0,0.0,0.0
608.0,9.581584407062934,5.81392747882647,0.0,0.0,-2.326659004003117e-06,0.0,0.0,4.099896422715977,-15.0709270738,0.0,0.0,1.7140310561104926,0.0,-8.365359974162876e-06,0.0,0.06555958075283405,-0.0066763736225836645,0.217605097689839,0.0,0.0,0.0
609.0,9.581584534834263,5.813925183521726,0.0,0.0,-2.3425686514835035e-06,0.0,0.0,4.099894088069823,-15.0709270738,0.0,0.0,1.7140310954519027,0.0,-8.422562025123606e-06,0.0,0.06555956742556636,-0.006676403500629979,0.21760504279513992,0.0,0.0,0.0
610.0,9.581584670509967,5.813922873829959,0.0,0.0,-2.358088556209584e-06,0.0,0.0,4.09989173770859,-15.0709270738,0.0,0.0,1.7140311361213696,0.0,-8.478362771394942e-06,0.0,0.06555955401135241,-0.0066764335170040184,0.21760498743173762,0.0,0.0,0.0
611.0,9.58158481407627,5.813920550149329,0.0,0.0,-2.3732151018506308e-06,0.0,0.0,4.099889372023831,-15.0709270738,0.0,0.0,1.7140311781254978,0.0,-8.532749210615447e-06,0.0,0.06555954051249809,-0.00667646366643726,0.21760493160893635,0.0,0.0,0.0
612.0,9.581584965517957,5.813918212881347,0.0,0.0,-2.3879447354360888e-06,0.0,0.0,4.09988699141069,-15.0709270738,0.0,0.0,1.7140312214706572,0.0,-8.585708568240645e-06,0.0,0.06555952693132933,-0.006676493943626266,0.2176048753361427,0.0,0.0,0.0
613.0,9.581585124818359,5.81391586243081,0.0,0.0,-2.4022739681280446e-06,0.0,0.0,4.099884596267828,-15.0709270738,0.0,0.0,1.7140312661629817,0.0,-8.637228300320508e-06,0.0,0.06555951327019174,-0.006676524343233459,0.2176048186228639,0.0,0.0,0.0
614.0,9.581585291959367,5.813913499205735,0.0,0.0,-2.4161993759860546e-06,0.0,0.0,4.099882186997363,-15.0709270738,0.0,0.0,1.7140313122083715,0.0,-8.687296096249433e-06,0.0,0.0655594995314503,-0.006676554859888106,0.21760476147870647,0.0,0.0,0.0
615.0,9.581585466921426,5.813911123617291,0.0,0.0,-2.42971760071825e-06,0.0,0.0,4.099879764004805,-15.0709270738,0.0,0.0,1.7140313596124859,0.0,-8.735899881466886e-06,0.0,0.06555948571748879,-0.006676585488187184,0.21760470391337455,0.0,0.0,0.0
616.0,9.581585649683538,5.813908736079733,0.0,0.0,-2.4428253504252114e-06,0.0,0.0,4.099877327698987,-15.0709270738,0.0,0.0,1.7140314083807455,0.0,-8.783027820132051e-06,0.0,0.06555947183070962,-0.006676616222696219,0.21760464593666834,0.0,0.0,0.0
617.0,9.581585840223255,5.813906337010333,0.0,0.0,-2.4555194003316576e-06,0.0,0.0,4.099874878492004,-15.0709270738,0.0,0.0,1.7140314585183285,0.0,-8.82866831775465e-06,0.0,0.06555945787353326,-0.00667664705795043,0.21760458755848283,0.0,0.0,0.0
618.0,9.581586038516692,5.813903926829311,0.0,0.0,-2.467796593508102e-06,0.0,0.0,4.09987241679914,-15.0709270738,0.0,0.0,1.7140315100301713,0.0,-8.872810023789677e-06,0.0,0.06555944384839796,-0.00667667798845531,0.21760452878880576,0.0,0.0,0.0
619.0,9.581586244538517,5.813901505959765,0.0,0.0,-2.4796538415826777e-06,0.0,0.0,4.0998699430388,-15.0709270738,0.0,0.0,1.7140315629209653,0.0,-8.915441834196795e-06,0.0,0.06555942975775927,-0.006676709008687845,0.21760446963771637,0.0,0.0,0.0
620.0,9.581586458261963,5.813899074827602,0.0,0.0,-2.4910881254410807e-06,0.0,0.0,4.099867457632445,-15.0709270738,0.0,0.0,1.7140316171951566,0.0,-8.956552893956985e-06,0.0,0.06555941560408968,-0.00667674011309731,0.21760441011538367,0.0,0.0,0.0
621.0,9.58158667965882,5.813896633861465,0.0,0.0,-2.5020964959147666e-06,0.0,0.0,4.099864961004521,-15.0709270738,0.0,0.0,1.7140316728569447,0.0,-8.99613259954697e-06,0.0,0.0655594013898782,-0.006676771296106235,0.2176043502320647,0.0,0.0,0.0
622.0,9.581586908699443,5.813894183492664,0.0,0.0,-2.512676074460393e-06,0.0,0.0,4.099862453582385,-15.0709270738,0.0,0.0,1.7140317299102792,0.0,-9.034170601382146e-06,0.0,0.0655593871176299,-0.006676802552111366,0.21760428999810294,0.0,0.0,0.0
623.0,9.581587145352751,5.813891724155102,0.0,0.0,-2.522824053824778e-06,0.0,0.0,4.099859935796239,-15.0709270738,0.0,0.0,1.714031788358863,0.0,-9.070656806207437e-06,0.0,0.06555937278986558,-0.006676833875484595,0.21760422942392676,0.0,0.0,0.0
624.0,9.581587389586236,5.813889256285203,0.0,0.0,-2.532537698702449e-06,0.0,0.0,4.099857408079056,-15.0709270738,0.0,0.0,1.7140318482061474,0.0,-9.105581379461483e-06,0.0,0.06555935840912128,-0.006676865260573997,0.2176041685200474,0.0,0.0,0.0
625.0,9.581587641365955,5.813886780321839,0.0,0.0,-2.5418143463773067e-06,0.0,0.0,4.099854870866508,-15.0709270738,0.0,0.0,1.714031909455331,0.0,-9.138934747583737e-06,0.0,0.06555934397794785,-0.006676896701704724,0.2176041072970576,0.0,0.0,0.0
626.0,9.581587900656544,5.813884296706254,0.0,0.0,-2.5506514073558593e-06,0.0,0.0,4.099852324596894,-15.0709270738,0.0,0.0,1.7140319721093604,0.0,-9.17070760029122e-06,0.0,0.06555932949891059,-0.006676928193179929,0.21760404576562953,0.0,0.0,0.0
627.0,9.581588167421215,5.813881805881991,0.0,0.0,-2.559046365984927e-06,0.0,0.0,4.099849769711062,-15.0709270738,0.0,0.0,1.714032036170929,0.0,-9.200890892799441e-06,0.0,0.06555931497458875,-0.0066769597292819505,0.21760398393651337,0.0,0.0,0.0
628.0,9.58158844162176,5.813879308294816,0.0,0.0,-2.566996781062842e-06,0.0,0.0,4.099847206652344,-15.0709270738,0.0,0.0,1.7140321016424727,0.0,-9.229475848019927e-06,0.0,0.0655593004075751,-0.006676991304273072,0.21760392182053512,0.0,0.0,0.0
629.0,9.581588723218557,5.813876804392646,0.0,0.0,-2.574500286433326e-06,0.0,0.0,4.099844635866471,-15.0709270738,0.0,0.0,1.7140321685261757,0.0,-9.256453958695449e-06,0.0,0.06555928580047554,-0.006677022912396663,0.21760385942859536,0.0,0.0,0.0
630.0,9.581589012170573,5.8138742946254665,0.0,0.0,-2.58155459156914e-06,0.0,0.0,4.099842057801505,-15.0709270738,0.0,0.0,1.7140322368239618,0.0,-9.281816989498492e-06,0.0,0.0655592711559086,-0.00667705454787805,0.2176037967716669,0.0,0.0,0.0
631.0,9.581589308435369,5.813871779445258,0.0,0.0,-2.588157482144935e-06,0.0,0.0,4.099839472907759,-15.0709270738,0.0,0.0,1.714032306537499,0.0,-9.305556979090851e-06,0.0,0.06555925647650505,-0.006677086204925728,0.21760373386079326,0.0,0.0,0.0
632.0,9.581589611969104,5.81386925930592,0.0,0.0,-2.5943068205938214e-06,0.0,0.0,4.099836881637725,-15.0709270738,0.0,0.0,1.714032377668195,0.0,-9.327666242124725e-06,0.0,0.06555924176490738,-0.006677117877732133,0.21760367070708672,0.0,0.0,0.0
633.0,9.58158992272654,5.813866734663191,0.0,0.0,-2.600000546653788e-06,0.0,0.0,4.09983428444599,-15.0709270738,0.0,0.0,1.7140324502172009,0.0,-9.348137371207277e-06,0.0,0.06555922702376943,-0.006677149560474757,0.2176036073217265,0.0,0.0,0.0
634.0,9.581590240661049,5.813864205974569,0.0,0.0,-2.6052366779022e-06,0.0,0.0,4.099831681789164,-15.0709270738,0.0,0.0,1.7140325241854049,0.0,-9.366963238822324e-06,0.0,0.06555921225575584,-0.00667718124731724,0.2176035437159568,0.0,0.0,0.0
635.0,9.581590565724614,5.813861673699237,0.0,0.0,-2.610013310274578e-06,0.0,0.0,4.099829074125801,-15.0709270738,0.0,0.0,1.7140325995734358,0.0,-9.384136999195534e-06,0.0,0.06555919746354173,-0.0066772129324103174,0.21760347990108514,0.0,0.0,0.0
636.0,9.58159089786784,5.813859138297981,0.0,0.0,-2.614328618573187e-06,0.0,0.0,4.099826461916319,-15.0709270738,0.0,0.0,1.7140326763816622,0.0,-9.399652090122931e-06,0.0,0.06555918264981209,-0.006677244609892746,0.21760341588848017,0.0,0.0,0.0
637.0,9.581591237039959,5.81385660023311,0.0,0.0,-2.618180856959855e-06,0.0,0.0,4.099823845622921,-15.0709270738,0.0,0.0,1.714032754610189,0.0,-9.413502234742731e-06,0.0,0.06555916781726137,-0.006677276273892557,0.21760335168956996,0.0,0.0,0.0
638.0,9.581591583188828,5.813854059968375,0.0,0.0,-2.621568359436957e-06,0.0,0.0,4.099821225709517,-15.0709270738,0.0,0.0,1.714032834258858,0.0,-9.425681443264594e-06,0.0,0.0655591529685931,-0.0066773079185279555,0.2176032873158399,0.0,0.0,0.0
639.0,9.581591936260951,5.813851517968893,0.0,0.0,-2.624489540316182e-06,0.0,0.0,4.099818602641643,-15.0709270738,0.0,0.0,1.71403291532725,0.0,-9.436184014654963e-06,0.0,0.0655591381065193,-0.006677339537908375,0.21760322277883076,0.0,0.0,0.0
640.0,9.581592296201471,5.81384897470106,0.0,0.0,-2.626942894670929e-06,0.0,0.0,4.099815976886379,-15.0709270738,0.0,0.0,1.714032997814681,0.0,-9.445004538263503e-06,0.0,0.06555912323376004,-0.0066773711261354785,0.21760315809013694,0.0,0.0,0.0
641.0,9.581592662954185,5.8138464306324735,0.0,0.0,-2.628926998776935e-06,0.0,0.0,4.099813348912272,-15.0709270738,0.0,0.0,1.7140330817202019,0.0,-9.45213789540726e-06,0.0,0.06555910835304302,-0.0066774026773043366,0.2176030932614043,0.0,0.0,0.0
642.0,9.58159303646155,5.813843886231849,0.0,0.0,-2.630440510541028e-06,0.0,0.0,4.099810719189247,-15.0709270738,0.0,0.0,1.7140331670426017,0.0,-9.457579260912086e-06,0.0,0.06555909346710305,-0.006677434185504358,0.21760302830432818,0.0,0.0,0.0
643.0,9.58159341666469,5.813841341968939,0.0,0.0,-2.6314821699105267e-06,0.0,0.0,4.099808088188536,-15.0709270738,0.0,0.0,1.7140332537804035,0.0,-9.461324104584485e-06,0.0,0.06555907857868155,-0.006677465644820385,0.21760296323065148,0.0,0.0,0.0
644.0,9.581593803503404,5.81383879831445,0.0,0.0,-2.632050799274647e-06,0.0,0.0,4.099805456382585,-15.0709270738,0.0,0.0,1.7140333419318647,0.0,-9.463368192654712e-06,0.0,0.06555906369052615,-0.006677497049333764,0.21760289805216243,0.0,0.0,0.0
645.0,9.581594196916173,5.813836255739957,0.0,0.0,-2.632145303846895e-06,0.0,0.0,4.099802824244979,-15.0709270738,0.0,0.0,1.714033431494978,0.0,-9.4637075891515e-06,0.0,0.06555904880539012,-0.006677528393123383,0.2176028327806929,0.0,0.0,0.0
646.0,9.58159459684017,5.813833714717828,0.0,0.0,-2.6317646720391208e-06,0.0,0.0,4.099800192250357,-15.0709270738,0.0,0.0,1.7140335224674708,0.0,-9.462338657246792e-06,0.0,0.0655590339260319,-0.006677559670266731,0.21760276742811607,0.0,0.0,0.0
647.0,9.581595003211264,5.8138311757211305,0.0,0.0,-2.6309079758158e-06,0.0,0.0,4.0997975608743245,-15.0709270738,0.0,0.0,1.714033614846806,0.0,-9.459258060529396e-06,0.0,0.06555901905521473,-0.006677590874840961,0.21760270200634457,0.0,0.0,0.0
648.0,9.581595415964038,5.813828639223554,0.0,0.0,-2.629574371035901e-06,0.0,0.0,4.099794930593376,-15.0709270738,0.0,0.0,1.7140337086301782,0.0,-9.45446276423396e-06,0.0,0.06555900419570596,-0.006677622000924005,0.21760263652732825,0.0,0.0,0.0
649.0,9.58159583503179,5.813826105699325,0.0,0.0,-2.6277630977823916e-06,0.0,0.0,4.099792301884806,-15.0709270738,0.0,0.0,1.7140338038145186,0.0,-9.447950036425539e-06,0.0,0.06555898935027671,-0.006677653042595613,0.21760257100305208,0.0,0.0,0.0
650.0,9.581596260346542,5.813823575623121,0.0,0.0,-2.625473480674116e-06,0.0,0.0,4.099789675226629,-15.0709270738,0.0,0.0,1.7140339003964922,0.0,-9.439717449120743e-06,0.0,0.06555897452170134,-0.006677683993938366,0.2176025054455345,0.0,0.0,0.0
651.0,9.581596691839056,5.813821049469987,0.0,0.0,-2.622704929165738e-06,0.0,0.0,4.09978705109749,-15.0709270738,0.0,0.0,1.7140339983724973,0.0,-9.429762879365967e-06,0.0,0.06555895971275696,-0.006677714849038868,0.21760243986682454,0.0,0.0,0.0
652.0,9.581597129438842,5.813818527715251,0.0,0.0,-2.6194569378306454e-06,0.0,0.0,4.099784429976585,-15.0709270738,0.0,0.0,1.7140340977386668,0.0,-9.418084510254375e-06,0.0,0.06555894492622288,-0.006677745601988708,0.21760237427900053,0.0,0.0,0.0
653.0,9.581597573074163,5.813816010834439,0.0,0.0,-2.6157290866313856e-06,0.0,0.0,4.0997818123435685,-15.0709270738,0.0,0.0,1.7140341984908707,0.0,-9.404680831898027e-06,0.0,0.06555893016488025,-0.006677776246885578,0.21760230869416736,0.0,0.0,0.0
654.0,9.581598022672047,5.813813499303187,0.0,0.0,-2.6115210411721407e-06,0.0,0.0,4.099779198678477,-15.0709270738,0.0,0.0,1.7140343006247099,0.0,-9.389550642335435e-06,0.0,0.06555891543151138,-0.006677806777834389,0.2176022431244547,0.0,0.0,0.0
655.0,9.581598478158302,5.8138109935971585,0.0,0.0,-2.6068325529407916e-06,0.0,0.0,4.099776589461635,-15.0709270738,0.0,0.0,1.714034404135523,0.0,-9.372693048401665e-06,0.0,0.06555890072889936,-0.00667783718894828,0.21760217758201486,0.0,0.0,0.0
656.0,9.581598939457525,5.813808494191958,0.0,0.0,-2.6016634595320092e-06,0.0,0.0,4.099773985173575,-15.0709270738,0.0,0.0,1.7140345090183837,0.0,-9.354107466530226e-06,0.0,0.06555888605982756,-0.006677867474349786,0.21760211207902036,0.0,0.0,0.0
657.0,9.581599406493108,5.813806001563045,0.0,0.0,-2.596013684857406e-06,0.0,0.0,4.099771386294945,-15.0709270738,0.0,0.0,1.7140346152681003,0.0,-9.333793623508443e-06,0.0,0.06555887142707909,-0.0066778976281717944,0.21760204662766208,0.0,0.0,0.0
658.0,9.581599879187257,5.813803516185647,0.0,0.0,-2.5898832393395e-06,0.0,0.0,4.0997687933064295,-15.0709270738,0.0,0.0,1.7140347228792177,0.0,-9.311751557174589e-06,0.0,0.06555885683343629,-0.00667792764455874,0.217601981240147,0.0,0.0,0.0
659.0,9.581600357460998,5.813801038534676,0.0,0.0,-2.583272220090829e-06,0.0,0.0,4.099766206688658,-15.0709270738,0.0,0.0,1.7140348318460177,0.0,-9.287981617061648e-06,0.0,0.06555884228168027,-0.006677957517667574,0.21760191592869602,0.0,0.0,0.0
660.0,9.58160084123419,5.8137985690846365,0.0,0.0,-2.5761808110793483e-06,0.0,0.0,4.09976362692212,-15.0709270738,0.0,0.0,1.7140349421625167,0.0,-9.262484464991748e-06,0.0,0.06555882777459036,-0.0066779872416690145,0.21760185070554172,0.0,0.0,0.0
661.0,9.581601330425539,5.813796108309548,0.0,0.0,-2.5686092832749877e-06,0.0,0.0,4.099761054487076,-15.0709270738,0.0,0.0,1.7140350538224718,0.0,-9.235261075602837e-06,0.0,0.06555881331494366,-0.0066780168107484494,0.21760178558292634,0.0,0.0,0.0
662.0,9.581601824952607,5.813793656682851,0.0,0.0,-2.560557994783342e-06,0.0,0.0,4.099758489863475,-15.0709270738,0.0,0.0,1.714035166819376,0.0,-9.2063127368291e-06,0.0,0.06555879890551448,-0.006678046219107045,0.2176017205730994,0.0,0.0,0.0
663.0,9.581602324731826,5.813791214677322,0.0,0.0,-2.5520273909667233e-06,0.0,0.0,4.09975593353086,-15.0709270738,0.0,0.0,1.7140352811464625,0.0,-9.17564105033594e-06,0.0,0.06555878454907385,-0.006678075460962954,0.21760165568831577,0.0,0.0,0.0
664.0,9.581602829678513,5.81378878276499,0.0,0.0,-2.5430180045424595e-06,0.0,0.0,4.099753385968288,-15.0709270738,0.0,0.0,1.7140353967967021,0.0,-9.143247931873125e-06,0.0,0.06555877024838903,-0.006678104530552259,0.21760159094083315,0.0,0.0,0.0
665.0,9.581603339706879,5.813786361417047,0.0,0.0,-2.5335304556718123e-06,0.0,0.0,4.0997508476542395,-15.0709270738,0.0,0.0,1.7140355137628074,0.0,-9.10913561159421e-06,0.0,0.06555875600622299,-0.0066781334221300975,0.21760152634291008,0.0,0.0,0.0
666.0,9.581603854730044,5.81378395110376,0.0,0.0,-2.523565452029866e-06,0.0,0.0,4.09974831906653,-15.0709270738,0.0,0.0,1.7140356320372305,0.0,-9.073306634307548e-06,0.0,0.06555874182533392,-0.0066781621299717014,0.21760146190680368,0.0,0.0,0.0
667.0,9.581604374660051,5.8137815522943885,0.0,0.0,-2.5131237888630178e-06,0.0,0.0,4.099745800682223,-15.0709270738,0.0,0.0,1.7140357516121654,0.0,-9.035763859682703e-06,0.0,0.06555872770847468,-0.0066781906483735914,0.2176013976447674,0.0,0.0,0.0
668.0,9.581604899407878,5.813779165457095,0.0,0.0,-2.5022063490280825e-06,0.0,0.0,4.0997432929775455,-15.0709270738,0.0,0.0,1.71403587247955,0.0,-8.996510462390751e-06,0.0,0.06555871365839233,-0.006678218971654479,0.21760133356904898,0.0,0.0,0.0
669.0,9.581605428883453,5.813776791058858,0.0,0.0,-2.4908141030163845e-06,0.0,0.0,4.099740796427795,-15.0709270738,0.0,0.0,1.7140359946310628,0.0,-8.955549932190617e-06,0.0,0.06555869967782764,-0.006678247094156417,0.21760126969188787,0.0,0.0,0.0
670.0,9.581605962995665,5.813774429565387,0.0,0.0,-2.478948108962399e-06,0.0,0.0,4.099738311507257,-15.0709270738,0.0,0.0,1.7140361180581305,0.0,-8.912886073959843e-06,0.0,0.06555868576951451,-0.006678275010245996,0.21760120602551336,0.0,0.0,0.0
671.0,9.581606501652384,5.813772081441035,0.0,0.0,-2.4666095126368684e-06,0.0,0.0,4.099735838689113,-15.0709270738,0.0,0.0,1.7140362427519227,0.0,-8.868523007669529e-06,0.0,0.06555867193617956,-0.006678302714315118,0.2176011425821422,0.0,0.0,0.0
672.0,9.581607044760473,5.8137697471487115,0.0,0.0,-2.453799547423465e-06,0.0,0.0,4.099733378445356,-15.0709270738,0.0,0.0,1.714036368703356,0.0,-8.822465168300125e-06,0.0,0.06555865818054152,-0.0066783302007823175,0.21760107937397638,0.0,0.0,0.0
673.0,9.581607592225799,5.813767427149795,0.0,0.0,-2.4405195342800254e-06,0.0,0.0,4.099730931246701,-15.0709270738,0.0,0.0,1.7140364959030938,0.0,-8.774717305701738e-06,0.0,0.0655586445053108,-0.006678357464093787,0.21760101641320087,0.0,0.0,0.0
674.0,9.581608143953252,5.8137651219040505,0.0,0.0,-2.4267708816829927e-06,0.0,0.0,4.099728497562501,-15.0709270738,0.0,0.0,1.7140366243415492,0.0,-8.725284484394064e-06,0.0,0.06555863091318898,-0.006678384498724266,0.21760095371198152,0.0,0.0,0.0
675.0,9.58160869984676,5.81376283186954,0.0,0.0,-2.412555085557622e-06,0.0,0.0,4.0997260778606535,-15.0709270738,0.0,0.0,1.7140367540088866,0.0,-8.674172083315125e-06,0.0,0.06555861740686825,-0.00667841129917833,0.21760089128246254,0.0,0.0,0.0
676.0,9.5816092598093,5.813760557502537,0.0,0.0,-2.397873729191884e-06,0.0,0.0,4.099723672607517,-15.0709270738,0.0,0.0,1.7140368848950196,0.0,-8.621385795511402e-06,0.0,0.06555860398903095,-0.00667843785999124,0.2176008291367647,0.0,0.0,0.0
677.0,9.58160982374292,5.813758299257439,0.0,0.0,-2.3827284831328298e-06,0.0,0.0,4.099721282267826,-15.0709270738,0.0,0.0,1.7140370169896135,0.0,-8.56693162776489e-06,0.0,0.06555859066234905,-0.006678464175730162,0.2176007672869826,0.0,0.0,0.0
678.0,9.581610391548748,5.813756057586687,0.0,0.0,-2.3671211050690234e-06,0.0,0.0,4.099718907304596,-15.0709270738,0.0,0.0,1.714037150282091,0.0,-8.510815900170071e-06,0.0,0.06555857742948366,-0.0066784902409950525,0.21760070574518298,0.0,0.0,0.0
679.0,9.581610963127016,5.813753832940672,0.0,0.0,-2.3510534396954573e-06,0.0,0.0,4.099716548179045,-15.0709270738,0.0,0.0,1.714037284761627,0.0,-8.453045245647888e-06,0.0,0.06555856429308453,-0.006678516050419858,0.21760064452340183,0.0,0.0,0.0
680.0,9.581611538377066,5.813751625767656,0.0,0.0,-2.334527418563937e-06,0.0,0.0,4.0997142053505025,-15.0709270738,0.0,0.0,1.7140374204171538,0.0,-8.393626609407496e-06,0.0,0.06555855125578948,-0.0066785415986734264,0.21760058363364293,0.0,0.0,0.0
681.0,9.581612117197375,5.8137494365136835,0.0,0.0,-2.317545059914991e-06,0.0,0.0,4.099711879276321,-15.0709270738,0.0,0.0,1.7140375572373623,0.0,-8.332567248341556e-06,0.0,0.06555853832022403,-0.006678566880460632,0.21760052308787484,0.0,0.0,0.0
682.0,9.581612699485568,5.8137472656224976,0.0,0.0,-2.300108468498797e-06,0.0,0.0,4.099709570411794,-15.0709270738,0.0,0.0,1.7140376952107035,0.0,-8.269874730382063e-06,0.0,0.06555852548900078,-0.006678591890523319,0.21760046289802917,0.0,0.0,0.0
683.0,9.581613285138433,5.813745113535454,0.0,0.0,-2.282219835373618e-06,0.0,0.0,4.099707279210065,-15.0709270738,0.0,0.0,1.7140378343253886,0.0,-8.205556933775295e-06,0.0,0.06555851276471895,-0.0066786166236414285,0.21760040307599832,0.0,0.0,0.0
684.0,9.58161387405194,5.813742980691438,0.0,0.0,-2.2638814376929805e-06,0.0,0.0,4.099705006122045,-15.0709270738,0.0,0.0,1.7140379745693926,0.0,-8.139622046316288e-06,0.0,0.06555850014996395,-0.006678641074633923,0.2176003436336329,0.0,0.0,0.0
685.0,9.581614466121255,5.813740867526779,0.0,0.0,-2.245095638476504e-06,0.0,0.0,4.0997027515963245,-15.0709270738,0.0,0.0,1.714038115930455,0.0,-8.072078564524534e-06,0.0,0.06555848764730676,-0.006678665238359874,0.2176002845827401,0.0,0.0,0.0
686.0,9.581615061240768,5.813738774475168,0.0,0.0,-2.2258648863617627e-06,0.0,0.0,4.099700516079087,-15.0709270738,0.0,0.0,1.714038258396081,0.0,-8.002935292751465e-06,0.0,0.06555847525930356,-0.006678689109719402,0.21760022593508077,0.0,0.0,0.0
687.0,9.581615659304093,5.813736701967571,0.0,0.0,-2.206191715343131e-06,0.0,0.0,4.099698300014026,-15.0709270738,0.0,0.0,1.7140384019535446,0.0,-7.932201342241163e-06,0.0,0.06555846298849513,-0.006678712683654789,0.21760016770236779,0.0,0.0,0.0
688.0,9.581616260204099,5.813734650432147,0.0,0.0,-2.1860787444936285e-06,0.0,0.0,4.099696103842257,-15.0709270738,0.0,0.0,1.7140385465898902,0.0,-7.85988613012992e-06,0.0,0.06555845083740643,-0.006678735955151366,0.21760010989626355,0.0,0.0,0.0
689.0,9.581616863832922,5.813732620294169,0.0,0.0,-2.165528677671057e-06,0.0,0.0,4.099693928002236,-15.0709270738,0.0,0.0,1.7140386922919326,0.0,-7.785999378389338e-06,0.0,0.06555843880854609,-0.006678758919238553,0.21760005252837777,0.0,0.0,0.0
690.0,9.581617470081985,5.813730611975933,0.0,0.0,-2.144544303207338e-06,0.0,0.0,4.099691772929672,-15.0709270738,0.0,0.0,1.7140388390462604,0.0,-7.710551112709016e-06,0.0,0.06555842690440597,-0.006678781570990874,0.2175999956102654,0.0,0.0,0.0
691.0,9.581618078842018,5.813728625896683,0.0,0.0,-2.123128493584358e-06,0.0,0.0,4.099689639057443,-15.0709270738,0.0,0.0,1.71403898683924,0.0,-7.63355166133074e-06,0.0,0.06555841512746056,-0.006678803905528885,0.2175999391534244,0.0,0.0,0.0
692.0,9.581618690003069,5.813726662472526,0.0,0.0,-2.1012842050907277e-06,0.0,0.0,4.099687526815512,-15.0709270738,0.0,0.0,1.7140391356570133,0.0,-7.555011653814038e-06,0.0,0.06555840348016663,-0.006678825918020215,0.21759988316929346,0.0,0.0,0.0
693.0,9.581619303454527,5.813724722116349,0.0,0.0,-2.079014477464667e-06,0.0,0.0,4.099685436630847,-15.0709270738,0.0,0.0,1.7140392854855016,0.0,-7.474942019751859e-06,0.0,0.06555839196496263,-0.006678847603680482,0.2175998276692498,0.0,0.0,0.0
694.0,9.581619919085146,5.81372280523774,0.0,0.0,-2.0563224335221997e-06,0.0,0.0,4.099683368927331,-15.0709270738,0.0,0.0,1.7140394363104088,0.0,-7.3933539874334355e-06,0.0,0.06555838058426833,-0.006678868957774267,0.21759977266460714,0.0,0.0,0.0
695.0,9.581620536783051,5.813720912242908,0.0,0.0,-2.0332112787661323e-06,0.0,0.0,4.099681324125685,-15.0709270738,0.0,0.0,1.714039588117223,0.0,-7.310259082438052e-06,0.0,0.06555836934048424,-0.006678889975616095,0.21759971816661347,0.0,0.0,0.0
696.0,9.58162115643577,5.8137190435346,0.0,0.0,-2.00968430098286e-06,0.0,0.0,4.099679302643382,-15.0709270738,0.0,0.0,1.7140397408912174,0.0,-7.225669126185061e-06,0.0,0.06555835823599121,-0.00667891065257134,0.21759966418644877,0.0,0.0,0.0
697.0,9.581621777930243,5.8137171995120225,0.0,0.0,-1.985744869821092e-06,0.0,0.0,4.099677304894568,-15.0709270738,0.0,0.0,1.7140398946174544,0.0,-7.139596234418873e-06,0.0,0.06555834727314991,-0.00667893098405728,0.21759961073522302,0.0,0.0,0.0
698.0,9.581622401152849,5.8137153805707635,0.0,0.0,-1.961396436356327e-06,0.0,0.0,4.099675331289977,-15.0709270738,0.0,0.0,1.7140400492807863,0.0,-7.0520528156427365e-06,0.0,0.06555833645430041,-0.006678950965543773,0.21759955782397383,0.0,0.0,0.0
699.0,9.581623025989419,5.81371358710271,0.0,0.0,-1.936642532638639e-06,0.0,0.0,4.099673382236853,-15.0709270738,0.0,0.0,1.7140402048658574,0.0,-6.963051569492502e-06,0.0,0.06555832578176167,-0.006678970592554567,0.21759950546366463,0.0,0.0,0.0
700.0,9.58162365232526,5.813711819495975,0.0,0.0,-1.9114867712271575e-06,0.0,0.0,4.099671458138865,-15.0709270738,0.0,0.0,1.7140403613571094,0.0,-6.872605485062544e-06,0.0,0.0655583152578311,-0.006678989860667839,0.21759945366518227,0.0,0.0,0.0
701.0,9.581624280045167,5.813710078134812,0.0,0.0,-1.8859328447047667e-06,0.0,0.0,4.099669559396033,-15.0709270738,0.0,0.0,1.7140405187387788,0.0,-6.780727839160581e-06,0.0,0.06555830488478409,-0.006679008765517386,0.2175994024393349,0.0,0.0,0.0
702.0,9.581624909033454,5.813708363399545,0.0,0.0,-1.8599845251820844e-06,0.0,0.0,4.099667686404641,-15.0709270738,0.0,0.0,1.7140406769949044,0.0,-6.6874321945239375e-06,0.0,0.06555829466487359,-0.006679027302793378,0.21759935179684997,0.0,0.0,0.0
703.0,9.581625539173967,5.813706675666489,0.0,0.0,-1.833645663783317e-06,0.0,0.0,4.099665839557164,-15.0709270738,0.0,0.0,1.7140408361093247,0.0,-6.592732397970657e-06,0.0,0.0655582846003296,-0.0066790454682433,0.21759930174837205,0.0,0.0,0.0
704.0,9.581626170350102,5.813705015307871,0.0,0.0,-1.8069201901178957e-06,0.0,0.0,4.099664019242185,-15.0709270738,0.0,0.0,1.7140409960656857,0.0,-6.4966425784994935e-06,0.0,0.06555827469335875,-0.0066790632576728265,0.21759925230446092,0.0,0.0,0.0
705.0,9.58162680244483,5.8137033826917595,0.0,0.0,-1.7798121117360033e-06,0.0,0.0,4.09966222584432,-15.0709270738,0.0,0.0,1.7140411568474399,0.0,-6.399177145331983e-06,0.0,0.06555826494614385,-0.00667908066694671,0.21759920347558914,0.0,0.0,0.0
706.0,9.581627435340717,5.813701778181985,0.0,0.0,-1.7523255135698724e-06,0.0,0.0,4.099660459744136,-15.0709270738,0.0,0.0,1.7140413184378485,0.0,-6.300350785903362e-06,0.0,0.06555825536084346,-0.006679097691989697,0.21759915527214035,0.0,0.0,0.0
707.0,9.58162806891994,5.813700202138067,0.0,0.0,-1.7244645573583202e-06,0.0,0.0,4.09965872131808,-15.0709270738,0.0,0.0,1.7140414808199873,0.0,-6.200178463793231e-06,0.0,0.06555824593959142,-0.006679114328787261,0.21759910770440694,0.0,0.0,0.0
708.0,9.581628703064311,5.813698654915142,0.0,0.0,-1.6962334810581477e-06,0.0,0.0,4.099657010938396,-15.0709270738,0.0,0.0,1.7140416439767465,0.0,-6.098675416608969e-06,0.0,0.06555823668449645,-0.006679130573386552,0.2175990607825881,0.0,0.0,0.0
709.0,9.581629337655295,5.813697136863889,0.0,0.0,-1.6676365982408304e-06,0.0,0.0,4.0996553289730535,-15.0709270738,0.0,0.0,1.714041807890835,0.0,-5.995857153816298e-06,0.0,0.06555822759764171,-0.006679146421897292,0.21759901451678781,0.0,0.0,0.0
710.0,9.581629972574033,5.8136956483304525,0.0,0.0,-1.6386782974705194e-06,0.0,0.0,4.099653675785673,-15.0709270738,0.0,0.0,1.7140419725447797,0.0,-5.891739454502632e-06,0.0,0.06555821868108427,-0.006679161870492445,0.21759896891701283,0.0,0.0,0.0
711.0,9.581630607701364,5.81369418965638,0.0,0.0,-1.6093630416730332e-06,0.0,0.0,4.099652051735445,-15.0709270738,0.0,0.0,1.7140421379209352,0.0,-5.786338365108054e-06,0.0,0.0655582099368549,-0.006679176915409146,0.2175989239931706,0.0,0.0,0.0
712.0,9.58163124291784,5.813692761178543,0.0,0.0,-1.5796953674846906e-06,0.0,0.0,4.099650457177063,-15.0709270738,0.0,0.0,1.71404230400148,0.0,-5.679670197083813e-06,0.0,0.06555820136695746,-0.006679191552949507,0.21759887975506748,0.0,0.0,0.0
713.0,9.581631878103753,5.8136913632290685,0.0,0.0,-1.549679884589808e-06,0.0,0.0,4.099648892460647,-15.0709270738,0.0,0.0,1.7140424707684216,0.0,-5.571751524510072e-06,0.0,0.06555819297336851,-0.006679205779481445,0.21759883621240628,0.0,0.0,0.0
714.0,9.581632513139152,5.81368999613527,0.0,0.0,-1.5193212750435945e-06,0.0,0.0,4.09964735793167,-15.0709270738,0.0,0.0,1.7140426382036003,0.0,-5.462599181661154e-06,0.0,0.06555818475803701,-0.006679219591439384,0.21759879337478488,0.0,0.0,0.0
715.0,9.581633147903867,5.813688660219579,0.0,0.0,-1.4886242925776378e-06,0.0,0.0,4.099645853930888,-15.0709270738,0.0,0.0,1.714042806288691,0.0,-5.352230260508211e-06,0.0,0.06555817672288376,-0.0066792329853251065,0.2175987512516939,0.0,0.0,0.0
716.0,9.581633782277528,5.813687355799475,0.0,0.0,-1.4575937618947823e-06,0.0,0.0,4.099644380794269,-15.0709270738,0.0,0.0,1.7140429750052064,0.0,-5.240662108183757e-06,0.0,0.06555816886980109,-0.0066792459577085656,0.2175987098525149,0.0,0.0,0.0
717.0,9.581634416139588,5.8136860831874175,0.0,0.0,-1.4262345779471266e-06,0.0,0.0,4.0996429388529165,-15.0709270738,0.0,0.0,1.714043144334501,0.0,-5.127912324385506e-06,0.0,0.06555816120065244,-0.0066792585052284775,0.21759866918651843,0.0,0.0,0.0
718.0,9.581635049369343,5.8136848426907815,0.0,0.0,-1.3945517052017033e-06,0.0,0.0,4.099641528433009,-15.0709270738,0.0,0.0,1.714043314257772,0.0,-5.013998758735943e-06,0.0,0.065558153717272,-0.0066792706245933225,0.2175986292628621,0.0,0.0,0.0
719.0,9.581635681845954,5.81368363461179,0.0,0.0,-1.3625501768897441e-06,0.0,0.0,4.099640149855725,-15.0709270738,0.0,0.0,1.7140434847560648,0.0,-4.898939508082869e-06,0.0,0.06555814642146418,-0.006679282312581816,0.2175985900905888,0.0,0.0,0.0
720.0,9.58163631344847,5.813682459247449,0.0,0.0,-1.3302350942445029e-06,0.0,0.0,4.099638803437174,-15.0709270738,0.0,0.0,1.7140436558102747,0.0,-4.782752913758834e-06,0.0,0.0655581393150034,-0.006679293566043867,0.21759855167862466,0.0,0.0,0.0
721.0,9.581636944055845,5.8136813168894825,0.0,0.0,-1.2976116257223688e-06,0.0,0.0,4.099637489488333,-15.0709270738,0.0,0.0,1.7140438274011496,0.0,-4.6654575587804765e-06,0.0,0.0655581323996336,-0.0066793043819011605,0.21759851403577737,0.0,0.0,0.0
722.0,9.581637573546963,5.8136802078242695,0.0,0.0,-1.264685006214529e-06,0.0,0.0,4.099636208314974,-15.0709270738,0.0,0.0,1.714043999509295,0.0,-4.547072265013905e-06,0.0,0.0655581256770679,-0.006679314757147878,0.21759847717073416,0.0,0.0,0.0
723.0,9.581638201800663,5.813679132332781,0.0,0.0,-1.2314605362410262e-06,0.0,0.0,4.099634960217605,-15.0709270738,0.0,0.0,1.7140441721151758,0.0,-4.427616090276787e-06,0.0,0.0655581191489882,-0.006679324688851435,0.2175984410920602,0.0,0.0,0.0
724.0,9.581638828695754,5.813678090690516,0.0,0.0,-1.1979435811317064e-06,0.0,0.0,4.099633745491397,-15.0709270738,0.0,0.0,1.7140443451991185,0.0,-4.307108325393311e-06,0.0,0.0655581128170448,-0.006679334174153173,0.2175984058081966,0.0,0.0,0.0
725.0,9.581639454111038,5.813677083167445,0.0,0.0,-1.1641395701961766e-06,0.0,0.0,4.099632564426129,-15.0709270738,0.0,0.0,1.714044518741316,0.0,-4.185568491209639e-06,0.0,0.06555810668285612,-0.006679343210268904,0.2175983713274587,0.0,0.0,0.0
726.0,9.581640077925337,5.813676110027945,0.0,0.0,-1.1300539958786038e-06,0.0,0.0,4.099631417306113,-15.0709270738,0.0,0.0,1.7140446927218322,0.0,-4.063016335554872e-06,0.0,0.06555810074800826,-0.006679351794489766,0.21759833765803446,0.0,0.0,0.0
727.0,9.58164070001751,5.813675171530744,0.0,0.0,-1.0956924128999453e-06,0.0,0.0,4.099630304410141,-15.0709270738,0.0,0.0,1.7140448671206032,0.0,-3.939471830156826e-06,0.0,0.06555809501405466,-0.006679359924182712,0.21759830480798237,0.0,0.0,0.0
728.0,9.581641320266478,5.813674267928859,0.0,0.0,-1.0610604373873546e-06,0.0,0.0,4.099629226011419,-15.0709270738,0.0,0.0,1.7140450419174407,0.0,-3.814955167511714e-06,0.0,0.06555808948251574,-0.006679367596791191,0.21759827278523008,0.0,0.0,0.0
729.0,9.581641938551241,5.813673399469541,0.0,0.0,-1.0261637459889568e-06,0.0,0.0,4.099628182377505,-15.0709270738,0.0,0.0,1.7140452170920355,0.0,-3.6894867577012316e-06,0.0,0.06555808415487864,-0.0066793748098357975,0.21759824159757246,0.0,0.0,0.0
730.0,9.581642554750907,5.8136725663942155,0.0,0.0,-9.910080749785674e-07,0.0,0.0,4.099627173770253,-15.0709270738,0.0,0.0,1.7140453926239623,0.0,-3.5630872251734914e-06,0.0,0.06555807903259678,-0.006679381560914854,0.2175982112526701,0.0,0.0,0.0
731.0,9.581643168744709,5.813671768938431,0.0,0.0,-9.555992193463713e-07,0.0,0.0,4.09962620044575,-15.0709270738,0.0,0.0,1.714045568492681,0.0,-3.4357774054734913e-06,0.0,0.06555807411708955,-0.006679387847704971,0.2175981817580474,0.0,0.0,0.0
732.0,9.581643780412026,5.813671007331801,0.0,0.0,-9.199430318766698e-07,0.0,0.0,4.099625262654259,-15.0709270738,0.0,0.0,1.7140457446775423,0.0,-3.3075783419270953e-06,0.0,0.06555806940974206,-0.006679393667961733,0.21759815312109126,0.0,0.0,0.0
733.0,9.58164438963241,5.813670281797951,0.0,0.0,-8.840454222146332e-07,0.0,0.0,4.099624360640161,-15.0709270738,0.0,0.0,1.7140459211577905,0.0,-3.1785112822854935e-06,0.0,0.0655580649119047,-0.0066793990195201935,0.2175981253490492,0.0,0.0,0.0
734.0,9.581644996285608,5.813669592554466,0.0,0.0,-8.479123559192996e-07,0.0,0.0,4.0996234946419,-15.0709270738,0.0,0.0,1.7140460979125658,0.0,-3.048597675320215e-06,0.0,0.0655580606248929,-0.006679403900295394,0.21759809844902778,0.0,0.0,0.0
735.0,9.581645600251575,5.813668939812836,0.0,0.0,-8.115498535055821e-07,0.0,0.0,4.099622664891928,-15.0709270738,0.0,0.0,1.714046274920908,0.0,-2.917859167378644e-06,0.0,0.06555805654998681,-0.00667940830828298,0.21759807242799112,0.0,0.0,0.0
736.0,9.581646201410507,5.813668323778411,0.0,0.0,-7.749639894735445e-07,0.0,0.0,4.099621871616648,-15.0709270738,0.0,0.0,1.7140464521617629,0.0,-2.786317598893757e-06,0.0,0.06555805268843098,-0.00667941224155974,0.21759804729275936,0.0,0.0,0.0
737.0,9.581646799642858,5.8136677446503455,0.0,0.0,-7.381608913280256e-07,0.0,0.0,4.099621115036362,-15.0709270738,0.0,0.0,1.7140466296139838,0.0,-2.6539950008591777e-06,0.0,0.06555804904143411,-0.006679415698284036,0.21759802305000708,0.0,0.0,0.0
738.0,9.581647394829362,5.813667202621551,0.0,0.0,-7.011467385828399e-07,0.0,0.0,4.099620395365218,-15.0709270738,0.0,0.0,1.7140468072563335,0.0,-2.520913591248783e-06,0.0,0.06555804561016863,-0.006679418676696414,0.2175979997062617,0.0,0.0,0.0
739.0,9.581647986851058,5.81366669787865,0.0,0.0,-6.639277617571427e-07,0.0,0.0,4.09961971281116,-15.0709270738,0.0,0.0,1.7140469850674904,0.0,-2.387095771408149e-06,0.0,0.06555804239577058,-0.0066794211751200205,0.21759797726790214,0.0,0.0,0.0
740.0,9.581648575589307,5.813666230601928,0.0,0.0,-6.265102413589313e-07,0.0,0.0,4.099619067575876,-15.0709270738,0.0,0.0,1.714047163026052,0.0,-2.2525641223997546e-06,0.0,0.06555803939933919,-0.00667942319196109,0.21759795574115737,0.0,0.0,0.0
741.0,9.581649160925819,5.813665800965286,0.0,0.0,-5.889005068567344e-07,0.0,0.0,4.099618459854749,-15.0709270738,0.0,0.0,1.714047341110537,0.0,-2.1173414013057253e-06,0.0,0.06555803662193668,-0.0066794247257094125,0.2175979351321048,0.0,0.0,0.0
742.0,9.581649742742671,5.813665409136199,0.0,0.0,-5.511049356423543e-07,0.0,0.0,4.099617889836809,-15.0709270738,0.0,0.0,1.71404751929939,0.0,-1.9814505374984247e-06,0.0,0.065558034064588,-0.00667942577493881,0.21759791544666895,0.0,0.0,0.0
743.0,9.581650320922336,5.81366505527567,0.0,0.0,-5.131299519807255e-07,0.0,0.0,4.099617357704683,-15.0709270738,0.0,0.0,1.7140476975709866,0.0,-1.8449146288647239e-06,0.0,0.06555803172828052,-0.006679426338307495,0.21759789669062024,0.0,0.0,0.0
744.0,9.581650895347693,5.813664739538187,0.0,0.0,-4.7498202595050244e-07,0.0,0.0,4.099616863634553,-15.0709270738,0.0,0.0,1.714047875903634,0.0,-1.7077569379969607e-06,0.0,0.06555802961396376,-0.006679426414558584,0.21759787886957335,0.0,0.0,0.0
745.0,9.58165146590206,5.813664462071686,0.0,0.0,-4.36667672372773e-07,0.0,0.0,4.099616407796108,-15.0709270738,0.0,0.0,1.7140480542755778,0.0,-1.5700008883412033e-06,0.0,0.06555802772254923,-0.0066794260025204305,0.217597861988986,0.0,0.0,0.0
746.0,9.581652032469215,5.813664223017503,0.0,0.0,-3.98193449731691e-07,0.0,0.0,4.099615990352499,-15.0709270738,0.0,0.0,1.7140482326650046,0.0,-1.4316700603164833e-06,0.0,0.06555802605491008,-0.006679425101107056,0.21759784605415772,0.0,0.0,0.0
747.0,9.581652594933407,5.813664022510342,0.0,0.0,-3.595659590820781e-07,0.0,0.0,4.099615611460298,-15.0709270738,0.0,0.0,1.7140484110500438,0.0,-1.2927881873871762e-06,0.0,0.06555802461188096,-0.006679423709318483,0.2175978310702284,0.0,0.0,0.0
748.0,9.581653153179394,5.813663860678234,0.0,0.0,-3.2079184294978293e-07,0.0,0.0,4.099615271269457,-15.0709270738,0.0,0.0,1.714048589408777,0.0,-1.1533791521093598e-06,0.0,0.06555802339425768,-0.006679421826241108,0.21759781704217723,0.0,0.0,0.0
749.0,9.581653707092451,5.8136637376424956,0.0,0.0,-2.81877784220913e-07,0.0,0.0,4.099614969923261,-15.0709270738,0.0,0.0,1.7140487677192349,0.0,-1.0134669821371742e-06,0.0,0.06555802240279708,-0.006679419451048163,0.21759780397482112,0.0,0.0,0.0
750.0,9.5816542565584,5.813663653517701,0.0,0.0,-2.4283050502084605e-07,0.0,0.0,4.099614707558295,-15.0709270738,0.0,0.0,1.714048945959406,0.0,-8.730758461924429e-07,0.0,0.06555802163821678,-0.006679416582999809,0.21759779187281392,0.0,0.0,0.0
751.0,9.581654801463626,5.813663608411644,0.0,0.0,-2.036567655856392e-07,0.0,0.0,4.0996144843044044,-15.0709270738,0.0,0.0,1.7140491241072393,0.0,-7.322300500069736e-07,0.0,0.06555802110119498,-0.00667941322144365,0.21759778074064506,0.0,0.0,0.0
752.0,9.581655341695107,5.813663602425299,0.0,0.0,-1.643633631217588e-07,0.0,0.0,4.099614300284652,-15.0709270738,0.0,0.0,1.7140493021406469,0.0,-5.90954032222877e-07,0.0,0.06555802079237016,-0.006679409365814987,0.21759777058263818,0.0,0.0,0.0
753.0,9.581655877140426,5.813663635652797,0.0,0.0,-1.249571306609437e-07,0.0,0.0,4.0996141556152885,-15.0709270738,0.0,0.0,1.7140494800375086,0.0,-4.492723602753972e-07,0.0,0.06555802071234108,-0.0066794050156370605,0.21759776140295045,0.0,0.0,0.0
754.0,9.581656407687799,5.81366370818139,0.0,0.0,-8.544493590026141e-08,0.0,0.0,4.099614050405712,-15.0709270738,0.0,0.0,1.7140496577756776,0.0,-3.0720972622251817e-07,0.0,0.06555802086166637,-0.006679400170521363,0.217597753205571,0.0,0.0,0.0
755.0,9.581656933226093,5.813663820091421,0.0,0.0,-4.583368003830219e-08,0.0,0.0,4.099613984758438,-15.0709270738,0.0,0.0,1.7140498353329825,0.0,-1.647909425606913e-07,0.0,0.06555802124086448,-0.0066793948301678285,0.21759774599432008,0.0,0.0,0.0
756.0,9.581657453644848,5.813663971456294,0.0,0.0,-6.130296600055025e-09,0.0,0.0,4.099613958769062,-15.0709270738,0.0,0.0,1.714050012687232,0.0,-2.204093799988224e-08,0.0,0.06555802185041348,-0.0066793889943652235,0.21759773977284813,0.0,0.0,0.0
757.0,9.581657968834302,5.81366416234245,0.0,0.0,3.3658249742570246e-08,0.0,0.0,4.099613972526233,-15.0709270738,0.0,0.0,1.7140501898162173,0.0,1.2101524677702646e-07,0.0,0.0655580226907509,-0.006679382662991146,0.21759773454463466,0.0,0.0,0.0
758.0,9.581658478685405,5.8136643928093354,0.0,0.0,7.352496436412082e-08,0.0,0.0,4.099614026111618,-15.0709270738,0.0,0.0,1.7140503666977178,0.0,2.643524634047987e-07,0.0,0.06555802376227346,-0.006679375836012469,0.2175977303129871,0.0,0.0,0.0
759.0,9.581658983089849,5.813664662909382,0.0,0.0,1.1346282388184495e-07,0.0,0.0,4.0996141195998765,-15.0709270738,0.0,0.0,1.7140505433095052,0.0,4.0794546013670264e-07,0.0,0.06555802506533707,-0.006679368513485356,0.21759772708104003,0.0,0.0,0.0
760.0,9.581659481940083,5.813664972687977,0.0,0.0,1.5346477736297603e-07,0.0,0.0,4.099614253058631,-15.0709270738,0.0,0.0,1.7140507196293466,0.0,5.517688861850523e-07,0.0,0.06555802660025661,-0.006679360695555525,0.2175977248517543,0.0,0.0,0.0
761.0,9.581659975129334,5.8136653221834464,0.0,0.0,1.9352374753659541e-07,0.0,0.0,4.099614426548437,-15.0709270738,0.0,0.0,1.7140508956350091,0.0,6.95797296078201e-07,0.0,0.06555802836730573,-0.00667935238245837,0.21759772362791593,0.0,0.0,0.0
762.0,9.58166046255163,5.813665711427027,0.0,0.0,2.336326320163018e-07,0.0,0.0,4.099614640122764,-15.0709270738,0.0,0.0,1.7140510713042625,0.0,8.400051540563791e-07,0.0,0.06555803036671681,-0.0066793435745191865,0.2175977234121354,0.0,0.0,0.0
763.0,9.58166094410182,5.813666140442851,0.0,0.0,2.7378430452609026e-07,0.0,0.0,4.099614893827964,-15.0709270738,0.0,0.0,1.7140512466148863,0.0,9.843668384790618e-07,0.0,0.06555803259868076,-0.006679334272153142,0.21759772420684684,0.0,0.0,0.0
764.0,9.581661419675596,5.813666609247924,0.0,0.0,3.1397161613474223e-07,0.0,0.0,4.099615187703253,-15.0709270738,0.0,0.0,1.7140514215446707,0.0,1.128856646262927e-06,0.0,0.06555803506334698,-0.0066793244758655695,0.21759772601430705,0.0,0.0,0.0
765.0,9.581661889169512,5.813667117852106,0.0,0.0,3.5418739649942275e-07,0.0,0.0,4.099615521780686,-15.0709270738,0.0,0.0,1.7140515960714202,0.0,1.273448797352909e-06,0.0,0.06555803776082311,-0.006679314186251964,0.21759772883659478,0.0,0.0,0.0
766.0,9.581662352481004,5.813667666258101,0.0,0.0,3.9442445511235084e-07,0.0,0.0,4.0996158960851385,-15.0709270738,0.0,0.0,1.7140517701729623,0.0,1.4181174392042873e-06,0.0,0.0655580406911751,-0.006679303403998041,0.2175977326756102,0.0,0.0,0.0
767.0,9.58166280950841,5.813668254461431,0.0,0.0,4.3467558255337323e-07,0.0,0.0,4.0996163106342856,-15.0709270738,0.0,0.0,1.7140519438271458,0.0,1.5628366512859977e-06,0.0,0.06555804385442694,-0.006679292129879916,0.21759773753307382,0.0,0.0,0.0
768.0,9.581663260150995,5.813668882450432,0.0,0.0,4.749335517516648e-07,0.0,0.0,4.099616765438584,-15.0709270738,0.0,0.0,1.714052117011848,0.0,1.7075804496167421e-06,0.0,0.0655580472505607,-0.006679280364764048,0.21759774341052604,0.0,0.0,0.0
769.0,9.581663704308964,5.813669550206233,0.0,0.0,5.151911192507402e-07,0.0,0.0,4.099617260501255,-15.0709270738,0.0,0.0,1.7140522897049788,0.0,1.8523227913129963e-06,0.0,0.06555805087951638,-0.006679268109607284,0.21759775030932652,0.0,0.0,0.0
770.0,9.581664141883488,5.813670257702753,0.0,0.0,5.554410264814649e-07,0.0,0.0,4.0996177958182685,-15.0709270738,0.0,0.0,1.7140524618844841,0.0,1.99703757916577e-06,0.0,0.06555805474119182,-0.0066792553654569375,0.2175977582306534,0.0,0.0,0.0
771.0,9.581664572776718,5.813671004906679,0.0,0.0,5.956760010369159e-07,0.0,0.0,4.09961837137833,-15.0709270738,0.0,0.0,1.7140526335283486,0.0,2.1416986662240108e-06,0.0,0.06555805883544266,-0.0066792421334507385,0.21759776717550278,0.0,0.0,0.0
772.0,9.581664996891812,5.813671791777469,0.0,0.0,6.358887579553588e-07,0.0,0.0,4.099618987162865,-15.0709270738,0.0,0.0,1.714052804614604,0.0,2.2862798604071736e-06,0.0,0.0655580631620823,-0.006679228414816815,0.21759777714468825,0.0,0.0,0.0
773.0,9.581665414132948,5.8136726182673355,0.0,0.0,6.760720010075725e-07,0.0,0.0,4.099619643146008,-15.0709270738,0.0,0.0,1.7140529751213274,0.0,2.4307549291334204e-06,0.0,0.0655580677208818,-0.00667921421087371,0.21759778813884015,0.0,0.0,0.0
774.0,9.581665824405345,5.813673484321243,0.0,0.0,7.162184239879104e-07,0.0,0.0,4.099620339294594,-15.0709270738,0.0,0.0,1.7140531450266492,0.0,2.5750976039612414e-06,0.0,0.06555807251156984,-0.006679199523030269,0.2175978001584053,0.0,0.0,0.0
775.0,9.581666227615285,5.813674389876901,0.0,0.0,7.563207120109386e-07,0.0,0.0,4.099621075568145,-15.0709270738,0.0,0.0,1.7140533143087566,0.0,2.7192815852511228e-06,0.0,0.06555807753383268,-0.006679184352785639,0.21759781320364638,0.0,0.0,0.0
776.0,9.581666623670131,5.813675334864762,0.0,0.0,7.963715428115438e-07,0.0,0.0,4.099621851918865,-15.0709270738,0.0,0.0,1.7140534829458964,0.0,2.863280546839676e-06,0.0,0.06555808278731418,-0.0066791687017291185,0.21759782727464155,0.0,0.0,0.0
777.0,9.581667012478343,5.813676319208016,0.0,0.0,8.363635880500245e-07,0.0,0.0,4.099622668291635,-15.0709270738,0.0,0.0,1.714053650916381,0.0,3.0070681407316823e-06,0.0,0.06555808827161567,-0.0066791525715401145,0.2175978423712841,0.0,0.0,0.0
778.0,9.5816673939495,5.813677342822591,0.0,0.0,8.762895146203136e-07,0.0,0.0,4.099623524624001,-15.0709270738,0.0,0.0,1.7140538181985896,0.0,3.150618001803383e-06,0.0,0.06555809398629608,-0.006679135963988017,0.21759785849328198,0.0,0.0,0.0
779.0,9.581667767994318,5.8136784056171535,0.0,0.0,9.161419859614596e-07,0.0,0.0,4.099624420846179,-15.0709270738,0.0,0.0,1.7140539847709748,0.0,3.2939037525174816e-06,0.0,0.06555809993087176,-0.006679118880932047,0.21759787564015753,0.0,0.0,0.0
780.0,9.581668134524667,5.813679507493108,0.0,0.0,9.55913663373521e-07,0.0,0.0,4.099625356881042,-15.0709270738,0.0,0.0,1.714054150612066,0.0,3.4368990076540017e-06,0.0,0.0655581061048166,-0.006679101324321188,0.2175978938112471,0.0,0.0,0.0
781.0,9.581668493453593,5.8136806483446,0.0,0.0,9.955972073360307e-07,0.0,0.0,4.099626332644127,-15.0709270738,0.0,0.0,1.7140543157004728,0.0,3.5795773790503843e-06,0.0,0.06555811250756202,-0.006679083296193836,0.21759791300570094,0.0,0.0,0.0
782.0,9.581668844695331,5.813681828058522,0.0,0.0,1.035185278829462e-06,0.0,0.0,4.099627348043632,-15.0709270738,0.0,0.0,1.71405448001489,0.0,3.721912480352364e-06,0.0,0.06555811913849692,-0.006679064798677858,0.2175979332224829,0.0,0.0,0.0
783.0,9.581669188165327,5.813683046514515,0.0,0.0,1.0746705406590464e-06,0.0,0.0,4.099628402980415,-15.0709270738,0.0,0.0,1.7140546435340998,0.0,3.863877931773295e-06,0.0,0.06555812599696778,-0.006679045833990205,0.21759795446036997,0.0,0.0,0.0
784.0,9.581669523780253,5.813684303584978,0.0,0.0,1.1140456587807203e-06,0.0,0.0,4.099629497347999,-15.0709270738,0.0,0.0,1.7140548062369785,0.0,4.005447364861131e-06,0.0,0.06555813308227863,-0.006679026404436822,0.21759797671795264,0.0,0.0,0.0
785.0,9.581669851458027,5.8136855991350735,0.0,0.0,1.1533033036315307e-06,0.0,0.0,4.099630631032575,-15.0709270738,0.0,0.0,1.7140549681024986,0.0,4.146594427281419e-06,0.0,0.06555814039369111,-0.006679006512412378,0.21759799999363408,0.0,0.0,0.0
786.0,9.58167017111783,5.8136869330227405,0.0,0.0,1.1924361514595388e-06,0.0,0.0,4.099631803913007,-15.0709270738,0.0,0.0,1.7140551291097337,0.0,4.2872927875984955e-06,0.0,0.06555814793042455,-0.006678986160399969,0.2175980242856308,0.0,0.0,0.0
787.0,9.58167048268012,5.8136883050987,0.0,0.0,1.2314368856557547e-06,0.0,0.0,4.09963301586084,-15.0709270738,0.0,0.0,1.7140552892378604,0.0,4.427516140063969e-06,0.0,0.06555815569165593,-0.006678965350970942,0.2175980495919719,0.0,0.0,0.0
788.0,9.581670786066654,5.813689715206469,0.0,0.0,1.270298198088466e-06,0.0,0.0,4.0996342667403045,-15.0709270738,0.0,0.0,1.7140554484661648,0.0,4.567238209413808e-06,0.0,0.06555816367652004,-0.006678944086784572,0.2175980759104994,0.0,0.0,0.0
789.0,9.581671081200502,5.813691163182376,0.0,0.0,1.3090127904379026e-06,0.0,0.0,4.099635556408329,-15.0709270738,0.0,0.0,1.7140556067740471,0.0,4.706432755666631e-06,0.0,0.06555817188410945,-0.006678922370587745,0.2175981032388683,0.0,0.0,0.0
790.0,9.581671368006063,5.8136926488555725,0.0,0.0,1.3475733755345027e-06,0.0,0.0,4.09963688471455,-15.0709270738,0.0,0.0,1.7140557641410226,0.0,4.845073578934945e-06,0.0,0.06555818031347471,-0.00667890020521468,0.21759813157454624,0.0,0.0,0.0
791.0,9.581671646409083,5.813694172048047,0.0,0.0,1.3859726786940166e-06,0.0,0.0,4.09963825150132,-15.0709270738,0.0,0.0,1.714055920546727,0.0,4.983134524224998e-06,0.0,0.06555818896362434,-0.00667887759358661,0.21759816091481393,0.0,0.0,0.0
792.0,9.58167191633667,5.813695732574647,0.0,0.0,1.424203439055568e-06,0.0,0.0,4.099639656603726,-15.0709270738,0.0,0.0,1.7140560759709214,0.0,5.120589486247274e-06,0.0,0.06555819783352487,-0.006678854538711421,0.2175981912567651,0.0,0.0,0.0
793.0,9.581672177717314,5.8136973302430945,0.0,0.0,1.4622584109206006e-06,0.0,0.0,4.099641099849602,-15.0709270738,0.0,0.0,1.714056230393493,0.0,5.257412414230156e-06,0.0,0.06555820692210111,-0.006678831043683275,0.21759822259730657,0.0,0.0,0.0
794.0,9.581672430480893,5.813698964854006,0.0,0.0,1.5001303650892563e-06,0.0,0.0,4.099642581059542,-15.0709270738,0.0,0.0,1.714056383794464,0.0,5.393577316724358e-06,0.0,0.0655582162282361,-0.006678807111682256,0.21759825493315862,0.0,0.0,0.0
795.0,9.5816726745587,5.813700636200914,0.0,0.0,1.5378120901986126e-06,0.0,0.0,4.099644100046922,-15.0709270738,0.0,0.0,1.7140565361539917,0.0,5.529058266414031e-06,0.0,0.06555822575077129,-0.006678782745973985,0.21759828826085492,0.0,0.0,0.0
796.0,9.58167290988345,5.813702344070289,0.0,0.0,1.5752963940613926e-06,0.0,0.0,4.099645656617915,-15.0709270738,0.0,0.0,1.7140566874523735,0.0,5.663829404929572e-06,0.0,0.06555823548850666,-0.006678757949909131,0.21759832257674294,0.0,0.0,0.0
797.0,9.581673136389302,5.813704088241562,0.0,0.0,1.6125761050012291e-06,0.0,0.0,4.099647250571513,-15.0709270738,0.0,0.0,1.7140568376700491,0.0,5.797864947648035e-06,0.0,0.06555824544020081,-0.006678732726923153,0.21759835787698426,0.0,0.0,0.0
798.0,9.581673354011867,5.813705868487153,0.0,0.0,1.6496440731891812e-06,0.0,0.0,4.099648881699545,-15.0709270738,0.0,0.0,1.7140569867876083,0.0,5.931139188498046e-06,0.0,0.0655582556045712,-0.006678707080535681,0.21759839415755478,0.0,0.0,0.0
799.0,9.581673562688229,5.813707684572494,0.0,0.0,1.686493171978677e-06,0.0,0.0,4.099650549786703,-15.0709270738,0.0,0.0,1.714057134785791,0.0,6.063626504759051e-06,0.0,0.06555826598029413,-0.00667868101435018,0.2175984314142449,0.0,0.0,0.0
800.0,9.581673762356953,5.813709536256057,0.0,0.0,1.7231162992377698e-06,0.0,0.0,4.0996522546105645,-15.0709270738,0.0,0.0,1.7140572816454922,0.0,6.195301361850911e-06,0.0,0.06555827656600507,-0.00667865453205338,0.21759846964266027,0.0,0.0,0.0
801.0,9.581673952958104,5.813711423289385,0.0,0.0,1.7595063786832592e-06,0.0,0.0,4.099653995941618,-15.0709270738,0.0,0.0,1.7140574273477673,0.0,6.3261383181301955e-06,0.0,0.06555828736029867,-0.006678627637414863,0.2175985088382219,0.0,0.0,0.0
802.0,9.58167413443326,5.8137133454171215,0.0,0.0,1.7956563612076372e-06,0.0,0.0,4.099655773543289,-15.0709270738,0.0,0.0,1.7140575718738322,0.0,6.456112029660675e-06,0.0,0.06555829836172905,-0.006678600334286522,0.21759854899616668,0.0,0.0,0.0
803.0,9.581674306725526,5.813715302377039,0.0,0.0,1.8315592262081468e-06,0.0,0.0,4.099657587171968,-15.0709270738,0.0,0.0,1.7140577152050716,0.0,6.58519725499141e-06,0.0,0.06555830956880988,-0.006678572626602056,0.21759859011154783,0.0,0.0,0.0
804.0,9.581674469779545,5.813717293900077,0.0,0.0,1.8672079829121275e-06,0.0,0.0,4.0996594365770385,-15.0709270738,0.0,0.0,1.7140578573230387,0.0,6.7133688599214945e-06,0.0,0.0655583209800146,-0.006678544518376392,0.21759863217923545,0.0,0.0,0.0
805.0,9.581674623541511,5.813719319710374,0.0,0.0,1.902595671701013e-06,0.0,0.0,4.099661321500911,-15.0709270738,0.0,0.0,1.714057998209463,0.0,6.840601822259942e-06,0.0,0.06555833259377666,-0.006678516013705213,0.21759867519391712,0.0,0.0,0.0
806.0,9.581674767959187,5.813721379525298,0.0,0.0,1.937715365427973e-06,0.0,0.0,4.09966324167905,-15.0709270738,0.0,0.0,1.7140581378462487,0.0,6.966871236562724e-06,0.0,0.06555834440848962,-0.0066784871167642895,0.21759871915009835,0.0,0.0,0.0
807.0,9.581674902981915,5.813723473055495,0.0,0.0,1.9725601707365884e-06,0.0,0.0,4.099665196840012,-15.0709270738,0.0,0.0,1.714058276215483,0.0,7.092152318873529e-06,0.0,0.06555835642250744,-0.0066784578318089816,0.2175987640421031,0.0,0.0,0.0
808.0,9.581675028560625,5.813725600004913,0.0,0.0,2.0071232293728187e-06,0.0,0.0,4.099667186705475,-15.0709270738,0.0,0.0,1.7140584132994379,0.0,7.216420411440393e-06,0.0,0.06555836863414465,-0.006678428163173558,0.21759880986407482,0.0,0.0,0.0
809.0,9.58167514464785,5.8137277600708535,0.0,0.0,2.0413977194972184e-06,0.0,0.0,4.09966921099028,-15.0709270738,0.0,0.0,1.7140585490805735,0.0,7.339650987433247e-06,0.0,0.06555838104167658,-0.0066783981152706146,0.2175988566099767,0.0,0.0,0.0
810.0,9.581675251197742,5.813729952944003,0.0,0.0,2.0753768569885734e-06,0.0,0.0,4.099671269402463,-15.0709270738,0.0,0.0,1.7140586835415403,0.0,7.461819655630577e-06,0.0,0.0655583936433396,-0.006678367692590545,0.21759890427359246,0.0,0.0,0.0
811.0,9.581675348166076,5.813732178308482,0.0,0.0,2.1090538967472875e-06,0.0,0.0,4.099673361643294,-15.0709270738,0.0,0.0,1.7140588166651876,0.0,7.582902165105242e-06,0.0,0.06555840643733132,-0.006678336899700696,0.21759895284852748,0.0,0.0,0.0
812.0,9.581675435510265,5.813734435841883,0.0,0.0,2.1424221339934614e-06,0.0,0.0,4.099675487407321,-15.0709270738,0.0,0.0,1.7140589484345616,0.0,7.702874409891158e-06,0.0,0.06555841942181095,-0.006678305741244825,0.21759900232820903,0.0,0.0,0.0
813.0,9.581675513189372,5.813736725215317,0.0,0.0,2.17547490555875e-06,0.0,0.0,4.099677646382406,-15.0709270738,0.0,0.0,1.7140590788329106,0.0,7.821712433627654e-06,0.0,0.06555843259489934,-0.00667827422194249,0.21759905270588742,0.0,0.0,0.0
814.0,9.581675581164122,5.81373904609346,0.0,0.0,2.208205591176886e-06,0.0,0.0,4.099679838249769,-15.0709270738,0.0,0.0,1.7140592078436905,0.0,7.939392434199e-06,0.0,0.06555844595467945,-0.006678242346588162,0.21759910397463667,0.0,0.0,0.0
815.0,9.581675639396908,5.8137413981345984,0.0,0.0,2.240607614764393e-06,0.0,0.0,4.099682062684034,-15.0709270738,0.0,0.0,1.7140593354505649,0.0,8.055890768338699e-06,0.0,0.06555845949919649,-0.006678210120050668,0.2175991561273557,0.0,0.0,0.0
816.0,9.581675687851805,5.813743780990679,0.0,0.0,2.272674445701352e-06,0.0,0.0,4.099684319353267,-15.0709270738,0.0,0.0,1.7140594616374116,0.0,8.171183956233954e-06,0.0,0.06555847322645825,-0.006678177547272499,0.21759920915676872,0.0,0.0,0.0
817.0,9.581675726494575,5.813746194307356,0.0,0.0,2.3043996001027143e-06,0.0,0.0,4.099686607919032,-15.0709270738,0.0,0.0,1.7140595863883243,0.0,8.285248686096146e-06,0.0,0.06555848713443534,-0.00667814463326892,0.2175992630554268,0.0,0.0,0.0
818.0,9.581675755292688,5.813748637724044,0.0,0.0,2.3357766420852686e-06,0.0,0.0,4.0996889280364295,-15.0709270738,0.0,0.0,1.7140597096876142,0.0,8.398061818715708e-06,0.0,0.06555850122106152,-0.006678111383127336,0.2175993178157083,0.0,0.0,0.0
819.0,9.581675774215316,5.813751110873968,0.0,0.0,2.3667991850276936e-06,0.0,0.0,4.09969127935415,-15.0709270738,0.0,0.0,1.7140598315198181,0.0,8.509600391992119e-06,0.0,0.06555851548423397,-0.00667807780200648,0.2175993734298201,0.0,0.0,0.0
820.0,9.581675783233358,5.813753613384218,0.0,0.0,2.3974608928270014e-06,0.0,0.0,4.099693661514521,-15.0709270738,0.0,0.0,1.7140599518696975,0.0,8.619841625450947e-06,0.0,0.0655585299218136,-0.006678043895135682,0.21759942988979886,0.0,0.0,0.0
821.0,9.581675782319433,5.813756144875804,0.0,0.0,2.4277554811458494e-06,0.0,0.0,4.099696074153561,-15.0709270738,0.0,0.0,1.714060070722243,0.0,8.728762924728052e-06,0.0,0.06555854453162532,-0.006678009667814025,0.21759948718751168,0.0,0.0,0.0
822.0,9.5816757714479,5.813758704963709,0.0,0.0,2.457676718653707e-06,0.0,0.0,4.099698516901032,-15.0709270738,0.0,0.0,1.7140601880626765,0.0,8.836341886031704e-06,0.0,0.06555855931145849,-0.006677975125409533,0.2175995453146575,0.0,0.0,0.0
823.0,9.581675750594865,5.813761293256947,0.0,0.0,2.487218428260102e-06,0.0,0.0,4.099700989380489,-15.0709270738,0.0,0.0,1.7140603038764581,0.0,8.942556300576222e-06,0.0,0.06555857425906703,-0.006677940273358371,0.21759960426276825,0.0,0.0,0.0
824.0,9.581675719738183,5.813763909358623,0.0,0.0,2.5163744883447208e-06,0.0,0.0,4.099703491209338,-15.0709270738,0.0,0.0,1.714060418149285,0.0,9.047384159004329e-06,0.0,0.06555858937216992,-0.006677905117163985,0.2175996640232098,0.0,0.0,0.0
825.0,9.58167567885747,5.813766552865988,0.0,0.0,2.545138833975279e-06,0.0,0.0,4.099706021998893,-15.0709270738,0.0,0.0,1.714060530867095,0.0,9.150803655765505e-06,0.0,0.06555860464845151,-0.006677869662396307,0.21759972458718338,0.0,0.0,0.0
826.0,9.581675627934112,5.813769223370504,0.0,0.0,2.5735054581201505e-06,0.0,0.0,4.099708581354431,-15.0709270738,0.0,0.0,1.714060642016073,0.0,9.252793193475537e-06,0.0,0.06555862008556182,-0.006677833914690859,0.21759978594572682,0.0,0.0,0.0
827.0,9.581675566951269,5.813771920457903,0.0,0.0,2.6014684128532004e-06,0.0,0.0,4.099711168875252,-15.0709270738,0.0,0.0,1.7140607515826511,0.0,9.35333138724802e-06,0.0,0.06555863568111692,-0.006677797879747788,0.21759984808971566,0.0,0.0,0.0
828.0,9.58167549589388,5.813774643708247,0.0,0.0,2.6290218105491245e-06,0.0,0.0,4.099713784154737,-15.0709270738,0.0,0.0,1.71406085955351,0.0,9.452397068991748e-06,0.0,0.06555865143269923,-0.00667776156333115,0.21759991100986464,0.0,0.0,0.0
829.0,9.581675414748675,5.813777392695999,0.0,0.0,2.6561598250713633e-06,0.0,0.0,4.099716426780411,-15.0709270738,0.0,0.0,1.7140609659155883,0.0,9.549969291681398e-06,0.0,0.06555866733785803,-0.006677724971267826,0.21759997469672882,0.0,0.0,0.0
830.0,9.581675323504177,5.813780166990081,0.0,0.0,2.682876692952401e-06,0.0,0.0,4.099719096334004,-15.0709270738,0.0,0.0,1.7140610706560766,0.0,9.646027333600866e-06,0.0,0.06555868339410967,-0.0066776881094467305,0.2176000391407052,0.0,0.0,0.0
831.0,9.581675222150707,5.813782966153943,0.0,0.0,2.709166714562863e-06,0.0,0.0,4.099721792391514,-15.0709270738,0.0,0.0,1.7140611737624294,0.0,9.74055070254631e-06,0.0,0.06555869959893804,-0.00667765098381784,0.21760010433203397,0.0,0.0,0.0
832.0,9.581675110680395,5.813785789745632,0.0,0.0,2.7350242552734147e-06,0.0,0.0,4.099724514523272,-15.0709270738,0.0,0.0,1.7140612752223596,0.0,9.833519140003325e-06,0.0,0.06555871594979491,-0.006677613600391208,0.21760017026079992,0.0,0.0,0.0
833.0,9.58167498908718,5.813788637317854,0.0,0.0,2.760443746606538e-06,0.0,0.0,4.0997272622940075,-15.0709270738,0.0,0.0,1.7140613750238467,0.0,9.924912625287751e-06,0.0,0.06555873244410039,-0.006677575965236035,0.21760023691693403,0.0,0.0,0.0
834.0,9.581674857366815,5.813791508418054,0.0,0.0,2.7854196873801306e-06,0.0,0.0,4.0997300352629145,-15.0709270738,0.0,0.0,1.7140614731551391,0.0,1.0014711379657073e-05,0.0,0.06555874907924328,-0.0066775380844797255,0.21760030429021482,0.0,0.0,0.0
835.0,9.581674715516876,5.813794402588474,0.0,0.0,2.8099466448390422e-06,0.0,0.0,4.099732832983721,-15.0709270738,0.0,0.0,1.7140615696047536,0.0,1.0102895870378447e-05,0.0,0.06555876585258141,-0.006677499964306943,0.21760037237026986,0.0,0.0,0.0
836.0,9.58167456353676,5.813797319366237,0.0,0.0,2.8340192557779824e-06,0.0,0.0,4.099735655004754,-15.0709270738,0.0,0.0,1.7140616643614823,0.0,1.0189446814765736e-05,0.0,0.0655587827614422,-0.006677461610958446,0.21760044114657767,0.0,0.0,0.0
837.0,9.581674401427694,5.8138002582834085,0.0,0.0,2.857632227655682e-06,0.0,0.0,4.099738500869018,-15.0709270738,0.0,0.0,1.7140617574143908,0.0,1.0274345184185097e-05,0.0,0.06555879980312299,-0.006677423030730267,0.2176005106084687,0.0,0.0,0.0
838.0,9.581674229192739,5.813803218867079,0.0,0.0,2.8807803396945627e-06,0.0,0.0,4.0997413701142555,-15.0709270738,0.0,0.0,1.7140618487528236,0.0,1.035757220800847e-05,0.0,0.0655588169748914,-0.006677384229972577,0.2176005807451275,0.0,0.0,0.0
839.0,9.581674046836788,5.813806200639434,0.0,0.0,2.9034584439747286e-06,0.0,0.0,4.099744262273028,-15.0709270738,0.0,0.0,1.7140619383664069,0.0,1.0439109377546663e-05,0.0,0.06555883427398593,-0.0066773452150887536,0.2176006515455941,0.0,0.0,0.0
840.0,9.581673854366574,5.813809203117831,0.0,0.0,2.9256614665136323e-06,0.0,0.0,4.099747176872782,-15.0709270738,0.0,0.0,1.714062026245049,0.0,1.051893844993095e-05,0.0,0.06555885169761622,-0.006677305992534174,0.21760072299876562,0.0,0.0,0.0
841.0,9.58167365179067,5.8138122258148766,0.0,0.0,2.9473844083370964e-06,0.0,0.0,4.099750113435933,-15.0709270738,0.0,0.0,1.7140621123789437,0.0,1.059704145196358e-05,0.0,0.06555886924296365,-0.006677266568815399,0.21760079509339825,0.0,0.0,0.0
842.0,9.58167343911949,5.813815268238505,0.0,0.0,2.968622346535645e-06,0.0,0.0,4.09975307147993,-15.0709270738,0.0,0.0,1.714062196758575,0.0,1.0673400683915503e-05,0.0,0.06555888690718163,-0.006677226950488863,0.21760086781810864,0.0,0.0,0.0
843.0,9.581673216365296,5.813818329892056,0.0,0.0,2.989370435312645e-06,0.0,0.0,4.099756050517342,-15.0709270738,0.0,0.0,1.7140622793747147,0.0,1.0747998723294638e-05,0.0,0.06555890468739621,-0.006677187144159949,0.2176009411613759,0.0,0.0,0.0
844.0,9.581672983542196,5.813821410274355,0.0,0.0,3.009623907020037e-06,0.0,0.0,4.099759050055927,-15.0709270738,0.0,0.0,1.7140623602184277,0.0,1.082081842856954e-05,0.0,0.06555892258070642,-0.006677147156481877,0.2176010151115434,0.0,0.0,0.0
845.0,9.581672740666146,5.813824508879794,0.0,0.0,3.029378073180432e-06,0.0,0.0,4.099762069598719,-15.0709270738,0.0,0.0,1.7140624392810748,0.0,1.0891842942844062e-05,0.0,0.0655589405841848,-0.006677106994154566,0.2176010896568203,0.0,0.0,0.0
846.0,9.581672487754952,5.813827625198414,0.0,0.0,3.0486283254995322e-06,0.0,0.0,4.099765108644101,-15.0709270738,0.0,0.0,1.7140625165543124,0.0,1.0961055697497232e-05,0.0,0.06555895869487782,-0.006677066663923523,0.2176011647852838,0.0,0.0,0.0
847.0,9.581672224828267,5.813830758715986,0.0,0.0,3.06737013686496e-06,0.0,0.0,4.099768166685889,-15.0709270738,0.0,0.0,1.7140625920300971,0.0,1.1028440415774276e-05,0.0,0.06555897690980647,-0.006677026172578787,0.2176012404848807,0.0,0.0,0.0
848.0,9.581671951907596,5.8138339089140985,0.0,0.0,3.085599062331292e-06,0.0,0.0,4.099771243213413,-15.0709270738,0.0,0.0,1.7140626657006859,0.0,1.1093981116328051e-05,0.0,0.06555899522596659,-0.006676985526953769,0.21760131674342942,0.0,0.0,0.0
849.0,9.581671669016293,5.813837075270237,0.0,0.0,3.103310740095079e-06,0.0,0.0,4.099774337711597,-15.0709270738,0.0,0.0,1.7140627375586392,0.0,1.1157662116724497e-05,0.0,0.06555901364032948,-0.006676944733924009,0.21760139354862193,0.0,0.0,0.0
850.0,9.581671376179562,5.8138402572578745,0.0,0.0,3.120500892454534e-06,0.0,0.0,4.09977744966105,-15.0709270738,0.0,0.0,1.7140628075968243,0.0,1.1219468036892953e-05,0.0,0.06555903214984234,-0.0066769038004062115,0.21760147088802567,0.0,0.0,0.0
851.0,9.581671073424458,5.813843454346555,0.0,0.0,3.1371653267574906e-06,0.0,0.0,4.099780578538142,-15.0709270738,0.0,0.0,1.7140628758084135,0.0,1.1279383802534332e-05,0.0,0.06555905075142876,-0.006676862733356895,0.21760154874908572,0.0,0.0,0.0
852.0,9.58167076077988,5.813846666001982,0.0,0.0,3.153299936335945e-06,0.0,0.0,4.0997837238150945,-15.0709270738,0.0,0.0,1.7140629421868878,0.0,1.1337394648481065e-05,0.0,0.06555906944198929,-0.006676821539771394,0.21760162711912628,0.0,0.0,0.0
853.0,9.581670438276578,5.8138498916861066,0.0,0.0,3.168900701425455e-06,0.0,0.0,4.099786884960065,-15.0709270738,0.0,0.0,1.7140630067260414,0.0,1.1393486122002618e-05,0.0,0.06555908821840187,-0.0066767802266825965,0.2176017059853534,0.0,0.0,0.0
854.0,9.581670105947143,5.8138531308572166,0.0,0.0,3.1839636900741265e-06,0.0,0.0,4.099790061437237,-15.0709270738,0.0,0.0,1.7140630694199794,0.0,1.1447644086073563e-05,0.0,0.06555910707752236,-0.00667673880115964,0.21760178533485652,0.0,0.0,0.0
855.0,9.581669763826012,5.813856382970026,0.0,0.0,3.198485059032593e-06,0.0,0.0,4.099793252706904,-15.0709270738,0.0,0.0,1.7140631302631215,0.0,1.149985472257335e-05,0.0,0.06555912601618515,-0.006676697270307008,0.21760186515461075,0.0,0.0,0.0
856.0,9.58166941194946,5.813859647475767,0.0,0.0,3.2124610546357966e-06,0.0,0.0,4.099796458225563,-15.0709270738,0.0,0.0,1.7140631892502043,0.0,1.1550104535456598e-05,0.0,0.06555914503120355,-0.006676655641263005,0.21760194543147907,0.0,0.0,0.0
857.0,9.5816690503556,5.81386292382228,0.0,0.0,3.225888013665005e-06,0.0,0.0,4.099799677446001,-15.0709270738,0.0,0.0,1.7140632463762797,0.0,1.1598380353852343e-05,0.0,0.06555916411937043,-0.0066766139211987124,0.21760202615221422,0.0,0.0,0.0
858.0,9.581668679084384,5.813866211454109,0.0,0.0,3.238762364199413e-06,0.0,0.0,4.099802909817386,-15.0709270738,0.0,0.0,1.714063301636723,0.0,1.1644669335125854e-05,0.0,0.06555918327745872,-0.006676572117316759,0.21760210730346108,0.0,0.0,0.0
859.0,9.581668298177592,5.813869509812591,0.0,0.0,3.2510806264521296e-06,0.0,0.0,4.099806154785365,-15.0709270738,0.0,0.0,1.7140633550272257,0.0,1.1688958967884323e-05,0.0,0.06555920250222189,-0.006676530236850095,0.21760218887175864,0.0,0.0,0.0
860.0,9.581667907678831,5.81387281833595,0.0,0.0,3.262839413588545e-06,0.0,0.0,4.099809411792147,-15.0709270738,0.0,0.0,1.7140634065438034,0.0,1.17312370749192e-05,0.0,0.06555922179039457,-0.00667648828706062,0.2176022708435425,0.0,0.0,0.0
861.0,9.581667507633536,5.813876136459398,0.0,0.0,3.274035432533119e-06,0.0,0.0,4.099812680276602,-15.0709270738,0.0,0.0,1.7140634561827959,0.0,1.177149181610694e-05,0.0,0.06555924113869313,-0.006676446275238057,0.21760235320514673,0.0,0.0,0.0
862.0,9.581667098088959,5.813879463615223,0.0,0.0,3.2846654847600204e-06,0.0,0.0,4.0998159596743555,-15.0709270738,0.0,0.0,1.7140635039408672,0.0,1.1809711691251679e-05,0.0,0.06555926054381608,-0.006676404208698805,0.21760243594280654,0.0,0.0,0.0
863.0,9.581666679094162,5.813882799232888,0.0,0.0,3.294726467067413e-06,0.0,0.0,4.099819249417881,-15.0709270738,0.0,0.0,1.7140635498150072,0.0,1.1845885542869128e-05,0.0,0.06555928000244485,-0.006676362094784338,0.2176025190426601,0.0,0.0,0.0
864.0,9.581666250700026,5.813886142739131,0.0,0.0,3.304215372336133e-06,0.0,0.0,4.099822548936596,-15.0709270738,0.0,0.0,1.7140635938025346,0.0,1.1880002558914372e-05,0.0,0.0655592995112441,-0.0066763199408602925,0.21760260249075128,0.0,0.0,0.0
865.0,9.58166581295923,5.813889493558056,0.0,0.0,3.3131292902745376e-06,0.0,0.0,4.0998258576569615,-15.0709270738,0.0,0.0,1.7140636359010948,0.0,1.1912052275459952e-05,0.0,0.06555931906686252,-0.00667627775431498,0.21760268627303153,0.0,0.0,0.0
866.0,9.581665365926252,5.813892851111238,0.0,0.0,3.321465408145967e-06,0.0,0.0,4.099829175002576,-15.0709270738,0.0,0.0,1.7140636761086627,0.0,1.1942024579311453e-05,0.0,0.06555933866593328,-0.00667623554255814,0.2176027703753627,0.0,0.0,0.0
867.0,9.581664909657365,5.813896214817819,0.0,0.0,3.3292210114780835e-06,0.0,0.0,4.099832500394272,-15.0709270738,0.0,0.0,1.7140637144235473,0.0,1.1969909710557943e-05,0.0,0.06555935830507453,-0.006676193313019704,0.21760285478351887,0.0,0.0,0.0
868.0,9.581664444210626,5.813899584094606,0.0,0.0,3.3363934847623826e-06,0.0,0.0,4.0998358332502205,-15.0709270738,0.0,0.0,1.7140637508443852,0.0,1.1995698265087093e-05,0.0,0.0655593779808902,-0.006676151073148465,0.2176029394831892,0.0,0.0,0.0
869.0,9.581663969645874,5.813902958356174,0.0,0.0,3.342980312130092e-06,0.0,0.0,4.099839172986025,-15.0709270738,0.0,0.0,1.7140637853701488,0.0,1.2019381197015413e-05,0.0,0.06555939768997039,-0.00667610883041074,0.2176030244599801,0.0,0.0,0.0
870.0,9.581663486024716,5.813906337014965,0.0,0.0,3.3489790780156673e-06,0.0,0.0,4.099842519014823,-15.0709270738,0.0,0.0,1.7140638180001417,0.0,1.2040949821073912e-05,0.0,0.065559417428892,-0.006676066592289129,0.2176031096994176,0.0,0.0,0.0
871.0,9.581662993410529,5.813909719481392,0.0,0.0,3.3543874678023824e-06,0.0,0.0,4.099845870747387,-15.0709270738,0.0,0.0,1.7140638487340043,0.0,1.2060395814929384e-05,0.0,0.06555943719421936,-0.006676024366281147,0.21760319518694998,0.0,0.0,0.0
872.0,9.581662491868443,5.813913105163937,0.0,0.0,3.3592032684517595e-06,0.0,0.0,4.099849227592228,-15.0709270738,0.0,0.0,1.714063877571709,0.0,1.2077711221447607e-05,0.0,0.0655594569825048,-0.006675982159897953,0.21760328090795011,0.0,0.0,0.0
873.0,9.581661981465338,5.813916493469257,0.0,0.0,3.3634243691145778e-06,0.0,0.0,4.09985258895569,-15.0709270738,0.0,0.0,1.7140639045135675,0.0,1.2092888450890338e-05,0.0,0.06555947679028926,-0.006675939980662876,0.21760336684771786,0.0,0.0,0.0
874.0,9.581661462269837,5.8139198838022885,0.0,0.0,3.3670487617260918e-06,0.0,0.0,4.099855954242062,-15.0709270738,0.0,0.0,1.7140639295602265,0.0,1.2105920283055524e-05,0.0,0.06555949661410286,-0.006675897836110334,0.21760345299148282,0.0,0.0,0.0
875.0,9.581660934352294,5.813923275566345,0.0,0.0,3.3700745415843176e-06,0.0,0.0,4.099859322853675,-15.0709270738,0.0,0.0,1.71406395271267,0.0,1.2116799869356666e-05,0.0,0.06555951645046551,-0.006675855733784319,0.2176035393244066,0.0,0.0,0.0
876.0,9.581660397784786,5.8139266681632265,0.0,0.0,3.3724999079096813e-06,0.0,0.0,4.099862694191006,-15.0709270738,0.0,0.0,1.7140639739722205,0.0,1.212552073483518e-05,0.0,0.06555953629588755,-0.006675813681237097,0.2176036258315855,0.0,0.0,0.0
877.0,9.581659852641101,5.8139300609933215,0.0,0.0,3.3743231643867995e-06,0.0,0.0,4.099866067652786,-15.0709270738,0.0,0.0,1.7140639933405355,0.0,1.2132076780108533e-05,0.0,0.06555955614687031,-0.0066757716860278565,0.2176037124980528,0.0,0.0,0.0
878.0,9.581659298996735,5.813933453455715,0.0,0.0,3.3755427196900017e-06,0.0,0.0,4.0998694426361,-15.0709270738,0.0,0.0,1.714064010819615,0.0,1.213646228325992e-05,0.0,0.06555957599990678,-0.006675729755721421,0.21760379930878182,0.0,0.0,0.0
879.0,9.581658736928876,5.813936844948292,0.0,0.0,3.376157087990679e-06,0.0,0.0,4.099872818536495,-15.0709270738,0.0,0.0,1.7140640264117968,0.0,1.213867190166264e-05,0.0,0.06555959585148216,-0.006675687897886778,0.2176038862486881,0.0,0.0,0.0
880.0,9.581658166516394,5.813940234867842,0.0,0.0,3.376164889446926e-06,0.0,0.0,4.099876194748085,-15.0709270738,0.0,0.0,1.7140640401197569,0.0,1.2138700673740802e-05,0.0,0.0655596156980745,-0.006675646120095857,0.21760397330263198,0.0,0.0,0.0
881.0,9.581657587839835,5.813943622610169,0.0,0.0,3.3755648506724257e-06,0.0,0.0,4.099879570663659,-15.0709270738,0.0,0.0,1.7140640519465098,0.0,1.2136544020655408e-05,0.0,0.06555963553615539,-0.006675604429922086,0.21760406045542158,0.0,0.0,0.0
882.0,9.581657000981403,5.813947007570196,0.0,0.0,3.374355805190212e-06,0.0,0.0,4.099882945674783,-15.0709270738,0.0,0.0,1.7140640618954128,0.0,1.2132197747936107e-05,0.0,0.06555965536219045,-0.006675562834939031,0.21760414769181502,0.0,0.0,0.0
883.0,9.581656406024956,5.813950389142073,0.0,0.0,3.3725366938683552e-06,0.0,0.0,4.099886319171913,-15.0709270738,0.0,0.0,1.7140640699701608,0.0,1.2125658047047928e-05,0.0,0.06555967517264007,-0.006675521342719107,0.2176042349965232,0.0,0.0,0.0
884.0,9.58165580305599,5.813953766719286,0.0,0.0,3.3701065653345104e-06,0.0,0.0,4.099889690544497,-15.0709270738,0.0,0.0,1.7140640761747887,0.0,1.2116921496882063e-05,0.0,0.06555969496395994,-0.0066754799608320925,0.21760432235421273,0.0,0.0,0.0
885.0,9.581655192161623,5.81395713969476,0.0,0.0,3.3670645763736743e-06,0.0,0.0,4.099893059181089,-15.0709270738,0.0,0.0,1.7140640805136709,0.0,1.210598506518627e-05,0.0,0.06555971473260182,-0.006675438696843852,0.21760440974950807,0.0,0.0,0.0
886.0,9.581654573430594,5.8139605074609735,0.0,0.0,3.3634099923072698e-06,0.0,0.0,4.099896424469451,-15.0709270738,0.0,0.0,1.7140640829915226,0.0,1.2092846109928152e-05,0.0,0.06555973447501401,-0.006675397558314949,0.2176044971669947,0.0,0.0,0.0
887.0,9.58165394695324,5.813963869410063,0.0,0.0,3.3591421873534592e-06,0.0,0.0,4.099899785796666,-15.0709270738,0.0,0.0,1.7140640836133976,0.0,1.2077502380590975e-05,0.0,0.06555975418764207,-0.0066753565527992165,0.21760458459122162,0.0,0.0,0.0
888.0,9.58165331282149,5.8139672249339345,0.0,0.0,3.354260644967815e-06,0.0,0.0,4.099903142549246,-15.0709270738,0.0,0.0,1.7140640823846889,0.0,1.205995201939885e-05,0.0,0.06555977386692946,-0.006675315687842423,0.21760467200670403,0.0,0.0,0.0
889.0,9.581652671128847,5.81397057342437,0.0,0.0,3.348764958165419e-06,0.0,0.0,4.09990649411324,-15.0709270738,0.0,0.0,1.7140640793111297,0.0,1.2040193562475183e-05,0.0,0.06555979350931816,-0.006675274970980985,0.21760475939792595,0.0,0.0,0.0
890.0,9.581652021970372,5.813973914273138,0.0,0.0,3.342654829824924e-06,0.0,0.0,4.099909839874347,-15.0709270738,0.0,0.0,1.7140640743987907,0.0,1.2018225940936254e-05,0.0,0.06555981311124928,-0.006675234409740355,0.21760484674934338,0.0,0.0,0.0
891.0,9.581651365442681,5.813977246872105,0.0,0.0,3.335930072970763e-06,0.0,0.0,4.099913179218023,-15.0709270738,0.0,0.0,1.7140640676540828,0.0,1.1994048481906255e-05,0.0,0.06555983266916375,-0.006675194011633856,0.2176049340453865,0.0,0.0,0.0
892.0,9.581650701643921,5.813980570613343,0.0,0.0,3.3285906110394625e-06,0.0,0.0,4.099916511529591,-15.0709270738,0.0,0.0,1.7140640590837526,0.0,1.196766090947519e-05,0.0,0.06555985217950294,-0.006675153784161253,0.21760502127046275,0.0,0.0,0.0
893.0,9.58165003067376,5.813983884889239,0.0,0.0,3.320636478124324e-06,0.0,0.0,4.099919836194354,-15.0709270738,0.0,0.0,1.714064048694885,0.0,1.1939063345578998e-05,0.0,0.06555987163870926,-0.006675113734807295,0.21760510840895952,0.0,0.0,0.0
894.0,9.581649352633368,5.813987189092607,0.0,0.0,3.312067819201163e-06,0.0,0.0,4.099923152597704,-15.0709270738,0.0,0.0,1.7140640364949036,0.0,1.1908256310811588e-05,0.0,0.0655598910432269,-0.006675073871040438,0.21760519544524703,0.0,0.0,0.0
895.0,9.581648667625407,5.813990482616799,0.0,0.0,3.3028848903353062e-06,0.0,0.0,4.099926460125234,-15.0709270738,0.0,0.0,1.7140640224915655,0.0,1.18752407251695e-05,0.0,0.06555991038950239,-0.006675034200311375,0.21760528236368074,0.0,0.0,0.0
896.0,9.581647975754011,5.813993764855813,0.0,0.0,3.2930880588677386e-06,0.0,0.0,4.099929758162848,-15.0709270738,0.0,0.0,1.7140640066929649,0.0,1.1840017908721605e-05,0.0,0.06555992967398527,-0.006674994730051717,0.2176053691486047,0.0,0.0,0.0
897.0,9.581647277124777,5.813997035204405,0.0,0.0,3.2826778035821657e-06,0.0,0.0,4.099933046096876,-15.0709270738,0.0,0.0,1.7140639891075296,0.0,1.18025895822102e-05,0.0,0.06555994889312876,-0.006674955467672536,0.21760545578435386,0.0,0.0,0.0
898.0,9.58164657184474,5.8140002930582,0.0,0.0,3.271654714853189e-06,0.0,0.0,4.099936323314177,-15.0709270738,0.0,0.0,1.7140639697440232,0.0,1.1762957867584211e-05,0.0,0.06555996804339036,-0.006674916420563157,0.21760554225525702,0.0,0.0,0.0
899.0,9.581645860022363,5.814003537813802,0.0,0.0,3.2600194947723677e-06,0.0,0.0,4.09993958920226,-15.0709270738,0.0,0.0,1.7140639486115417,0.0,1.1721125288452893e-05,0.0,0.06555998712123254,-0.006674877596089535,0.21760562854563997,0.0,0.0,0.0
900.0,9.581645141767519,5.8140067688689046,0.0,0.0,3.247772957257392e-06,0.0,0.0,4.0999428431493925,-15.0709270738,0.0,0.0,1.714063925719512,0.0,1.1677094770478808e-05,0.0,0.06556000612312338,-0.0066748390015931025,0.21760571463982764,0.0,0.0,0.0
901.0,9.581644417191475,5.814009985622405,0.0,0.0,3.234916028139217e-06,0.0,0.0,4.09994608454471,-15.0709270738,0.0,0.0,1.7140639010776946,0.0,1.1630869641691589e-05,0.0,0.0655600250455372,-0.006674800644389217,0.2176058005221476,0.0,0.0,0.0
902.0,9.581643686406872,5.814013187474508,0.0,0.0,3.221449745230254e-06,0.0,0.0,4.09994931277833,-15.0709270738,0.0,0.0,1.714063874696178,0.0,1.1582453632733603e-05,0.0,0.06556004388495523,-0.006674762531765938,0.21760588617693252,0.0,0.0,0.0
903.0,9.581642949527712,5.8140163738268456,0.0,0.0,3.207375258371564e-06,0.0,0.0,4.099952527241465,-15.0709270738,0.0,0.0,1.7140638465853808,0.0,1.1531850877030096e-05,0.0,0.06556006263786625,-0.006674724670982568,0.21760597158852302,0.0,0.0,0.0
904.0,9.581642206669335,5.814019544082581,0.0,0.0,3.1926938294606782e-06,0.0,0.0,4.099955727326532,-15.0709270738,0.0,0.0,1.714063816756049,0.0,1.1479065910889747e-05,0.0,0.06556008130076721,-0.006674687069268298,0.2176060567412707,0.0,0.0,0.0
905.0,9.581641457948402,5.814022697646522,0.0,0.0,3.177406832459099e-06,0.0,0.0,4.099958912427267,-15.0709270738,0.0,0.0,1.7140637852192553,0.0,1.1424103673532117e-05,0.0,0.06556009987016395,-0.006674649733820787,0.21760614161954073,0.0,0.0,0.0
906.0,9.581640703482885,5.814025833925234,0.0,0.0,3.161515753379512e-06,0.0,0.0,4.099962081938835,-15.0709270738,0.0,0.0,1.7140637519863988,0.0,1.1366969507042186e-05,0.0,0.06556011834257178,-0.006674612671804969,0.21760622620771491,0.0,0.0,0.0
907.0,9.581639943392034,5.814028952327144,0.0,0.0,3.1450221902532398e-06,0.0,0.0,4.099965235257944,-15.0709270738,0.0,0.0,1.7140637170692,0.0,1.1307669156253864e-05,0.0,0.06556013671451616,-0.0066745758903515445,0.2176063104901944,0.0,0.0,0.0
908.0,9.581639177796372,5.814032052262659,0.0,0.0,3.127927853076032e-06,0.0,0.0,4.099968371782956,-15.0709270738,0.0,0.0,1.7140636804797031,0.0,1.1246208768555588e-05,0.0,0.06556015498253336,-0.006674539396555587,0.21760639445140262,0.0,0.0,0.0
909.0,9.581638406817667,5.814035133144273,0.0,0.0,3.110234563735756e-06,0.0,0.0,4.099971490913998,-15.0709270738,0.0,0.0,1.7140636422302746,0.0,1.1182594893630885e-05,0.0,0.06556017314317103,-0.006674503197475284,0.2176064780757882,0.0,0.0,0.0
910.0,9.581637630578918,5.814038194386675,0.0,0.0,3.0919442559177565e-06,0.0,0.0,4.099974592053076,-15.0709270738,0.0,0.0,1.7140636023335984,0.0,1.1116834483118623e-05,0.0,0.06556019119298896,-0.006674467300130674,0.21760656134782747,0.0,0.0,0.0
911.0,9.581636849204331,5.814041235406862,0.0,0.0,3.073058974991019e-06,0.0,0.0,4.099977674604185,-15.0709270738,0.0,0.0,1.7140635608026766,0.0,1.1048934890204267e-05,0.0,0.06556020912855966,-0.00667443171150206,0.21760664425202786,0.0,0.0,0.0
912.0,9.581636062819301,5.814044255624249,0.0,0.0,3.0535808778749023e-06,0.0,0.0,4.09998073797342,-15.0709270738,0.0,0.0,1.7140635176508292,0.0,1.0978903869141274e-05,0.0,0.065560226946469,-0.006674396438528851,0.2176067267729303,0.0,0.0,0.0
913.0,9.581635271550395,5.814047254460778,0.0,0.0,3.0335122328811393e-06,0.0,0.0,4.09998378156909,-15.0709270738,0.0,0.0,1.714063472891688,0.0,1.0906749574683558e-05,0.0,0.06556024464331689,-0.006674361488108196,0.21760680889511227,0.0,0.0,0.0
914.0,9.581634475525323,5.814050231341028,0.0,0.0,3.01285541954147e-06,0.0,0.0,4.099986804801828,-15.0709270738,0.0,0.0,1.7140634265391999,0.0,1.0832480561466327e-05,0.0,0.06556026221571785,-0.006674326867093572,0.2176068906031908,0.0,0.0,0.0
915.0,9.58163367487293,5.814053185692322,0.0,0.0,2.991612928409781e-06,0.0,0.0,4.099989807084702,-15.0709270738,0.0,0.0,1.7140633786076203,0.0,1.0756105783295223e-05,0.0,0.0655602796603018,-0.006674292582293531,0.21760697188182498,0.0,0.0,0.0
916.0,9.581632869723162,5.81405611694484,0.0,0.0,2.969787360847212e-06,0.0,0.0,4.099992787833325,-15.0709270738,0.0,0.0,1.7140633291115153,0.0,1.0677634592374278e-05,0.0,0.06556029697371449,-0.006674258640470415,0.21760705271571912,0.0,0.0,0.0
917.0,9.581632060207056,5.8140590245317245,0.0,0.0,2.9473814287854214e-06,0.0,0.0,4.099995746465968,-15.0709270738,0.0,0.0,1.7140632780657565,0.0,1.0597076738455304e-05,0.0,0.06556031415261833,-0.006674225048338922,0.21760713308962537,0.0,0.0,0.0
918.0,9.581631246456713,5.814061907889188,0.0,0.0,2.924397954469209e-06,0.0,0.0,4.099998682403668,-15.0709270738,0.0,0.0,1.7140632254855204,0.0,1.051444236791308e-05,0.0,0.0655603311936929,-0.0066741918125649,0.2176072129883468,0.0,0.0,0.0
919.0,9.581630428605273,5.814064766456627,0.0,0.0,2.900839870178341e-06,0.0,0.0,4.1000015950703395,-15.0709270738,0.0,0.0,1.7140631713862877,0.0,1.0429742022745758e-05,0.0,0.06556034809363565,-0.006674158939763947,0.21760729239674004,0.0,0.0,0.0
920.0,9.581629606786901,5.814067599676723,0.0,0.0,2.876710217930825e-06,0.0,0.0,4.100004483892884,-15.0709270738,0.0,0.0,1.7140631157838389,0.0,1.0342986639508597e-05,0.0,0.06556036484916253,-0.006674126436500227,0.21760737129971824,0.0,0.0,0.0
921.0,9.58162878113676,5.814070406995553,0.0,0.0,2.852012149165157e-06,0.0,0.0,4.100007348301301,-15.0709270738,0.0,0.0,1.7140630586942516,0.0,1.0254187548172066e-05,0.0,0.06556038145700854,-0.006674094309285131,0.21760744968225393,0.0,0.0,0.0
922.0,9.581627951790994,5.814073187862696,0.0,0.0,2.82674892439874e-06,0.0,0.0,4.100010187728795,-15.0709270738,0.0,0.0,1.7140630001339003,0.0,1.016335647089429e-05,0.0,0.06556039791392851,-0.006674062564575936,0.21760752752938173,0.0,0.0,0.0
923.0,9.581627118886695,5.81407594173134,0.0,0.0,2.8009239128727824e-06,0.0,0.0,4.100013001611886,-15.0709270738,0.0,0.0,1.7140629401194536,0.0,1.0070505520744885e-05,0.0,0.06556041421669759,-0.00667403120877455,0.21760760482620126,0.0,0.0,0.0
924.0,9.58162628256189,5.8140786680583885,0.0,0.0,2.774540592168816e-06,0.0,0.0,4.1000157893905165,-15.0709270738,0.0,0.0,1.714062878667872,0.0,9.975647200326748e-06,0.0,0.06556043036211191,-0.006674000248226342,0.21760768155788002,0.0,0.0,0.0
925.0,9.581625442955517,5.814081366304565,0.0,0.0,2.747602547811723e-06,0.0,0.0,4.100018550508161,-15.0709270738,0.0,0.0,1.714062815796404,0.0,9.878794400349355e-06,0.0,0.06556044634698928,-0.0066739696892187395,0.21760775770965612,0.0,0.0,0.0
926.0,9.581624600207395,5.814084035934519,0.0,0.0,2.7201134728495365e-06,0.0,0.0,4.100021284411934,-15.0709270738,0.0,0.0,1.7140627515225848,0.0,9.779960398118523e-06,0.0,0.06556046216816966,-0.006673939537980039,0.21760783326684102,0.0,0.0,0.0
927.0,9.581623754458208,5.814086676416928,0.0,0.0,2.6920771674115575e-06,0.0,0.0,4.100023990552695,-15.0709270738,0.0,0.0,1.7140626858642332,0.0,9.679158855948237e-06,0.0,0.06556047782251592,-0.006673909800678224,0.21760790821482257,0.0,0.0,0.0
928.0,9.58162290584948,5.814089287224609,0.0,0.0,2.6634975382489745e-06,0.0,0.0,4.100026668385159,-15.0709270738,0.0,0.0,1.7140626188394492,0.0,9.576403819509552e-06,0.0,0.06556049330691437,-0.006673880483419589,0.21760798253906743,0.0,0.0,0.0
929.0,9.581622054523548,5.814091867834613,0.0,0.0,2.634378598253476e-06,0.0,0.0,4.1000293173680005,-15.0709270738,0.0,0.0,1.714062550466613,0.0,9.471709716100367e-06,0.0,0.06556050861827539,-0.006673851592247579,0.21760805622512439,0.0,0.0,0.0
930.0,9.581621200623541,5.814094417728336,0.0,0.0,2.604724465956936e-06,0.0,0.0,4.1000319369639575,-15.0709270738,0.0,0.0,1.7140624807643787,0.0,9.36509135284715e-06,0.0,0.06556052375353409,-0.00667382313314159,0.2176081292586266,0.0,0.0,0.0
931.0,9.581620344293356,5.814096936391616,0.0,0.0,2.5745393650105477e-06,0.0,0.0,4.100034526639941,-15.0709270738,0.0,0.0,1.7140624097516746,0.0,9.256563914832765e-06,0.0,0.0655605387096508,-0.006673795112015754,0.21760820162529468,0.0,0.0,0.0
932.0,9.58161948567763,5.814099423314837,0.0,0.0,2.543827623643227e-06,0.0,0.0,4.1000370858671396,-15.0709270738,0.0,0.0,1.7140623374476975,0.0,9.14614296314977e-06,0.0,0.06556055348361177,-0.006673767534717684,0.2176082733109393,0.0,0.0,0.0
933.0,9.581618624921719,5.814101877993033,0.0,0.0,2.512593674100741e-06,0.0,0.0,4.100039614121118,-15.0709270738,0.0,0.0,1.7140622638719147,0.0,9.033844432884397e-06,0.0,0.06556056807242974,-0.006673740407027354,0.21760834430146403,0.0,0.0,0.0
934.0,9.581617762171673,5.814104299925984,0.0,0.0,2.480842052064648e-06,0.0,0.0,4.100042110881929,-15.0709270738,0.0,0.0,1.7140621890440553,0.0,8.919684631027955e-06,0.0,0.0655605824731445,-0.006673713734655792,0.21760841458286814,0.0,0.0,0.0
935.0,9.58161689757421,5.8141066886183195,0.0,0.0,2.448577396052347e-06,0.0,0.0,4.100044575634209,-15.0709270738,0.0,0.0,1.7140621129841103,0.0,8.803680234320288e-06,0.0,0.06556059668282356,-0.006673687523244071,0.21760848414124911,0.0,0.0,0.0
936.0,9.581616031276695,5.814109043579617,0.0,0.0,2.415804446795287e-06,0.0,0.0,4.100047007867288,-15.0709270738,0.0,0.0,1.7140620357123293,0.0,8.685848287014738e-06,0.0,0.06556061069856264,-0.006673661778362039,0.2176085529628055,0.0,0.0,0.0
937.0,9.581615163427106,5.814111364324503,0.0,0.0,2.382528046598973e-06,0.0,0.0,4.100049407075285,-15.0709270738,0.0,0.0,1.7140619572492177,0.0,8.566206198577624e-06,0.0,0.06556062451748633,-0.006673636505507147,0.21760862103383963,0.0,0.0,0.0
938.0,9.581614294174015,5.814113650372744,0.0,0.0,2.348753138683099e-06,0.0,0.0,4.100051772757211,-15.0709270738,0.0,0.0,1.7140618776155332,0.0,8.44477174131627e-06,0.0,0.06556063813674859,-0.0066736117101034165,0.21760868834076022,0.0,0.0,0.0
939.0,9.581613423666564,5.8141159012493535,0.0,0.0,2.314484766502614e-06,0.0,0.0,4.100054104417072,-15.0709270738,0.0,0.0,1.714061796832281,0.0,8.321563047938487e-06,0.0,0.06556065155353345,-0.00667358739750018,0.21760875487008519,0.0,0.0,0.0
940.0,9.581612552054434,5.814118116484681,0.0,0.0,2.2797280730481035e-06,0.0,0.0,4.100056401563969,-15.0709270738,0.0,0.0,1.714061714920712,0.0,8.196598609037662e-06,0.0,0.06556066476505543,-0.006673563572971039,0.21760882060844405,0.0,0.0,0.0
941.0,9.581611679487823,5.814120295614512,0.0,0.0,2.24448830012696e-06,0.0,0.0,4.100058663712192,-15.0709270738,0.0,0.0,1.7140616319023207,0.0,8.069897270508773e-06,0.0,0.06556067776856023,-0.00667354024171278,0.2176088855425809,0.0,0.0,0.0
942.0,9.581610806117418,5.814122438180163,0.0,0.0,2.2087707876255994e-06,0.0,0.0,4.1000608903813225,-15.0709270738,0.0,0.0,1.7140615477988401,0.0,7.941478230896267e-06,0.0,0.06556069056132521,-0.006673517408844129,0.21760894965935668,0.0,0.0,0.0
943.0,9.58160993209437,5.814124543728571,0.0,0.0,2.172580972752461e-06,0.0,0.0,4.100063081096332,-15.0709270738,0.0,0.0,1.7140614626322392,0.0,7.8113610386728e-06,0.0,0.06556070314065998,-0.006673495079404887,0.2176090129457523,0.0,0.0,0.0
944.0,9.581609057570269,5.814126611812395,0.0,0.0,2.1359243892636716e-06,0.0,0.0,4.100065235387677,-15.0709270738,0.0,0.0,1.7140613764247181,0.0,7.679565589455679e-06,0.0,0.06556071550390699,-0.0066734732583546424,0.21760907538887053,0.0,0.0,0.0
945.0,9.581608182697112,5.814128641990101,0.0,0.0,2.0988066666651178e-06,0.0,0.0,4.100067352791396,-15.0709270738,0.0,0.0,1.714061289198705,0.0,7.546112123138457e-06,0.0,0.065560727648442,-0.006673451950571813,0.21760913697593925,0.0,0.0,0.0
946.0,9.581607307627284,5.814130633826059,0.0,0.0,2.0612335293988e-06,0.0,0.0,4.100069432849205,-15.0709270738,0.0,0.0,1.7140612009768539,0.0,7.411021220965996e-06,0.0,0.06556073957167464,-0.006673431160852672,0.2176091976943136,0.0,0.0,0.0
947.0,9.581606432513524,5.81413258689063,0.0,0.0,2.023210796011499e-06,0.0,0.0,4.100071475108589,-15.0709270738,0.0,0.0,1.7140611117820415,0.0,7.274313802545945e-06,0.0,0.06556075127104904,-0.006673410893910103,0.21760925753147875,0.0,0.0,0.0
948.0,9.581605557508908,5.814134500760261,0.0,0.0,1.9847443783014587e-06,0.0,0.0,4.1000734791229005,-15.0709270738,0.0,0.0,1.7140610216373604,0.0,7.136011122781151e-06,0.0,0.06556076274404427,-0.006673391154372765,0.21760931647505227,0.0,0.0,0.0
949.0,9.581604682766809,5.814136375017568,0.0,0.0,1.945840280449784e-06,0.0,0.0,4.100075444451451,-15.0709270738,0.0,0.0,1.7140609305661165,0.0,6.9961347687471175e-06,0.0,0.06556077398817484,-0.00667337194678401,0.21760937451278678,0.0,0.0,0.0
950.0,9.581603808440882,5.814138209251428,0.0,0.0,1.9065045981288628e-06,0.0,0.0,4.1000773706596,-15.0709270738,0.0,0.0,1.7140608385918288,0.0,6.854706656486836e-06,0.0,0.06556078500099133,-0.0066733532756008546,0.2176094316325723,0.0,0.0,0.0
951.0,9.58160293468503,5.814140003057068,0.0,0.0,1.866743517598909e-06,0.0,0.0,4.100079257318847,-15.0709270738,0.0,0.0,1.7140607457382204,0.0,6.711749027762903e-06,0.0,0.06556079578008082,-0.00667333514519311,0.21760948782243883,0.0,0.0,0.0
952.0,9.581602061653378,5.814141756036145,0.0,0.0,1.8265633147806185e-06,0.0,0.0,4.100081104006926,-15.0709270738,0.0,0.0,1.714060652029219,0.0,6.567284446723737e-06,0.0,0.06556080632306747,-0.006673317559842198,0.21760954307055877,0.0,0.0,0.0
953.0,9.581601189500248,5.814143467796838,0.0,0.0,1.7859703543104217e-06,0.0,0.0,4.10008291030789,-15.0709270738,0.0,0.0,1.7140605574889483,0.0,6.421335796507212e-06,0.0,0.06556081662761296,-0.006673300523740475,0.21760959736524932,0.0,0.0,0.0
954.0,9.581600318380127,5.814145137953928,0.0,0.0,1.7449710885821018e-06,0.0,0.0,4.100084675812199,-15.0709270738,0.0,0.0,1.7140604621417292,0.0,6.273926275795271e-06,0.0,0.06556082669141701,-0.006673284040990032,0.21760965069497498,0.0,0.0,0.0
955.0,9.581599448447648,5.814146766128884,0.0,0.0,1.7035720567647455e-06,0.0,0.0,4.100086400116811,-15.0709270738,0.0,0.0,1.714060366012073,0.0,6.125079395283401e-06,0.0,0.06556083651221789,-0.006673268115601885,0.2176097030483498,0.0,0.0,0.0
956.0,9.58159857985755,5.8141483519499415,0.0,0.0,1.6617798838073235e-06,0.0,0.0,4.100088082825264,-15.0709270738,0.0,0.0,1.7140602691246771,0.0,5.974818974102066e-06,0.0,0.0655608460877929,-0.006673252751495121,0.21760975441413985,0.0,0.0,0.0
957.0,9.581597712764664,5.814149895052189,0.0,0.0,1.619601279423873e-06,0.0,0.0,4.100089723547767,-15.0709270738,0.0,0.0,1.7140601715044221,0.0,5.823169136168349e-06,0.0,0.0655608554159589,-0.006673237952495872,0.21760980478126557,0.0,0.0,0.0
958.0,9.58159684732387,5.814151395077644,0.0,0.0,1.5770430370621276e-06,0.0,0.0,4.100091321901276,-15.0709270738,0.0,0.0,1.714060073176368,0.0,5.670154306478086e-06,0.0,0.06556086449457264,-0.006673223722336488,0.21760985413880402,0.0,0.0,0.0
959.0,9.581595983690088,5.814152851675334,0.0,0.0,1.5341120328534758e-06,0.0,0.0,4.100092877509586,-15.0709270738,0.0,0.0,1.7140599741657478,0.0,5.51579920733085e-06,0.0,0.06556087332153146,-0.006673210064654669,0.2176099024759911,0.0,0.0,0.0
960.0,9.58159512201823,5.814154264501372,0.0,0.0,1.4908152245459245e-06,0.0,0.0,4.100094390003406,-15.0709270738,0.0,0.0,1.7140598744979663,0.0,5.360128854493815e-06,0.0,0.06556088189477352,-0.006673196982992638,0.2176099497822242,0.0,0.0,0.0
961.0,9.581594262463188,5.8141556332190385,0.0,0.0,1.4471596504226022e-06,0.0,0.0,4.1000958590204455,-15.0709270738,0.0,0.0,1.714059774198593,0.0,5.2031685533136175e-06,0.0,0.0655608902122784,-0.006673184480796221,0.217609996047064,0.0,0.0,0.0
962.0,9.581593405179799,5.814156957498851,0.0,0.0,1.4031524282012137e-06,0.0,0.0,4.10009728420549,-15.0709270738,0.0,0.0,1.7140596732933613,0.0,5.044943894759719e-06,0.0,0.06556089827206754,-0.006673172561414073,0.21761004126023692,0.0,0.0,0.0
963.0,9.581592550322814,5.814158237018645,0.0,0.0,1.358800753917289e-06,0.0,0.0,4.100098665210484,-15.0709270738,0.0,0.0,1.7140595718081606,0.0,4.885480751409484e-06,0.0,0.0655609060722046,-0.006673161228096955,0.2176100854116373,0.0,0.0,0.0
964.0,9.581591698046878,5.814159471463639,0.0,0.0,1.3141119007891995e-06,0.0,0.0,4.100100001694605,-15.0709270738,0.0,0.0,1.7140594697690341,0.0,4.724805273367685e-06,0.0,0.06556091361079602,-0.006673150483996776,0.21761012849132944,0.0,0.0,0.0
965.0,9.581590848506497,5.8141606605265155,0.0,0.0,1.2690932180722547e-06,0.0,0.0,4.100101293324342,-15.0709270738,0.0,0.0,1.7140593672021733,0.0,4.562943884146749e-06,0.0,0.06556092088599133,-0.006673140332165942,0.21761017048955014,0.0,0.0,0.0
966.0,9.581590001856009,5.814161803907488,0.0,0.0,1.2237521298904264e-06,0.0,0.0,4.100102539773572,-15.0709270738,0.0,0.0,1.7140592641339154,0.0,4.399923276466526e-06,0.0,0.06556092789598367,-0.006673130775556507,0.21761021139671016,0.0,0.0,0.0
967.0,9.581589158249558,5.8141629013143685,0.0,0.0,1.1780961340556413e-06,0.0,0.0,4.1001037407236325,-15.0709270738,0.0,0.0,1.714059160590736,0.0,4.235770408009366e-06,0.0,0.06556093463901011,-0.0066731218170195394,0.2176102512033971,0.0,0.0,0.0
968.0,9.581588317841065,5.814163952462643,0.0,0.0,1.1321328008709425e-06,0.0,0.0,4.100104895863394,-15.0709270738,0.0,0.0,1.7140590565992486,0.0,4.070512497117173e-06,0.0,0.06556094111335223,-0.006673113459304325,0.2176102899003768,0.0,0.0,0.0
969.0,9.5815874807842,5.81416495707553,0.0,0.0,1.085869771917945e-06,0.0,0.0,4.1001060048893345,-15.0709270738,0.0,0.0,1.7140589521861953,0.0,3.904177018431976e-06,0.0,0.06556094731733628,-0.00667310570505765,0.2176103274785957,0.0,0.0,0.0
970.0,9.581586647232355,5.814165914884055,0.0,0.0,1.039314758826898e-06,0.0,0.0,4.100107067505609,-15.0709270738,0.0,0.0,1.7140588473784462,0.0,3.7367916984739426e-06,0.0,0.06556095324933381,-0.00667309855682309,0.21761036392918282,0.0,0.0,0.0
971.0,9.58158581733861,5.814166825627109,0.0,0.0,9.924755420349554e-07,0.0,0.0,4.100108083424117,-15.0709270738,0.0,0.0,1.714058742202992,0.0,3.56838451117699e-06,0.0,0.0655609589077619,-0.006673092017040472,0.21761039924345174,0.0,0.0,0.0
972.0,9.581584991255715,5.814167689051517,0.0,0.0,9.453599695268701e-07,0.0,0.0,4.100109052364574,-15.0709270738,0.0,0.0,1.7140586366869428,0.0,3.3989836733611778e-06,0.0,0.06556096429108357,-0.006673086088045024,0.21761043341290248,0.0,0.0,0.0
973.0,9.581584169136052,5.814168504912095,0.0,0.0,8.979759555621712e-07,0.0,0.0,4.100109974054575,-15.0709270738,0.0,0.0,1.7140585308575202,0.0,3.228617640156487e-06,0.0,0.06556096939780827,-0.006673080772066894,0.21761046642922352,0.0,0.0,0.0
974.0,9.581583351131613,5.814169272971715,0.0,0.0,8.503314793870224e-07,0.0,0.0,4.100110848229663,-15.0709270738,0.0,0.0,1.7140584247420518,0.0,3.0573151003715087e-06,0.0,0.0655609742264921,-0.006673076071230424,0.21761049828429357,0.0,0.0,0.0
975.0,9.581582537393968,5.814169993001366,0.0,0.0,8.024345839320161e-07,0.0,0.0,4.100111674633393,-15.0709270738,0.0,0.0,1.7140583183679734,0.0,2.8851049718115385e-06,0.0,0.06556097877573819,-0.006673071987553597,0.21761052897018365,0.0,0.0,0.0
976.0,9.581581728074239,5.814170664780207,0.0,0.0,7.542933744960725e-07,0.0,0.0,4.100112453017392,-15.0709270738,0.0,0.0,1.714058211762815,0.0,2.7120163965467104e-06,0.0,0.06556098304419714,-0.0066730685229474535,0.21761055847915867,0.0,0.0,0.0
977.0,9.58158092332307,5.8141712880956264,0.0,0.0,7.059160174150604e-07,0.0,0.0,4.100113183141425,-15.0709270738,0.0,0.0,1.7140581049542014,0.0,2.5380787361251676e-06,0.0,0.06556098703056729,-0.00667306567921544,0.21761058680367937,0.0,0.0,0.0
978.0,9.581580123290603,5.8141718627433,0.0,0.0,6.573107387182233e-07,0.0,0.0,4.100113864773452,-15.0709270738,0.0,0.0,1.7140579979698476,0.0,2.36332156674238e-06,0.0,0.06556099073359507,-0.006673063458053047,0.21761061393640407,0.0,0.0,0.0
979.0,9.581579328126443,5.8141723885272425,0.0,0.0,6.084858227701163e-07,0.0,0.0,4.100114497689689,-15.0709270738,0.0,0.0,1.7140578908375534,0.0,2.187774674358348e-06,0.0,0.06556099415207531,-0.006673061861046992,0.21761063987019033,0.0,0.0,0.0
980.0,9.581578537979635,5.81417286525986,0.0,0.0,5.594496108985805e-07,0.0,0.0,4.100115081674665,-15.0709270738,0.0,0.0,1.7140577835851953,0.0,2.011468049764585e-06,0.0,0.0655609972848516,-0.0066730608896750365,0.21761066459809691,0.0,0.0,0.0
981.0,9.581577752998635,5.814173292762004,0.0,0.0,5.102105000106393e-07,0.0,0.0,4.100115616521277,-15.0709270738,0.0,0.0,1.714057676240727,0.0,1.834431883607659e-06,0.0,0.06556100013081659,-0.006673060545305226,0.21761068811338516,0.0,0.0,0.0
982.0,9.581576973331282,5.814173670863019,0.0,0.0,4.607769411979173e-07,0.0,0.0,4.1001161020308485,-15.0709270738,0.0,0.0,1.7140575688321702,0.0,1.6566965613750453e-06,0.0,0.06556100268891224,-0.006673060829195471,0.21761071040952062,0.0,0.0,0.0
983.0,9.58157619912477,5.814173999400791,0.0,0.0,4.1115743832189683e-07,0.0,0.0,4.100116538013178,-15.0709270738,0.0,0.0,1.714057461387613,0.0,1.4782926583084726e-06,0.0,0.06556100495813016,-0.0066730617424932415,0.21761073148017507,0.0,0.0,0.0
984.0,9.581575430525618,5.814174278221796,0.0,0.0,3.613605465934571e-07,0.0,0.0,4.100116924286595,-15.0709270738,0.0,0.0,1.7140573539352015,0.0,1.2992509342966878e-06,0.0,0.06556100693751193,-0.006673063286234918,0.21761075131922752,0.0,0.0,0.0
985.0,9.581574667679646,5.814174507181147,0.0,0.0,3.113948711402244e-07,0.0,0.0,4.100117260678009,-15.0709270738,0.0,0.0,1.7140572465031383,0.0,1.1196023287243875e-06,0.0,0.06556100862614933,-0.006673065461345551,0.21761076992076617,0.0,0.0,0.0
986.0,9.581573910731946,5.814174686142635,0.0,0.0,2.6126906555730915e-07,0.0,0.0,4.100117547022959,-15.0709270738,0.0,0.0,1.7140571391196753,0.0,9.393779552613948e-07,0.0,0.06556101002318457,-0.00667306826863831,0.2176107872790897,0.0,0.0,0.0
987.0,9.58157315982685,5.814174814978772,0.0,0.0,2.1099183044925384e-07,0.0,0.0,4.100117783165663,-15.0709270738,0.0,0.0,1.714057031813109,0.0,7.586090966202202e-07,0.0,0.06556101112781063,-0.006673071708814218,0.21761080338870892,0.0,0.0,0.0
988.0,9.581572415107907,5.8141748935708355,0.0,0.0,1.6057191196016654e-07,0.0,0.0,4.100117968959059,-15.0709270738,0.0,0.0,1.7140569246117767,0.0,5.773271992711271e-07,0.0,0.0655610119392715,-0.0066730757824616516,0.217610818244348,0.0,0.0,0.0
989.0,9.581571676717857,5.814174921808905,0.0,0.0,1.100181002929024e-07,0.0,0.0,4.100118104264856,-15.0709270738,0.0,0.0,1.7140568175440496,0.0,3.955638681178019e-07,0.0,0.06556101245686236,-0.006673080490056257,0.21761083184094598,0.0,0.0,0.0
990.0,9.581570944798601,5.814174899591903,0.0,0.0,5.933922821526418e-08,0.0,0.0,4.100118188953572,-15.0709270738,0.0,0.0,1.7140567106383306,0.0,2.1335086112633482e-07,0.0,0.06556101267992986,-0.0066730858319603015,0.21761084417365822,0.0,0.0,0.0
991.0,9.581570219491171,5.814174826827628,0.0,0.0,8.544169559014532e-09,0.0,0.0,4.100118222904582,-15.0709270738,0.0,0.0,1.714056603923046,0.0,3.0720083928339875e-08,0.0,0.06556101260787241,-0.006673091808422613,0.21761085523785742,0.0,0.0,0.0
992.0,9.581569500935705,5.814174703432793,0.0,0.0,-4.235816229561893e-08,0.0,0.0,4.100118206006153,-15.0709270738,0.0,0.0,1.7140564974266406,0.0,-1.522964156281043e-07,0.0,0.06556101224014022,-0.006673098419578194,0.2176108650291353,0.0,0.0,0.0
993.0,9.581568789271424,5.8141745293330604,0.0,0.0,-9.335881594413151e-08,0.0,0.0,4.100118138155483,-15.0709270738,0.0,0.0,1.7140563911775777,0.0,-3.3566645295878416e-07,0.0,0.06556101157623573,-0.006673105665447973,0.2176108735433036,0.0,0.0,0.0
994.0,9.581568084636597,5.8141743044630685,0.0,0.0,-1.444488034904048e-07,0.0,0.0,4.100118019258742,-15.0709270738,0.0,0.0,1.7140562852043262,0.0,-5.193577122541715e-07,0.0,0.06556101061571361,-0.006673113545938594,0.21761088077639537,0.0,0.0,0.0
995.0,9.581567387168523,5.814174028766467,0.0,0.0,-1.956191020922424e-07,0.0,0.0,4.100117849231105,-15.0709270738,0.0,0.0,1.714056179535362,0.0,-7.033377520365419e-07,0.0,0.06556100935818106,-0.0066731220608421404,0.21761088672466616,0.0,0.0,0.0
996.0,9.581566697003494,5.814173702195945,0.0,0.0,-2.4686065551375504e-07,0.0,0.0,4.100117627996786,-15.0709270738,0.0,0.0,1.714056074199159,0.0,-8.875740107417384e-07,0.0,0.065561007803298,-0.006673131209835939,0.2176108913845951,0.0,0.0,0.0
997.0,9.58156601427678,5.814173324713258,0.0,0.0,-2.981643756888486e-07,0.0,0.0,4.100117355489072,-15.0709270738,0.0,0.0,1.7140559692241863,0.0,-1.0720338123408684e-06,0.0,0.06556100595077718,-0.006673140992482479,0.21761089475288606,0.0,0.0,0.0
998.0,9.58156533912259,5.8141728962892545,0.0,0.0,-3.4952114429172285e-07,0.0,0.0,4.100117031650352,-15.0709270738,0.0,0.0,1.7140558646389028,0.0,-1.2566843719872268e-06,0.0,0.06556100380038438,-0.006673151408229078,0.21761089682646884,0.0,0.0,0.0
999.0,9.581564671674059,5.814172416903897,0.0,0.0,-4.0092181431801787e-07,0.0,0.0,4.100116656432149,-15.0709270738,0.0,0.0,1.714055760471748,0.0,-1.4414928017015173e-06,0.0,0.06556100135193853,-0.006673162456407894,0.21761089760249974,0.0,0.0,0.0
1000.0,9.581564012063208,5.8141718865462915,0.0,0.0,-4.52357211675455e-07,0.0,0.0,4.100116229795147,-15.0709270738,0.0,0.0,1.7140556567511442,0.0,-1.6264261160912257e-06,0.0,0.06556099860531192,-0.0066731741362356795,0.21761089707836329,0.0,0.0,0.0
1001.0,9.581563360420926,5.814171305214702,0.0,0.0,-5.038181367776594e-07,0.0,0.0,4.100115751709216,-15.0709270738,0.0,0.0,1.714055553505486,0.0,-1.8114512380814525e-06,0.0,0.06556099556043027,-0.00667318644681382,0.2176108952516725,0.0,0.0,0.0
1002.0,9.581562716876947,5.814170672916574,0.0,0.0,-5.552953661516627e-07,0.0,0.0,4.1001152221534385,-15.0709270738,0.0,0.0,1.7140554507631354,0.0,-1.9965350046949403e-06,0.0,0.06556099221727289,-0.00667319938712814,0.21761089212027007,0.0,0.0,0.0
1003.0,9.581562081559815,5.814169989668549,0.0,0.0,-6.067796540505715e-07,0.0,0.0,4.10011464111613,-15.0709270738,0.0,0.0,1.7140553485524181,0.0,-2.1816441728506995e-06,0.0,0.06556098857587278,-0.006673212956048849,0.2176108876822293,0.0,0.0,0.0
1004.0,9.581561454596864,5.814169255496484,0.0,0.0,-6.582617340739748e-07,0.0,0.0,4.100114008594866,-15.0709270738,0.0,0.0,1.7140552469016184,0.0,-2.366745425190466e-06,0.0,0.06556098463631674,-0.006673227152330596,0.21761088193585493,0.0,0.0,0.0
1005.0,9.581560836114194,5.814168470435466,0.0,0.0,-7.09732320793454e-07,0.0,0.0,4.100113324596493,-15.0709270738,0.0,0.0,1.714055145838973,0.0,-2.5518053759235234e-06,0.0,0.06556098039874547,-0.006673241974612332,0.21761087487968372,0.0,0.0,0.0
1006.0,9.581560226236641,5.814167634529824,0.0,0.0,-7.611821113886969e-07,0.0,0.0,4.100112589137156,-15.0709270738,0.0,0.0,1.7140550453926675,0.0,-2.7367905767096695e-06,0.0,0.06556097586335366,-0.006673257421417375,0.21761086651248546,0.0,0.0,0.0
1007.0,9.581559625087756,5.814166747833137,0.0,0.0,-8.126017872868683e-07,0.0,0.0,4.100111802242308,-15.0709270738,0.0,0.0,1.7140549455908287,0.0,-2.9216675225539e-06,0.0,0.06556097103039008,-0.0066732734911535,0.21761085683326345,0.0,0.0,0.0
1008.0,9.581559032789775,5.814165810408251,0.0,0.0,-8.639820158106524e-07,0.0,0.0,4.10011096394673,-15.0709270738,0.0,0.0,1.7140548464615204,0.0,-3.1064026577322894e-06,0.0,0.06556096590015759,-0.006673290182112879,0.21761084584125534,0.0,0.0,0.0
1009.0,9.5815584494636,5.814164822327282,0.0,0.0,-9.153134518314656e-07,0.0,0.0,4.100110074294541,-15.0709270738,0.0,0.0,1.7140547480327406,0.0,-3.2909623817364767e-06,0.0,0.06556096047301328,-0.006673307492472108,0.2176108335359338,0.0,0.0,0.0
1010.0,9.58155787522877,5.8141637836716225,0.0,0.0,-9.665867394255246e-07,0.0,0.0,4.10010913333921,-15.0709270738,0.0,0.0,1.7140546503324128,0.0,-3.4753130552284304e-06,0.0,0.06556095474936849,-0.006673325420292503,0.21761081991700681,0.0,0.0,0.0
1011.0,9.58155731020344,5.814162694531949,0.0,0.0,-1.0177925135430384e-06,0.0,0.0,4.100108141143567,-15.0709270738,0.0,0.0,1.7140545533883822,0.0,-3.6594210060424095e-06,0.0,0.06556094872968882,-0.006673343963519915,0.21761080498441854,0.0,0.0,0.0
1012.0,9.581556754504355,5.814161555008223,0.0,0.0,-1.0689214016721065e-06,0.0,0.0,4.100107097779811,-15.0709270738,0.0,0.0,1.7140544572284115,0.0,-3.84325253516791e-06,0.0,0.06556094241449417,-0.0066733631199851345,0.21761078873834974,0.0,0.0,0.0
1013.0,9.581556208246825,5.814160365209692,0.0,0.0,-1.1199640255161314e-06,0.0,0.0,4.100106003329518,-15.0709270738,0.0,0.0,1.7140543618801738,0.0,-4.02677392278121e-06,0.0,0.0655609358043588,-0.006673382887403878,0.21761077117921807,0.0,0.0,0.0
1014.0,9.581555671544704,5.814159125254892,0.0,0.0,-1.170911002671944e-06,0.0,0.0,4.100104857883642,-15.0709270738,0.0,0.0,1.7140542673712496,0.0,-4.2099514342794965e-06,0.0,0.06556092889991127,-0.006673403263377023,0.21761075230767868,0.0,0.0,0.0
1015.0,9.581555144510363,5.814157835271643,0.0,0.0,-1.2217529483117103e-06,0.0,0.0,4.100103661542523,-15.0709270738,0.0,0.0,1.71405417372912,0.0,-4.39275132632859e-06,0.0,0.06556092170183458,-0.0066734242453907605,0.2176107321246247,0.0,0.0,0.0
1016.0,9.581554627254668,5.814156495397046,0.0,0.0,-1.2724804768710059e-06,0.0,0.0,4.100102414415884,-15.0709270738,0.0,0.0,1.7140540809811613,0.0,-4.575139852932868e-06,0.0,0.06556091421086593,-0.006673445830816818,0.21761071063118712,0.0,0.0,0.0
1017.0,9.581554119886961,5.814155105777478,0.0,0.0,-1.3230842037382033e-06,0.0,0.0,4.100101116622836,-15.0709270738,0.0,0.0,1.7140539891546416,0.0,-4.757083271509908e-06,0.0,0.06556090642779693,-0.006673468016912695,0.21761068782873566,0.0,0.0,0.0
1018.0,9.58155362251503,5.814153666568585,0.0,0.0,-1.3735547469491513e-06,0.0,0.0,4.100099768291871,-15.0709270738,0.0,0.0,1.7140538982767142,0.0,-4.938547848984189e-06,0.0,0.06556089835347342,-0.006673490800821982,0.21761066371887863,0.0,0.0,0.0
1019.0,9.58155313524509,5.814152177935276,0.0,0.0,-1.4238827288848666e-06,0.0,0.0,4.100098369560863,-15.0709270738,0.0,0.0,1.7140538083744135,0.0,-5.119499867891608e-06,0.0,0.06556088998879554,-0.006673514179574513,0.21761063830346322,0.0,0.0,0.0
1020.0,9.58155265818176,5.8141506400517065,0.0,0.0,-1.47405877796968e-06,0.0,0.0,4.100096920577058,-15.0709270738,0.0,0.0,1.7140537194746486,0.0,-5.299905632485662e-06,0.0,0.06556088133471757,-0.006673538150086769,0.2176106115845759,0.0,0.0,0.0
1021.0,9.581552191428043,5.814149053101271,0.0,0.0,-1.5240735303754542e-06,0.0,0.0,4.100095421497072,-15.0709270738,0.0,0.0,1.714053631604199,0.0,-5.4797314748654625e-06,0.0,0.06556087239224799,-0.0066735627091621536,0.2176105835645421,0.0,0.0,0.0
1022.0,9.581551735085302,5.81414741727659,0.0,0.0,-1.5739176317246943e-06,0.0,0.0,4.100093872486881,-15.0709270738,0.0,0.0,1.7140535447897092,0.0,-5.658943761099778e-06,0.0,0.06556086316244931,-0.006673587853491286,0.21761055424592674,0.0,0.0,0.0
1023.0,9.581551289253236,5.814145732779493,0.0,0.0,-1.6235817387957523e-06,0.0,0.0,4.100092273721807,-15.0709270738,0.0,0.0,1.714053459057686,0.0,-5.837508897358615e-06,0.0,0.06556085364643803,-0.0066736135796525015,0.21761052363153396,0.0,0.0,0.0
1024.0,9.581550854029862,5.814143999820999,0.0,0.0,-1.6730565212328685e-06,0.0,0.0,4.100090625386511,-15.0709270738,0.0,0.0,1.7140533744344877,0.0,-6.0153933360622014e-06,0.0,0.06556084384538459,-0.0066736398841120426,0.21761049172440738,0.0,0.0,0.0
1025.0,9.581550429511493,5.814142218621302,0.0,0.0,-1.7223326632554145e-06,0.0,0.0,4.100088927674978,-15.0709270738,0.0,0.0,1.7140532909463237,0.0,-6.192563582027105e-06,0.0,0.0655608337605132,-0.006673666763224631,0.21761045852782973,0.0,0.0,0.0
1026.0,9.581550015792716,5.814140389409749,0.0,0.0,-1.771400865365753e-06,0.0,0.0,4.100087180790498,-15.0709270738,0.0,0.0,1.7140532086192506,0.0,-6.368986198607386e-06,0.0,0.0655608233931018,-0.0066736942132337995,0.21761042404532302,0.0,0.0,0.0
1027.0,9.581549612966374,5.814138512424818,0.0,0.0,-1.8202518460618652e-06,0.0,0.0,4.100085384945655,-15.0709270738,0.0,0.0,1.714053127479163,0.0,-6.544627813852905e-06,0.0,0.0655608127444819,-0.006673722230272336,0.21761038828064833,0.0,0.0,0.0
1028.0,9.58154922112354,5.814136587914092,0.0,0.0,-1.8688763435481195e-06,0.0,0.0,4.100083540362301,-15.0709270738,0.0,0.0,1.7140530475517908,0.0,-6.719455126660941e-06,0.0,0.06556080181603845,-0.006673750810362783,0.21761035123780567,0.0,0.0,0.0
1029.0,9.581548840353506,5.814134616134236,0.0,0.0,-1.917265117445545e-06,0.0,0.0,4.1000816472715425,-15.0709270738,0.0,0.0,1.7140529688626938,0.0,-6.893434912926057e-06,0.0,0.06556079060920975,-0.006673779949417938,0.2176103129210336,0.0,0.0,0.0
1030.0,9.581548470743753,5.814132597350969,0.0,0.0,-1.9654089505035585e-06,0.0,0.0,4.100079705913713,-15.0709270738,0.0,0.0,1.7140528914372561,0.0,-7.066534031695175e-06,0.0,0.0655607791254872,-0.006673809643241324,0.21761027333480917,0.0,0.0,0.0
1031.0,9.581548112379938,5.814130531839036,0.0,0.0,-2.013298650308625e-06,0.0,0.0,4.100077716538353,-15.0709270738,0.0,0.0,1.7140528153006835,0.0,-7.238719431311654e-06,0.0,0.0655607673664153,-0.006673839887527636,0.21761023248384753,0.0,0.0,0.0
1032.0,9.581547765345874,5.814128419882175,0.0,0.0,-2.0609250509966275e-06,0.0,0.0,4.1000756794041795,-15.0709270738,0.0,0.0,1.714052740477996,0.0,-7.409958155572677e-06,0.0,0.06556075533359135,-0.006673870677863528,0.21761019037310153,0.0,0.0,0.0
1033.0,9.581547429723507,5.814126261773087,0.0,0.0,-2.1082790149576323e-06,0.0,0.0,4.100073594779063,-15.0709270738,0.0,0.0,1.7140526669940233,0.0,-7.580217349859355e-06,0.0,0.06556074302866531,-0.006673902009727908,0.21761014700776132,0.0,0.0,0.0
1034.0,9.581547105592904,5.814124057813399,0.0,0.0,-2.1553514345453744e-06,0.0,0.0,4.100071462939998,-15.0709270738,0.0,0.0,1.714052594873401,0.0,-7.749464267283741e-06,0.0,0.06556073045333964,-0.006673933878492702,0.21761010239325407,0.0,0.0,0.0
1035.0,9.581546793032228,5.814121808313635,0.0,0.0,-2.2021332337801434e-06,0.0,0.0,4.100069284173069,-15.0709270738,0.0,0.0,1.7140525241405662,0.0,-7.917666274812166e-06,0.0,0.06556071760936906,-0.00667396627942346,0.2176100565352434,0.0,0.0,0.0
1036.0,9.581546492117722,5.81411951359317,0.0,0.0,-2.248615370051833e-06,0.0,0.0,4.100067058773419,-15.0709270738,0.0,0.0,1.7140524548197504,0.0,-8.084790859389163e-06,0.0,0.06556070449856038,-0.00667399920767979,0.21761000943962872,0.0,0.0,0.0
1037.0,9.581546202923697,5.814117173980196,0.0,0.0,-2.2947888358213694e-06,0.0,0.0,4.100064787045219,-15.0709270738,0.0,0.0,1.714052386934977,0.0,-8.250805634055528e-06,0.0,0.06556069112277228,-0.00667403265831637,0.2176099611125448,0.0,0.0,0.0
1038.0,9.581545925522503,5.814114789811682,0.0,0.0,-2.340644660315849e-06,0.0,0.0,4.100062469301628,-15.0709270738,0.0,0.0,1.7140523205100537,0.0,-8.415678344043817e-06,0.0,0.06556067748391506,-0.006674066626283254,0.2176099115603612,0.0,0.0,0.0
1039.0,9.581545659984524,5.814112361433328,0.0,0.0,-2.38617391122513e-06,0.0,0.0,4.100060105864757,-15.0709270738,0.0,0.0,1.7140522555685713,0.0,-8.579376872879037e-06,0.0,0.06556066358395038,-0.006674101106426744,0.21760986078968148,0.0,0.0,0.0
1040.0,9.581545406378153,5.814109889199526,0.0,0.0,-2.4313676963927622e-06,0.0,0.0,4.100057697065628,-15.0709270738,0.0,0.0,1.7140521921338978,0.0,-8.741869248458989e-06,0.0,0.06556064942489115,-0.006674136093490102,0.2176098088073426,0.0,0.0,0.0
1041.0,9.581545164769778,5.814107373473308,0.0,0.0,-2.4762171655018255e-06,0.0,0.0,4.100055243244136,-15.0709270738,0.0,0.0,1.714052130229172,0.0,-8.903123649116315e-06,0.0,0.06556063500880109,-0.006674171582114266,0.21760975562041418,0.0,0.0,0.0
1042.0,9.581544935223766,5.814104814626305,0.0,0.0,-2.5207135117583586e-06,0.0,0.0,4.1000527447490045,-15.0709270738,0.0,0.0,1.7140520698773,0.0,-9.063108409671874e-06,0.0,0.06556062033779457,-0.006674207566838564,0.2176097012361976,0.0,0.0,0.0
1043.0,9.581544717802448,5.814102213038693,0.0,0.0,-2.5648479735724895e-06,0.0,0.0,4.100050201937741,-15.0709270738,0.0,0.0,1.7140520111009518,0.0,-9.221792027479848e-06,0.0,0.06556060541403633,-0.006674244042101499,0.21760964566222532,0.0,0.0,0.0
1044.0,9.581544512566103,5.814099569099145,0.0,0.0,-2.608611836229848e-06,0.0,0.0,4.1000476151765906,-15.0709270738,0.0,0.0,1.7140519539225547,0.0,-9.379143168437928e-06,0.0,0.06556059023974117,-0.006674281002241572,0.21760958890625987,0.0,0.0,0.0
1045.0,9.58154431957294,5.81409688320478,0.0,0.0,-2.6519964335633797e-06,0.0,0.0,4.1000449848404905,-15.0709270738,0.0,0.0,1.7140518983642892,0.0,-9.535130672998913e-06,0.0,0.06556057481717367,-0.006674318441498114,0.21760953097629304,0.0,0.0,0.0
1046.0,9.581544138879087,5.814094155761103,0.0,0.0,-2.6949931496158163e-06,0.0,0.0,4.100042311313018,-15.0709270738,0.0,0.0,1.7140518444480852,0.0,-9.689723562148743e-06,0.0,0.06556055914864789,-0.0066743563540120066,0.2176094718805448,0.0,0.0,0.0
1047.0,9.581543970538577,5.81409138718196,0.0,0.0,-2.7375934202997918e-06,0.0,0.0,4.100039594986341,-15.0709270738,0.0,0.0,1.7140517921956189,0.0,-9.842891043376038e-06,0.0,0.06556054323652702,-0.0066743947338266385,0.21760941162746256,0.0,0.0,0.0
1048.0,9.581543814603329,5.814088577889469,0.0,0.0,-2.7797887350488276e-06,0.0,0.0,4.100036836261164,-15.0709270738,0.0,0.0,1.714051741628305,0.0,-9.994602516608823e-06,0.0,0.06556052708322313,-0.006674433574888769,0.21760935022571967,0.0,0.0,0.0
1049.0,9.58154367112314,5.8140857283139695,0.0,0.0,-2.8215706384656676e-06,0.0,0.0,4.100034035546675,-15.0709270738,0.0,0.0,1.7140516927672946,0.0,-1.0144827580141709e-05,0.0,0.06556051069119673,-0.006674472871049275,0.21760928768421484,0.0,0.0,0.0
1050.0,9.581543540145663,5.8140828388939605,0.0,0.0,-2.8629307319610113e-06,0.0,0.0,4.100031193260491,-15.0709270738,0.0,0.0,1.7140516456334698,0.0,-1.0293536036528563e-05,0.0,0.06556049406295658,-0.006674512616064318,0.2176092240120706,0.0,0.0,0.0
1051.0,9.581543421716407,5.814079910076036,0.0,0.0,-2.90386067538773e-06,0.0,0.0,4.100028309828596,-15.0709270738,0.0,0.0,1.7140516002474406,0.0,-1.0440697898458913e-05,0.0,0.06556047720105916,-0.006674552803596037,0.21760915921863244,0.0,0.0,0.0
1052.0,9.581543315878715,5.8140769423148235,0.0,0.0,-2.944352188665368e-06,0.0,0.0,4.100025385685284,-15.0709270738,0.0,0.0,1.7140515566295393,0.0,-1.0586283394599423e-05,0.0,0.06556046010810847,-0.0066745934272135765,0.21760909331346728,0.0,0.0,0.0
1053.0,9.58154322267375,5.814073936072918,0.0,0.0,-2.9843970534004395e-06,0.0,0.0,4.100022421273102,-15.0709270738,0.0,0.0,1.7140515147998165,0.0,-1.0730262975420271e-05,0.0,0.06556044278675553,-0.006674634480394112,0.21760902630636245,0.0,0.0,0.0
1054.0,9.58154314214049,5.814070891820818,0.0,0.0,-3.0239871144975084e-06,0.0,0.0,4.1000194170427795,-15.0709270738,0.0,0.0,1.7140514747780387,0.0,-1.0872607318988335e-05,0.0,0.06556042523969813,-0.006674675956523685,0.21760895820732432,0.0,0.0,0.0
1055.0,9.58154307431571,5.814067810036852,0.0,0.0,-3.0631142817604416e-06,0.0,0.0,4.100016373453172,-15.0709270738,0.0,0.0,1.7140514365836808,0.0,-1.1013287336725091e-05,0.0,0.06556040746968031,-0.006674717848898393,0.21760888902657693,0.0,0.0,0.0
1056.0,9.581543019233981,5.814064691207114,0.0,0.0,-3.101770531488651e-06,0.0,0.0,4.100013290971189,-15.0709270738,0.0,0.0,1.7140514002359248,0.0,-1.1152274179146449e-05,0.0,0.06556038947949203,-0.00667476015072524,0.21760881877456068,0.0,0.0,0.0
1057.0,9.581542976927643,5.814061535825387,0.0,0.0,-3.13994790806147e-06,0.0,0.0,4.100010170071734,-15.0709270738,0.0,0.0,1.7140513657536536,0.0,-1.1289539241559937e-05,0.0,0.06556037127196881,-0.006674802855123299,0.21760874746193068,0.0,0.0,0.0
1058.0,9.581542947426808,5.814058344393077,0.0,0.0,-3.177638525517841e-06,0.0,0.0,4.100007011237627,-15.0709270738,0.0,0.0,1.7140513331554503,0.0,-1.1425054169745019e-05,0.0,0.0655603528499912,-0.006674845955124686,0.21760867509955562,0.0,0.0,0.0
1059.0,9.581542930759344,5.814055117419131,0.0,0.0,-3.2148345691201652e-06,0.0,0.0,4.100003814959541,-15.0709270738,0.0,0.0,1.7140513024595903,0.0,-1.155879086557645e-05,0.0,0.06556033421648447,-0.006674889443675669,0.2176086016985159,0.0,0.0,0.0
1060.0,9.581542926950867,5.814051855419967,0.0,0.0,-3.2515282969159165e-06,0.0,0.0,4.1000005817359275,-15.0709270738,0.0,0.0,1.7140512736840394,0.0,-1.1690721492639589e-05,0.0,0.06556031537441806,-0.0066749333136377625,0.2176085272701024,0.0,0.0,0.0
1061.0,9.581542936024732,5.814048558919392,0.0,0.0,-3.287712041285317e-06,0.0,0.0,4.099997312072943,-15.0709270738,0.0,0.0,1.7140512468464495,0.0,-1.1820818481795596e-05,0.0,0.06556029632680525,-0.0066749775577888,0.21760845182581473,0.0,0.0,0.0
1062.0,9.581542958002023,5.814045228448528,0.0,0.0,-3.323378210476564e-06,0.0,0.0,4.099994006484371,-15.0709270738,0.0,0.0,1.7140512219641568,0.0,-1.194905453670184e-05,0.0,0.06556027707670267,-0.006675022168824124,0.21760837537735955,0.0,0.0,0.0
1063.0,9.581542992901543,5.814041864545725,0.0,0.0,-3.358519290137347e-06,0.0,0.0,4.0999906654915526,-15.0709270738,0.0,0.0,1.7140511990541727,0.0,-1.2075402639318985e-05,0.0,0.06556025762720977,-0.006675067139357657,0.2176082979366489,0.0,0.0,0.0
1064.0,9.58154304073981,5.814038467756487,0.0,0.0,-3.393127844830677e-06,0.0,0.0,4.0999872896233,-15.0709270738,0.0,0.0,1.7140511781331869,0.0,-1.219983605536163e-05,0.0,0.06556023798146847,-0.0066751124619231494,0.2176082195157986,0.0,0.0,0.0
1065.0,9.581543101531047,5.8140350386333814,0.0,0.0,-3.427196519539152e-06,0.0,0.0,4.099983879415824,-15.0709270738,0.0,0.0,1.7140511592175578,0.0,-1.2322328339707384e-05,0.0,0.06556021814266258,-0.006675158128975289,0.21760814012712643,0.0,0.0,0.0
1066.0,9.58154317528717,5.814031577735959,0.0,0.0,-3.4607180411607337e-06,0.0,0.0,4.099980435412647,-15.0709270738,0.0,0.0,1.7140511423233118,0.0,-1.2442853341775404e-05,0.0,0.06556019811401739,-0.006675204132890897,0.21760805978315034,0.0,0.0,0.0
1067.0,9.58154326201779,5.814028085630665,0.0,0.0,-3.4936852199921415e-06,0.0,0.0,4.099976958164524,-15.0709270738,0.0,0.0,1.7140511274661412,0.0,-1.2561385210860389e-05,0.0,0.06556017789879913,-0.006675250465970145,0.21760797849658647,0.0,0.0,0.0
1068.0,9.581543361730203,5.814024562890753,0.0,0.0,-3.526090951199655e-06,0.0,0.0,4.099973448229357,-15.0709270738,0.0,0.0,1.7140511146613964,0.0,-1.2677898401421291e-05,0.0,0.06556015750031445,-0.006675297120437879,0.21760789628034755,0.0,0.0,0.0
1069.0,9.581543474429377,5.814021010096197,0.0,0.0,-3.5579282162765454e-06,0.0,0.0,4.099969906172111,-15.0709270738,0.0,0.0,1.7140511039240858,0.0,-1.2792367678321954e-05,0.0,0.06556013692190998,-0.006675344088444654,0.21760781314754082,0.0,0.0,0.0
1070.0,9.581543600117957,5.814017427833597,0.0,0.0,-3.5891900844912904e-06,0.0,0.0,4.099966332564724,-15.0709270738,0.0,0.0,1.7140510952688723,0.0,-1.2904768122038579e-05,0.0,0.06556011616697177,-0.006675391362068225,0.21760772911146603,0.0,0.0,0.0
1071.0,9.58154373879625,5.814013816696089,0.0,0.0,-3.619869714318575e-06,0.0,0.0,4.099962727986022,-15.0709270738,0.0,0.0,1.7140510887100664,0.0,-1.3015075133805297e-05,0.0,0.06556009523892471,-0.00667543893331464,0.2176076441856135,0.0,0.0,0.0
1072.0,9.58154389046223,5.8140101772832535,0.0,0.0,-3.6499603548630874e-06,0.0,0.0,4.099959093021626,-15.0709270738,0.0,0.0,1.7140510842616274,0.0,-1.312326444073382e-05,0.0,0.06556007414123209,-0.006675486794119667,0.21760755838366214,0.0,0.0,0.0
1073.0,9.581544055111523,5.81400651020102,0.0,0.0,-3.67945534726398e-06,0.0,0.0,4.099955428263863,-15.0709270738,0.0,0.0,1.714051081937157,0.0,-1.3229312100863555e-05,0.0,0.065560052877395,-0.006675534936350022,0.2176074717194773,0.0,0.0,0.0
1074.0,9.581544232737413,5.81400281606157,0.0,0.0,-3.7083481260887466e-06,0.0,0.0,4.099951734311671,-15.0709270738,0.0,0.0,1.7140510817498988,0.0,-1.3333194508173644e-05,0.0,0.06556003145095175,-0.0066755833518046676,0.21760738420710868,0.0,0.0,0.0
1075.0,9.58154442333083,5.81399909548324,0.0,0.0,-3.736632220713105e-06,0.0,0.0,4.099948011770507,-15.0709270738,0.0,0.0,1.7140510837127332,0.0,-1.34348883975447e-05,0.0,0.06556000986547744,-0.0066756320322162305,0.21760729586078836,0.0,0.0,0.0
1076.0,9.581544626880348,5.813995349090424,0.0,0.0,-3.7643012566854335e-06,0.0,0.0,4.09994426125225,-15.0709270738,0.0,0.0,1.7140510878381745,0.0,-1.353437084966495e-05,0.0,0.06555998812458319,-0.006675680969252348,0.21760720669492817,0.0,0.0,0.0
1077.0,9.581544843372189,5.813991577513474,0.0,0.0,-3.7913489570779533e-06,0.0,0.0,4.099940483375106,-15.0709270738,0.0,0.0,1.7140510941383678,0.0,-1.3631619295888731e-05,0.0,0.06555996623191579,-0.00667573015451689,0.21760711672411803,0.0,0.0,0.0
1078.0,9.581545072790213,5.813987781388596,0.0,0.0,-3.817769143824043e-06,0.0,0.0,4.099936678763508,-15.0709270738,0.0,0.0,1.7140511026250875,0.0,-1.3726611523045115e-05,0.0,0.06555994419115689,-0.006675779579551566,0.21760702596312317,0.0,0.0,0.0
1079.0,9.581545315115918,5.813983961357748,0.0,0.0,-3.8435557390364804e-06,0.0,0.0,4.099932848048017,-15.0709270738,0.0,0.0,1.7140511133097318,0.0,-1.3819325678177922e-05,0.0,0.06555992200602259,-0.006675829235837108,0.21760693442688234,0.0,0.0,0.0
1080.0,9.581545570328439,5.813980118068543,0.0,0.0,-3.868702766316284e-06,0.0,0.0,4.09992899186522,-15.0709270738,0.0,0.0,1.714051126203323,0.0,-1.3909740273251917e-05,0.0,0.06555989968026277,-0.006675879114794864,0.21760684213050496,0.0,0.0,0.0
1081.0,9.58154583840455,5.813976252174134,0.0,0.0,-3.893204352040285e-06,0.0,0.0,4.099925110857632,-15.0709270738,0.0,0.0,1.714051141316502,0.0,-1.399783418978254e-05,0.0,0.06555987721766046,-0.006675929207787992,0.21760674908926922,0.0,0.0,0.0
1082.0,9.581546119318654,5.8139723643331145,0.0,0.0,-3.91705472663658e-06,0.0,0.0,4.099921205673588,-15.0709270738,0.0,0.0,1.7140511586595268,0.0,-1.4083586683422025e-05,0.0,0.06555985462203129,-0.006675979506123225,0.21760665531861936,0.0,0.0,0.0
1083.0,9.581546413042796,5.813968455209409,0.0,0.0,-3.9402482258434075e-06,0.0,0.0,4.099917276967139,-15.0709270738,0.0,0.0,1.7140511782422703,0.0,-1.4166977388485893e-05,0.0,0.06555983189722282,-0.00667603000105195,0.2176065608341634,0.0,0.0,0.0
1084.0,9.58154671954665,5.813964525472165,0.0,0.0,-3.9627792919492155e-06,0.0,0.0,4.0999133253979485,-15.0709270738,0.0,0.0,1.7140512000742163,0.0,-1.4247986322411819e-05,0.0,0.06555980904711392,-0.006676080683771943,0.21760646565167063,0.0,0.0,0.0
1085.0,9.581547038797526,5.813960575795643,0.0,0.0,-3.9846424750190624e-06,0.0,0.0,4.099909351631184,-15.0709270738,0.0,0.0,1.714051224164459,0.0,-1.4326593890169335e-05,0.0,0.06555978607561419,-0.00667613154542869,0.21760636978706904,0.0,0.0,0.0
1086.0,9.581547370760372,5.813956606859106,0.0,0.0,-4.00583243410365e-06,0.0,0.0,4.099905356337408,-15.0709270738,0.0,0.0,1.714051250521698,0.0,-1.4402780888607065e-05,0.0,0.06555976298666323,-0.006676182577116982,0.21760627325644286,0.0,0.0,0.0
1087.0,9.581547715397774,5.813952619346709,0.0,0.0,-4.0263439384284045e-06,0.0,0.0,4.099901340192469,-15.0709270738,0.0,0.0,1.7140512791542397,0.0,-1.4476528510728203e-05,0.0,0.06555973978423005,-0.006676233769882314,0.21760617607603,0.0,0.0,0.0
1088.0,9.581548072669955,5.813948613947381,0.0,0.0,-4.046171868570296e-06,0.0,0.0,4.09989730387739,-15.0709270738,0.0,0.0,1.7140513100699906,0.0,-1.4547818349921893e-05,0.0,0.06555971647231243,-0.006676285114722458,0.21760607826221934,0.0,0.0,0.0
1089.0,9.581548442534782,5.813944591354716,0.0,0.0,-4.065311217611603e-06,0.0,0.0,4.09989324807826,-15.0709270738,0.0,0.0,1.7140513432764557,0.0,-1.4616632404111683e-05,0.0,0.06555969305493618,-0.0066763366025889975,0.21760597983154822,0.0,0.0,0.0
1090.0,9.581548824947763,5.813940552266855,0.0,0.0,-4.083757092279736e-06,0.0,0.0,4.0998891734861145,-15.0709270738,0.0,0.0,1.7140513787807405,0.0,-1.4682953079853863e-05,0.0,0.0655596695361546,-0.006676388224388818,0.2176058808006997,0.0,0.0,0.0
1091.0,9.581549219862056,5.813936497386373,0.0,0.0,-4.101504714067529e-06,0.0,0.0,4.0998850807968275,-15.0709270738,0.0,0.0,1.7140514165895455,0.0,-1.4746763196365506e-05,0.0,0.06555964592004769,-0.006676439970985659,0.2176057811864998,0.0,0.0,0.0
1092.0,9.58154962722847,5.813932427420156,0.0,0.0,-4.1185494203339586e-06,0.0,0.0,4.099880970710993,-15.0709270738,0.0,0.0,1.7140514567091625,0.0,-1.4808045989482165e-05,0.0,0.06555962221072152,-0.006676491833201667,0.21760568100591499,0.0,0.0,0.0
1093.0,9.581550046995467,5.8139283430792865,0.0,0.0,-4.134886665389152e-06,0.0,0.0,4.099876843933809,-15.0709270738,0.0,0.0,1.7140514991454774,0.0,-1.4866785115559047e-05,0.0,0.06555959841230753,-0.006676543801819049,0.21760558027604904,0.0,0.0,0.0
1094.0,9.581550479109168,5.813924245078924,0.0,0.0,-4.150512021558291e-06,0.0,0.0,4.09987270117496,-15.0709270738,0.0,0.0,1.714051543903964,0.0,-1.4922964655296268e-05,0.0,0.0655595745289619,-0.006676595867581486,0.21760547901414068,0.0,0.0,0.0
1095.0,9.58155092351336,5.8139201341381845,0.0,0.0,-4.165421180226661e-06,0.0,0.0,4.0998685431485,-15.0709270738,0.0,0.0,1.7140515909896843,0.0,-1.4976569117496314e-05,0.0,0.06555955056486472,-0.006676648021195886,0.21760537723756035,0.0,0.0,0.0
1096.0,9.581551380149497,5.813916010980017,0.0,0.0,-4.179609952867362e-06,0.0,0.0,4.09986437057273,-15.0709270738,0.0,0.0,1.7140516404072867,0.0,-1.5027583442759146e-05,0.0,0.06555952652421942,-0.006676700253333903,0.21760527496380777,0.0,0.0,0.0
1097.0,9.581551848956709,5.813911876331083,0.0,0.0,-4.1930742720459934e-06,0.0,0.0,4.099860184170081,-15.0709270738,0.0,0.0,1.7140516921610027,0.0,-1.5075993007094477e-05,0.0,0.06555950241125202,-0.0066767525546335,0.21760517221050857,0.0,0.0,0.0
1098.0,9.581552329871805,5.813907730921636,0.0,0.0,-4.205810192409128e-06,0.0,0.0,4.099855984666987,-15.0709270738,0.0,0.0,1.7140517462546487,0.0,-1.5121783625475749e-05,0.0,0.06555947823021036,-0.006676804915700649,0.21760506899541185,0.0,0.0,0.0
1099.0,9.581552822829284,5.813903575485389,0.0,0.0,-4.217813891651094e-06,0.0,0.0,4.09985177279377,-15.0709270738,0.0,0.0,1.7140518026916185,0.0,-1.5164941555316111e-05,0.0,0.06555945398536345,-0.006676857327110958,0.21760496533638687,0.0,0.0,0.0
1100.0,9.58155332776134,5.8138994107594,0.0,0.0,-4.229081671461858e-06,0.0,0.0,4.099847549284512,-15.0709270738,0.0,0.0,1.7140518614748883,0.0,-1.52054534998764e-05,0.0,0.06555942968100069,-0.006676909779411266,0.21760486125142042,0.0,0.0,0.0
1101.0,9.581553844597863,5.813895237483939,0.0,0.0,-4.239609958451227e-06,0.0,0.0,4.099843314876927,-15.0709270738,0.0,0.0,1.7140519226070117,0.0,-1.5243306611587974e-05,0.0,0.06555940532143123,-0.006676962263121214,0.21760475675861346,0.0,0.0,0.0
1102.0,9.58155437326646,5.813891056402363,0.0,0.0,-4.24939530505634e-06,0.0,0.0,4.099839070312243,-15.0709270738,0.0,0.0,1.7140519860901193,0.0,-1.5278488495315438e-05,0.0,0.06555938091098311,-0.006677014768735071,0.21760465187617833,0.0,0.0,0.0
1103.0,9.581554913692452,5.813886868260989,0.0,0.0,-4.258434390428285e-06,0.0,0.0,4.099834816335072,-15.0709270738,0.0,0.0,1.7140520519259175,0.0,-1.5310987211544284e-05,0.0,0.0655593564540026,-0.006677067286723279,0.21760454662243564,0.0,0.0,0.0
1104.0,9.581555465798887,5.813882673808967,0.0,0.0,-4.2667240212934215e-06,0.0,0.0,4.099830553693282,-15.0709270738,0.0,0.0,1.714052120115685,0.0,-1.534079127947759e-05,0.0,0.06555933195485346,-0.00667711980753416,0.21760444101581122,0.0,0.0,0.0
1105.0,9.581556029506547,5.813878473798148,0.0,0.0,-4.274261132797449e-06,0.0,0.0,4.099826283137871,-15.0709270738,0.0,0.0,1.7140521906602775,0.0,-1.5367889680070626e-05,0.0,0.06555930741791613,-0.006677172321595509,0.21760433507483307,0.0,0.0,0.0
1106.0,9.581556604733963,5.813874268982955,0.0,0.0,-4.281042789328297e-06,0.0,0.0,4.099822005422836,-15.0709270738,0.0,0.0,1.7140522635601192,0.0,-1.5392271858989318e-05,0.0,0.06555928284758702,-0.00667722481931643,0.217604228818128,0.0,0.0,0.0
1107.0,9.581557191397419,5.813870060120253,0.0,0.0,-4.287066185314591e-06,0.0,0.0,4.099817721305047,-15.0709270738,0.0,0.0,1.7140523388152067,0.0,-1.5413927729480887e-05,0.0,0.06555925824827778,-0.0066772772910888845,0.21760412226441872,0.0,0.0,0.0
1108.0,9.581557789410962,5.813865847969219,0.0,0.0,-4.292328646005783e-06,0.0,0.0,4.099813431544112,-15.0709270738,0.0,0.0,1.7140524164251074,0.0,-1.543284767517848e-05,0.0,0.06555923362441446,-0.006677329727289502,0.21760401543252067,0.0,0.0,0.0
1109.0,9.581558398686418,5.813861633291207,0.0,0.0,-4.296827628226061e-06,0.0,0.0,4.099809136902249,-15.0709270738,0.0,0.0,1.714052496388958,0.0,-1.5449022552811595e-05,0.0,0.06555920898043677,-0.006677382118281103,0.21760390834133853,0.0,0.0,0.0
1110.0,9.581559019133403,5.813857416849618,0.0,0.0,-4.300560721109965e-06,0.0,0.0,4.099804838144153,-15.0709270738,0.0,0.0,1.7140525787054655,0.0,-1.5462443694850614e-05,0.0,0.06555918432079737,-0.006677434454414641,0.21760380100986348,0.0,0.0,0.0
1111.0,9.581559650659326,5.813853199409765,0.0,0.0,-4.30352564681367e-06,0.0,0.0,4.099800536036864,-15.0709270738,0.0,0.0,1.7140526633729012,0.0,-1.5473102912063913e-05,0.0,0.065559159649961,-0.00667748672603076,0.2176036934571695,0.0,0.0,0.0
1112.0,9.581560293169412,5.813848981738738,0.0,0.0,-4.305720261205765e-06,0.0,0.0,4.0997962313496314,-15.0709270738,0.0,0.0,1.714052750389107,0.0,-1.548099249600119e-05,0.0,0.06555913497240376,-0.006677538923461568,0.21760358570241028,0.0,0.0,0.0
1113.0,9.581560946566709,5.813844764605274,0.0,0.0,-4.307142554531944e-06,0.0,0.0,4.0997919248537835,-15.0709270738,0.0,0.0,1.7140528397514903,0.0,-1.548610522138293e-05,0.0,0.06555911029261229,-0.006677591037032374,0.21760347776481603,0.0,0.0,0.0
1114.0,9.5815616107521,5.813840548779615,0.0,0.0,-4.307790652060748e-06,0.0,0.0,4.09978761732259,-15.0709270738,0.0,0.0,1.7140529314570259,0.0,-1.5488434348421828e-05,0.0,0.06555908561508306,-0.006677643057063365,0.21760336966369,0.0,0.0,0.0
1115.0,9.58156228562432,5.813836335033382,0.0,0.0,-4.30766281470339e-06,0.0,0.0,4.0997833095311265,-15.0709270738,0.0,0.0,1.7140530255022552,0.0,-1.5487973625050888e-05,0.0,0.06555906094432148,-0.006677694973871343,0.21760326141840544,0.0,0.0,0.0
1116.0,9.581562971079967,5.8138321241394255,0.0,0.0,-4.306757439610596e-06,0.0,0.0,4.099779002256141,-15.0709270738,0.0,0.0,1.7140531218832846,0.0,-1.5484717289068974e-05,0.0,0.06555903628484114,-0.00667774677777154,0.21760315304840178,0.0,0.0,0.0
1117.0,9.581563667013514,5.813827916871702,0.0,0.0,-4.305073060749688e-06,0.0,0.0,4.099774696275916,-15.0709270738,0.0,0.0,1.714053220595786,0.0,-1.5478660070215198e-05,0.0,0.06555901164116308,-0.006677798459079329,0.2176030445731817,0.0,0.0,0.0
1118.0,9.581564373317331,5.813823714005129,0.0,0.0,-4.302608349453581e-06,0.0,0.0,4.099770392370131,-15.0709270738,0.0,0.0,1.7140533216349976,0.0,-1.5469797192142374e-05,0.0,0.06555898701781487,-0.0066778500081118575,0.21760293601230757,0.0,0.0,0.0
1119.0,9.581565089881694,5.813819516315449,0.0,0.0,-4.299362114948166e-06,0.0,0.0,4.099766091319727,-15.0709270738,0.0,0.0,1.714053424995722,0.0,-1.5458124374312746e-05,0.0,0.06555896241932992,-0.006677901415190021,0.21760282738539805,0.0,0.0,0.0
1120.0,9.581565816594802,5.813815324579091,0.0,0.0,-4.295333304856226e-06,0.0,0.0,4.099761793906762,-15.0709270738,0.0,0.0,1.714053530672329,0.0,-1.544363783380926e-05,0.0,0.0655589378502466,-0.006677952670640017,0.21760271871212472,0.0,0.0,0.0
1121.0,9.58156655334279,5.813811139573033,0.0,0.0,-4.290521005678017e-06,0.0,0.0,4.099757500914281,-15.0709270738,0.0,0.0,1.7140536386587524,0.0,-1.5426334287062974e-05,0.0,0.06555891331510746,-0.006678003764795146,0.21760261001220843,0.0,0.0,0.0
1122.0,9.581567300009752,5.813806962074666,0.0,0.0,-4.284924443245102e-06,0.0,0.0,4.0997532131261725,-15.0709270738,0.0,0.0,1.7140537489484933,0.0,-1.5406210951484265e-05,0.0,0.06555888881845845,-0.00667805468799762,0.21760250130541636,0.0,0.0,0.0
1123.0,9.58156805647775,5.813802792861646,0.0,0.0,-4.278542983154474e-06,0.0,0.0,4.099748931327029,-15.0709270738,0.0,0.0,1.7140538615346168,0.0,-1.538326554702314e-05,0.0,0.06555886436484805,-0.006678105430600351,0.2176023926115579,0.0,0.0,0.0
1124.0,9.581568822626833,5.813798632711763,0.0,0.0,-4.271376131173356e-06,0.0,0.0,4.099744656302005,-15.0709270738,0.0,0.0,1.7140539764097582,0.0,-1.53574962976241e-05,0.0,0.06555883995882648,-0.006678155982968545,0.2176022839504817,0.0,0.0,0.0
1125.0,9.581569598335063,5.813794482402798,0.0,0.0,-4.263423533622838e-06,0.0,0.0,4.099740388836683,-15.0709270738,0.0,0.0,1.7140540935661157,0.0,-1.532890193260491e-05,0.0,0.06555881560494492,-0.006678206335481662,0.21760217534207188,0.0,0.0,0.0
1126.0,9.58157038347852,5.813790342712382,0.0,0.0,-4.254684977736335e-06,0.0,0.0,4.099736129716925,-15.0709270738,0.0,0.0,1.7140542129954568,0.0,-1.529748168794479e-05,0.0,0.06555879130775459,-0.006678256478535108,0.21760206680624455,0.0,0.0,0.0
1127.0,9.581571177931325,5.813786214417855,0.0,0.0,-4.245160391993197e-06,0.0,0.0,4.099731879728739,-15.0709270738,0.0,0.0,1.7140543346891164,0.0,-1.526323530748329e-05,0.0,0.06555876707180606,-0.0066783064025419114,0.21760195836294444,0.0,0.0,0.0
1128.0,9.581571981565665,5.813782098296128,0.0,0.0,-4.23484984642698e-06,0.0,0.0,4.09972763965813,-15.0709270738,0.0,0.0,1.7140544586379987,0.0,-1.5226163044028023e-05,0.0,0.06555874290164834,-0.006678356097934587,0.21760185003214122,0.0,0.0,0.0
1129.0,9.5815727942518,5.81377799512354,0.0,0.0,-4.2237535529104285e-06,0.0,0.0,4.099723410290964,-15.0709270738,0.0,0.0,1.7140545848325761,0.0,-1.5186265660378636e-05,0.0,0.06555871880182812,-0.006678405555166925,0.21760174183382597,0.0,0.0,0.0
1130.0,9.581573615858094,5.813773905675716,0.0,0.0,-4.2118718654130685e-06,0.0,0.0,4.099719192412824,-15.0709270738,0.0,0.0,1.7140547132628923,0.0,-1.51435444302523e-05,0.0,0.0655586947768888,-0.006678454764715666,0.21760163378800768,0.0,0.0,0.0
1131.0,9.581574446251025,5.813769830727429,0.0,0.0,-4.199205280236687e-06,0.0,0.0,4.099714986808867,-15.0709270738,0.0,0.0,1.7140548439185617,0.0,-1.509800113912969e-05,0.0,0.0655586708313699,-0.00667850371708234,0.2176015259147096,0.0,0.0,0.0
1132.0,9.581575285295214,5.813765771052455,0.0,0.0,-4.185754436223462e-06,0.0,0.0,4.099710794263684,-15.0709270738,0.0,0.0,1.7140549767887707,0.0,-1.5049638085002577e-05,0.0,0.06555864696980605,-0.0066785524027949406,0.21760141823396584,0.0,0.0,0.0
1133.0,9.581576132853437,5.813761727423434,0.0,0.0,-4.17152011493786e-06,0.0,0.0,4.099706615561155,-15.0709270738,0.0,0.0,1.7140551118622787,0.0,-1.4998458079027143e-05,0.0,0.06555862319672619,-0.006678600812409813,0.21760131076581746,0.0,0.0,0.0
1134.0,9.581576988786653,5.813757700611726,0.0,0.0,-4.1565032408281075e-06,0.0,0.0,4.099702451484307,-15.0709270738,0.0,0.0,1.7140552491274192,0.0,-1.4944464446103788e-05,0.0,0.0655585995166528,-0.0066786489365133345,0.21760120353030918,0.0,0.0,0.0
1135.0,9.58157785295402,5.813753691387271,0.0,0.0,-4.140704881356217e-06,0.0,0.0,4.09969830281517,-15.0709270738,0.0,0.0,1.7140553885721008,0.0,-1.4887661025343886e-05,0.0,0.06555857593410104,-0.006678696765723677,0.21760109654748566,0.0,0.0,0.0
1136.0,9.581578725212921,5.813749700518448,0.0,0.0,-4.124126247106715e-06,0.0,0.0,4.0996941703346375,-15.0709270738,0.0,0.0,1.7140555301838107,0.0,-1.4828052170459951e-05,0.0,0.06555855245357793,-0.006678744290692526,0.2176009898373878,0.0,0.0,0.0
1137.0,9.581579605418982,5.81374572877193,0.0,0.0,-4.106768691866649e-06,0.0,0.0,4.099690054822318,-15.0709270738,0.0,0.0,1.7140556739496118,0.0,-1.476564275005254e-05,0.0,0.06555852907958146,-0.006678791502107054,0.21760088342004924,0.0,0.0,0.0
1138.0,9.581580493426099,5.813741776912544,0.0,0.0,-4.088633712683214e-06,0.0,0.0,4.099685957056397,-15.0709270738,0.0,0.0,1.7140558198561475,0.0,-1.470043814781663e-05,0.0,0.06555850581659987,-0.006678838390691319,0.21760077731549266,0.0,0.0,0.0
1139.0,9.581581389086454,5.813737845703132,0.0,0.0,-4.069722949892535e-06,0.0,0.0,4.099681877813489,-15.0709270738,0.0,0.0,1.7140559678896432,0.0,-1.4632444262644339e-05,0.0,0.06555848266911074,-0.00667888494720828,0.21760067154372634,0.0,0.0,0.0
1140.0,9.581582292250545,5.813733935904405,0.0,0.0,-4.050038187126609e-06,0.0,0.0,4.099677817868499,-15.0709270738,0.0,0.0,1.7140561180359057,0.0,-1.4561667508649036e-05,0.0,0.06555845964158018,-0.006678931162461488,0.2176005661247401,0.0,0.0,0.0
1141.0,9.581583202767204,5.8137300482748016,0.0,0.0,-4.029581351288768e-06,0.0,0.0,4.099673777994474,-15.0709270738,0.0,0.0,1.7140562702803273,0.0,-1.4488114815076333e-05,0.0,0.065558436738462,-0.0066789770272967924,0.21760046107850212,0.0,0.0,0.0
1142.0,9.581584120483626,5.813726183570351,0.0,0.0,-4.008354512509084e-06,0.0,0.0,4.099669758962466,-15.0709270738,0.0,0.0,1.714056424607885,0.0,-1.4411793626142901e-05,0.0,0.0655584139641969,-0.0066790225326040925,0.217600356424955,0.0,0.0,0.0
1143.0,9.581585045245388,5.813722342544526,0.0,0.0,-3.986359884069044e-06,0.0,0.0,4.099665761541381,-15.0709270738,0.0,0.0,1.7140565810031454,0.0,-1.4332711900764797e-05,0.0,0.06555839132321158,-0.006679067669319069,0.21760025218401224,0.0,0.0,0.0
1144.0,9.581585976896477,5.813718525948108,0.0,0.0,-3.963599822305139e-06,0.0,0.0,4.099661786497844,-15.0709270738,0.0,0.0,1.714056739450264,0.0,-1.4250878112209979e-05,0.0,0.06555836881991803,-0.00667911242842488,0.21760014837555464,0.0,0.0,0.0
1145.0,9.581586915279312,5.813714734529038,0.0,0.0,-3.940076826481509e-06,0.0,0.0,4.09965783459605,-15.0709270738,0.0,0.0,1.714056899932988,0.0,-1.4166301247639538e-05,0.0,0.06555834645871259,-0.006679156800954031,0.2176000450194263,0.0,0.0,0.0
1146.0,9.581587860234771,5.813710969032283,0.0,0.0,-3.915793538640427e-06,0.0,0.0,4.099653906597624,-15.0709270738,0.0,0.0,1.7140570624346596,0.0,-1.4078990807569277e-05,0.0,0.06555832424397515,-0.006679200777989905,0.21759994213543155,0.0,0.0,0.0
1147.0,9.581588811602217,5.813707230199693,0.0,0.0,-3.890752743424778e-06,0.0,0.0,4.099650003261477,-15.0709270738,0.0,0.0,1.7140572269382162,0.0,-1.3988956805230537e-05,0.0,0.06555830218006838,-0.0066792443506685645,0.21759983974333072,0.0,0.0,0.0
1148.0,9.581589769219521,5.813703518769859,0.0,0.0,-3.864957367873157e-06,0.0,0.0,4.099646125343665,-15.0709270738,0.0,0.0,1.7140573934261942,0.0,-1.3896209765832622e-05,0.0,0.06555828027133687,-0.006679287510180487,0.21759973786283687,0.0,0.0,0.0
1149.0,9.581590732923093,5.813699835477977,0.0,0.0,-3.838410481193062e-06,0.0,0.0,4.099642273597246,-15.0709270738,0.0,0.0,1.7140575618807308,0.0,-1.3800760725746434e-05,0.0,0.06555825852210626,-0.006679330247772217,0.21759963651361197,0.0,0.0,0.0
1150.0,9.581591702547902,5.813696181055703,0.0,0.0,-3.811115294504118e-06,0.0,0.0,4.099638448772137,-15.0709270738,0.0,0.0,1.7140577322835657,0.0,-1.3702621231580338e-05,0.0,0.06555823693668253,-0.006679372554748084,0.2175995357152634,0.0,0.0,0.0
1151.0,9.581592677927508,5.813692556231018,0.0,0.0,-3.783075160557062e-06,0.0,0.0,4.099634651614974,-15.0709270738,0.0,0.0,1.7140579046160438,0.0,-1.3601803339168915e-05,0.0,0.0655582155193511,-0.006679414422471913,0.21759943548733995,0.0,0.0,0.0
1152.0,9.581593658894088,5.813688961728088,0.0,0.0,-3.7542935734245415e-06,0.0,0.0,4.099630882868969,-15.0709270738,0.0,0.0,1.7140580788591189,0.0,-1.3498319612460316e-05,0.0,0.06555819427437604,-0.00667945584236862,0.21759933584932856,0.0,0.0,0.0
1153.0,9.581594645278457,5.813685398267125,0.0,0.0,-3.724774168169504e-06,0.0,0.0,4.099627143273769,-15.0709270738,0.0,0.0,1.7140582549933558,0.0,-1.3392183122323088e-05,0.0,0.06555817320599924,-0.0066794968059260135,0.21759923682065052,0.0,0.0,0.0
1154.0,9.58159563691011,5.813681866564247,0.0,0.0,-3.694520720485111e-06,0.0,0.0,4.0996234335653154,-15.0709270738,0.0,0.0,1.7140584329989315,0.0,-1.3283407445250566e-05,0.0,0.06555815231843962,-0.006679537304696351,0.21759913842065784,0.0,0.0,0.0
1155.0,9.581596633617234,5.813678367331345,0.0,0.0,-3.663537146306373e-06,0.0,0.0,4.099619754475705,-15.0709270738,0.0,0.0,1.7140586128556405,0.0,-1.3172006661963638e-05,0.0,0.06555813161589233,-0.006679577330298045,0.21759904066862956,0.0,0.0,0.0
1156.0,9.581597635226746,5.813674901275942,0.0,0.0,-3.6318275014002153e-06,0.0,0.0,4.099616106733047,-15.0709270738,0.0,0.0,1.7140587945428942,0.0,-1.3057995355935918e-05,0.0,0.06555811110252788,-0.006679616874417357,0.21759894358376825,0.0,0.0,0.0
1157.0,9.581598641564318,5.813671469101057,0.0,0.0,-3.59939598092728e-06,0.0,0.0,4.099612491061328,-15.0709270738,0.0,0.0,1.7140589780397288,0.0,-1.2941388611817324e-05,0.0,0.06555809078249145,-0.006679655928809897,0.21759884718519623,0.0,0.0,0.0
1158.0,9.581599652454406,5.81366807150507,0.0,0.0,-3.5662469189772634e-06,0.0,0.0,4.099608908180267,-15.0709270738,0.0,0.0,1.7140591633248032,0.0,-1.2822202013762476e-05,0.0,0.06555807065990196,-0.006679694485302409,0.2175987514919521,0.0,0.0,0.0
1159.0,9.581600667720283,5.813664709181585,0.0,0.0,-3.5323847880775833e-06,0.0,0.0,4.099605358805181,-15.0709270738,0.0,0.0,1.7140593503764041,0.0,-1.2700451643663229e-05,0.0,0.06555805073885139,-0.006679732535794333,0.21759865652298704,0.0,0.0,0.0
1160.0,9.581601687184062,5.813661382819295,0.0,0.0,-3.4978141986786896e-06,0.0,0.0,4.099601843646845,-15.0709270738,0.0,0.0,1.7140595391724505,0.0,-1.2576154079297211e-05,0.0,0.06555803102340389,-0.006679770072259422,0.21759856229716115,0.0,0.0,0.0
1161.0,9.58160271066673,5.813658093101851,0.0,0.0,-3.4625398986117356e-06,0.0,0.0,4.099598363411355,-15.0709270738,0.0,0.0,1.7140597296904962,0.0,-1.2449326392376999e-05,0.0,0.06555801151759506,-0.006679807086747272,0.21759846883324027,0.0,0.0,0.0
1162.0,9.581603737988175,5.813654840707722,0.0,0.0,-3.4265667725196332e-06,0.0,0.0,4.0995949187999905,-15.0709270738,0.0,0.0,1.7140599219077313,0.0,-1.2319986146503593e-05,0.0,0.06555799222543113,-0.006679843571385027,0.21759837614989172,0.0,0.0,0.0
1163.0,9.581604768967221,5.813651626310065,0.0,0.0,-3.3898998412634744e-06,0.0,0.0,4.09959151050908,-15.0709270738,0.0,0.0,1.7140601158009856,0.0,-1.2188151395031332e-05,0.0,0.06555797315088814,-0.006679879518378992,0.2175982842656812,0.0,0.0,0.0
1164.0,9.581605803421652,5.813648450576596,0.0,0.0,-3.3525442613042843e-06,0.0,0.0,4.099588139229859,-15.0709270738,0.0,0.0,1.7140603113467368,0.0,-1.2053840678844099e-05,0.0,0.06555795429791127,-0.006679914920015961,0.2175981931990692,0.0,0.0,0.0
1165.0,9.581606841168249,5.813645314169452,0.0,0.0,-3.314505324054819e-06,0.0,0.0,4.099584805648345,-15.0709270738,0.0,0.0,1.7140605085211078,0.0,-1.1917073024023851e-05,0.0,0.06555793567041392,-0.006679949768665053,0.21759810296840726,0.0,0.0,0.0
1166.0,9.581607882022814,5.813642217745064,0.0,0.0,-3.2757884552108436e-06,0.0,0.0,4.099581510445191,-15.0709270738,0.0,0.0,1.7140607072998737,0.0,-1.1777867939445371e-05,0.0,0.06555791727227708,-0.006679984056779151,0.21759801359193465,0.0,0.0,0.0
1167.0,9.581608925800209,5.8136391619540255,0.0,0.0,-3.2363992140529107e-06,0.0,0.0,4.09957825429556,-15.0709270738,0.0,0.0,1.7140609076584656,0.0,-1.163624541426495e-05,0.0,0.06555789910734844,-0.006680017776896377,0.2175979250877746,0.0,0.0,0.0
1168.0,9.581609972314382,5.813636147440962,0.0,0.0,-3.1963432927245966e-06,0.0,0.0,4.09957503786899,-15.0709270738,0.0,0.0,1.714061109571972,0.0,-1.1492225915324433e-05,0.0,0.06555788117944171,-0.006680050921641714,0.21759783747393102,0.0,0.0,0.0
1169.0,9.581611021378398,5.813633174844405,0.0,0.0,-3.1556265154846503e-06,0.0,0.0,4.099571861829261,-15.0709270738,0.0,0.0,1.7140613130151436,0.0,-1.1345830384461498e-05,0.0,0.06555786349233583,-0.006680083483728505,0.21759775076828494,0.0,0.0,0.0
1170.0,9.581612072804475,5.81363024479666,0.0,0.0,-3.1142548379346864e-06,0.0,0.0,4.099568726834261,-15.0709270738,0.0,0.0,1.7140615179623993,0.0,-1.1197080235731985e-05,0.0,0.0655578460497742,-0.0066801154559598536,0.21759766498859096,0.0,0.0,0.0
1171.0,9.581613126404013,5.813627357923685,0.0,0.0,-3.0722343462198955e-06,0.0,0.0,4.099565633535858,-15.0709270738,0.0,0.0,1.7140617243878271,0.0,-1.1045997352535217e-05,0.0,0.06555782885546398,-0.0066801468312302215,0.21759758015247377,0.0,0.0,0.0
1172.0,9.58161418198763,5.813624514844959,0.0,0.0,-3.0295712562045946e-06,0.0,0.0,4.099562582579769,-15.0709270738,0.0,0.0,1.7140619322651895,0.0,-1.08926040846489e-05,0.0,0.06555781191307528,-0.006680177602526843,0.2175974962774249,0.0,0.0,0.0
1173.0,9.581615239365188,5.813621716173358,0.0,0.0,-2.986271912624747e-06,0.0,0.0,4.099559574605431,-15.0709270738,0.0,0.0,1.7140621415679274,0.0,-1.0736923245181202e-05,0.0,0.06555779522624047,-0.0066802077629312395,0.2175974133807989,0.0,0.0,0.0
1174.0,9.58161629834583,5.813618962515036,0.0,0.0,-2.9423427882141354e-06,0.0,0.0,4.099556610245872,-15.0709270738,0.0,0.0,1.7140623522691634,0.0,-1.0578978107428118e-05,0.0,0.06555777879855343,-0.006680237305620576,0.21759733147981047,0.0,0.0,0.0
1175.0,9.581617358738015,5.813616254469292,0.0,0.0,-2.8977904828060992e-06,0.0,0.0,4.099553690127584,-15.0709270738,0.0,0.0,1.7140625643417087,0.0,-1.0418792401642982e-05,0.0,0.06555776263356884,-0.006680266223869191,0.2175972505915306,0.0,0.0,0.0
1176.0,9.581618420349544,5.813613592628458,0.0,0.0,-2.852621722407966e-06,0.0,0.0,4.099550814870393,-15.0709270738,0.0,0.0,1.7140627777580644,0.0,-1.025639031170784e-05,0.0,0.06555774673480143,-0.006680294511049886,0.21759717073288326,0.0,0.0,0.0
1177.0,9.581619482987602,5.813610977577768,0.0,0.0,-2.806843358255915e-06,0.0,0.0,4.099547985087341,-15.0709270738,0.0,0.0,1.714062992490427,0.0,-1.0091796471734442e-05,0.0,0.06555773110572524,-0.0066803221606354934,0.2175970919206423,0.0,0.0,0.0
1178.0,9.581620546458785,5.813608409895244,0.0,0.0,-2.7604623658399812e-06,0.0,0.0,4.0995452013845535,-15.0709270738,0.0,0.0,1.7140632085106908,0.0,-9.925035962557924e-06,0.0,0.06555771574977298,-0.006680349166200111,0.21759701417142796,0.0,0.0,0.0
1179.0,9.581621610569137,5.813605890151576,0.0,0.0,-2.7134858439072192e-06,0.0,0.0,4.09954246436112,-15.0709270738,0.0,0.0,1.7140634257904566,0.0,-9.756134308151951e-06,0.0,0.0655577006703353,-0.006680375521420548,0.21759693750170334,0.0,0.0,0.0
1180.0,9.58162267512418,5.813603418910002,0.0,0.0,-2.66592101344133e-06,0.0,0.0,4.09953977460897,-15.0709270738,0.0,0.0,1.7140636443010324,0.0,-9.585117471959263e-06,0.0,0.06555768587076001,-0.006680401220077653,0.2175968619277715,0.0,0.0,0.0
1181.0,9.581623739928954,5.81360099672619,0.0,0.0,-2.6177752166161598e-06,0.0,0.0,4.09953713271275,-15.0709270738,0.0,0.0,1.7140638640134398,0.0,-9.412011853128289e-06,0.0,0.0655576713543515,-0.006680426256057734,0.21759678746577188,0.0,0.0,0.0
1182.0,9.581624804788046,5.813598624148124,0.0,0.0,-2.5690559157272108e-06,0.0,0.0,4.099534539249706,-15.0709270738,0.0,0.0,1.7140640848984185,0.0,-9.236844282670722e-06,0.0,0.06555765712437002,-0.0066804506233536926,0.21759671413167714,0.0,0.0,0.0
1183.0,9.581625869505624,5.8135963017159895,0.0,0.0,-2.5197706920968756e-06,0.0,0.0,4.099531994789561,-15.0709270738,0.0,0.0,1.7140643069264287,0.0,-9.05964201952463e-06,0.0,0.06555764318403096,-0.006680474316066609,0.21759664194129003,0.0,0.0,0.0
1184.0,9.581626933885477,5.813594029962059,0.0,0.0,-2.4699272449572756e-06,0.0,0.0,4.099529499894397,-15.0709270738,0.0,0.0,1.7140645300676614,0.0,-8.880432746537067e-06,0.0,0.0655576295365042,-0.006680497328406684,0.2175965709102401,0.0,0.0,0.0
1185.0,9.581627997731044,5.8135918094105765,0.0,0.0,-2.419533390308745e-06,0.0,0.0,4.099527055118541,-15.0709270738,0.0,0.0,1.7140647542920355,0.0,-8.699244566359127e-06,0.0,0.06555761618491343,-0.006680519654694864,0.21759650105398037,0.0,0.0,0.0
1186.0,9.58162906084545,5.813589640577653,0.0,0.0,-2.368597059758102e-06,0.0,0.0,4.099524661008443,-15.0709270738,0.0,0.0,1.7140649795692093,0.0,-8.516105997268347e-06,0.0,0.06555760313233555,-0.0066805412893638505,0.2175964323877845,0.0,0.0,0.0
1187.0,9.581630123031545,5.813587523971148,0.0,0.0,-2.317126299328377e-06,0.0,0.0,4.099522318102566,-15.0709270738,0.0,0.0,1.7140652058685824,0.0,-8.331045968888501e-06,0.0,0.06555759038179997,-0.006680562226959452,0.21759636492674345,0.0,0.0,0.0
1188.0,9.581631184091929,5.813585460090569,0.0,0.0,-2.265129268249024e-06,0.0,0.0,4.099520026931269,-15.0709270738,0.0,0.0,1.7140654331593002,0.0,-8.144093817839253e-06,0.0,0.06555757793628791,-0.0066805824621417875,0.21759629868576225,0.0,0.0,0.0
1189.0,9.581632243829,5.813583449426957,0.0,0.0,-2.212614237722992e-06,0.0,0.0,4.099517788016697,-15.0709270738,0.0,0.0,1.7140656614102605,0.0,-7.955279283302603e-06,0.0,0.0655575657987319,-0.0066806019896864105,0.21759623367955727,0.0,0.0,0.0
1190.0,9.581633302044981,5.813581492462785,0.0,0.0,-2.1595895896690437e-06,0.0,0.0,4.0995156018726675,-15.0709270738,0.0,0.0,1.7140658905901178,0.0,-7.764632502500386e-06,0.0,0.06555755397201499,-0.006680620804485615,0.2175961699226529,0.0,0.0,0.0
1191.0,9.581634358541955,5.813579589671851,0.0,0.0,-2.106063815443247e-06,0.0,0.0,4.099513469004561,-15.0709270738,0.0,0.0,1.7140661206672894,0.0,-7.572184006096895e-06,0.0,0.06555754245897025,-0.00668063890154956,0.21759610742937868,0.0,0.0,0.0
1192.0,9.581635413121901,5.813577741519173,0.0,0.0,-2.0520455145376785e-06,0.0,0.0,4.099511389909214,-15.0709270738,0.0,0.0,1.7140663516099588,0.0,-7.377964713519583e-06,0.0,0.06555753126238009,-0.006680656276007321,0.2175960462138662,0.0,0.0,0.0
1193.0,9.581636465586737,5.81357594846089,0.0,0.0,-1.9975433932574338e-06,0.0,0.0,4.099509365074807,-15.0709270738,0.0,0.0,1.7140665833860833,0.0,-7.182005928201812e-06,0.0,0.06555752038497568,-0.006680672923108158,0.21759598629004612,0.0,0.0,0.0
1194.0,9.581637515738343,5.813574210944161,0.0,0.0,-1.942566263373237e-06,0.0,0.0,4.0995073949807646,-15.0709270738,0.0,0.0,1.7140668159633963,0.0,-6.984339332737862e-06,0.0,0.06555750982943637,-0.006680688838222551,0.21759592767164543,0.0,0.0,0.0
1195.0,9.58163856337861,5.81357252940706,0.0,0.0,-1.887123040755928e-06,0.0,0.0,4.099505480097646,-15.0709270738,0.0,0.0,1.7140670493094143,0.0,-6.78499698397284e-06,0.0,0.06555749959838901,-0.0066807040168433,0.21759587037218425,0.0,0.0,0.0
1196.0,9.58163960830946,5.813570904278485,0.0,0.0,-1.8312227439858292e-06,0.0,0.0,4.099503620887043,-15.0709270738,0.0,0.0,1.7140672833914428,0.0,-6.584011308002259e-06,0.0,0.06555748969440747,-0.0066807184545866205,0.21759581440497322,0.0,0.0,0.0
1197.0,9.581640650332899,5.81356933597806,0.0,0.0,-1.7748744929425818e-06,0.0,0.0,4.099501817801477,-15.0709270738,0.0,0.0,1.7140675181765825,0.0,-6.381415095101441e-06,0.0,0.06555748012001202,-0.006680732147193058,0.2175957597831107,0.0,0.0,0.0
1198.0,9.581641689251038,5.813567824916035,0.0,0.0,-1.718087507373716e-06,0.0,0.0,4.099500071284303,-15.0709270738,0.0,0.0,1.7140677536317321,0.0,-6.177241494578477e-06,0.0,0.06555747087766875,-0.006680745090528753,0.21759570651947963,0.0,0.0,0.0
1199.0,9.581642724866139,5.813566371493198,0.0,0.0,-1.6608711054418297e-06,0.0,0.0,4.099498381769602,-15.0709270738,0.0,0.0,1.7140679897235955,0.0,-5.971524009550292e-06,0.0,0.06555746196978901,-0.00668075728058623,0.21759565462674496,0.0,0.0,0.0
1200.0,9.581643756980647,5.813564976100781,0.0,0.0,-1.603234702251375e-06,0.0,0.0,4.0994967496820935,-15.0709270738,0.0,0.0,1.7140682264186875,0.0,-5.76429649164543e-06,0.0,0.06555745339872893,-0.00668076871348551,0.21759560411735107,0.0,0.0,0.0
1201.0,9.581644785397225,5.813563639120368,0.0,0.0,-1.545187808353291e-06,0.0,0.0,4.0994951754370295,-15.0709270738,0.0,0.0,1.714068463683339,0.0,-5.555593135627189e-06,0.0,0.06555744516678877,-0.00668077938547508,0.21759555500351874,0.0,0.0,0.0
1202.0,9.581645809918793,5.813562360923809,0.0,0.0,-1.486740028232105e-06,0.0,0.0,4.099493659440107,-15.0709270738,0.0,0.0,1.7140687014837024,0.0,-5.345448473953778e-06,0.0,0.06555743727621248,-0.006680789292932726,0.2175955072972428,0.0,0.0,0.0
1203.0,9.58164683034856,5.81356114187313,0.0,0.0,-1.427901058770096e-06,0.0,0.0,4.0994922020873705,-15.0709270738,0.0,0.0,1.7140689397857596,0.0,-5.133897371255995e-06,0.0,0.06555742972918716,-0.006680798432366561,0.21759546101028915,0.0,0.0,0.0
1204.0,9.581647846490066,5.813559982320448,0.0,0.0,-1.3686806876935815e-06,0.0,0.0,4.099490803765124,-15.0709270738,0.0,0.0,1.7140691785553237,0.0,-4.920975018750682e-06,0.0,0.06555742252784245,-0.006680806800415912,0.21759541615419253,0.0,0.0,0.0
1205.0,9.58164885814721,5.813558882607886,0.0,0.0,-1.309088791998534e-06,0.0,0.0,4.099489464849838,-15.0709270738,0.0,0.0,1.714069417758048,0.0,-4.706716928579875e-06,0.0,0.06555741567425022,-0.00668081439385218,0.21759537274025356,0.0,0.0,0.0
1206.0,9.581649865124295,5.813557843067492,0.0,0.0,-1.2491353363584287e-06,0.0,0.0,4.099488185708061,-15.0709270738,0.0,0.0,1.7140696573594303,0.0,-4.491158928086092e-06,0.0,0.06555740917042385,-0.00668082120957969,0.2175953307795367,0.0,0.0,0.0
1207.0,9.581650867226058,5.813556864021157,0.0,0.0,-1.1888303715095103e-06,0.0,0.0,4.099486966696336,-15.0709270738,0.0,0.0,1.714069897324821,0.0,-4.2743371540064686e-06,0.0,0.06555740301831793,-0.006680827244636547,0.21759529028286712,0.0,0.0,0.0
1208.0,9.581651864257708,5.813555945780537,0.0,0.0,-1.1281840326204482e-06,0.0,0.0,4.099485808161111,-15.0709270738,0.0,0.0,1.7140701376194256,0.0,-4.056288046610781e-06,0.0,0.06555739721982767,-0.006680832496195485,0.217595251260829,0.0,0.0,0.0
1209.0,9.581652856024963,5.813555088646972,0.0,0.0,-1.0672065376422808e-06,0.0,0.0,4.099484710438658,-15.0709270738,0.0,0.0,1.714070378208314,0.0,-3.837048343768633e-06,0.0,0.06555739177678849,-0.00668083696156456,0.21759521372376245,0.0,0.0,0.0
1210.0,9.581653842334083,5.813554292911413,0.0,0.0,-1.0059081856397309e-06,0.0,0.0,4.099483673854989,-15.0709270738,0.0,0.0,1.7140706190564243,0.0,-3.6166550749496873e-06,0.0,0.06555738669097555,-0.00668084063818801,0.2175951776817615,0.0,0.0,0.0
1211.0,9.58165482299191,5.81355355885435,0.0,0.0,-9.442993551048114e-07,0.0,0.0,4.0994826987257795,-15.0709270738,0.0,0.0,1.7140708601285706,0.0,-3.3951455551602507e-06,0.0,0.0655573819641033,-0.006680843523646965,0.21759514314467174,0.0,0.0,0.0
1212.0,9.581655797805901,5.8135528867457325,0.0,0.0,-8.823905022519358e-07,0.0,0.0,4.099481785356287,-15.0709270738,0.0,0.0,1.7140711013894459,0.0,-3.172557378813388e-06,0.0,0.065557377597825,-0.006680845615660208,0.21759511012208788,0.0,0.0,0.0
1213.0,9.581656766584167,5.813552276844904,0.0,0.0,-8.201921592963238e-07,0.0,0.0,4.099480934041273,-15.0709270738,0.0,0.0,1.7140713428036314,0.0,-2.948928413539009e-06,0.0,0.06555737359373241,-0.006680846912084787,0.21759507862335156,0.0,0.0,0.0
1214.0,9.581657729135507,5.813551729400533,0.0,0.0,-7.577149327150075e-07,0.0,0.0,4.0994801450649305,-15.0709270738,0.0,0.0,1.7140715843356027,0.0,-2.7242967939314135e-06,0.0,0.06555736995335529,-0.006680847410916735,0.2175950486575492,0.0,0.0,0.0
1215.0,9.581658685269444,5.813551244650544,0.0,0.0,-6.949695014894316e-07,0.0,0.0,4.09947941870081,-15.0709270738,0.0,0.0,1.714071825949734,0.0,-2.498700915230698e-06,0.0,0.06555736667816094,-0.006680847110291849,0.2175950202335098,0.0,0.0,0.0
1216.0,9.581659634796257,5.8135508228220525,0.0,0.0,-6.319666153313739e-07,0.0,0.0,4.099478755211746,-15.0709270738,0.0,0.0,1.7140720676103065,0.0,-2.2721794269442106e-06,0.0,0.06555736376955393,-0.006680846008486049,0.21759499335980276,0.0,0.0,0.0
1217.0,9.581660577527026,5.813550464131302,0.0,0.0,-5.687170928970561e-07,0.0,0.0,4.099478154849791,-15.0709270738,0.0,0.0,1.7140723092815104,0.0,-2.0447712264255814e-06,0.0,0.06555736122887566,-0.006680844103916242,0.21759496804473574,0.0,0.0,0.0
1218.0,9.581661513273662,5.813550168783601,0.0,0.0,-5.052318199781971e-07,0.0,0.0,4.099477617856144,-15.0709270738,0.0,0.0,1.7140725509274564,0.0,-1.8165154523708734e-06,0.0,0.06555735905740397,-0.00668084139514076,0.2175949442963528,0.0,0.0,0.0
1219.0,9.58166244184894,5.813549936973265,0.0,0.0,-4.415217476820318e-07,0.0,0.0,4.099477144461085,-15.0709270738,0.0,0.0,1.7140727925121801,0.0,-1.587451478275089e-06,0.0,0.06555735725635277,-0.006680837880859991,0.21759492212243225,0.0,0.0,0.0
1220.0,9.58166336306654,5.813549768883559,0.0,0.0,-3.775978905918136e-07,0.0,0.0,4.099476734883911,-15.0709270738,0.0,0.0,1.7140730339996475,0.0,-1.3576189058185392e-06,0.0,0.06555735582687174,-0.0066808335599168045,0.2175949015304848,0.0,0.0,0.0
1221.0,9.58166427674108,5.813549664686636,0.0,0.0,-3.134713249172023e-07,0.0,0.0,4.0994763893328745,-15.0709270738,0.0,0.0,1.714073275353761,0.0,-1.1270575582168707e-06,0.0,0.0655573547700459,-0.006680828431297164,0.21759488252775144,0.0,0.0,0.0
1222.0,9.581665182688152,5.813549624543487,0.0,0.0,-2.491531866245707e-07,0.0,0.0,4.09947610800512,-15.0709270738,0.0,0.0,1.7140735165383676,0.0,-8.958074734989221e-07,0.0,0.06555735408689539,-0.006680822494130614,0.2175948651212018,0.0,0.0,0.0
1223.0,9.581666080724354,5.813549648603892,0.0,0.0,-1.8465466955541607e-07,0.0,0.0,4.099475891086628,-15.0709270738,0.0,0.0,1.714073757517264,0.0,-6.639088977418402e-07,0.0,0.0655573537783751,-0.006680815747690638,0.21759484931753223,0.0,0.0,0.0
1224.0,9.581666970667332,5.813549737006361,0.0,0.0,-1.1998702353132302e-07,0.0,0.0,4.099475738752157,-15.0709270738,0.0,0.0,1.7140739982542037,0.0,-4.314022782578708e-07,0.0,0.0655573538453743,-0.00668080819139516,0.21759483512316397,0.0,0.0,0.0
1225.0,9.58166785233581,5.813549889878091,0.0,0.0,-5.516155243997564e-08,0.0,0.0,4.099475651165189,-15.0709270738,0.0,0.0,1.714074238712902,0.0,-1.9832825671304226e-07,0.0,0.06555735428871642,-0.006680799824806974,0.21759482254424145,0.0,0.0,0.0
1226.0,9.581668725549624,5.813550107334921,0.0,0.0,9.810387686760027e-09,0.0,0.0,4.099475628477876,-15.0709270738,0.0,0.0,1.7140744788570448,0.0,3.527233778263362e-08,0.0,0.06555735510915875,-0.006680790647634119,0.21759481158663074,0.0,0.0,0.0
1227.0,9.581669590129762,5.8135503894812794,0.0,0.0,7.491739061008844e-08,0.0,0.0,4.099475670830986,-15.0709270738,0.0,0.0,1.7140747186502931,0.0,2.6935849564006883e-07,0.0,0.06555735630739216,-0.006680780659730101,0.21759480225591768,0.0,0.0,0.0
1228.0,9.581670445898393,5.813550736410152,0.0,0.0,1.4014800183709915e-07,0.0,0.0,4.0994757783538605,-15.0709270738,0.0,0.0,1.7140749580562913,0.0,5.038890338119301e-07,0.0,0.06555735788404082,-0.006680769861094463,0.2175947945574065,0.0,0.0,0.0
1229.0,9.581671292678905,5.8135511482030315,0.0,0.0,2.0549072058434123e-07,0.0,0.0,4.09947595116436,-15.0709270738,0.0,0.0,1.7140751970386718,0.0,7.388226028521294e-07,0.0,0.06555735983966196,-0.006680758251872865,0.217594788496118,0.0,0.0,0.0
1230.0,9.58167213029594,5.813551624929884,0.0,0.0,2.7093400175249397e-07,0.0,0.0,4.099476189368823,-15.0709270738,0.0,0.0,1.7140754355610612,0.0,9.74117694015182e-07,0.0,0.06555736217474561,-0.006680745832357532,0.2175947840767884,0.0,0.0,0.0
1231.0,9.581672958575425,5.813552166649113,0.0,0.0,3.3646625791595106e-07,0.0,0.0,4.099476493062022,-15.0709270738,0.0,0.0,1.7140756735870903,0.0,1.209732646409158e-06,0.0,0.06555736488971443,-0.0066807326029874325,0.2175947813038675,0.0,0.0,0.0
1232.0,9.581673777344607,5.81355277340752,0.0,0.0,4.02075861322697e-07,0.0,0.0,4.099476862327122,-15.0709270738,0.0,0.0,1.714075911080398,0.0,1.445625654185611e-06,0.0,0.06555736798492343,-0.006680718564348459,0.21759478018151773,0.0,0.0,0.0
1233.0,9.58167458643209,5.813553445240276,0.0,0.0,4.6775114590584426e-07,0.0,0.0,4.099477297235639,-15.0709270738,0.0,0.0,1.7140761480046374,0.0,1.6817547737714065e-06,0.0,0.06555737146065976,-0.006680703717173747,0.21759478071361232,0.0,0.0,0.0
1234.0,9.581675385667864,5.813554182170891,0.0,0.0,5.334804093061512e-07,0.0,0.0,4.099477797847407,-15.0709270738,0.0,0.0,1.7140763843234836,0.0,1.918077931140003e-06,0.0,0.0655573753171426,-0.006680688062343787,0.21759478290373452,0.0,0.0,0.0
1235.0,9.581676174883345,5.81355498421118,0.0,0.0,5.99251914905148e-07,0.0,0.0,4.099478364210539,-15.0709270738,0.0,0.0,1.7140766200006414,0.0,2.154552929120848e-06,0.0,0.0655573795545229,-0.006680671600886506,0.21759478675517574,0.0,0.0,0.0
1236.0,9.5816769539114,5.813555851361242,0.0,0.0,6.650538938697806e-07,0.0,0.0,4.099478996361395,-15.0709270738,0.0,0.0,1.7140768549998473,0.0,2.391137454750157e-06,0.0,0.06555738417288318,-0.00668065433397752,0.2175947922709348,0.0,0.0,0.0
1237.0,9.581677722586386,5.8135567836094335,0.0,0.0,7.308745472067015e-07,0.0,0.0,4.099479694324551,-15.0709270738,0.0,0.0,1.7140770892848822,0.0,2.6277890866563596e-06,0.0,0.06555738917223747,-0.006680636262940215,0.21759479945371674,0.0,0.0,0.0
1238.0,9.581678480744184,5.813557780932346,0.0,0.0,7.967020478241905e-07,0.0,0.0,4.0994804581127715,-15.0709270738,0.0,0.0,1.7140773228195743,0.0,2.8644653024729417e-06,0.0,0.06555739455253112,-0.006680617389245719,0.21759480830593136,0.0,0.0,0.0
1239.0,9.581679228222226,5.813558843294784,0.0,0.0,8.625245426074882e-07,0.0,0.0,4.099481287726978,-15.0709270738,0.0,0.0,1.7140775555678056,0.0,3.1011234862994957e-06,0.0,0.06555740031364066,-0.006680597714512959,0.21759481882969278,0.0,0.0,0.0
1240.0,9.581679964859534,5.81355997064975,0.0,0.0,9.283301544999631e-07,0.0,0.0,4.099482183156229,-15.0709270738,0.0,0.0,1.7140777874935207,0.0,3.3377209361837167e-06,0.0,0.06555740645537363,-0.00668057724050887,0.2175948310268177,0.0,0.0,0.0
1241.0,9.581680690496745,5.8135611629384245,0.0,0.0,9.941069845930352e-07,0.0,0.0,4.099483144377693,-15.0709270738,0.0,0.0,1.7140780185607314,0.0,3.5742148716348625e-06,0.0,0.06555741297746859,-0.006680555969148114,0.21759484489882505,0.0,0.0,0.0
1242.0,9.581681404976152,5.813562420090157,0.0,0.0,1.0598431142269374e-06,0.0,0.0,4.0994841713566315,-15.0709270738,0.0,0.0,1.714078248733525,0.0,3.8105624411761447e-06,0.0,0.0655574198795949,-0.00668053390249318,0.21759486044693488,0.0,0.0,0.0
1243.0,9.58168210814173,5.8135637420224455,0.0,0.0,1.1255266070972393e-06,0.0,0.0,4.099485264046376,-15.0709270738,0.0,0.0,1.7140784779760692,0.0,4.046720729917829e-06,0.0,0.06555742716135272,-0.006680511042754397,0.21759487767206737,0.0,0.0,0.0
1244.0,9.581682799839164,5.813565128640937,0.0,0.0,1.1911455113695742e-06,0.0,0.0,4.099486422388316,-15.0709270738,0.0,0.0,1.7140787062526206,0.0,4.282646767159797e-06,0.0,0.0655574348222729,-0.0066804873922897134,0.2175948965748423,0.0,0.0,0.0
1245.0,9.581683479915895,5.81356657983941,0.0,0.0,1.2566878618009851e-06,0.0,0.0,4.099487646311881,-15.0709270738,0.0,0.0,1.7140789335275288,0.0,4.51829753401789e-06,0.0,0.06555744286181689,-0.006680462953604596,0.21759491715557816,0.0,0.0,0.0
1246.0,9.581684148221134,5.813568095499776,0.0,0.0,1.322141681869512e-06,0.0,0.0,4.09948893573453,-15.0709270738,0.0,0.0,1.7140791597652463,0.0,4.753629971079851e-06,0.0,0.06555745127937676,-0.006680437729351979,0.21759493941429142,0.0,0.0,0.0
1247.0,9.581684804605903,5.813569675492072,0.0,0.0,1.38749498590929e-06,0.0,0.0,4.099490290561739,-15.0709270738,0.0,0.0,1.7140793849303328,0.0,4.988600986081074e-06,0.0,0.06555746007427514,-0.006680411722332011,0.217594963350696,0.0,0.0,0.0
1248.0,9.581685448923063,5.813571319674461,0.0,0.0,1.4527357812526165e-06,0.0,0.0,4.099491710686999,-15.0709270738,0.0,0.0,1.7140796089874621,0.0,5.223167461605376e-06,0.0,0.06555746924576514,-0.006680384935491904,0.21759498896420268,0.0,0.0,0.0
1249.0,9.581686081027343,5.813573027893228,0.0,0.0,1.5178520703754028e-06,0.0,0.0,4.0994931959917995,-15.0709270738,0.0,0.0,1.7140798319014285,0.0,5.457286262797928e-06,0.0,0.06555747879303041,-0.006680357371925669,0.21759501625391842,0.0,0.0,0.0
1250.0,9.581686700775373,5.813574799982792,0.0,0.0,1.582831853051351e-06,0.0,0.0,4.099494746345637,-15.0709270738,0.0,0.0,1.7140800536371552,0.0,5.690914245109525e-06,0.0,0.06555748871518513,-0.006680329034873894,0.21759504521864614,0.0,0.0,0.0
1251.0,9.581687308025714,5.813576635765702,0.0,0.0,1.6476631285091074e-06,0.0,0.0,4.099496361606003,-15.0709270738,0.0,0.0,1.7140802741596985,0.0,5.924008262051545e-06,0.0,0.06555749901127399,-0.006680299927723496,0.21759507585688398,0.0,0.0,0.0
1252.0,9.581687902638883,5.813578535052648,0.0,0.0,1.7123338975931684e-06,0.0,0.0,4.099498041618392,-15.0709270738,0.0,0.0,1.7140804934342562,0.0,6.15652517296439e-06,0.0,0.06555750968027224,-0.0066802700540073146,0.2175951081668253,0.0,0.0,0.0
1253.0,9.581688484477388,5.813580497642471,0.0,0.0,1.7768321649326278e-06,0.0,0.0,4.099499786216298,-15.0709270738,0.0,0.0,1.7140807114261731,0.0,6.388421850814084e-06,0.0,0.06555752072108575,-0.006680239417403935,0.21759514214635814,0.0,0.0,0.0
1254.0,9.58168905340575,5.813582523322173,0.0,0.0,1.8411459411106646e-06,0.0,0.0,4.099501595221224,-15.0709270738,0.0,0.0,1.714080928100949,0.0,6.6196551899915295e-06,0.0,0.065557532132551,-0.0066802080217371745,0.21759517779306486,0.0,0.0,0.0
1255.0,9.58168960929054,5.813584611866932,0.0,0.0,1.905263244836675e-06,0.0,0.0,4.099503468442689,-15.0709270738,0.0,0.0,1.7140811434242424,0.0,6.850182114121247e-06,0.0,0.0655575439134352,-0.006680175870975788,0.2175952151042222,0.0,0.0,0.0
1256.0,9.581690152000402,5.813586763040114,0.0,0.0,1.969172105124014e-06,0.0,0.0,4.099505405678233,-15.0709270738,0.0,0.0,1.7140813573618807,0.0,7.0799595838902736e-06,0.0,0.06555755606243635,-0.006680142969233097,0.21759525407680097,0.0,0.0,0.0
1257.0,9.58169068140608,5.813588976593294,0.0,0.0,2.0328605634711725e-06,0.0,0.0,4.099507406713432,-15.0709270738,0.0,0.0,1.7140815698798626,0.0,7.308944604889389e-06,0.0,0.06555756857818333,-0.006680109320766375,0.2175952947074659,0.0,0.0,0.0
1258.0,9.58169119738045,5.81359125226628,0.0,0.0,2.096316676041884e-06,0.0,0.0,4.099509471321911,-15.0709270738,0.0,0.0,1.714081780944369,0.0,7.537094235450492e-06,0.0,0.06555758145923601,-0.006680074929976604,0.21759533699257594,0.0,0.0,0.0
1259.0,9.581691699798549,5.813593589787125,0.0,0.0,2.1595285158494987e-06,0.0,0.0,4.099511599265359,-15.0709270738,0.0,0.0,1.7140819905217661,0.0,7.764365594499285e-06,0.0,0.06555759470408536,-0.006680039801407828,0.2175953809281837,0.0,0.0,0.0
1260.0,9.58169218853759,5.813595988872161,0.0,0.0,2.222484174941214e-06,0.0,0.0,4.099513790293548,-15.0709270738,0.0,0.0,1.7140821985786134,0.0,7.99071586940746e-06,0.0,0.06555760831115354,-0.0066800039397466315,0.21759542651003613,0.0,0.0,0.0
1261.0,9.581692663477003,5.8135984492260215,0.0,0.0,2.2851717665863637e-06,0.0,0.0,4.0995160441443526,-15.0709270738,0.0,0.0,1.714082405081669,0.0,8.216102323859427e-06,0.0,0.0655576222787941,-0.006679967349821778,0.21759547373357413,0.0,0.0,0.0
1262.0,9.581693124498456,5.8136009705416685,0.0,0.0,2.3475794274633476e-06,0.0,0.0,4.099518360543771,-15.0709270738,0.0,0.0,1.7140826099978979,0.0,8.44048230571417e-06,0.0,0.0655576366052921,-0.006679930036603429,0.21759552259393308,0.0,0.0,0.0
1263.0,9.581693571485875,5.813603552500428,0.0,0.0,2.409695319845565e-06,0.0,0.0,4.099520739205951,-15.0709270738,0.0,0.0,1.7140828132944774,0.0,8.6638132548635e-06,0.0,0.0655576512888643,-0.0066798920052025534,0.21759557308594296,0.0,0.0,0.0
1264.0,9.58169400432548,5.81360619477202,0.0,0.0,2.4715076337909048e-06,0.0,0.0,4.099523179833217,-15.0709270738,0.0,0.0,1.7140830149388027,0.0,8.886052711103092e-06,0.0,0.06555766632765932,-0.006679853260870464,0.21759562520412867,0.0,0.0,0.0
1265.0,9.581694422905803,5.813608897014593,0.0,0.0,2.53300458932744e-06,0.0,0.0,4.099525682116099,-15.0709270738,0.0,0.0,1.7140832148984941,0.0,9.10715832198985e-06,0.0,0.06555768171975779,-0.006679813808998014,0.2175956789427102,0.0,0.0,0.0
1266.0,9.581694827117719,5.813611658874763,0.0,0.0,2.59417443864153e-06,0.0,0.0,4.09952824573336,-15.0709270738,0.0,0.0,1.7140834131414024,0.0,9.327087850707932e-06,0.0,0.06555769746317262,-0.006679773655115018,0.2175957342956033,0.0,0.0,0.0
1267.0,9.581695216854461,5.8136144799876535,0.0,0.0,2.655005468261157e-06,0.0,0.0,4.0995308703520354,-15.0709270738,0.0,0.0,1.714083609635618,0.0,9.54579918391764e-06,0.0,0.06555771355584925,-0.006679732804889454,0.21759579125641984,0.0,0.0,0.0
1268.0,9.581695592011656,5.813617359976936,0.0,0.0,2.7154860012402177e-06,0.0,0.0,4.099533555627464,-15.0709270738,0.0,0.0,1.714083804349472,0.0,9.763250339607711e-06,0.0,0.06555772999566571,-0.006679691264126791,0.21759584981846813,0.0,0.0,0.0
1269.0,9.581695952487339,5.813620298454875,0.0,0.0,2.775604399339984e-06,0.0,0.0,4.099536301203326,-15.0709270738,0.0,0.0,1.7140839972515494,0.0,9.979399474937452e-06,0.0,0.0655577467804331,-0.0066796490387692475,0.21759590997475398,0.0,0.0,0.0
1270.0,9.581696298181983,5.813623295022372,0.0,0.0,2.835349065209046e-06,0.0,0.0,4.099539106711685,-15.0709270738,0.0,0.0,1.7140841883106868,0.0,1.0194204894073389e-05,0.0,0.0655577639078956,-0.0066796061348948915,0.21759597171798067,0.0,0.0,0.0
1271.0,9.58169662899852,5.813626349269014,0.0,0.0,2.8947084445580407e-06,0.0,0.0,4.099541971773027,-15.0709270738,0.0,0.0,1.714084377495987,0.0,1.0407625056007177e-05,0.0,0.0655577813757309,-0.006679562558717045,0.2175960350405502,0.0,0.0,0.0
1272.0,9.58169694484236,5.813629460773127,0.0,0.0,2.953671028334822e-06,0.0,0.0,4.099544895996308,-15.0709270738,0.0,0.0,1.7140845647768188,0.0,1.0619618582375099e-05,0.0,0.06555779918155046,-0.006679518316583186,0.2175960999345636,0.0,0.0,0.0
1273.0,9.581697245621417,5.813632629101824,0.0,0.0,3.012225354890939e-06,0.0,0.0,4.099547878978997,-15.0709270738,0.0,0.0,1.7140847501228267,0.0,1.0830144265246279e-05,0.0,0.06555781732289973,-0.00667947341497431,0.21759616639182222,0.0,0.0,0.0
1274.0,9.581697531246132,5.813635853811063,0.0,0.0,3.0703600121499063e-06,0.0,0.0,4.099550920307127,-15.0709270738,0.0,0.0,1.714084933503936,0.0,1.1039161074917383e-05,0.0,0.06555783579725855,-0.006679427860503892,0.21759623440382803,0.0,0.0,0.0
1275.0,9.581697801629494,5.813639134445702,0.0,0.0,3.1280636397670985e-06,0.0,0.0,4.099554019555344,-15.0709270738,0.0,0.0,1.7140851148903575,0.0,1.1246628167677156e-05,0.0,0.06555785460204135,-0.0066793816599170774,0.2175963039617849,0.0,0.0,0.0
1276.0,9.581698056687054,5.813642470539556,0.0,0.0,3.18532493128716e-06,0.0,0.0,4.099557176286961,-15.0709270738,0.0,0.0,1.7140852942525955,0.0,1.1452504893562071e-05,0.0,0.06555787373459757,-0.006679334820089616,0.21759637505659932,0.0,0.0,0.0
1277.0,9.581698296336958,5.813645861615463,0.0,0.0,3.242132636292654e-06,0.0,0.0,4.099560390054011,-15.0709270738,0.0,0.0,1.714085471561452,0.0,1.1656750804080433e-05,0.0,0.065557893192212,-0.006679287348027044,0.21759644767888162,0.0,0.0,0.0
1278.0,9.581698520499957,5.813649307185341,0.0,0.0,3.2984755625527897e-06,0.0,0.0,4.0995636603973065,-15.0709270738,0.0,0.0,1.7140856467880345,0.0,1.18593256599368e-05,0.0,0.0655579129721051,-0.006679239250863611,0.21759652181894704,0.0,0.0,0.0
1279.0,9.58169872909943,5.813652806750258,0.0,0.0,3.3543425781610077e-06,0.0,0.0,4.099566986846498,-15.0709270738,0.0,0.0,1.7140858199037599,0.0,1.206018943871634e-05,0.0,0.06555793307143337,-0.00667919053586126,0.21759659746681664,0.0,0.0,0.0
1280.0,9.581698922061406,5.813656359800496,0.0,0.0,3.409722613668133e-06,0.0,0.0,4.099570368920135,-15.0709270738,0.0,0.0,1.7140859908803607,0.0,1.2259302342553234e-05,0.0,0.06555795348728971,-0.006679141210408579,0.21759667461221865,0.0,0.0,0.0
1281.0,9.581699099314578,5.8136599658156225,0.0,0.0,3.464604664209646e-06,0.0,0.0,4.09957380612573,-15.0709270738,0.0,0.0,1.7140861596898924,0.0,1.245662480577796e-05,0.0,0.06555797421670387,-0.0066790912820197945,0.21759675324458969,0.0,0.0,0.0
1282.0,9.581699260790325,5.81366362426456,0.0,0.0,3.518977791624353e-06,0.0,0.0,4.099577297959822,-15.0709270738,0.0,0.0,1.714086326304738,0.0,1.2652117502533647e-05,0.0,0.06555799525664281,-0.006679040758333629,0.21759683335307606,0.0,0.0,0.0
1283.0,9.581699406422727,5.813667334605661,0.0,0.0,3.5728311265662533e-06,0.0,0.0,4.099580843908049,-15.0709270738,0.0,0.0,1.7140864906976123,0.0,1.2845741354367968e-05,0.0,0.06555801660401112,-0.0066789896471121935,0.2175969149265351,0.0,0.0,0.0
1284.0,9.581699536148587,5.813671096286782,0.0,0.0,3.62615387060751e-06,0.0,0.0,4.099584443445211,-15.0709270738,0.0,0.0,1.714086652841571,0.0,1.3037457537793066e-05,0.0,0.06555803825565146,-0.006678937956239833,0.21759699795353643,0.0,0.0,0.0
1285.0,9.581699649907447,5.813674908745363,0.0,0.0,3.6789352983342663e-06,0.0,0.0,4.09958809603535,-15.0709270738,0.0,0.0,1.714086812710013,0.0,1.3227227491819753e-05,0.0,0.06555806020834495,-0.006678885693722034,0.2175970824223638,0.0,0.0,0.0
1286.0,9.581699747641599,5.8136787714085045,0.0,0.0,3.731164759434297e-06,0.0,0.0,4.099591801131818,-15.0709270738,0.0,0.0,1.7140869702766866,0.0,1.3415012925462366e-05,0.0,0.06555808245881174,-0.006678832867684115,0.21759716832101608,0.0,0.0,0.0
1287.0,9.581699829296108,5.813682683693051,0.0,0.0,3.7828316807724133e-06,0.0,0.0,4.099595558177355,-15.0709270738,0.0,0.0,1.7140871255156958,0.0,1.3600775825199601e-05,0.0,0.06555810500371131,-0.006678779486370134,0.21759725563720927,0.0,0.0,0.0
1288.0,9.581699894818824,5.8136866450056734,0.0,0.0,3.833925568458687e-06,0.0,0.0,4.099599366604167,-15.0709270738,0.0,0.0,1.7140872784015064,0.0,1.3784478462409536e-05,0.0,0.0655581278396431,-0.006678725558141571,0.21759734435837796,0.0,0.0,0.0
1289.0,9.581699944160398,5.813690654742958,0.0,0.0,3.884436009907074e-06,0.0,0.0,4.0996032258340085,-15.0709270738,0.0,0.0,1.7140874289089494,0.0,1.396608340077014e-05,0.0,0.06555815096314688,-0.006678671091476074,0.21759743447167684,0.0,0.0,0.0
1290.0,9.5816999772743,5.813694712291488,0.0,0.0,3.934352675882462e-06,0.0,0.0,4.099607135278261,-15.0709270738,0.0,0.0,1.7140875770132267,0.0,1.4145553503618193e-05,0.0,0.06555817437070328,-0.006678616094966214,0.21759752596398274,0.0,0.0,0.0
1291.0,9.581699994116825,5.813698817027939,0.0,0.0,3.9836653225363665e-06,0.0,0.0,4.0996110943380195,-15.0709270738,0.0,0.0,1.7140877226899196,0.0,1.4322851941267383e-05,0.0,0.0655581980587344,-0.006678560577318179,0.2175976188218961,0.0,0.0,0.0
1292.0,9.581699994647119,5.813702968319167,0.0,0.0,4.032363793435465e-06,0.0,0.0,4.099615102404179,-15.0709270738,0.0,0.0,1.7140878659149879,0.0,1.4497942198300671e-05,0.0,0.06555822202360419,-0.006678504547350347,0.2175977130317432,0.0,0.0,0.0
1293.0,9.58169997882718,5.813707165522304,0.0,0.0,4.080438021572861e-06,0.0,0.0,4.099619158857524,-15.0709270738,0.0,0.0,1.7140880066647801,0.0,1.4670788080800591e-05,0.0,0.06555824626161902,-0.006678448013992089,0.21759780857957753,0.0,0.0,0.0
1294.0,9.581699946621878,5.813711407984853,0.0,0.0,4.127878031371143e-06,0.0,0.0,4.099623263068815,-15.0709270738,0.0,0.0,1.7140881449160377,0.0,1.4841353723550048e-05,0.0,0.0655582707690283,-0.006678390986282243,0.2175979054511823,0.0,0.0,0.0
1295.0,9.581699897998968,5.813715695044782,0.0,0.0,4.1746739406728575e-06,0.0,0.0,4.099627414398885,-15.0709270738,0.0,0.0,1.714088280645897,0.0,1.5009603597187868e-05,0.0,0.06555829554202496,-0.0066783334733678396,0.21759800363207185,0.0,0.0,0.0
1296.0,9.581699832929097,5.813720026030631,0.0,0.0,4.2208159627177134e-06,0.0,0.0,4.099631612198732,-15.0709270738,0.0,0.0,1.7140884138318988,0.0,1.5175502515316715e-05,0.0,0.06555832057674603,-0.006678275484502533,0.21759810310749422,0.0,0.0,0.0
1297.0,9.581699751385818,5.813724400261606,0.0,0.0,4.266294408106122e-06,0.0,0.0,4.099635855809617,-15.0709270738,0.0,0.0,1.7140885444519887,0.0,1.5339015641561803e-05,0.0,0.06555834586927325,-0.006678217029045266,0.21759820386243303,0.0,0.0,0.0
1298.0,9.581699653345602,5.813728817047685,0.0,0.0,4.311099686750945e-06,0.0,0.0,4.099640144563159,-15.0709270738,0.0,0.0,1.7140886724845261,0.0,1.5500108496587332e-05,0.0,0.06555837141563366,-0.006678158116458874,0.2175983058816095,0.0,0.0,0.0
1299.0,9.581699538787847,5.813733275689724,0.0,0.0,4.355222309814107e-06,0.0,0.0,4.099644477781438,-15.0709270738,0.0,0.0,1.7140887979082864,0.0,1.5658746965058432e-05,0.0,0.06555839721180014,-0.006678098756308315,0.21759840914948492,0.0,0.0,0.0
1300.0,9.581699407694886,5.813737775479563,0.0,0.0,4.398652891629708e-06,0.0,0.0,4.099648854777097,-15.0709270738,0.0,0.0,1.7140889207024657,0.0,1.581489730255466e-05,0.0,0.06555842325369209,-0.006678038958259594,0.21759851365026264,0.0,0.0,0.0
1301.0,9.581699260052002,5.813742315700133,0.0,0.0,4.441382151610972e-06,0.0,0.0,4.099653274853447,-15.0709270738,0.0,0.0,1.7140890408466865,0.0,1.5968526142425347e-05,0.0,0.06555844953717602,-0.006677978732077719,0.21759861936789063,0.0,0.0,0.0
1302.0,9.581699095847428,5.81374689562557,0.0,0.0,4.48340091614494e-06,0.0,0.0,4.099657737304568,-15.0709270738,0.0,0.0,1.714089158321002,0.0,1.6119600502600942e-05,0.0,0.0655584760580662,-0.006677918087625606,0.2175987262860637,0.0,0.0,0.0
1303.0,9.581698915072367,5.813751514521326,0.0,0.0,4.524700120469983e-06,0.0,0.0,4.099662241415425,-15.0709270738,0.0,0.0,1.714089273105901,0.0,1.626808779234258e-05,0.0,0.06555850281212532,-0.00667785703486222,0.21759883438822586,0.0,0.0,0.0
1304.0,9.581698717720988,5.81375617164428,0.0,0.0,4.565270810538965e-06,0.0,0.0,4.09966678646197,-15.0709270738,0.0,0.0,1.7140893851823096,0.0,1.6413955818940106e-05,0.0,0.06555852979506507,-0.006677795583841115,0.21759894365757293,0.0,0.0,0.0
1305.0,9.581698503790442,5.81376086624286,0.0,0.0,4.6051041448636254e-06,0.0,0.0,4.09967137171126,-15.0709270738,0.0,0.0,1.7140894945316,0.0,1.655717279434256e-05,0.0,0.06555855700254694,-0.006677733744708744,0.21759905407705493,0.0,0.0,0.0
1306.0,9.58169827328086,5.813765597557156,0.0,0.0,4.644191396346739e-06,0.0,0.0,4.099675996421564,-15.0709270738,0.0,0.0,1.7140896011355915,0.0,1.6697707341744787e-05,0.0,0.06555858443018273,-0.006677671527702905,0.2175991656293787,0.0,0.0,0.0
1307.0,9.581698026195372,5.8137703648190415,0.0,0.0,4.682523954092493e-06,0.0,0.0,4.099680659842487,-15.0709270738,0.0,0.0,1.7140897049765549,0.0,1.683552850209571e-05,0.0,0.06555861207353539,-0.006677608943151017,0.21759927829701045,0.0,0.0,0.0
1308.0,9.5816977625401,5.813775167252295,0.0,0.0,4.720093325205256e-06,0.0,0.0,4.099685361215076,-15.0709270738,0.0,0.0,1.7140898060372196,0.0,1.6970605740564917e-05,0.0,0.06555863992811961,-0.006677546001468429,0.2175993920621784,0.0,0.0,0.0
1309.0,9.581697482324172,5.813780004072722,0.0,0.0,4.756891136565336e-06,0.0,0.0,4.099690099771949,-15.0709270738,0.0,0.0,1.7140899043007733,0.0,1.7102908952926547e-05,0.0,0.0655586679894026,-0.0066774827131568515,0.21759950690687568,0.0,0.0,0.0
1310.0,9.581697185559719,5.81378487448828,0.0,0.0,4.792909136592653e-06,0.0,0.0,4.09969487473741,-15.0709270738,0.0,0.0,1.71408999975087,0.0,1.723240847189971e-05,0.0,0.06555869625280478,-0.006677419088802455,0.21759962281286283,0.0,0.0,0.0
1311.0,9.581696872261885,5.8137897776992045,0.0,0.0,4.828139196986194e-06,0.0,0.0,4.099699685327574,-15.0709270738,0.0,0.0,1.714090092371631,0.0,1.735907507340192e-05,0.0,0.06555872471370046,-0.006677355139074401,0.21759973976167069,0.0,0.0,0.0
1312.0,9.58169654244883,5.8137947128981375,0.0,0.0,4.8625733144481145e-06,0.0,0.0,4.099704530750488,-15.0709270738,0.0,0.0,1.7140901821476495,0.0,1.748287998274729e-05,0.0,0.06555875336741868,-0.006677290874722783,0.21759985773460339,0.0,0.0,0.0
1313.0,9.581696196141731,5.813799679270258,0.0,0.0,4.896203612390689e-06,0.0,0.0,4.099709410206261,-15.0709270738,0.0,0.0,1.7140902690639974,0.0,1.7603794880783154e-05,0.0,0.06555878220924384,-0.006677226306577078,0.217599976712741,0.0,0.0,0.0
1314.0,9.581695833364785,5.813804675993412,0.0,0.0,4.9290223426205114e-06,0.0,0.0,4.099714322887189,-15.0709270738,0.0,0.0,1.714090353106223,0.0,1.7721791909944882e-05,0.0,0.06555881123441656,-0.006677161445544311,0.2176000966769427,0.0,0.0,0.0
1315.0,9.581695454145212,5.813809702238243,0.0,0.0,4.961021887003416e-06,0.0,0.0,4.099719267977883,-15.0709270738,0.0,0.0,1.7140904342603598,0.0,1.7836843680241392e-05,0.0,0.06555884043813441,-0.006677096302607169,0.21760021760784942,0.0,0.0,0.0
1316.0,9.581695058513253,5.813814757168332,0.0,0.0,4.992194759112787e-06,0.0,0.0,4.099724244655404,-15.0709270738,0.0,0.0,1.7140905125129287,0.0,1.7948923275181025e-05,0.0,0.06555886981555263,-0.006677030888822336,0.21760033948588753,0.0,0.0,0.0
1317.0,9.581694646502177,5.81381983994033,0.0,0.0,5.022533605853453e-06,0.0,0.0,4.099729252089391,-15.0709270738,0.0,0.0,1.7140905878509392,0.0,1.8058004257609604e-05,0.0,0.065558899361785,-0.006676965215318492,0.2176004622912711,0.0,0.0,0.0
1318.0,9.581694218148277,5.813824949704095,0.0,0.0,5.052031209067652e-06,0.0,0.0,4.0997342894422,-15.0709270738,0.0,0.0,1.7140906602618955,0.0,1.8164060675484115e-05,0.0,0.06555892907190455,-0.0066768992932945415,0.21760058600400564,0.0,0.0,0.0
1319.0,9.581693773490871,5.8138300856028335,0.0,0.0,5.080680487119278e-06,0.0,0.0,4.099739355869033,-15.0709270738,0.0,0.0,1.7140907297338002,0.0,1.8267067067568282e-05,0.0,0.0655589589409445,-0.006676833134017776,0.21760071060389102,0.0,0.0,0.0
1320.0,9.5816933125723,5.8138352467732375,0.0,0.0,5.108474496456538e-06,0.0,0.0,4.099744450518084,-15.0709270738,0.0,0.0,1.714090796255154,0.0,1.8366998469050593e-05,0.0,0.06555898896389888,-0.006676766748821852,0.21760083607052466,0.0,0.0,0.0
1321.0,9.581692835437927,5.81384043234563,0.0,0.0,5.135406433153396e-06,0.0,0.0,4.099749572530667,-15.0709270738,0.0,0.0,1.714090859814963,0.0,1.8463830417086074e-05,0.0,0.06555901913572348,-0.006676700149105097,0.21760096238330484,0.0,0.0,0.0
1322.0,9.581692342136138,5.813845641444107,0.0,0.0,5.161469634428251e-06,0.0,0.0,4.09975472104137,-15.0709270738,0.0,0.0,1.7140909204027377,0.0,1.8557538956256217e-05,0.0,0.06555904945133673,-0.006676633346328342,0.21760108952143414,0.0,0.0,0.0
1323.0,9.581691832718338,5.813850873186682,0.0,0.0,5.1866575801423326e-06,0.0,0.0,4.099759895178183,-15.0709270738,0.0,0.0,1.7140909780084987,0.0,1.864810064395606e-05,0.0,0.06555907990562032,-0.006676566352013177,0.21760121746392236,0.0,0.0,0.0
1324.0,9.581691307238943,5.81385612668543,0.0,0.0,5.210963894272813e-06,0.0,0.0,4.0997650940626515,-15.0709270738,0.0,0.0,1.714091032622778,0.0,1.8735492555690377e-05,0.0,0.06555911049342028,-0.006676499177739964,0.21760134618959043,0.0,0.0,0.0
1325.0,9.581690765755384,5.813861401046641,0.0,0.0,5.234382346364699e-06,0.0,0.0,4.099770316810016,-15.0709270738,0.0,0.0,1.7140910842366255,0.0,1.881969229029359e-05,0.0,0.06555914120954771,-0.006676431835145796,0.21760147567707333,0.0,0.0,0.0
1326.0,9.581690208328103,5.813866695370967,0.0,0.0,5.2569068529592355e-06,0.0,0.0,4.099775562529361,-15.0709270738,0.0,0.0,1.714091132841606,0.0,1.8900677975065285e-05,0.0,0.06555917204877969,-0.006676364335922544,0.21760160590482408,0.0,0.0,0.0
1327.0,9.58168963502054,5.813872008753566,0.0,0.0,5.278531479000998e-06,0.0,0.0,4.099780830323761,-15.0709270738,0.0,0.0,1.714091178429805,0.0,1.8978428270829143e-05,0.0,0.0655592030058601,-0.0066762966918149785,0.21760173685111678,0.0,0.0,0.0
1328.0,9.581689045899136,5.813877340284262,0.0,0.0,5.299250439215166e-06,0.0,0.0,4.099786119290429,-15.0709270738,0.0,0.0,1.7140912209938328,0.0,1.9052922376884683e-05,0.0,0.06555923407550052,-0.006676228914618609,0.21760186849405022,0.0,0.0,0.0
1329.0,9.581688441033323,5.813882689047693,0.0,0.0,5.3190580994682705e-06,0.0,0.0,4.099791428520871,-15.0709270738,0.0,0.0,1.7140912605268221,0.0,1.9124140035899613e-05,0.0,0.06555926525238116,-0.006676161016177726,0.2176020008115519,0.0,0.0,0.0
1330.0,9.581687820495523,5.813888054123468,0.0,0.0,5.337948978097211e-06,0.0,0.0,4.099796757101033,-15.0709270738,0.0,0.0,1.714091297022435,0.0,1.9192061538688162e-05,0.0,0.06555929653115172,-0.006676093008383385,0.21760213378138096,0.0,0.0,0.0
1331.0,9.581687184361131,5.81389343458632,0.0,0.0,5.3559177472203335e-06,0.0,0.0,4.099802104111456,-15.0709270738,0.0,0.0,1.7140913304748642,0.0,1.9256667728924924e-05,0.0,0.06555932790643225,-0.006676024903171318,0.21760226738113245,0.0,0.0,0.0
1332.0,9.58168653270852,5.813898829506264,0.0,0.0,5.372959234019078e-06,0.0,0.0,4.099807468627431,-15.0709270738,0.0,0.0,1.7140913608788324,0.0,1.9317940007752916e-05,0.0,0.0655593593728141,-0.006675956712519943,0.21760240158824068,0.0,0.0,0.0
1333.0,9.581685865619026,5.813904237948753,0.0,0.0,5.389068421994312e-06,0.0,0.0,4.0998128497191555,-15.0709270738,0.0,0.0,1.7140913882295976,0.0,1.9375860338300696e-05,0.0,0.06555939092486088,-0.006675888448448228,0.217602536379983,0.0,0.0,0.0
1334.0,9.581685183176939,5.813909658974841,0.0,0.0,5.404240452201756e-06,0.0,0.0,4.099818246451887,-15.0709270738,0.0,0.0,1.7140914125229534,0.0,1.9430411250124302e-05,0.0,0.06555942255710928,-0.006675820123013654,0.21760267173348374,0.0,0.0,0.0
1335.0,9.581684485469497,5.813915091641337,0.0,0.0,5.418470624455569e-06,0.0,0.0,4.099823657886105,-15.0709270738,0.0,0.0,1.7140914337552315,0.0,1.9481575843534764e-05,0.0,0.06555945426407006,-0.0066757517483100465,0.21760280762571765,0.0,0.0,0.0
1336.0,9.581683772586874,5.813920535000972,0.0,0.0,5.431754398509226e-06,0.0,0.0,4.099829083077668,-15.0709270738,0.0,0.0,1.714091451923304,0.0,1.9529337793844026e-05,0.0,0.065559486040229,-0.006675683336465621,0.2176029440335143,0.0,0.0,0.0
1337.0,9.581683044622174,5.813925988102558,0.0,0.0,5.444087395209798e-06,0.0,0.0,4.099834521077974,-15.0709270738,0.0,0.0,1.7140914670245841,0.0,1.957368135551524e-05,0.0,0.06555951788004778,-0.0066756148996407055,0.21760308093356134,0.0,0.0,0.0
1338.0,9.581682301671414,5.813931449991152,0.0,0.0,5.455465397624799e-06,0.0,0.0,4.0998399709341244,-15.0709270738,0.0,0.0,1.7140914790570276,0.0,1.9614591366214494e-05,0.0,0.065559549777965,-0.006675546450025688,0.2176032183024088,0.0,0.0,0.0
1339.0,9.581681543833518,5.813936919708219,0.0,0.0,5.4658843521433904e-06,0.0,0.0,4.099845431689085,-15.0709270738,0.0,0.0,1.7140914880191342,0.0,1.9652053250770358e-05,0.0,0.0655595817283971,-0.006675477999838891,0.2176033561164729,0.0,0.0,0.0
1340.0,9.581680771210305,5.813942396291799,0.0,0.0,5.475340369548459e-06,0.0,0.0,4.099850902381848,-15.0709270738,0.0,0.0,1.714091493909951,0.0,1.968605302502875e-05,0.0,0.06555961372573928,-0.006675409561324411,0.21760349435204007,0.0,0.0,0.0
1341.0,9.58167998390647,5.813947878776674,0.0,0.0,5.483829726063583e-06,0.0,0.0,4.099856382047602,-15.0709270738,0.0,0.0,1.714091496729072,0.0,1.9716577299617577e-05,0.0,0.06555964576436656,-0.006675341146749975,0.21760363298527086,0.0,0.0,0.0
1342.0,9.581679182029584,5.813953366194533,0.0,0.0,5.491348864370639e-06,0.0,0.0,4.099861869717893,-15.0709270738,0.0,0.0,1.71409149647664,0.0,1.9743613283605808e-05,0.0,0.06555967783863462,-0.006675272768404808,0.2176037719922041,0.0,0.0,0.0
1343.0,9.581678365690065,5.81395885757414,0.0,0.0,5.497894394600009e-06,0.0,0.0,4.099867364420794,-15.0709270738,0.0,0.0,1.7140914931533464,0.0,1.9767148788064093e-05,0.0,0.06555970994288096,-0.006675204438597343,0.21760391134876086,0.0,0.0,0.0
1344.0,9.581677535001178,5.813964351941506,0.0,0.0,5.5034630952937565e-06,0.0,0.0,4.099872865181071,-15.0709270738,0.0,0.0,1.7140914867604344,0.0,1.978717222952824e-05,0.0,0.06555974207142568,-0.006675136169653179,0.2176040510307486,0.0,0.0,0.0
1345.0,9.581676690079014,5.813969848320054,0.0,0.0,5.508051914338657e-06,0.0,0.0,4.099878371020355,-15.0709270738,0.0,0.0,1.7140914772996991,0.0,1.9803672633354316e-05,0.0,0.06555977421857262,-0.00667506797391286,0.2176041910138652,0.0,0.0,0.0
1346.0,9.581675831042473,5.813975345730796,0.0,0.0,5.5116579698722995e-06,0.0,0.0,4.09988388095731,-15.0709270738,0.0,0.0,1.7140914647734862,0.0,1.9816639636976992e-05,0.0,0.0655598063786103,-0.0066749998637296165,0.21760433127370338,0.0,0.0,0.0
1347.0,9.58167495801325,5.813980843192498,0.0,0.0,5.51427855115905e-06,0.0,0.0,4.099889394007802,-15.0709270738,0.0,0.0,1.7140914491846964,0.0,1.9826063493059534e-05,0.0,0.06555983854581286,-0.006674931851467253,0.21760447178575443,0.0,0.0,0.0
1348.0,9.581674071115826,5.813986339721855,0.0,0.0,5.5159111194375656e-06,0.0,0.0,4.099894909185073,-15.0709270738,0.0,0.0,1.714091430536782,0.0,1.9831935072541573e-05,0.0,0.06555987071444118,-0.006674863949497886,0.21760461252541288,0.0,0.0,0.0
1349.0,9.581673170477439,5.813991834333666,0.0,0.0,5.516553308739174e-06,0.0,0.0,4.0999004254999125,-15.0709270738,0.0,0.0,1.7140914088337533,0.0,1.9834245867582116e-05,0.0,0.0655599028787438,-0.006674796170199712,0.21760475346798044,0.0,0.0,0.0
1350.0,9.581672256228076,5.813997326041003,0.0,0.0,5.516202926678478e-06,0.0,0.0,4.099905941960832,-15.0709270738,0.0,0.0,1.714091384080171,0.0,1.9832987994402778e-05,0.0,0.06555993503295793,-0.006674728525954868,0.21760489458867038,0.0,0.0,0.0
1351.0,9.581671328500454,5.81400281385539,0.0,0.0,5.514857955208669e-06,0.0,0.0,4.099911457574234,-15.0709270738,0.0,0.0,1.7140913562811555,0.0,1.982815419600412e-05,0.0,0.06555996717131052,-0.006674661029147155,0.21760503586261165,0.0,0.0,0.0
1352.0,9.581670387429996,5.814008296786975,0.0,0.0,5.5125165513558095e-06,0.0,0.0,4.099916971344595,-15.0709270738,0.0,0.0,1.7140913254423795,0.0,1.9819737844806457e-05,0.0,0.06555999928801928,-0.00667459369215978,0.2176051772648535,0.0,0.0,0.0
1353.0,9.581669433154822,5.814013773844707,0.0,0.0,5.5091770479142145e-06,0.0,0.0,4.099922482274635,-15.0709270738,0.0,0.0,1.714091291570072,0.0,1.9807732945150755e-05,0.0,0.06556003137729358,-0.006674526527373215,0.21760531877036954,0.0,0.0,0.0
1354.0,9.581668465815719,5.814019244036509,0.0,0.0,5.5048379541184004e-06,0.0,0.0,4.099927989365493,-15.0709270738,0.0,0.0,1.7140912546710165,0.0,1.979213413571538e-05,0.0,0.06556006343333565,-0.00667445954716285,0.21760546035406214,0.0,0.0,0.0
1355.0,9.58166748555613,5.8140247063694614,0.0,0.0,5.499497956279989e-06,0.0,0.0,4.099933491616906,-15.0709270738,0.0,0.0,1.714091214752555,0.0,1.9772936691806865e-05,0.0,0.06556009545034147,-0.006674392763896822,0.21760560199076684,0.0,0.0,0.0
1356.0,9.581666492522128,5.814030159849972,0.0,0.0,5.493155918397067e-06,0.0,0.0,4.0999389880273895,-15.0709270738,0.0,0.0,1.7140911718225826,0.0,1.9750136527551646e-05,0.0,0.06556012742250196,-0.00667432618993373,0.2176057436552568,0.0,0.0,0.0
1357.0,9.5816654868624,5.8140356034839575,0.0,0.0,5.485810882730622e-06,0.0,0.0,4.099944477594408,-15.0709270738,0.0,0.0,1.7140911258895493,0.0,1.972373019796949e-05,0.0,0.06556015934400379,-0.006674259837620447,0.21760588532224726,0.0,0.0,0.0
1358.0,9.581664468728222,5.814041036277021,0.0,0.0,5.477462070352117e-06,0.0,0.0,4.099949959314561,-15.0709270738,0.0,0.0,1.7140910769624602,0.0,1.969371490094314e-05,0.0,0.06556019120903064,-0.006674193719289831,0.21760602696639963,0.0,0.0,0.0
1359.0,9.581663438273436,5.814046457234631,0.0,0.0,5.468108881658968e-06,0.0,0.0,4.099955432183755,-15.0709270738,0.0,0.0,1.7140910250508758,0.0,1.9660088479072676e-05,0.0,0.0655602230117641,-0.006674127847258446,0.2176061685623264,0.0,0.0,0.0
1360.0,9.581662395654433,5.814051865362299,0.0,0.0,5.457750896857748e-06,0.0,0.0,4.09996089519739,-15.0709270738,0.0,0.0,1.714090970164909,0.0,1.9622849421413743e-05,0.0,0.0655602547463848,-0.006674062233824302,0.2176063100845953,0.0,0.0,0.0
1361.0,9.581661341030125,5.814057259665762,0.0,0.0,5.446387876416995e-06,0.0,0.0,4.099966347350535,-15.0709270738,0.0,0.0,1.7140909123152266,0.0,1.9581996865106647e-05,0.0,0.06556028640707338,-0.006673996891264716,0.21760645150773406,0.0,0.0,0.0
1362.0,9.581660274561925,5.814062639151158,0.0,0.0,5.43401976148971e-06,0.0,0.0,4.099971787638109,-15.0709270738,0.0,0.0,1.7140908515130482,0.0,1.953753059689642e-05,0.0,0.06556031798801165,-0.006673931831833874,0.2176065928062345,0.0,0.0,0.0
1363.0,9.58165919641372,5.814068002825208,0.0,0.0,5.420646674301736e-06,0.0,0.0,4.099977215055065,-15.0709270738,0.0,0.0,1.714090787770143,0.0,1.948945105453025e-05,0.0,0.0655603494833835,-0.0066738670677607415,0.2176067339545576,0.0,0.0,0.0
1364.0,9.581658106751847,5.814073349695399,0.0,0.0,5.406268918509746e-06,0.0,0.0,4.099982628596567,-15.0709270738,0.0,0.0,1.7140907210988328,0.0,1.9437759328045737e-05,0.0,0.06556038088737606,-0.006673802611246699,0.2176068749271376,0.0,0.0,0.0
1365.0,9.581657005745077,5.8140786787701595,0.0,0.0,5.390886979527144e-06,0.0,0.0,4.099988027258172,-15.0709270738,0.0,0.0,1.7140906515119871,0.0,1.938245716094371e-05,0.0,0.06556041219418073,-0.006673738474463328,0.21760701569838664,0.0,0.0,0.0
1366.0,9.581655893564575,5.814083989059042,0.0,0.0,5.374501524817642e-06,0.0,0.0,4.099993410036018,-15.0709270738,0.0,0.0,1.7140905790230239,0.0,1.932354695124493e-05,0.0,0.06556044339799419,-0.006673674669550142,0.21760715624269955,0.0,0.0,0.0
1367.0,9.581654770383881,5.814089279572907,0.0,0.0,5.3571134041574675e-06,0.0,0.0,4.099998775926998,-15.0709270738,0.0,0.0,1.7140905036459095,0.0,1.9261031752434013e-05,0.0,0.06556047449301951,-0.006673611208612318,0.2176072965344582,0.0,0.0,0.0
1368.0,9.58165363637889,5.814094549324101,0.0,0.0,5.338723649862959e-06,0.0,0.0,4.100004123928946,-15.0709270738,0.0,0.0,1.7140904253951543,0.0,1.919491527427888e-05,0.0,0.06556050547346719,-0.006673548103718466,0.21760743654803621,0.0,0.0,0.0
1369.0,9.581652491727814,5.814099797326636,0.0,0.0,5.319333476988426e-06,0.0,0.0,4.100009453040823,-15.0709270738,0.0,0.0,1.7140903442858137,0.0,1.9125201883543422e-05,0.0,0.06556053633355625,-0.006673485366898407,0.2176075762578033,0.0,0.0,0.0
1370.0,9.581651336611163,5.814105022596378,0.0,0.0,5.298944283491018e-06,0.0,0.0,4.100014762262892,-15.0709270738,0.0,0.0,1.714090260333486,0.0,1.9051896604581457e-05,0.0,0.06556056706751522,-0.006673423010140789,0.2176077156381304,0.0,0.0,0.0
1371.0,9.581650171211711,5.814110224151218,0.0,0.0,5.277557650360754e-06,0.0,0.0,4.100020050596908,-15.0709270738,0.0,0.0,1.7140901735543101,0.0,1.8975005119805557e-05,0.0,0.06556059766958326,-0.006673361045391041,0.2176078546633938,0.0,0.0,0.0
1372.0,9.581648995714474,5.814115401011262,0.0,0.0,5.255175341719737e-06,0.0,0.0,4.100025317046298,-15.0709270738,0.0,0.0,1.7140900839649635,0.0,1.889453377004501e-05,0.0,0.0655606281340112,-0.00667329948454895,0.21760799330798003,0.0,0.0,0.0
1373.0,9.581647810306677,5.8141205521990065,0.0,0.0,5.231799304889127e-06,0.0,0.0,4.1000305606163465,-15.0709270738,0.0,0.0,1.71408999158266,0.0,1.8810489554787934e-05,0.0,0.0655606584550626,-0.0066732383394665085,0.21760813154629044,0.0,0.0,0.0
1374.0,9.581646615177728,5.8141256767395255,0.0,0.0,5.207431670420711e-06,0.0,0.0,4.100035780314374,-15.0709270738,0.0,0.0,1.7140898964251514,0.0,1.8722880132296126e-05,0.0,0.06556068862701483,-0.006673177621945706,0.21760826935274574,0.0,0.0,0.0
1375.0,9.581645410519185,5.814130773660646,0.0,0.0,5.182074752099293e-06,0.0,0.0,4.100040975149924,-15.0709270738,0.0,0.0,1.714089798510722,0.0,1.863171381961497e-05,0.0,0.06556071864416009,-0.006673117343736171,0.21760840670179088,0.0,0.0,0.0
1376.0,9.581644196524728,5.814135841993132,0.0,0.0,5.1557310469083655e-06,0.0,0.0,4.100046144134947,-15.0709270738,0.0,0.0,1.714089697858185,0.0,1.85369995924514e-05,0.0,0.06556074850080651,-0.0066730575165330624,0.2176085435678995,0.0,0.0,0.0
1377.0,9.581642973390128,5.814140880770865,0.0,0.0,5.1284032349640645e-06,0.0,0.0,4.100051286283981,-15.0709270738,0.0,0.0,1.7140895944868841,0.0,1.8438747084937806e-05,0.0,0.06556077819127919,-0.006672998151974793,0.2176086799255786,0.0,0.0,0.0
1378.0,9.581641741313216,5.814145889031025,0.0,0.0,5.100094179416652e-06,0.0,0.0,4.100056400614334,-15.0709270738,0.0,0.0,1.7140894884166906,0.0,1.8336966589279227e-05,0.0,0.06556080770992126,-0.006672939261640851,0.21760881574937346,0.0,0.0,0.0
1379.0,9.581640500493853,5.814150865814268,0.0,0.0,5.070806926318216e-06,0.0,0.0,4.100061486146272,-15.0709270738,0.0,0.0,1.7140893796679961,0.0,1.823166905527908e-05,0.0,0.06556083705109494,-0.006672880857049576,0.21760895101387198,0.0,0.0,0.0
1380.0,9.581639251133895,5.8141558101649125,0.0,0.0,5.040544704457099e-06,0.0,0.0,4.100066541903195,-15.0709270738,0.0,0.0,1.7140892682617173,0.0,1.8122866089745305e-05,0.0,0.06556086620918261,-0.006672822949655904,0.21760908569370951,0.0,0.0,0.0
1381.0,9.581637993437166,5.814160721131113,0.0,0.0,5.0093109251576466e-06,0.0,0.0,4.100071566911826,-15.0709270738,0.0,0.0,1.7140891542192875,0.0,1.801056995577179e-05,0.0,0.06556089517858785,-0.0066727655508492245,0.21760921976357356,0.0,0.0,0.0
1382.0,9.581636727609421,5.814165597765045,0.0,0.0,4.977109182051019e-06,0.0,0.0,4.100076560202388,-15.0709270738,0.0,0.0,1.7140890375626565,0.0,1.789479357191582e-05,0.0,0.06556092395373647,-0.006672708671951133,0.2176093531982084,0.0,0.0,0.0
1383.0,9.581635453858313,5.814170439123077,0.0,0.0,4.943943250807132e-06,0.0,0.0,4.100081520808791,-15.0709270738,0.0,0.0,1.7140889183142862,0.0,1.7775550511235747e-05,0.0,0.06556095252907762,-0.006672652324213338,0.21760948597241975,0.0,0.0,0.0
1384.0,9.581634172393363,5.814175244265959,0.0,0.0,4.909817088836953e-06,0.0,0.0,4.100086447768811,-15.0709270738,0.0,0.0,1.7140887964971485,0.0,1.7652855000222094e-05,0.0,0.06556098089908478,-0.006672596518815466,0.2176096180610793,0.0,0.0,0.0
1385.0,9.581632883425922,5.814180012258994,0.0,0.0,4.874734834959288e-06,0.0,0.0,4.10009134012427,-15.0709270738,0.0,0.0,1.7140886721347242,0.0,1.752672191760099e-05,0.0,0.06556100905825685,-0.006672541266862758,0.21760974943912983,0.0,0.0,0.0
1386.0,9.581631587169138,5.814184742172218,0.0,0.0,4.838700809035567e-06,0.0,0.0,4.100096196921221,-15.0709270738,0.0,0.0,1.7140885452509966,0.0,1.7397166793022593e-05,0.0,0.06556103700111916,-0.006672486579384129,0.21760988008158932,0.0,0.0,0.0
1387.0,9.581630283837926,5.814189433080578,0.0,0.0,4.801719511572341e-06,0.0,0.0,4.100101017210129,-15.0709270738,0.0,0.0,1.7140884158704495,0.0,1.7264205805633362e-05,0.0,0.06556106472222456,-0.0066724324673298335,0.21761000996355595,0.0,0.0,0.0
1388.0,9.581628973648924,5.81419408406411,0.0,0.0,4.763795623285665e-06,0.0,0.0,4.1001058000460455,-15.0709270738,0.0,0.0,1.7140882840180645,0.0,1.7127855782511367e-05,0.0,0.06556109221615444,-0.006672378941569412,0.21761013906021276,0.0,0.0,0.0
1389.0,9.581627656820466,5.814198694208112,0.0,0.0,4.72493400463794e-06,0.0,0.0,4.100110544488796,-15.0709270738,0.0,0.0,1.7140881497193154,0.0,1.6988134197002537e-05,0.0,0.06556111947751968,-0.006672326012889557,0.21761026734683214,0.0,0.0,0.0
1390.0,9.58162633357254,5.814203262603324,0.0,0.0,4.6851396953372664e-06,0.0,0.0,4.100115249603156,-15.0709270738,0.0,0.0,1.7140880130001683,0.0,1.6845059166922157e-05,0.0,0.06556114650096187,-0.006672273691992026,0.21761039479878047,0.0,0.0,0.0
1391.0,9.581625004126757,5.814207788346101,0.0,0.0,4.644417913804697e-06,0.0,0.0,4.100119914459027,-15.0709270738,0.0,0.0,1.714087873887074,0.0,1.6698649452640923e-05,0.0,0.06556117328115413,-0.006672221989491439,0.21761052139152298,0.0,0.0,0.0
1392.0,9.58162366870631,5.814212270538589,0.0,0.0,4.602774056609087e-06,0.0,0.0,4.100124538131622,-15.0709270738,0.0,0.0,1.7140877324069672,0.0,1.6548924455054518e-05,0.0,0.0655611998128023,-0.006672170915913267,0.21761064710062816,0.0,0.0,0.0
1393.0,9.581622327535941,5.814216708288898,0.0,0.0,4.560213697866468e-06,0.0,0.0,4.100129119701638,-15.0709270738,0.0,0.0,1.71408758858726,0.0,1.6395904213425653e-05,0.0,0.0655612260906459,-0.006672120481691746,0.21761077190177255,0.0,0.0,0.0
1394.0,9.5816209808419,5.814221100711274,0.0,0.0,4.5167425886097555e-06,0.0,0.0,4.100133658255433,-15.0709270738,0.0,0.0,1.714087442455841,0.0,1.6239609403119382e-05,0.0,0.06556125210945912,-0.0066720706971677285,0.2176108957707451,0.0,0.0,0.0
1395.0,9.581619628851907,5.814225446926275,0.0,0.0,4.472366656120528e-06,0.0,0.0,4.100138152885205,-15.0709270738,0.0,0.0,1.7140872940410699,0.0,1.6080061333202137e-05,0.0,0.06556127786405187,-0.006672021572586673,0.21761101868345206,0.0,0.0,0.0
1396.0,9.581618271795122,5.814229746060941,0.0,0.0,4.42709200323139e-06,0.0,0.0,4.10014260268917,-15.0709270738,0.0,0.0,1.7140871433717715,0.0,1.5917281943934918e-05,0.0,0.06556130334927082,-0.006671973118096697,0.21761114061592146,0.0,0.0,0.0
1397.0,9.581616909902095,5.814233997248965,0.0,0.0,4.380924907593903e-06,0.0,0.0,4.100147006771729,-15.0709270738,0.0,0.0,1.7140869904772362,0.0,1.5751293804142716e-05,0.0,0.06556132856000031,-0.006671925343746263,0.21761126154430754,0.0,0.0,0.0
1398.0,9.581615543404737,5.814238199630862,0.0,0.0,4.333871820912913e-06,0.0,0.0,4.1001513642436525,-15.0709270738,0.0,0.0,1.7140868353872092,0.0,1.558212010846313e-05,0.0,0.0655613534911635,-0.006671878259482497,0.2176113814448956,0.0,0.0,0.0
1399.0,9.581614172536277,5.814242352354139,0.0,0.0,4.285939368149114e-06,0.0,0.0,4.100155674222247,-15.0709270738,0.0,0.0,1.714086678131892,0.0,1.540978467448074e-05,0.0,0.0655613781377232,-0.006671831875148956,0.21761150029410636,0.0,0.0,0.0
1400.0,9.581612797531221,5.814246454573465,0.0,0.0,4.237134346687619e-06,0.0,0.0,4.100159935831531,-15.0709270738,0.0,0.0,1.7140865187419339,0.0,1.5234311939739271e-05,0.0,0.06556140249468295,-0.006671786200483726,0.2176116180685003,0.0,0.0,0.0
1401.0,9.581611418625315,5.814250505450836,0.0,0.0,4.187463725474197e-06,0.0,0.0,4.100164148202405,-15.0709270738,0.0,0.0,1.7140863572484308,0.0,1.5055726958637504e-05,0.0,0.06556142655708806,-0.006671741245117435,0.21761173474478276,0.0,0.0,0.0
1402.0,9.581610036055503,5.814254504155744,0.0,0.0,4.136934644118303e-06,0.0,0.0,4.100168310472826,-15.0709270738,0.0,0.0,1.7140861936829177,0.0,1.4874055399205768e-05,0.0,0.06556145032002644,-0.006671697018571218,0.21761185029980784,0.0,0.0,0.0
1403.0,9.581608650059891,5.814258449865339,0.0,0.0,4.08555441196479e-06,0.0,0.0,4.100172421787974,-15.0709270738,0.0,0.0,1.7140860280773653,0.0,1.4689323539769836e-05,0.0,0.06556147377862974,-0.006671653530254881,0.21761196471058325,0.0,0.0,0.0
1404.0,9.581607260877703,5.814262341764597,0.0,0.0,4.033330507131071e-06,0.0,0.0,4.100176481300424,-15.0709270738,0.0,0.0,1.7140858604641735,0.0,1.4501558265490558e-05,0.0,0.06556149692807418,-0.006671610789464932,0.21761207795427467,0.0,0.0,0.0
1405.0,9.58160586874924,5.814266179046482,0.0,0.0,3.980270575513581e-06,0.0,0.0,4.100180488170311,-15.0709270738,0.0,0.0,1.7140856908761704,0.0,1.4310787064793163e-05,0.0,0.06556151976358163,-0.0066715688053826105,0.21761219000821008,0.0,0.0,0.0
1406.0,9.581604473915839,5.814269960912105,0.0,0.0,3.9263824297608794e-06,0.0,0.0,4.100184441565502,-15.0709270738,0.0,0.0,1.714085519346603,0.0,1.4117038025676536e-05,0.0,0.06556154228042047,-0.0066715275870721236,0.21761230084988437,0.0,0.0,0.0
1407.0,9.581603076619835,5.814273686570891,0.0,0.0,3.87167404821529e-06,0.0,0.0,4.100188340661757,-15.0709270738,0.0,0.0,1.714085345909134,0.0,1.39203398319094e-05,0.0,0.06556156447390657,-0.006671487143478566,0.21761241045696367,0.0,0.0,0.0
1408.0,9.581601677104516,5.814277355240734,0.0,0.0,3.816153573820601e-06,0.0,0.0,4.100192184642898,-15.0709270738,0.0,0.0,1.7140851705978362,0.0,1.3720721759104462e-05,0.0,0.06556158633940433,-0.006671447483426268,0.21761251880728977,0.0,0.0,0.0
1409.0,9.581600275614079,5.814280966148161,0.0,0.0,3.7598293130013585e-06,0.0,0.0,4.100195972700973,-15.0709270738,0.0,0.0,1.7140849934471873,0.0,1.3518213670690365e-05,0.0,0.06556160787232744,-0.006671408615616825,0.2176126258788844,0.0,0.0,0.0
1410.0,9.581598872393597,5.814284518528482,0.0,0.0,3.7027097345069374e-06,0.0,0.0,4.100199704036417,-15.0709270738,0.0,0.0,1.7140848144920655,0.0,1.3312846013757036e-05,0.0,0.06556162906813995,-0.0066713705486272645,0.21761273164995365,0.0,0.0,0.0
1411.0,9.581597467688965,5.814288011625955,0.0,0.0,3.644803468224827e-06,0.0,0.0,4.100203377858212,-15.0709270738,0.0,0.0,1.714084633767743,0.0,1.3104649814790288e-05,0.0,0.06556164992235715,-0.006671333290908327,0.2176128360988922,0.0,0.0,0.0
1412.0,9.581596061746865,5.814291444693933,0.0,0.0,3.5861193039636403e-06,0.0,0.0,4.100206993384052,-15.0709270738,0.0,0.0,1.7140844513098807,0.0,1.2893656675297574e-05,0.0,0.06556167043054646,-0.006671296850782604,0.21761293920428787,0.0,0.0,0.0
1413.0,9.581594654814722,5.814294816995023,0.0,0.0,3.526666190202491e-06,0.0,0.0,4.100210549840502,-15.0709270738,0.0,0.0,1.7140842671545213,0.0,1.267989876731277e-05,0.0,0.06556169058832839,-0.0066712612364428076,0.2176130409449254,0.0,0.0,0.0
1414.0,9.58159324714066,5.814298127801237,0.0,0.0,3.466453232812771e-06,0.0,0.0,4.10021404646315,-15.0709270738,0.0,0.0,1.714084081338087,0.0,1.2463408828801734e-05,0.0,0.06556171039137741,-0.006671226455949988,0.21761314129979106,0.0,0.0,0.0
1415.0,9.581591838973456,5.814301376394141,0.0,0.0,3.405489693744125e-06,0.0,0.0,4.100217482496772,-15.0709270738,0.0,0.0,1.714083893897369,0.0,1.2244220158939095e-05,0.0,0.0655617298354228,-0.006671192517231847,0.21761324024807693,0.0,0.0,0.0
1416.0,9.581590430562503,5.814304562065008,0.0,0.0,3.34378498968338e-06,0.0,0.0,4.100220857195481,-15.0709270738,0.0,0.0,1.7140837048695268,0.0,1.2022366613287792e-05,0.0,0.06556174891624963,-0.006671159428080942,0.2176133377691848,0.0,0.0,0.0
1417.0,9.581589022157761,5.814307684114962,0.0,0.0,3.2813486906806867e-06,0.0,0.0,4.1002241698228845,-15.0709270738,0.0,0.0,1.7140835142920778,0.0,1.1797882598860691e-05,0.0,0.0655617676296996,-0.006671127196153134,0.2176134338427304,0.0,0.0,0.0
1418.0,9.581587614009715,5.814310741855131,0.0,0.0,3.2181905187460802e-06,0.0,0.0,4.100227419652236,-15.0709270738,0.0,0.0,1.714083322202895,0.0,1.1570803069075819e-05,0.0,0.06556178597167184,-0.006671095828965787,0.2176135284485477,0.0,0.0,0.0
1419.0,9.58158620636933,5.814313734606784,0.0,0.0,3.154320346415793e-06,0.0,0.0,4.100230605966587,-15.0709270738,0.0,0.0,1.7140831286401967,0.0,1.1341163518602845e-05,0.0,0.06556180393812389,-0.006671065333896234,0.21761362156669276,0.0,0.0,0.0
1420.0,9.58158479948801,5.814316661701479,0.0,0.0,3.0897481952868022e-06,0.0,0.0,4.100233728058934,-15.0709270738,0.0,0.0,1.714082933642545,0.0,1.1108999978095277e-05,0.0,0.0655618215250724,-0.006671035718180049,0.21761371317744793,0.0,0.0,0.0
1421.0,9.581583393617546,5.814319522481208,0.0,0.0,3.02448423452397e-06,0.0,0.0,4.100236785232372,-15.0709270738,0.0,0.0,1.7140827372488356,0.0,1.0874349008824138e-05,0.0,0.06556183872859414,-0.0066710069889095586,0.2176138032613259,0.0,0.0,0.0
1422.0,9.581581989010083,5.814322316298531,0.0,0.0,2.9585387793348036e-06,0.0,0.0,4.100239776800237,-15.0709270738,0.0,0.0,1.7140825394982944,0.0,1.0637247697195147e-05,0.0,0.06556185554482674,-0.006670979153032136,0.21761389179907364,0.0,0.0,0.0
1423.0,9.581580585918063,5.814325042516721,0.0,0.0,2.8919222894179422e-06,0.0,0.0,4.100242702086251,-15.0709270738,0.0,0.0,1.71408234043047,0.0,1.0397733649171447e-05,0.0,0.06556187196996949,-0.00667095221734873,0.21761397877167638,0.0,0.0,0.0
1424.0,9.58157918459419,5.814327700509896,0.0,0.0,2.824645367378702e-06,0.0,0.0,4.10024556042467,-15.0709270738,0.0,0.0,1.7140821400852255,0.0,1.0155844984577836e-05,0.0,0.06556188800028422,-0.006670926188512352,0.21761406416036147,0.0,0.0,0.0
1425.0,9.58157778529138,5.814330289663159,0.0,0.0,2.7567187571170235e-06,0.0,0.0,4.100248351160422,-15.0709270738,0.0,0.0,1.714081938502737,0.0,9.91162033130574e-06,0.0,0.06556190363209607,-0.006670901073026439,0.21761414794660242,0.0,0.0,0.0
1426.0,9.581576388262715,5.814332809372729,0.0,0.0,2.6881533421884313e-06,0.0,0.0,4.100251073649249,-15.0709270738,0.0,0.0,1.7140817357234805,0.0,9.665098819421143e-06,0.0,0.0655619188617943,-0.006670876877243562,0.21761423011212255,0.0,0.0,0.0
1427.0,9.5815749937614,5.814335259046073,0.0,0.0,2.6189601441337644e-06,0.0,0.0,4.1002537272578445,-15.0709270738,0.0,0.0,1.7140815317882288,0.0,9.416320075160174e-06,0.0,0.06556193368583305,-0.006670853607363789,0.21761431063889908,0.0,0.0,0.0
1428.0,9.581573602040718,5.814337638102041,0.0,0.0,2.549150320781406e-06,0.0,0.0,4.100256311363994,-15.0709270738,0.0,0.0,1.7140813267380466,0.0,9.165324214825798e-06,0.0,0.06556194810073213,-0.006670831269433353,0.21761438950916667,0.0,0.0,0.0
1429.0,9.581572213353985,5.814339945970986,0.0,0.0,2.478735164520797e-06,0.0,0.0,4.100258825356707,-15.0709270738,0.0,0.0,1.7140811206142796,0.0,8.912151838581222e-06,0.0,0.0655619621030778,-0.006670809869343111,0.21761446670542128,0.0,0.0,0.0
1430.0,9.581570827954499,5.814342182094901,0.0,0.0,2.4077261005504508e-06,0.0,0.0,4.100261268636352,-15.0709270738,0.0,0.0,1.7140809134585488,0.0,8.656844024151583e-06,0.0,0.06556197568952349,-0.00667078941282738,0.21761454221042376,0.0,0.0,0.0
1431.0,9.5815694460955,5.814344345927536,0.0,0.0,2.336134685095197e-06,0.0,0.0,4.100263640614789,-15.0709270738,0.0,0.0,1.714080705312747,0.0,8.399442320414969e-06,0.0,0.06556198885679063,-0.006670769905462351,0.21761461600720372,0.0,0.0,0.0
1432.0,9.581568068030125,5.814346436934525,0.0,0.0,2.263972603597795e-06,0.0,0.0,4.100265940715499,-15.0709270738,0.0,0.0,1.714080496219026,0.0,8.139988740901237e-06,0.0,0.06556200160166925,-0.006670751352664858,0.21761468807906303,0.0,0.0,0.0
1433.0,9.581566694011356,5.814348454593506,0.0,0.0,2.191251668883504e-06,0.0,0.0,4.10026816837371,-15.0709270738,0.0,0.0,1.7140802862197955,0.0,7.878525757193593e-06,0.0,0.06556201392101879,-0.0066707337596911,0.21761475840957928,0.0,0.0,0.0
1434.0,9.58156532429198,5.814350398394241,0.0,0.0,2.117983819296252e-06,0.0,0.0,4.10027032303653,-15.0709270738,0.0,0.0,1.7140800753577112,0.0,7.615096292227965e-06,0.0,0.06556202581176881,-0.006670717131635237,0.21761482698260956,0.0,0.0,0.0
1435.0,9.581563959124539,5.814352267838734,0.0,0.0,2.0441811168118226e-06,0.0,0.0,4.100272404163063,-15.0709270738,0.0,0.0,1.7140798636756704,0.0,7.349743713509764e-06,0.0,0.06556203727091967,-0.006670701473428256,0.21761489378229376,0.0,0.0,0.0
1436.0,9.581562598761288,5.8143540624413435,0.0,0.0,1.9698557451198245e-06,0.0,0.0,4.1002744112245395,-15.0709270738,0.0,0.0,1.714079651216804,0.0,7.082511826218319e-06,0.0,0.0655620482955432,-0.006670686789836663,0.21761495879305826,0.0,0.0,0.0
1437.0,9.581561243454145,5.814355781728899,0.0,0.0,1.8950200076836078e-06,0.0,0.0,4.10027634370443,-15.0709270738,0.0,0.0,1.714079438024469,0.0,6.813444866232016e-06,0.0,0.06556205888278344,-0.006670673085461334,0.21761502199961894,0.0,0.0,0.0
1438.0,9.581559893454646,5.8143574252408134,0.0,0.0,1.8196863257735297e-06,0.0,0.0,4.100278201098572,-15.0709270738,0.0,0.0,1.7140792241422416,0.0,6.542587493057541e-06,0.0,0.06556206902985724,-0.00667066036473625,0.21761508338698488,0.0,0.0,0.0
1439.0,9.5815585490139,5.814358992529188,0.0,0.0,1.743867236474166e-06,0.0,0.0,4.1002799829152785,-15.0709270738,0.0,0.0,1.7140790096139096,0.0,6.269984782665431e-06,0.0,0.06556207873405498,-0.006670648631927442,0.21761514294046175,0.0,0.0,0.0
1440.0,9.581557210382543,5.814360483158922,0.0,0.0,1.667575390666921e-06,0.0,0.0,4.100281688675459,-15.0709270738,0.0,0.0,1.7140787944834637,0.0,5.995682220237124e-06,0.0,0.0655620879927411,-0.006670637891131842,0.21761520064565468,0.0,0.0,0.0
1441.0,9.58155587781069,5.814361896707822,0.0,0.0,1.5908235509867156e-06,0.0,0.0,4.100283317912727,-15.0709270738,0.0,0.0,1.7140785787950943,0.0,5.719725692818755e-06,0.0,0.0655620968033549,-0.006670628146276211,0.2176152564884718,0.0,0.0,0.0
1442.0,9.58155455154789,5.814363232766696,0.0,0.0,1.5136245897571898e-06,0.0,0.0,4.100284870173518,-15.0709270738,0.0,0.0,1.7140783625931775,0.0,5.442161481897666e-06,0.0,0.06556210516341099,-0.006670619401115921,0.21761531045512733,0.0,0.0,0.0
1443.0,9.581553231843081,5.814364490939463,0.0,0.0,1.4359914868990998e-06,0.0,0.0,4.100286345017191,-15.0709270738,0.0,0.0,1.7140781459222714,0.0,5.163036255882502e-06,0.0,0.0655621130705,-0.006670611659234188,0.2176153625321447,0.0,0.0,0.0
1444.0,9.58155191894454,5.814365670843248,0.0,0.0,1.357937327815103e-06,0.0,0.0,4.100287742016139,-15.0709270738,0.0,0.0,1.714077928827109,0.0,4.882397062498355e-06,0.0,0.06556212052228914,-0.0066706049240408405,0.21761541270635965,0.0,0.0,0.0
1445.0,9.58155061309984,5.81436677210848,0.0,0.0,1.2794753012515553e-06,0.0,0.0,4.10028906075589,-15.0709270738,0.0,0.0,1.7140777113525898,0.0,4.600291321099218e-06,0.0,0.06556212751652282,-0.006670599198771429,0.2176154609649232,0.0,0.0,0.0
1446.0,9.581549314555804,5.814367794378985,0.0,0.0,1.2006186971399364e-06,0.0,0.0,4.100290300835215,-15.0709270738,0.0,0.0,1.71407749354377,0.0,4.316766814907146e-06,0.0,0.06556213405102311,-0.006670594486486298,0.2176155072953048,0.0,0.0,0.0
1447.0,9.58154802355846,5.814368737312079,0.0,0.0,1.121380904409983e-06,0.0,0.0,4.100291461866221,-15.0709270738,0.0,0.0,1.7140772754458578,0.0,4.0318716831496565e-06,0.0,0.06556214012369044,-0.006670590790069569,0.21761555168529495,0.0,0.0,0.0
1448.0,9.581546740352987,5.814369600578659,0.0,0.0,1.0417754087848119e-06,0.0,0.0,4.100292543474455,-15.0709270738,0.0,0.0,1.7140770571042037,0.0,3.745654413132321e-06,0.0,0.065562145732504,-0.006670588112228398,0.21761559412300835,0.0,0.0,0.0
1449.0,9.581545465183684,5.81437038386329,0.0,0.0,9.618157905517816e-07,0.0,0.0,4.100293545298997,-15.0709270738,0.0,0.0,1.714076838564293,0.0,3.4581638322240816e-06,0.0,0.06556215087552245,-0.006670586455492011,0.21761563459688665,0.0,0.0,0.0
1450.0,9.581544198293907,5.8143710868642895,0.0,0.0,8.815157223134917e-07,0.0,0.0,4.100294466992552,-15.0709270738,0.0,0.0,1.7140766198717374,0.0,3.1694490997711168e-06,0.0,0.06556215555088421,-0.006670585822210862,0.21761567309570112,0.0,0.0,0.0
1451.0,9.581542939926036,5.814371709293813,0.0,0.0,8.008889667146576e-07,0.0,0.0,4.100295308221544,-15.0709270738,0.0,0.0,1.714076401072269,0.0,2.8795596989239123e-06,0.0,0.06556215975680814,-0.006670586214555921,0.21761570960855547,0.0,0.0,0.0
1452.0,9.581541690321426,5.814372250877935,0.0,0.0,7.199493741507836e-07,0.0,0.0,4.100296068666205,-15.0709270738,0.0,0.0,1.7140761822117296,0.0,2.588545428398848e-06,0.0,0.065562163491594,-0.006670587634517833,0.2176157441248885,0.0,0.0,0.0
1453.0,9.581540449720356,5.8143727113567225,0.0,0.0,6.387108804556624e-07,0.0,0.0,4.100296748020658,-15.0709270738,0.0,0.0,1.7140759633360645,0.0,2.296456394163609e-06,0.0,0.06556216675362281,-0.006670590083906247,0.21761577663447668,0.0,0.0,0.0
1454.0,9.581539218361987,5.8143730904843185,0.0,0.0,5.571875045654348e-07,0.0,0.0,4.100297345993004,-15.0709270738,0.0,0.0,1.7140757444913142,0.0,2.0033430010382744e-06,0.0,0.06556216954135752,-0.006670593564349028,0.21761580712743672,0.0,0.0,0.0
1455.0,9.581537996484323,5.8143733880290105,0.0,0.0,4.753933461681745e-07,0.0,0.0,4.100297862305405,-15.0709270738,0.0,0.0,1.7140755257236053,0.0,1.7092559442443169e-06,0.0,0.06556217185334318,-0.006670598077291617,0.21761583559422798,0.0,0.0,0.0
1456.0,9.581536784324156,5.814373603773304,0.0,0.0,3.933425833292722e-07,0.0,0.0,4.100298296694161,-15.0709270738,0.0,0.0,1.7140753070791428,0.0,1.4142462008665387e-06,0.0,0.0655621736882077,-0.006670603623996463,0.21761586202565508,0.0,0.0,0.0
1457.0,9.581535582117022,5.814373737513992,0.0,0.0,3.1104947010030454e-07,0.0,0.0,4.100298648909788,-15.0709270738,0.0,0.0,1.7140750886042042,0.0,1.1183650212555897e-06,0.0,0.06556217504466197,-0.006670610205542285,0.21761588641287016,0.0,0.0,0.0
1458.0,9.581534390097161,5.81437378906222,0.0,0.0,2.285283341085065e-07,0.0,0.0,4.100298918717093,-15.0709270738,0.0,0.0,1.7140748703451267,0.0,8.216639203606946e-07,0.0,0.06556217592150052,-0.006670617822823563,0.21761590874737516,0.0,0.0,0.0
1459.0,9.58153320849747,5.814373758243551,0.0,0.0,1.4579357412596963e-07,0.0,0.0,4.100299105895248,-15.0709270738,0.0,0.0,1.7140746523483035,0.0,5.241946689894395e-07,0.0,0.06556217631760167,-0.006670626476549993,0.21761592902102428,0.0,0.0,0.0
1460.0,9.581532037549456,5.814373644898029,0.0,0.0,6.285965762722581e-08,0.0,0.0,4.100299210237855,-15.0709270738,0.0,0.0,1.7140744346601737,0.0,2.2600928502575618e-07,0.0,0.06556217623192809,-0.006670636167245947,0.21761594722602595,0.0,0.0,0.0
1461.0,9.581530877483194,5.814373448880234,0.0,0.0,-2.025888168071091e-08,0.0,0.0,4.100299231553021,-15.0709270738,0.0,0.0,1.7140742173272132,0.0,-7.283997545116871e-08,0.0,0.06556217566352715,-0.006670646895250015,0.2176159633549451,0.0,0.0,0.0
1462.0,9.581529728527283,5.814373170059342,0.0,0.0,-1.0354744633520855e-07,0.0,0.0,4.1002991696634155,-15.0709270738,0.0,0.0,1.714074000395927,0.0,-3.7230062707285766e-07,0.0,0.06556217461153116,-0.006670658660714493,0.21761597740070537,0.0,0.0,0.0
1463.0,9.581528590908796,5.814372808319179,0.0,0.0,-1.8699137761880945e-07,0.0,0.0,4.100299024406338,-15.0709270738,0.0,0.0,1.7140737839128413,0.0,-6.723199641735853e-07,0.0,0.06556217307515777,-0.006670671463605102,0.21761598935659082,0.0,0.0,0.0
1464.0,9.581527464853245,5.814372363558271,0.0,0.0,-2.7057595807282904e-07,0.0,0.0,4.100298795633776,-15.0709270738,0.0,0.0,1.714073567924495,0.0,-9.72845069828512e-07,0.0,0.06556217105371032,-0.006670685303700463,0.21761599921624813,0.0,0.0,0.0
1465.0,9.581526350584529,5.814371835689895,0.0,0.0,-3.5428641402671393e-07,0.0,0.0,4.1002984832124625,-15.0709270738,0.0,0.0,1.714073352477432,0.0,-1.273822824948523e-06,0.0,0.06556216854657809,-0.006670700180591765,0.21761600697368855,0.0,0.0,0.0
1466.0,9.581525248324892,5.814371224642122,0.0,0.0,-4.381079181464368e-07,0.0,0.0,4.100298087023932,-15.0709270738,0.0,0.0,1.7140731376181906,0.0,-1.5751999174435594e-06,0.0,0.06556216555323664,-0.006670716093682527,0.2176160126232897,0.0,0.0,0.0
1467.0,9.581524158294886,5.814370530357867,0.0,0.0,-5.220255919935753e-07,0.0,0.0,4.10029760696457,-15.0709270738,0.0,0.0,1.7140729233932976,0.0,-1.876922851424406e-06,0.0,0.06556216207324804,-0.006670733042188251,0.21761601615979698,0.0,0.0,0.0
1468.0,9.58152308071332,5.814369752794926,0.0,0.0,-6.060245085989027e-07,0.0,0.0,4.100297042945666,-15.0709270738,0.0,0.0,1.71407270984926,0.0,-2.1789379564567016e-06,0.0,0.06556215810626115,-0.0066707510251361735,0.21761601757832594,0.0,0.0,0.0
1469.0,9.581522015797216,5.814368891926015,0.0,0.0,-6.90089695054879e-07,0.0,0.0,4.100296394893461,-15.0709270738,0.0,0.0,1.7140724970325536,0.0,-2.481191396882945e-06,0.0,0.06556215365201186,-0.006670770041365043,0.21761601687436352,0.0,0.0,0.0
1470.0,9.581520963761774,5.814367947738806,0.0,0.0,-7.742061351181037e-07,0.0,0.0,4.100295662749191,-15.0709270738,0.0,0.0,1.7140722849896157,0.0,-2.783629181180363e-06,0.0,0.06556214871032336,-0.006670790089524953,0.21761601404376968,0.0,0.0,0.0
1471.0,9.581519924820324,5.8143669202359645,0.0,0.0,-8.583587718253746e-07,0.0,0.0,4.100294846469125,-15.0709270738,0.0,0.0,1.7140720737668396,0.0,-3.0861971713677434e-06,0.0,0.06556214328110627,-0.006670811168077204,0.217616009082779,0.0,0.0,0.0
1472.0,9.581518899184283,5.814365809435175,0.0,0.0,-9.425325101227623e-07,0.0,0.0,4.100293946024612,-15.0709270738,0.0,0.0,1.7140718634105632,0.0,-3.3888410924590987e-06,0.0,0.06556213736435892,-0.006670833275294122,0.21761600198800218,0.0,0.0,0.0
1473.0,9.581517887063118,5.814364615369174,0.0,0.0,-1.0267122195080464e-06,0.0,0.0,4.100292961402114,-15.0709270738,0.0,0.0,1.7140716539670597,0.0,-3.691506541965421e-06,0.0,0.0655621309601675,-0.006670856409259046,0.21761599275642723,0.0,0.0,0.0
1474.0,9.581516888664297,5.814363338085771,0.0,0.0,-1.1108827366833058e-06,0.0,0.0,4.100291892603237,-15.0709270738,0.0,0.0,1.714071445482534,0.0,-3.994138999432987e-06,0.0,0.06556212406870625,-0.00667088056786623,0.2176159813854212,0.0,0.0,0.0
1475.0,9.581515904193251,5.814361977647876,0.0,0.0,-1.195028868221569e-06,0.0,0.0,4.100290739644769,-15.0709270738,0.0,0.0,1.7140712380031076,0.0,-4.296683836032249e-06,0.0,0.06556211669023755,-0.006670905748820857,0.217615967872731,0.0,0.0,0.0
1476.0,9.581514933853336,5.814360534133518,0.0,0.0,-1.2791353932420042e-06,0.0,0.0,4.100289502558702,-15.0709270738,0.0,0.0,1.7140710315748153,0.0,-4.599086324177467e-06,0.0,0.06556210882511215,-0.006670931949639011,0.2176159522164849,0.0,0.0,0.0
1477.0,9.581513977845788,5.8143590076358596,0.0,0.0,-1.3631870660969533e-06,0.0,0.0,4.100288181392266,-15.0709270738,0.0,0.0,1.714070826243594,0.0,-4.901291647188983e-06,0.0,0.0655621004737692,-0.006670959167647789,0.21761593441519356,0.0,0.0,0.0
1478.0,9.581513036369678,5.814357398263218,0.0,0.0,-1.4471686190671728e-06,0.0,0.0,4.100286776207943,-15.0709270738,0.0,0.0,1.7140706220552753,0.0,-5.2032449089850174e-06,0.0,0.06556209163673649,-0.00667098739998534,0.21761591446775114,0.0,0.0,0.0
1479.0,9.581512109621885,5.814355706139073,0.0,0.0,-1.5310647650712645e-06,0.0,0.0,4.100285287083496,-15.0709270738,0.0,0.0,1.7140704190555773,0.0,-5.504891143824537e-06,0.0,0.06556208231463032,-0.006671016643601008,0.21761589237343623,0.0,0.0,0.0
1480.0,9.58151119779704,5.814353931402077,0.0,0.0,-1.61486020037829e-06,0.0,0.0,4.100283714111983,-15.0709270738,0.0,0.0,1.714070217290094,0.0,-5.8061753260616e-06,0.0,0.0655620725081558,-0.006671046895255495,0.21761586813191286,0.0,0.0,0.0
1481.0,9.5815103010875,5.814352074206062,0.0,0.0,-1.6985396073351581e-06,0.0,0.0,4.100282057401771,-15.0709270738,0.0,0.0,1.7140700168042908,0.0,-6.107042379952855e-06,0.0,0.06556206221810679,-0.006671078151521001,0.21761584174323143,0.0,0.0,0.0
1482.0,9.581509419683297,5.814350134720045,0.0,0.0,-1.782087657095017e-06,0.0,0.0,4.100280317076554,-15.0709270738,0.0,0.0,1.714069817643491,0.0,-6.407437189468692e-06,0.0,0.06556205144536599,-0.006671110408781475,0.21761581320782927,0.0,0.0,0.0
1483.0,9.581508553772107,5.8143481131282275,0.0,0.0,-1.8654890123616735e-06,0.0,0.0,4.100278493275356,-15.0709270738,0.0,0.0,1.7140696198528715,0.0,-6.707304608162041e-06,0.0,0.0655620401909049,-0.006671143663232959,0.2176157825265317,0.0,0.0,0.0
1484.0,9.581507703539208,5.814346009629997,0.0,0.0,-1.9487283301344103e-06,0.0,0.0,4.1002765861525425,-15.0709270738,0.0,0.0,1.7140694234774543,0.0,-7.006589469038642e-06,0.0,0.06556202845578395,-0.006671177910883716,0.21761574970055234,0.0,0.0,0.0
1485.0,9.58150686916744,5.814343824439918,0.0,0.0,-2.0317902644639157e-06,0.0,0.0,4.100274595877824,-15.0709270738,0.0,0.0,1.714069228562094,0.0,-7.305236594467312e-06,0.0,0.06556201624115235,-0.006671213147554658,0.21761571473149405,0.0,0.0,0.0
1486.0,9.581506050837172,5.81434155778773,0.0,0.0,-2.11465946921225e-06,0.0,0.0,4.100272522636257,-15.0709270738,0.0,0.0,1.7140690351514731,0.0,-7.603190806104729e-06,0.0,0.06556200354824814,-0.006671249368879695,0.21761567762134928,0.0,0.0,0.0
1487.0,9.58150524872626,5.8143392099183355,0.0,0.0,-2.1973206008185573e-06,0.0,0.0,4.100270366628243,-15.0709270738,0.0,0.0,1.7140688432900921,0.0,-7.900396934840937e-06,0.0,0.06556199037839822,-0.006671286570306134,0.2176156383725004,0.0,0.0,0.0
1488.0,9.581504463010011,5.814336781091788,0.0,0.0,-2.2797583210716917e-06,0.0,0.0,4.100268128069526,-15.0709270738,0.0,0.0,1.7140686530222613,0.0,-8.19679983076972e-06,0.0,0.06556197673301817,-0.006671324747095059,0.21761559698772043,0.0,0.0,0.0
1489.0,9.581503693861146,5.814334271583276,0.0,0.0,-2.361957299887567e-06,0.0,0.0,4.100265807191183,-15.0709270738,0.0,0.0,1.7140684643920938,0.0,-8.492344373175993e-06,0.0,0.0655619626136123,-0.006671363894321866,0.21761555347017297,0.0,0.0,0.0
1490.0,9.581502941449761,5.814331681683109,0.0,0.0,-2.443902218088111e-06,0.0,0.0,4.100263404239614,-15.0709270738,0.0,0.0,1.714068277443495,0.0,-8.78697548052899e-06,0.0,0.06556194802177344,-0.006671404006876741,0.21761550782341282,0.0,0.0,0.0
1491.0,9.581502205943297,5.814329011696691,0.0,0.0,-2.5255777701887575e-06,0.0,0.0,4.100260919476535,-15.0709270738,0.0,0.0,1.7140680922201552,0.0,-9.080638120506176e-06,0.0,0.06556193295918294,-0.006671445079465155,0.21761546005138593,0.0,0.0,0.0
1492.0,9.581501487506499,5.8143262619445,0.0,0.0,-2.606968667183546e-06,0.0,0.0,4.100258353178959,-15.0709270738,0.0,0.0,1.714067908765541,0.0,-9.373277320008583e-06,0.0,0.06556191742761054,-0.006671487106608434,0.21761541015842942,0.0,0.0,0.0
1493.0,9.58150078630138,5.814323432762064,0.0,0.0,-2.6880596393394166e-06,0.0,0.0,4.100255705639176,-15.0709270738,0.0,0.0,1.7140677271228881,0.0,-9.664838175209238e-06,0.0,0.06556190142891417,-0.0066715300826444834,0.21761535814927196,0.0,0.0,0.0
1494.0,9.581500102487192,5.814320524499929,0.0,0.0,-2.768835438987328e-06,0.0,0.0,4.100252977164738,-15.0709270738,0.0,0.0,1.7140675473351914,0.0,-9.95526586159017e-06,0.0,0.06556188496503988,-0.006671574001728214,0.21761530402903342,0.0,0.0,0.0
1495.0,9.581499436220385,5.814317537523627,0.0,0.0,-2.8492808433187496e-06,0.0,0.0,4.10025016807843,-15.0709270738,0.0,0.0,1.714067369445197,0.0,-1.0244505643998788e-05,0.0,0.06556186803802161,-0.006671618857832337,0.2176152478032249,0.0,0.0,0.0
1496.0,9.581498787654578,5.814314472213644,0.0,0.0,-2.929380657181111e-06,0.0,0.0,4.100247278718248,-15.0709270738,0.0,0.0,1.7140671934953957,0.0,-1.0532502886700512e-05,0.0,0.06556185064998105,-0.0066716646447481515,0.21761518947774855,0.0,0.0,0.0
1497.0,9.581498156940519,5.81431132896538,0.0,0.0,-3.009119715877414e-06,0.0,0.0,4.100244309437367,-15.0709270738,0.0,0.0,1.714067019528013,0.0,-1.0819203063446403e-05,0.0,0.06556183280312741,-0.006671711356086074,0.21761512905889732,0.0,0.0,0.0
1498.0,9.581497544226059,5.814308108189113,0.0,0.0,-3.0884828879628092e-06,0.0,0.0,4.100241260604112,-15.0709270738,0.0,0.0,1.7140668475850012,0.0,-1.110455176752989e-05,0.0,0.06556181449975726,-0.006671758985276596,0.2176150665533546,0.0,0.0,0.0
1499.0,9.581496949656115,5.8143048103099515,0.0,0.0,-3.1674550780436527e-06,0.0,0.0,4.10023813260192,-15.0709270738,0.0,0.0,1.7140666777080318,0.0,-1.1388494721852433e-05,0.0,0.06556179574225424,-0.006671807525571005,0.21761500196819394,0.0,0.0,0.0
1500.0,9.58149637337264,5.814301435767791,0.0,0.0,-3.2460212295721455e-06,0.0,0.0,4.100234925829303,-15.0709270738,0.0,0.0,1.7140665099384877,0.0,-1.167097778897331e-05,0.0,0.0655617765330888,-0.006671856970042203,0.21761493531087853,0.0,0.0,0.0
1501.0,9.581495815514591,5.814297985017268,0.0,0.0,-3.324166327645548e-06,0.0,0.0,4.100231640699812,-15.0709270738,0.0,0.0,1.7140663443174553,0.0,-1.19519469811759e-05,0.0,0.06556175687481804,-0.006671907311585679,0.2176148665892606,0.0,0.0,0.0
1502.0,9.581495276217892,5.814294458527703,0.0,0.0,-3.4018754017977577e-06,0.0,0.0,4.10022827764199,-15.0709270738,0.0,0.0,1.7140661808857134,0.0,-1.2231348470506479e-05,0.0,0.06556173677008528,-0.0066719585429203115,0.2176147958115809,0.0,0.0,0.0
1503.0,9.581494755615411,5.814290856783054,0.0,0.0,-3.4791335287937604e-06,0.0,0.0,4.100224837099325,-15.0709270738,0.0,0.0,1.7140660196837292,0.0,-1.250912859882339e-05,0.0,0.06556171622161995,-0.006672010656589358,0.21761472298646808,0.0,0.0,0.0
1504.0,9.581494253836928,5.8142871802818545,0.0,0.0,-3.5559258354184236e-06,0.0,0.0,4.100221319530206,-15.0709270738,0.0,0.0,1.7140658607516484,0.0,-1.2785233887825867e-05,0.0,0.06556169523223705,-0.006672063644961521,0.21761464812293785,0.0,0.0,0.0
1505.0,9.5814937710091,5.814283429537157,0.0,0.0,-3.632237501262902e-06,0.0,0.0,4.100217725407869,-15.0709270738,0.0,0.0,1.714065704129288,0.0,-1.3059611049074297e-05,0.0,0.06556167380483705,-0.006672117500231722,0.21761457123039218,0.0,0.0,0.0
1506.0,9.581493307255439,5.814279605076469,0.0,0.0,-3.7080537615062225e-06,0.0,0.0,4.10021405522034,-15.0709270738,0.0,0.0,1.7140655498561292,0.0,-1.3332206993993134e-05,0.0,0.0655616519424054,-0.006672172214422373,0.21761449231861846,0.0,0.0,0.0
1507.0,9.581492862696276,5.8142757074416895,0.0,0.0,-3.7833599096963735e-06,0.0,0.0,4.100210309470383,-15.0709270738,0.0,0.0,1.7140653979713063,0.0,-1.3602968843872072e-05,0.0,0.06556162964801221,-0.006672227779384393,0.21761441139778856,0.0,0.0,0.0
1508.0,9.581492437448738,5.814271737189041,0.0,0.0,-3.858141300521862e-06,0.0,0.0,4.10020648867544,-15.0709270738,0.0,0.0,1.7140652485136014,0.0,-1.3871843939832912e-05,0.0,0.06556160692481186,-0.006672284186798258,0.21761432847845769,0.0,0.0,0.0
1509.0,9.581492031626718,5.814267694889,0.0,0.0,-3.932383352581311e-06,0.0,0.0,4.1002025933675625,-15.0709270738,0.0,0.0,1.7140651015214372,0.0,-1.4138779852789415e-05,0.0,0.06556158377604265,-0.00667234142817516,0.21761424357156336,0.0,0.0,0.0
1510.0,9.581491645340847,5.814263581126221,0.0,0.0,-4.006071551146618e-06,0.0,0.0,4.100198624093354,-15.0709270738,0.0,0.0,1.7140649570328677,0.0,-1.4403724393384006e-05,0.0,0.06556156020502638,-0.006672399494858275,0.2176141566884243,0.0,0.0,0.0
1511.0,9.581491278698469,5.814259396499467,0.0,0.0,-4.079191450918784e-06,0.0,0.0,4.100194581413894,-15.0709270738,0.0,0.0,1.7140648150855728,0.0,-1.4666625621898098e-05,0.0,0.06556153621516786,-0.006672458378023813,0.21761406784073917,0.0,0.0,0.0
1512.0,9.581490931803613,5.8142551416215245,0.0,0.0,-4.151728678778759e-06,0.0,0.0,4.100190465904676,-15.0709270738,0.0,0.0,1.7140646757168483,0.0,-1.4927431858144543e-05,0.0,0.06556151180995459,-0.006672518068682423,0.21761397704058505,0.0,0.0,0.0
1513.0,9.581490604756969,5.8142508171191265,0.0,0.0,-4.2236689365301425e-06,0.0,0.0,4.100186278155527,-15.0709270738,0.0,0.0,1.7140645389635996,0.0,-1.5186091691330747e-05,0.0,0.06556148699295618,-0.006672578557680345,0.2176138843004164,0.0,0.0,0.0
1514.0,9.581490297655863,5.814246423632867,0.0,0.0,-4.294998003632087e-06,0.0,0.0,4.100182018770534,-15.0709270738,0.0,0.0,1.7140644048623335,0.0,-1.5442553989886614e-05,0.0,0.06556146176782394,-0.006672639835700767,0.21761378963306333,0.0,0.0,0.0
1515.0,9.58149001059423,5.814241961817115,0.0,0.0,-4.365701739928581e-06,0.0,0.0,4.100177688367964,-15.0709270738,0.0,0.0,1.714064273449151,0.0,-1.5696767911279402e-05,0.0,0.06556143613829045,-0.006672701893265229,0.2176136930517302,0.0,0.0,0.0
1516.0,9.58148974366259,5.814237432339925,0.0,0.0,-4.435766088365548e-06,0.0,0.0,4.100173287580184,-15.0709270738,0.0,0.0,1.7140641447597407,0.0,-1.5948682911784824e-05,0.0,0.0655614101081689,-0.006672764720734747,0.21761359456999402,0.0,0.0,0.0
1517.0,9.581489496948029,5.814232835882947,0.0,0.0,-4.505177077697963e-06,0.0,0.0,4.100168817053575,-15.0709270738,0.0,0.0,1.7140640188293723,0.0,-1.6198248756222238e-05,0.0,0.06556138368135277,-0.006672828308311576,0.21761349420180282,0.0,0.0,0.0
1518.0,9.58148927053417,5.814228173141331,0.0,0.0,-4.573920825191149e-06,0.0,0.0,4.100164277448444,-15.0709270738,0.0,0.0,1.7140638956928864,0.0,-1.6445415527668845e-05,0.0,0.06556135686181512,-0.006672892646040346,0.21761339196147367,0.0,0.0,0.0
1519.0,9.581489064501158,5.814223444823627,0.0,0.0,-4.641983539307581e-06,0.0,0.0,4.100159669438937,-15.0709270738,0.0,0.0,1.7140637753846901,0.0,-1.6690133637121874e-05,0.0,0.06556132965360813,-0.006672957723809658,0.21761328786369127,0.0,0.0,0.0
1520.0,9.581488878925628,5.814218651651691,0.0,0.0,-4.7093515223841535e-06,0.0,0.0,4.100154993712944,-15.0709270738,0.0,0.0,1.7140636579387474,0.0,-1.6932353833126376e-05,0.0,0.06556130206086253,-0.006673023531353628,0.2176131819235057,0.0,0.0,0.0
1521.0,9.581488713880693,5.81421379436058,0.0,0.0,-4.776011173299884e-06,0.0,0.0,4.100150250972004,-15.0709270738,0.0,0.0,1.7140635433885754,0.0,-1.7172027211368664e-05,0.0,0.06556127408778702,-0.006673090058253214,0.21761307415633074,0.0,0.0,0.0
1522.0,9.581488569435923,5.814208873698443,0.0,0.0,-4.841948990129663e-06,0.0,0.0,4.10014544193121,-15.0709270738,0.0,0.0,1.714063431767233,0.0,-1.7409105224219558e-05,0.0,0.06556124573866765,-0.006673157293938012,0.21761296457794171,0.0,0.0,0.0
1523.0,9.581488445657317,5.814203890426423,0.0,0.0,-4.907151572787048e-06,0.0,0.0,4.100140567319103,-15.0709270738,0.0,0.0,1.71406332310732,0.0,-1.7643539690238222e-05,0.0,0.0655612170178672,-0.006673225227687679,0.2176128532044734,0.0,0.0,0.0
1524.0,9.581488342607294,5.814198845318539,0.0,0.0,-4.9716056256519625e-06,0.0,0.0,4.100135627877576,-15.0709270738,0.0,0.0,1.7140632174409633,0.0,-1.7875282803621718e-05,0.0,0.06556118792982463,-0.006673293848633646,0.21761274005241796,0.0,0.0,0.0
1525.0,9.581488260344663,5.814193739161575,0.0,0.0,-5.0352979601890875e-06,0.0,0.0,4.10013062436176,-15.0709270738,0.0,0.0,1.7140631147998153,0.0,-1.810428714362107e-05,0.0,0.06556115847905435,-0.006673363145760711,0.21761262513862273,0.0,0.0,0.0
1526.0,9.581488198924617,5.814188572754967,0.0,0.0,-5.0982154975481205e-06,0.0,0.0,4.100125557539922,-15.0709270738,0.0,0.0,1.7140630152150447,0.0,-1.8330505683892098e-05,0.0,0.0655611286701456,-0.00667343310790873,0.21761250848028763,0.0,0.0,0.0
1527.0,9.581488158398706,5.814183346910685,0.0,0.0,-5.160345271153738e-06,0.0,0.0,4.100120428193353,-15.0709270738,0.0,0.0,1.7140629187173317,0.0,-1.8553891801809263e-05,0.0,0.06556109850776183,-0.006673503723774357,0.21761239009496336,0.0,0.0,0.0
1528.0,9.581488138814823,5.814178062453111,0.0,0.0,-5.221674429275992e-06,0.0,0.0,4.100115237116253,-15.0709270738,0.0,0.0,1.7140628253368586,0.0,-1.8774399287709074e-05,0.0,0.0655610679966399,-0.006673574981912719,0.21761227000054842,0.0,0.0,0.0
1529.0,9.581488140217191,5.814172720218919,0.0,0.0,-5.2821902375910215e-06,0.0,0.0,4.100109985115613,-15.0709270738,0.0,0.0,1.7140627351033064,0.0,-1.8991982354098686e-05,0.0,0.06556103714158946,-0.006673646870739236,0.21761214821528693,0.0,0.0,0.0
1530.0,9.581488162646343,5.8141673210569484,0.0,0.0,-5.341880081720695e-06,0.0,0.0,4.1001046730111,-15.0709270738,0.0,0.0,1.7140626480458483,0.0,-1.9206595644788723e-05,0.0,0.0655610059474923,-0.006673719378531395,0.21761202475776592,0.0,0.0,0.0
1531.0,9.581488206139108,5.814161865828075,0.0,0.0,-5.40073146975923e-06,0.0,0.0,4.100099301634936,-15.0709270738,0.0,0.0,1.7140625641931395,0.0,-1.941819424397925e-05,0.0,0.06556097441930142,-0.0066737924934306275,0.21761189964691283,0.0,0.0,0.0
1532.0,9.581488270728597,5.814156355405085,0.0,0.0,-5.458732034781675e-06,0.0,0.0,4.10009387183177,-15.0709270738,0.0,0.0,1.714062483573315,0.0,-1.9626733685280476e-05,0.0,0.0655609425620405,-0.006673866203444054,0.21761177290199268,0.0,0.0,0.0
1533.0,9.58148835644419,5.814150790672537,0.0,0.0,-5.515869537336117e-06,0.0,0.0,4.100088384458555,-15.0709270738,0.0,0.0,1.7140624062139818,0.0,-1.9832169960674948e-05,0.0,0.065560910380803,-0.006673940496446429,0.21761164454260543,0.0,0.0,0.0
1534.0,9.581488463311523,5.814145172526634,0.0,0.0,-5.5721318679167735e-06,0.0,0.0,4.10008284038442,-15.0709270738,0.0,0.0,1.7140623321422135,0.0,-2.0034459529410975e-05,0.0,0.06556087788075146,-0.006674015360182098,0.21761151458868294,0.0,0.0,0.0
1535.0,9.581488591352473,5.814139501875079,0.0,0.0,-5.627507049420189e-06,0.0,0.0,4.1000772404905375,-15.0709270738,0.0,0.0,1.7140622613845418,0.0,-2.0233559326835266e-05,0.0,0.06556084506711671,-0.006674090782266814,0.21761138306048644,0.0,0.0,0.0
1536.0,9.581488740585149,5.8141337796369434,0.0,0.0,-5.681983239581574e-06,0.0,0.0,4.100071585669987,-15.0709270738,0.0,0.0,1.7140621939669565,0.0,-2.0429426773154146e-05,0.0,0.06556081194519701,-0.006674166750189878,0.21761124997860304,0.0,0.0,0.0
1537.0,9.58148891102388,5.814128006742518,0.0,0.0,-5.735548733391944e-06,0.0,0.0,4.1000658768276255,-15.0709270738,0.0,0.0,1.7140621299148924,0.0,-2.06220197821257e-05,0.0,0.06556077852035734,-0.0066742432513158395,0.21761111536394329,0.0,0.0,0.0
1538.0,9.581489102679203,5.814122184133172,0.0,0.0,-5.788191965497924e-06,0.0,0.0,4.100060114879943,-15.0709270738,0.0,0.0,1.7140620692532291,0.0,-2.081129676968957e-05,0.0,0.06556074479802845,-0.006674320272886877,0.2176109792377376,0.0,0.0,0.0
1539.0,9.581489315557857,5.814116312761207,0.0,0.0,-5.839901512577136e-06,0.0,0.0,4.100054300754925,-15.0709270738,0.0,0.0,1.7140620120062824,0.0,-2.0997216662508893e-05,0.0,0.06556071078370611,-0.006674397802024543,0.21761084162153338,0.0,0.0,0.0
1540.0,9.581489549662766,5.814110393589708,0.0,0.0,-5.8906660956970706e-06,0.0,0.0,4.1000484353919076,-15.0709270738,0.0,0.0,1.7140619581978003,0.0,-2.117973890645287e-05,0.0,0.06556067648295025,-0.006674475825731996,0.21761070253719167,0.0,0.0,0.0
1541.0,9.58148980499304,5.814104427592389,0.0,0.0,-5.940474582650012e-06,0.0,0.0,4.100042519741434,-15.0709270738,0.0,0.0,1.7140619078509554,0.0,-2.1358823474993152e-05,0.0,0.065560641901384,-0.006674554330896032,0.217610562006884,0.0,0.0,0.0
1542.0,9.581490081543965,5.814098415753446,0.0,0.0,-5.989315990269215e-06,0.0,0.0,4.100036554765104,-15.0709270738,0.0,0.0,1.714061860988342,0.0,-2.1534430877532785e-05,0.0,0.06556060704469296,-0.006674633304289204,0.21761042005308884,0.0,0.0,0.0
1543.0,9.581490379306986,5.814092359067395,0.0,0.0,-6.0371794867187895e-06,0.0,0.0,4.100030541435426,-15.0709270738,0.0,0.0,1.7140618176319693,0.0,-2.1706522167640607e-05,0.0,0.06556057191862417,-0.006674712732572044,0.21761027669858835,0.0,0.0,0.0
1544.0,9.581490698269716,5.814086258538919,0.0,0.0,-6.084054393766329e-06,0.0,0.0,4.100024480735662,-15.0709270738,0.0,0.0,1.7140617778032565,0.0,-2.187505895122354e-05,0.0,0.06556053652898526,-0.0066747926022951015,0.21761013196646484,0.0,0.0,0.0
1545.0,9.581491038415917,5.814080115182707,0.0,0.0,-6.129930189028786e-06,0.0,0.0,4.100018373659677,-15.0709270738,0.0,0.0,1.7140617415230297,0.0,-2.2040003394602652e-05,0.0,0.06556050088164356,-0.006674872899901291,0.21760998588009733,0.0,0.0,0.0
1546.0,9.581491399725504,5.81407393002329,0.0,0.0,-6.174796508194922e-06,0.0,0.0,4.100012221211777,-15.0709270738,0.0,0.0,1.7140617088115127,0.0,-2.2201318232504936e-05,0.0,0.06556046498252507,-0.006674953611727874,0.2176098384631578,0.0,0.0,0.0
1547.0,9.581491782174535,5.81406770409488,0.0,0.0,-6.218643147227597e-06,0.0,0.0,4.1000060244065555,-15.0709270738,0.0,0.0,1.7140616796883243,0.0,-2.2358966775982598e-05,0.0,0.06556042883761364,-0.006675034724009057,0.21760968973960765,0.0,0.0,0.0
1548.0,9.581492185735208,5.814061438441201,0.0,0.0,-6.2614600645365895e-06,0.0,0.0,4.099999784268725,-15.0709270738,0.0,0.0,1.7140616541724762,0.0,-2.2512912920226306e-05,0.0,0.06556039245294992,-0.006675116222877919,0.2176095397336939,0.0,0.0,0.0
1549.0,9.581492610375859,5.814055134115325,0.0,0.0,-6.303237383132039e-06,0.0,0.0,4.0999935018329605,-15.0709270738,0.0,0.0,1.7140616322823643,0.0,-2.2663121152308712e-05,0.0,0.06556035583463043,-0.006675198094368867,0.2176093884699457,0.0,0.0,0.0
1550.0,9.581493056060964,5.814048792179494,0.0,0.0,-6.343965392748343e-06,0.0,0.0,4.09998717814373,-15.0709270738,0.0,0.0,1.7140616140357645,0.0,-2.2809556558821753e-05,0.0,0.06556031898880656,-0.006675280324419941,0.21760923597317003,0.0,0.0,0.0
1551.0,9.581493522751128,5.814042413704957,0.0,0.0,-6.3836345519447245e-06,0.0,0.0,4.099980814255127,-15.0709270738,0.0,0.0,1.7140615994498303,0.0,-2.2952184833429954e-05,0.0,0.06556028192168357,-0.006675362898875062,0.2176090822684481,0.0,0.0,0.0
1552.0,9.58149401040309,5.81403599977179,0.0,0.0,-6.422235490178249e-06,0.0,0.0,4.0999744112307015,-15.0709270738,0.0,0.0,1.7140615885410888,0.0,-2.309097228432468e-05,0.0,0.06556024463951966,-0.006675445803486529,0.21760892738113155,0.0,0.0,0.0
1553.0,9.58149451896972,5.814029551468721,0.0,0.0,-6.459759009852428e-06,0.0,0.0,4.099967970143288,-15.0709270738,0.0,0.0,1.7140615813254332,0.0,-2.322588584159054e-05,0.0,0.06556020714862482,-0.0066755290239172566,0.217608771336838,0.0,0.0,0.0
1554.0,9.581495048400026,5.814023069892951,0.0,0.0,-6.496196088338147e-06,0.0,0.0,4.099961492074831,-15.0709270738,0.0,0.0,1.7140615778181196,0.0,-2.3356893064472188e-05,0.0,0.06556016945535988,-0.00667561254574324,0.21760861416144733,0.0,0.0,0.0
1555.0,9.581495598639144,5.8140165561499755,0.0,0.0,-6.531537879966149e-06,0.0,0.0,4.099954978116209,-15.0709270738,0.0,0.0,1.7140615780337667,0.0,-2.348396214853891e-05,0.0,0.06556013156613551,-0.006675696354455987,0.2176084558810976,0.0,0.0,0.0
1556.0,9.58149616962835,5.814010011353402,0.0,0.0,-6.56577571799214e-06,0.0,0.0,4.099948429367057,-15.0709270738,0.0,0.0,1.7140615819863454,0.0,-2.3607061932750614e-05,0.0,0.06556009348741108,-0.006675780435464879,0.21760829652218053,0.0,0.0,0.0
1557.0,9.581496761305058,5.814003436624768,0.0,0.0,-6.598901116535177e-06,0.0,0.0,4.099941846935588,-15.0709270738,0.0,0.0,1.7140615896891802,0.0,-2.3726161906427748e-05,0.0,0.06556005522569365,-0.0066758647740997185,0.21760813611133772,0.0,0.0,0.0
1558.0,9.58149737360282,5.813996833093351,0.0,0.0,-6.630905772485207e-06,0.0,0.0,4.099935231938407,-15.0709270738,0.0,0.0,1.7140616011549445,0.0,-2.384123221611026e-05,0.0,0.06556001678753688,-0.006675949355613206,0.21760797467545606,0.0,0.0,0.0
1559.0,9.581498006451337,5.813990201895986,0.0,0.0,-6.66178156738462e-06,0.0,0.0,4.099928585500331,-15.0709270738,0.0,0.0,1.7140616163956546,0.0,-2.3952243672323073e-05,0.0,0.06555997817953996,-0.006676034165183309,0.2176078122416635,0.0,0.0,0.0
1560.0,9.581498659776459,5.813983544176872,0.0,0.0,-6.691520569277499e-06,0.0,0.0,4.0999219087542045,-15.0709270738,0.0,0.0,1.7140616354226674,0.0,-2.4059167756225314e-05,0.0,0.06555993940834651,-0.006676119187915941,0.21760764883732459,0.0,0.0,0.0
1561.0,9.58149933350019,5.813976861087385,0.0,0.0,-6.720115034531025e-06,0.0,0.0,4.099915202840707,-15.0709270738,0.0,0.0,1.7140616582466777,0.0,-2.4161976626159438e-05,0.0,0.06555990048064343,-0.006676204408847447,0.21760748449003614,0.0,0.0,0.0
1562.0,9.581500027540695,5.813970153785883,0.0,0.0,-6.747557409626759e-06,0.0,0.0,4.0999084689081675,-15.0709270738,0.0,0.0,1.7140616848777155,0.0,-2.4260643124091937e-05,0.0,0.06555986140315989,-0.006676289812947045,0.21760731922762283,0.0,0.0,0.0
1563.0,9.58150074181231,5.813963423437513,0.0,0.0,-6.773840332918817e-06,0.0,0.0,4.099901708112373,-15.0709270738,0.0,0.0,1.7140617153251396,0.0,-2.435514078193498e-05,0.0,0.06555982218266612,-0.006676375385119504,0.21760715307813225,0.0,0.0,0.0
1564.0,9.581501476225542,5.813956671214014,0.0,0.0,-6.798956636364723e-06,0.0,0.0,4.099894921616377,-15.0709270738,0.0,0.0,1.7140617495976374,0.0,-2.4445443827769784e-05,0.0,0.06555978282597225,-0.0066764611102078375,0.2176069860698309,0.0,0.0,0.0
1565.0,9.581502230687086,5.813949898293522,0.0,0.0,-6.822899347223107e-06,0.0,0.0,4.0998881105903004,-15.0709270738,0.0,0.0,1.7140617877032218,0.0,-2.453152719195065e-05,0.0,0.06555974333992728,-0.006676546972995592,0.21760681823119904,0.0,0.0,0.0
1566.0,9.581503005099826,5.8139431058603686,0.0,0.0,-6.8456616897183625e-06,0.0,0.0,4.099881276211141,-15.0709270738,0.0,0.0,1.7140618296492276,0.0,-2.4613366513090246e-05,0.0,0.06555970373141784,-0.0066766329582097494,0.21760664959092635,0.0,0.0,0.0
1567.0,9.581503799362848,5.81393629510488,0.0,0.0,-6.8672370866776985e-06,0.0,0.0,4.099874419662572,-15.0709270738,0.0,0.0,1.714061875442308,0.0,-2.4690938143945485e-05,0.0,0.06555966400736704,-0.006676719050523264,0.21760648017790699,0.0,0.0,0.0
1568.0,9.58150461337145,5.813929467223177,0.0,0.0,-6.8876191611309406e-06,0.0,0.0,4.099867542134744,-15.0709270738,0.0,0.0,1.7140619250884335,0.0,-2.476421915716947e-05,0.0,0.0655596241747333,-0.006676805234557742,0.21760631002123487,0.0,0.0,0.0
1569.0,9.581505447017157,5.813922623416972,0.0,0.0,-6.90680173788043e-06,0.0,0.0,4.099860644824084,-15.0709270738,0.0,0.0,1.7140619785928877,0.0,-2.483318735095583e-05,0.0,0.06555958424050916,-0.00667689149488597,0.21760613915019889,0.0,0.0,0.0
1570.0,9.581506300187723,5.813915764893362,0.0,0.0,-6.924778845036187e-06,0.0,0.0,4.099853728933094,-15.0709270738,0.0,0.0,1.7140620359602678,0.0,-2.4897821254558146e-05,0.0,0.06555954421172018,-0.00667697781603481,0.21760596759427803,0.0,0.0,0.0
1571.0,9.581507172767152,5.813908892864621,0.0,0.0,-6.941544715519399e-06,0.0,0.0,4.0998467956701425,-15.0709270738,0.0,0.0,1.7140620971944784,0.0,-2.4958100133695403e-05,0.0,0.0655595040954236,-0.006677064182487716,0.2176057953831364,0.0,0.0,0.0
1572.0,9.581508064635706,5.813902008547997,0.0,0.0,-6.957093788530185e-06,0.0,0.0,4.099839846249265,-15.0709270738,0.0,0.0,1.714062162298732,0.0,-2.501400399582895e-05,0.0,0.06555946389870722,-0.006677150578687521,0.2176056225466183,0.0,0.0,0.0
1573.0,9.581508975669923,5.813895113165499,0.0,0.0,-6.971420710984881e-06,0.0,0.0,4.099832881889951,-15.0709270738,0.0,0.0,1.7140622312755474,0.0,-2.506551359532982e-05,0.0,0.06555942362868816,-0.006677236989039215,0.21760544911474322,0.0,0.0,0.0
1574.0,9.581509905742626,5.813888207943688,0.0,0.0,-6.984520338912375e-06,0.0,0.0,4.099825903816943,-15.0709270738,0.0,0.0,1.7140623041267453,0.0,-2.511261043849874e-05,0.0,0.06555938329251168,-0.0066773233979124935,0.21760527511770084,0.0,0.0,0.0
1575.0,9.581510854722945,5.813881294113467,0.0,0.0,-6.996387738822747e-06,0.0,0.0,4.099818913260019,-15.0709270738,0.0,0.0,1.7140623808534485,0.0,-2.515527678848651e-05,0.0,0.0655593428973499,-0.006677409789644678,0.2176051005858458,0.0,0.0,0.0
1576.0,9.581511822476326,5.813874372909865,0.0,0.0,-7.007018189035853e-06,0.0,0.0,4.099811911453784,-15.0709270738,0.0,0.0,1.7140624614560807,0.0,-2.5193495670070344e-05,0.0,0.06555930245040055,-0.006677496148543419,0.21760492554969285,0.0,0.0,0.0
1577.0,9.581512808864554,5.813867445571825,0.0,0.0,-7.016407180976774e-06,0.0,0.0,4.099804899637462,-15.0709270738,0.0,0.0,1.7140625459343628,0.0,-2.522725087431095e-05,0.0,0.06555926195888583,-0.0066775824588894,0.21760475003991137,0.0,0.0,0.0
1578.0,9.581513813745763,5.813860513341988,0.0,0.0,-7.024550420435911e-06,0.0,0.0,4.099797879054676,-15.0709270738,0.0,0.0,1.7140626342873118,0.0,-2.5256526963082484e-05,0.0,0.06555922143005101,-0.006677668704939174,0.2176045740873203,0.0,0.0,0.0
1579.0,9.581514836974462,5.813853577466476,0.0,0.0,-7.031443828791274e-06,0.0,0.0,4.099790850953235,-15.0709270738,0.0,0.0,1.7140627265132418,0.0,-2.5281309273466507e-05,0.0,0.0655591808711633,-0.006677754870928004,0.21760439772288298,0.0,0.0,0.0
1580.0,9.581515878401543,5.81384663919468,0.0,0.0,-7.037083544195435e-06,0.0,0.0,4.099783816584918,-15.0709270738,0.0,0.0,1.7140628226097618,0.0,-2.5301583922018845e-05,0.0,0.06555914028951053,-0.0066778409410725575,0.2176042209777017,0.0,0.0,0.0
1581.0,9.581516937874314,5.813839699779034,0.0,0.0,-7.0414659227262826e-06,0.0,0.0,4.0997767772052605,-15.0709270738,0.0,0.0,1.7140629225737731,0.0,-2.5317337808906192e-05,0.0,0.06555909969239987,-0.006677926899573708,0.2176040438830126,0.0,0.0,0.0
1582.0,9.581518015236506,5.813832760474798,0.0,0.0,-7.044587539500109e-06,0.0,0.0,4.099769734073329,-15.0709270738,0.0,0.0,1.7140630264014698,0.0,-2.5328558621907302e-05,0.0,0.06555905908715653,-0.006678012730619479,0.21760386647018007,0.0,0.0,0.0
1583.0,9.581519110328305,5.813825822539843,0.0,0.0,-7.046445189748231e-06,0.0,0.0,4.099762688451506,-15.0709270738,0.0,0.0,1.7140631340883372,0.0,-2.5335234840282953e-05,0.0,0.06555901848112261,-0.006678098418387721,0.21760368877069158,0.0,0.0,0.0
1584.0,9.581520222986361,5.8138188872344205,0.0,0.0,-7.047035889855935e-06,0.0,0.0,4.0997556416052685,-15.0709270738,0.0,0.0,1.714063245629152,0.0,-2.5337355738510404e-05,0.0,0.06555897788165566,-0.006678183947049041,0.2176035108161521,0.0,0.0,0.0
1585.0,9.581521353043824,5.813811955820949,0.0,0.0,-7.046356878363523e-06,0.0,0.0,4.099748594802966,-15.0709270738,0.0,0.0,1.714063361017983,0.0,-2.5334911389881565e-05,0.0,0.0655589372961274,-0.00667826930076959,0.21760333263827875,0.0,0.0,0.0
1586.0,9.581522500330353,5.813805029563784,0.0,0.0,-7.044405616929191e-06,0.0,0.0,4.099741549315597,-15.0709270738,0.0,0.0,1.7140634802481864,0.0,-2.5327892669963827e-05,0.0,0.06555889673192254,-0.0066783544637139675,0.21760315426889526,0.0,0.0,0.0
1587.0,9.581523664672149,5.813798109728999,0.0,0.0,-7.0411797912545746e-06,0.0,0.0,4.099734506416589,-15.0709270738,0.0,0.0,1.7140636033124093,0.0,-2.5316291259926675e-05,0.0,0.06555885619643737,-0.006678439420047977,0.21760297573992654,0.0,0.0,0.0
1588.0,9.581524845891979,5.813791197584158,0.0,0.0,-7.036677311970436e-06,0.0,0.0,4.099727467381569,-15.0709270738,0.0,0.0,1.7140637302025894,0.0,-2.530009964972484e-05,0.0,0.06555881569707846,-0.0066785241539415036,0.21760279708339303,0.0,0.0,0.0
1589.0,9.581526043809191,5.8137842943980935,0.0,0.0,-7.030896315485783e-06,0.0,0.0,4.09972043348814,-15.0709270738,0.0,0.0,1.7140638609099534,0.0,-2.5279311141150072e-05,0.0,0.0655587752412614,-0.006678608649571524,0.2176026183314052,0.0,0.0,0.0
1590.0,9.58152725823975,5.813777401440675,0.0,0.0,-7.023835164795323e-06,0.0,0.0,4.099713406015658,-15.0709270738,0.0,0.0,1.7140639954250174,0.0,-2.5253919850732866e-05,0.0,0.06555873483640941,-0.006678692891124743,0.21760243951615793,0.0,0.0,0.0
1591.0,9.581528488996263,5.8137705199825875,0.0,0.0,-7.015492450251271e-06,0.0,0.0,4.099706386245001,-15.0709270738,0.0,0.0,1.7140641337375868,0.0,-2.5223920712516142e-05,0.0,0.06555869448995208,-0.006678776862800689,0.21760226066992477,0.0,0.0,0.0
1592.0,9.581529735887996,5.8137636512951,0.0,0.0,-7.005866990291551e-06,0.0,0.0,4.099699375458342,-15.0709270738,0.0,0.0,1.7140642758367584,0.0,-2.5189309480671978e-05,0.0,0.06555865420932405,-0.00667886054881435,0.21760208182505256,0.0,0.0,0.0
1593.0,9.581530998720913,5.813756796649842,0.0,0.0,-6.994957832132114e-06,0.0,0.0,4.099692374938922,-15.0709270738,0.0,0.0,1.71406442171092,0.0,-2.515008273198933e-05,0.0,0.06555861400196358,-0.006678943933399323,0.2176019030139555,0.0,0.0,0.0
1594.0,9.581532277297699,5.813749957318569,0.0,0.0,-6.982764252416825e-06,0.0,0.0,4.099685385970821,-15.0709270738,0.0,0.0,1.7140645713477483,0.0,-2.510623786820914e-05,0.0,0.06555857387531133,-0.006679027000810425,0.2176017242691095,0.0,0.0,0.0
1595.0,9.581533571417788,5.81374313457294,0.0,0.0,-6.969285757829994e-06,0.0,0.0,4.099678409838725,-15.0709270738,0.0,0.0,1.7140647247342153,0.0,-2.5057773118225032e-05,0.0,0.06555853383680899,-0.006679109735326788,0.2176015456230466,0.0,0.0,0.0
1596.0,9.581534880877394,5.813736329684284,0.0,0.0,-6.954522085664768e-06,0.0,0.0,4.0996714478277,-15.0709270738,0.0,0.0,1.7140648818565838,0.0,-2.500468754012534e-05,0.0,0.0655584938938979,-0.006679192121254632,0.21760136710834893,0.0,0.0,0.0
1597.0,9.58153620546954,5.813729543923372,0.0,0.0,-6.938473204356852e-06,0.0,0.0,4.099664501222959,-15.0709270738,0.0,0.0,1.7140650427004127,0.0,-2.494698102311037e-05,0.0,0.06555845405401774,-0.006679274142930208,0.2176011887576433,0.0,0.0,0.0
1598.0,9.58153754498409,5.813722778560184,0.0,0.0,-6.921139313971181e-06,0.0,0.0,4.09965757130963,-15.0709270738,0.0,0.0,1.7140652072505533,0.0,-2.4884654289240498e-05,0.0,0.0655584143246052,-0.006679355784722618,0.21760101060359519,0.0,0.0,0.0
1599.0,9.581538899207779,5.813716034863681,0.0,0.0,-6.902520846652865e-06,0.0,0.0,4.099650659372526,-15.0709270738,0.0,0.0,1.7140653754911552,0.0,-2.4817708895055714e-05,0.0,0.06555837471309262,-0.006679437031036711,0.2176008326789029,0.0,0.0,0.0
1600.0,9.581540267924241,5.813709314101575,0.0,0.0,-6.882618467035196e-06,0.0,0.0,4.09964376669591,-15.0709270738,0.0,0.0,1.7140655474056654,0.0,-2.4746147233040806e-05,0.0,0.06555833522690666,-0.006679517866316084,0.21760065501629183,0.0,0.0,0.0
1601.0,9.581541650914055,5.813702617540094,0.0,0.0,-6.861433072605411e-06,0.0,0.0,4.0996368945632655,-15.0709270738,0.0,0.0,1.7140657229768284,0.0,-2.466997253293855e-05,0.0,0.06555829587346684,-0.006679598275045856,0.2176004776485087,0.0,0.0,0.0
1602.0,9.581543047954758,5.813695946443754,0.0,0.0,-6.838965794033736e-06,0.0,0.0,4.0996300442570615,-15.0709270738,0.0,0.0,1.7140659021866922,0.0,-2.4589188862930907e-05,0.0,0.06555825666018436,-0.006679678241755541,0.21760030060831556,0.0,0.0,0.0
1603.0,9.581544458820897,5.813689302075126,0.0,0.0,-6.815217995454349e-06,0.0,0.0,4.09962321705852,-15.0709270738,0.0,0.0,1.714066085016606,0.0,-2.4503801130647246e-05,0.0,0.06555821759446062,-0.0066797577510219475,0.2176001239284839,0.0,0.0,0.0
1604.0,9.581545883284052,5.813682685694604,0.0,0.0,-6.790191274711273e-06,0.0,0.0,4.0996164142473805,-15.0709270738,0.0,0.0,1.7140662714472237,0.0,-2.4413815084046452e-05,0.0,0.06555817868368595,-0.006679836787472207,0.21759994764178894,0.0,0.0,0.0
1605.0,9.581547321112877,5.813676098560175,0.0,0.0,-6.763887463559131e-06,0.0,0.0,4.09960963710167,-15.0709270738,0.0,0.0,1.714066461458505,0.0,-2.431923731213674e-05,0.0,0.06555813993523815,-0.006679915335786324,0.2175997717810035,0.0,0.0,0.0
1606.0,9.581548772073132,5.813669541927186,0.0,0.0,-6.73630862782128e-06,0.0,0.0,4.099602886897465,-15.0709270738,0.0,0.0,1.714066655029721,0.0,-2.4220075245542136e-05,0.0,0.06555810135648123,-0.006679993380700411,0.2175995963788923,0.0,0.0,0.0
1607.0,9.58155023592772,5.8136630170481105,0.0,0.0,-6.707457067510338e-06,0.0,0.0,4.099596164908658,-15.0709270738,0.0,0.0,1.7140668521394522,0.0,-2.4116337156933768e-05,0.0,0.065558062954764,-0.006680070907009325,0.21759942146820582,0.0,0.0,0.0
1608.0,9.581551712436726,5.81365652517232,0.0,0.0,-6.677335316902404e-06,0.0,0.0,4.099589472406729,-15.0709270738,0.0,0.0,1.714067052765591,0.0,-2.4008032161294554e-05,0.0,0.06555802473741876,-0.006680147899569597,0.2175992470816746,0.0,0.0,0.0
1609.0,9.581553201357453,5.81365006754585,0.0,0.0,-6.6459461445710974e-06,0.0,0.0,4.099582810660501,-15.0709270738,0.0,0.0,1.7140672568853486,0.0,-2.3895170216039476e-05,0.0,0.0655579867117599,-0.006680224343302316,0.21759907325200312,0.0,0.0,0.0
1610.0,9.581554702444457,5.813643645411168,0.0,0.0,-6.613292553379319e-06,0.0,0.0,4.099576180935915,-15.0709270738,0.0,0.0,1.714067464475253,0.0,-2.3777762120983753e-05,0.0,0.06555794888508253,-0.00668030022319592,0.21759890001186383,0.0,0.0,0.0
1611.0,9.58155621544959,5.813637260006945,0.0,0.0,-6.5793777804292e-06,0.0,0.0,4.099569584495791,-15.0709270738,0.0,0.0,1.7140676755111537,0.0,-2.365581951816066e-05,0.0,0.06555791126466118,-0.006680375524309112,0.2175987273938914,0.0,0.0,0.0
1612.0,9.581557740122037,5.81363091256782,0.0,0.0,-6.544205296968668e-06,0.0,0.0,4.099563022599594,-15.0709270738,0.0,0.0,1.7140678899682262,0.0,-2.3529354891483352e-05,0.0,0.06555787385774844,-0.006680450231773674,0.2175985554306766,0.0,0.0,0.0
1613.0,9.581559276208353,5.813624604324174,0.0,0.0,-6.507778808255398e-06,0.0,0.0,4.099556496503202,-15.0709270738,0.0,0.0,1.7140681078209719,0.0,-2.3398381566253473e-05,0.0,0.06555783667157353,-0.006680524330797286,0.21759838415476032,0.0,0.0,0.0
1614.0,9.58156082345251,5.813618336501893,0.0,0.0,-6.470102253380878e-06,0.0,0.0,4.099550007458669,-15.0709270738,0.0,0.0,1.714068329043224,0.0,-2.326291370852623e-05,0.0,0.06555779971334104,-0.006680597806666355,0.21759821359862763,0.0,0.0,0.0
1615.0,9.58156238159593,5.813612110322144,0.0,0.0,-6.431179805048216e-06,0.0,0.0,4.0995435567139955,-15.0709270738,0.0,0.0,1.7140685536081488,0.0,-2.3122966324309257e-05,0.0,0.06555776299022954,-0.006680670644748865,0.21759804379470185,0.0,0.0,0.0
1616.0,9.581563950377532,5.8136059270011415,0.0,0.0,-6.391015869311062e-06,0.0,0.0,4.09953714551289,-15.0709270738,0.0,0.0,1.7140687814882511,0.0,-2.2978555258621528e-05,0.0,0.06555772650939024,-0.006680742830497133,0.21759787477533854,0.0,0.0,0.0
1617.0,9.581565529533773,5.813599787749917,0.0,0.0,-6.3496150852661595e-06,0.0,0.0,4.099530775094542,-15.0709270738,0.0,0.0,1.7140690126553748,0.0,-2.2829697194385626e-05,0.0,0.06555769027794559,-0.006680814349450656,0.21759770657281946,0.0,0.0,0.0
1618.0,9.581567118798684,5.8135936937740915,0.0,0.0,-6.306982324705866e-06,0.0,0.0,4.099524446693382,-15.0709270738,0.0,0.0,1.71406924708071,0.0,-2.2676409651176e-05,0.0,0.06555765430298804,-0.006680885187238875,0.2175975392193468,0.0,0.0,0.0
1619.0,9.581568717903924,5.813587646273648,0.0,0.0,-6.2631226917289545e-06,0.0,0.0,4.099518161538853,-15.0709270738,0.0,0.0,1.7140694847347948,0.0,-2.251871098381721e-05,0.0,0.06555761859157862,-0.0066809553295839735,0.2175973727470369,0.0,0.0,0.0
1620.0,9.581570326578811,5.813581646442701,0.0,0.0,-6.218041522304328e-06,0.0,0.0,4.09951192085518,-15.0709270738,0.0,0.0,1.714069725587521,0.0,-2.2356620380812915e-05,0.0,0.0655575831507456,-0.006681024762303603,0.21759720718791462,0.0,0.0,0.0
1621.0,9.581571944550378,5.81357569546927,0.0,0.0,-6.17174438379718e-06,0.0,0.0,4.0995057258611345,-15.0709270738,0.0,0.0,1.7140699696081354,0.0,-2.2190157862639738e-05,0.0,0.06555754798748321,-0.006681093471313682,0.21759704257390697,0.0,0.0,0.0
1622.0,9.581573571543407,5.813569794535052,0.0,0.0,-6.124237074448227e-06,0.0,0.0,4.099499577769805,-15.0709270738,0.0,0.0,1.714070216765247,0.0,-2.2019344279872457e-05,0.0,0.06555751310875027,-0.006681161442631103,0.21759687893683768,0.0,0.0,0.0
1623.0,9.58157520728048,5.813563944815196,0.0,0.0,-6.075525622812507e-06,0.0,0.0,4.099493477788369,-15.0709270738,0.0,0.0,1.7140704670268274,0.0,-2.1844201311163807e-05,0.0,0.06555747852146884,-0.006681228662376568,0.21759671630842073,0.0,0.0,0.0
1624.0,9.581576851482025,5.813558147478077,0.0,0.0,-6.02561628715703e-06,0.0,0.0,4.0994874271178565,-15.0709270738,0.0,0.0,1.7140707203602208,0.0,-2.166475146107626e-05,0.0,0.06555744423252294,-0.006681295116777133,0.21759655472025466,0.0,0.0,0.0
1625.0,9.581578503866355,5.813552403685072,0.0,0.0,-5.9745155548097335e-06,0.0,0.0,4.099481426952929,-15.0709270738,0.0,0.0,1.7140709767321427,0.0,-2.1481018057738823e-05,0.0,0.0655574102487572,-0.00668136079216905,0.2175963942038167,0.0,0.0,0.0
1626.0,9.581580164149726,5.813546714590332,0.0,0.0,-5.922230141474708e-06,0.0,0.0,4.099475478481644,-15.0709270738,0.0,0.0,1.7140712361086887,0.0,-2.129302525038245e-05,0.0,0.06555737657697558,-0.006681425675000463,0.21759623479045656,0.0,0.0,0.0
1627.0,9.58158183204637,5.813541081340566,0.0,0.0,-5.86876699049578e-06,0.0,0.0,4.099469582885228,-15.0709270738,0.0,0.0,1.714071498455338,0.0,-2.110079800668984e-05,0.0,0.06555734322394,-0.006681489751833969,0.21759607651139085,0.0,0.0,0.0
1628.0,9.581583507268551,5.813535505074813,0.0,0.0,-5.81413327208301e-06,0.0,0.0,4.099463741337854,-15.0709270738,0.0,0.0,1.7140717637369587,0.0,-2.0904362110011906e-05,0.0,0.06555731019636907,-0.006681553009349389,0.21759591939769685,0.0,0.0,0.0
1629.0,9.581585189526614,5.813529986924222,0.0,0.0,-5.7583363824969056e-06,0.0,0.0,4.09945795500641,-15.0709270738,0.0,0.0,1.7140720319178122,0.0,-2.0703744156432145e-05,0.0,0.06555727750093679,-0.006681615434346366,0.2175957634803069,0.0,0.0,0.0
1630.0,9.581586878529027,5.813524528011833,0.0,0.0,-5.701383943185971e-06,0.0,0.0,4.099452225050275,-15.0709270738,0.0,0.0,1.7140723029615579,0.0,-2.0498971551663284e-05,0.0,0.06555724514427125,-0.006681677013746973,0.2175956087900024,0.0,0.0,0.0
1631.0,9.581588573982435,5.813519129452353,0.0,0.0,-5.643283799885662e-06,0.0,0.0,4.099446552621094,-15.0709270738,0.0,0.0,1.714072576831259,0.0,-2.029007250780516e-05,0.0,0.06555721313295333,-0.006681737734598472,0.21759545535740785,0.0,0.0,0.0
1632.0,9.581590275591704,5.813513792351945,0.0,0.0,-5.584044021674792e-06,0.0,0.0,4.099440938862556,-15.0709270738,0.0,0.0,1.7140728534893892,0.0,-2.0077076039949634e-05,0.0,0.06555718147351541,-0.00668179758407568,0.21759530321298515,0.0,0.0,0.0
1633.0,9.581591983059976,5.813508517808006,0.0,0.0,-5.523672899987602e-06,0.0,0.0,4.099435384910168,-15.0709270738,0.0,0.0,1.7140731328978376,0.0,-1.9860011962626042e-05,0.0,0.06555715017244013,-0.006681856549483736,0.21759515238702765,0.0,0.0,0.0
1634.0,9.581593696088714,5.813503306908949,0.0,0.0,-5.462178947584357e-06,0.0,0.0,4.0994298918910355,-15.0709270738,0.0,0.0,1.7140734150179133,0.0,-1.9638910886097636e-05,0.0,0.06555711923615903,-0.0066819146182606065,0.21759500290965447,0.0,0.0,0.0
1635.0,9.581595414377754,5.8134981607339915,0.0,0.0,-5.3995708974816176e-06,0.0,0.0,4.099424460923641,-15.0709270738,0.0,0.0,1.71407369981035,0.0,-1.9413804212512965e-05,0.0,0.06555708867105141,-0.006681971777979537,0.21759485481080448,0.0,0.0,0.0
1636.0,9.581597137625359,5.813493080352941,0.0,0.0,-5.335857701838915e-06,0.0,0.0,4.099419093117625,-15.0709270738,0.0,0.0,1.7140739872353166,0.0,-1.918472413190057e-05,0.0,0.06555705848344295,-0.006682028016351732,0.2175947081202309,0.0,0.0,0.0
1637.0,9.581598865528264,5.813488066825983,0.0,0.0,-5.271048530803821e-06,0.0,0.0,4.099413789573565,-15.0709270738,0.0,0.0,1.7140742772524185,0.0,-1.8951703618014088e-05,0.0,0.06555702867960453,-0.006682083321228785,0.21759456286749512,0.0,0.0,0.0
1638.0,9.581600597781733,5.813483121203467,0.0,0.0,-5.205152771315738e-06,0.0,0.0,4.099408551382762,-15.0709270738,0.0,0.0,1.7140745698207054,0.0,-1.8714776424028942e-05,0.0,0.06555699926575097,-0.006682137680605105,0.21759441908196128,0.0,0.0,0.0
1639.0,9.58160233407961,5.813478244525699,0.0,0.0,-5.138180025866801e-06,0.0,0.0,4.09940337962702,-15.0709270738,0.0,0.0,1.714074864898679,0.0,-1.847397707808488e-05,0.0,0.06555697024803978,-0.006682191082620484,0.21759427679279036,0.0,0.0,0.0
1640.0,9.581604074114365,5.813473437822732,0.0,0.0,-5.070140111223831e-06,0.0,0.0,4.0993982753784355,-15.0709270738,0.0,0.0,1.7140751624442965,0.0,-1.822934087868847e-05,0.0,0.0655569416325699,-0.006682243515562472,0.21759413602893463,0.0,0.0,0.0
1641.0,9.581605817577154,5.813468702114159,0.0,0.0,-5.001043057106469e-06,0.0,0.0,4.09939323969918,-15.0709270738,0.0,0.0,1.7140754624149794,0.0,-1.7980903889958064e-05,0.0,0.06555691342538059,-0.00668229496786879,0.21759399681913205,0.0,0.0,0.0
1642.0,9.581607564157869,5.813464038408908,0.0,0.0,-4.930899104825798e-06,0.0,0.0,4.099388273641289,-15.0709270738,0.0,0.0,1.7140757647676184,0.0,-1.7728702936726737e-05,0.0,0.06555688563245005,-0.0066823454281298295,0.2175938591919003,0.0,0.0,0.0
1643.0,9.581609313545192,5.813459447705035,0.0,0.0,-4.85971870588146e-06,0.0,0.0,4.099383378246454,-15.0709270738,0.0,0.0,1.7140760694585806,0.0,-1.7472775599496027e-05,0.0,0.06555685825969437,-0.0066823948850909115,0.21759372317553172,0.0,0.0,0.0
1644.0,9.581611065426648,5.813454930989525,0.0,0.0,-4.787512520517582e-06,0.0,0.0,4.099378554545808,-15.0709270738,0.0,0.0,1.7140763764437166,0.0,-1.7213160209241574e-05,0.0,0.06555683131296623,-0.0066824433276546635,0.21759358879808716,0.0,0.0,0.0
1645.0,9.581612819488658,5.813450489238089,0.0,0.0,-4.714291416237818e-06,0.0,0.0,4.099373803559722,-15.0709270738,0.0,0.0,1.714076685678367,0.0,-1.694989584207182e-05,0.0,0.06555680479805379,-0.006682490744883432,0.21759345608739084,0.0,0.0,0.0
1646.0,9.581614575416594,5.813446123414965,0.0,0.0,-4.640066466282197e-06,0.0,0.0,4.099369126297593,-15.0709270738,0.0,0.0,1.7140769971173722,0.0,-1.6683022313749416e-05,0.0,0.06555677872067943,-0.006682537126001434,0.2175933250710248,0.0,0.0,0.0
1647.0,9.581616332894836,5.8134418344727194,0.0,0.0,-4.564848948059024e-06,0.0,0.0,4.0993645237576475,-15.0709270738,0.0,0.0,1.714077310715072,0.0,-1.641258017405104e-05,0.0,0.06555675308649864,-0.006682582460397241,0.21759319577632308,0.0,0.0,0.0
1648.0,9.58161809160682,5.813437623352051,0.0,0.0,-4.488650341543e-06,0.0,0.0,4.099359996926729,-15.0709270738,0.0,0.0,1.714077626425322,0.0,-1.6138610701005774e-05,0.0,0.06555672790109882,-0.00668262673762586,0.21759306823036684,0.0,0.0,0.0
1649.0,9.581619851235105,5.8134334909815975,0.0,0.0,-4.411482327627587e-06,0.0,0.0,4.099355546780103,-15.0709270738,0.0,0.0,1.7140779442014944,0.0,-1.5861155894969073e-05,0.0,0.06555670316999816,-0.006682669947411055,0.2175929424599783,0.0,0.0,0.0
1650.0,9.581621611461413,5.813429438277741,0.0,0.0,-4.333356786441336e-06,0.0,0.0,4.099351174281252,-15.0709270738,0.0,0.0,1.7140782639964893,0.0,-1.5580258472567134e-05,0.0,0.06555667889864453,-0.006682712079647504,0.21759281849171594,0.0,0.0,0.0
1651.0,9.581623371966698,5.81342546614442,0.0,0.0,-4.254285795623471e-06,0.0,0.0,4.099346880381682,-15.0709270738,0.0,0.0,1.7140785857627376,0.0,-1.529596186049484e-05,0.0,0.06555665509241426,-0.006682753124403043,0.21759269635186884,0.0,0.0,0.0
1652.0,9.581625132431192,5.813421575472936,0.0,0.0,-4.174281628559827e-06,0.0,0.0,4.099342666020721,-15.0709270738,0.0,0.0,1.7140789094522146,0.0,-1.5008310189171216e-05,0.0,0.06555663175661111,-0.006682793071920767,0.21759257606645138,0.0,0.0,0.0
1653.0,9.581626892534471,5.813417767141772,0.0,0.0,-4.0933567525821084e-06,0.0,0.0,4.09933853212533,-15.0709270738,0.0,0.0,1.7140792350164418,0.0,-1.4717348286262998e-05,0.0,0.0655566088964651,-0.006682831912621173,0.21759245766119814,0.0,0.0,0.0
1654.0,9.581628651955501,5.813414042016401,0.0,0.0,-4.011523827124342e-06,0.0,0.0,4.099334479609902,-15.0709270738,0.0,0.0,1.714079562406499,0.0,-1.4423121670054405e-05,0.0,0.06555658651713143,-0.006682869637104238,0.2175923411615585,0.0,0.0,0.0
1655.0,9.581630410372703,5.813410400949109,0.0,0.0,-3.928795701845392e-06,0.0,0.0,4.0993305093760775,-15.0709270738,0.0,0.0,1.7140798915730313,0.0,-1.4125676542694896e-05,0.0,0.06555656462368945,-0.006682906236151573,0.21759222659269156,0.0,0.0,0.0
1656.0,9.581632167464006,5.813406844778809,0.0,0.0,-3.8451854147106326e-06,0.0,0.0,4.099326622312554,-15.0709270738,0.0,0.0,1.7140802224662552,0.0,-1.382505978330011e-05,0.0,0.06555654322114149,-0.00668294170072832,0.217592113979461,0.0,0.0,0.0
1657.0,9.581633922906901,5.813403374330864,0.0,0.0,-3.7607061900349796e-06,0.0,0.0,4.099322819294896,-15.0709270738,0.0,0.0,1.7140805550359683,0.0,-1.3521318940913986e-05,0.0,0.06555652231441186,-0.00668297602198524,0.21759200334642992,0.0,0.0,0.0
1658.0,9.581635676378507,5.81339999041691,0.0,0.0,-3.675371436489544e-06,0.0,0.0,4.099319101185352,-15.0709270738,0.0,0.0,1.7140808892315578,0.0,-1.3214502227340063e-05,0.0,0.06555650190834578,-0.0066830091912608025,0.21759189471785573,0.0,0.0,0.0
1659.0,9.58163742755562,5.813396693834677,0.0,0.0,-3.589194745073468e-06,0.0,0.0,4.099315468832671,-15.0709270738,0.0,0.0,1.7140812250020057,0.0,-1.2904658509847714e-05,0.0,0.06555648200770835,-0.006683041200082951,0.21759178811768543,0.0,0.0,0.0
1660.0,9.581639176114773,5.813393485367823,0.0,0.0,-3.502189887041649e-06,0.0,0.0,4.0993119230719195,-15.0709270738,0.0,0.0,1.7140815622959034,0.0,-1.2591837303719775e-05,0.0,0.06555646261718348,-0.006683072040171184,0.21759168356955016,0.0,0.0,0.0
1661.0,9.581640921732298,5.813390365785757,0.0,0.0,-3.414370811802931e-06,0.0,0.0,4.099308464724304,-15.0709270738,0.0,0.0,1.7140819010614532,0.0,-1.2276088764694089e-05,0.0,0.06555644374137298,-0.006683101703438277,0.21759158109676074,0.0,0.0,0.0
1662.0,9.581642664084377,5.8133873358434744,0.0,0.0,-3.3257516447770476e-06,0.0,0.0,4.099305094596994,-15.0709270738,0.0,0.0,1.71408224124648,0.0,-1.195746368125677e-05,0.0,0.06555642538479545,-0.006683130181992389,0.2175914807223025,0.0,0.0,0.0
1663.0,9.581644402847104,5.813384396281388,0.0,0.0,-3.2363466852191593e-06,0.0,0.0,4.099301813482947,-15.0709270738,0.0,0.0,1.714082582798441,0.0,-1.1636013466819026e-05,0.0,0.06555640755188531,-0.006683157468138648,0.21759138246883067,0.0,0.0,0.0
1664.0,9.581646137696545,5.813381547825167,0.0,0.0,-3.1461704040050532e-06,0.0,0.0,4.099298622160734,-15.0709270738,0.0,0.0,1.7140829256644334,0.0,-1.1311790151752598e-05,0.0,0.06555639024699189,-0.00668318355438112,0.2175912863586653,0.0,0.0,0.0
1665.0,9.58164786830879,5.8133787911855705,0.0,0.0,-3.0552374413804666e-06,0.0,0.0,4.099295521394368,-15.0709270738,0.0,0.0,1.7140832697912023,0.0,-1.0984846375296273e-05,0.0,0.0655563734743784,-0.006683208433424473,0.21759119241378694,0.0,0.0,0.0
1666.0,9.581649594360021,5.8133761270582935,0.0,0.0,-2.9635626046799267e-06,0.0,0.0,4.099292511933144,-15.0709270738,0.0,0.0,1.7140836151251495,0.0,-1.065523537735285e-05,0.0,0.06555635723822101,-0.006683232098175798,0.2175911006558316,0.0,0.0,0.0
1667.0,9.581651315526559,5.813373556123807,0.0,0.0,-2.8711608660055776e-06,0.0,0.0,4.099289594511462,-15.0709270738,0.0,0.0,1.7140839616123449,0.0,-1.0323010990142306e-05,0.0,0.0655563415426079,-0.006683254541746231,0.21759101110608628,0.0,0.0,0.0
1668.0,9.581653031484931,5.8133710790472035,0.0,0.0,-2.7780473598743268e-06,0.0,0.0,4.09928676984867,-15.0709270738,0.0,0.0,1.7140843091985332,0.0,-9.988227629741121e-06,0.0,0.06555632639153836,-0.0066832757574527,0.21759092378548456,0.0,0.0,0.0
1669.0,9.58165474191193,5.8133686964780455,0.0,0.0,-2.6842373808294563e-06,0.0,0.0,4.099284038648902,-15.0709270738,0.0,0.0,1.7140846578291438,0.0,-9.650940287493898e-06,0.0,0.06555631178892182,-0.0066832957388194975,0.21759083871460166,0.0,0.0,0.0
1670.0,9.581656446484665,5.813366409050215,0.0,0.0,-2.5897463810189206e-06,0.0,0.0,4.099281401600917,-15.0709270738,0.0,0.0,1.714085007449298,0.0,-9.311204521305273e-06,0.0,0.06555629773857713,-0.006683314479579899,0.2175907559136505,0.0,0.0,0.0
1671.0,9.581658144880628,5.813364217381769,0.0,0.0,-2.4945899677405176e-06,0.0,0.0,4.099278859377947,-15.0709270738,0.0,0.0,1.714085358003822,0.0,-8.969076446812798e-06,0.0,0.06555628424423143,-0.006683331973677764,0.217590675402477,0.0,0.0,0.0
1672.0,9.58165983677775,5.81336212207479,0.0,0.0,-2.398783900952055e-06,0.0,0.0,4.099276412637535,-15.0709270738,0.0,0.0,1.7140857094372546,0.0,-8.62461272843401e-06,0.0,0.06555627130951949,-0.006683348215269044,0.21759059720055562,0.0,0.0,0.0
1673.0,9.581661521854457,5.81336012371525,0.0,0.0,-2.3023440907524406e-06,0.0,0.0,4.0992740620213945,-15.0709270738,0.0,0.0,1.7140860616938554,0.0,-8.277870570309046e-06,0.0,0.06555625893798274,-0.006683363198723244,0.2175905213269853,0.0,0.0,0.0
1674.0,9.581663199789737,5.813358222872865,0.0,0.0,-2.2052865948268475e-06,0.0,0.0,4.099271808155251,-15.0709270738,0.0,0.0,1.714086414717614,0.0,-7.928907707114152e-06,0.0,0.06555624713306853,-0.0066833769186249725,0.21759044780048525,0.0,0.0,0.0
1675.0,9.581664870263191,5.813356420100964,0.0,0.0,-2.107627615861224e-06,0.0,0.0,4.099269651648701,-15.0709270738,0.0,0.0,1.7140867684522636,0.0,-7.577782394765052e-06,0.0,0.0655562358981292,-0.006683389369775278,0.2175903766393905,0.0,0.0,0.0
1676.0,9.581666532955095,5.813354715936352,0.0,0.0,-2.0093834989270134e-06,0.0,0.0,4.099267593095067,-15.0709270738,0.0,0.0,1.7140871228412857,0.0,-7.224553401013255e-06,0.0,0.06555622523642142,-0.006683400547193102,0.21759030786164824,0.0,0.0,0.0
1677.0,9.58166818754646,5.813353110899177,0.0,0.0,-1.9105707288304888e-06,0.0,0.0,4.099265633071256,-15.0709270738,0.0,0.0,1.7140874778279214,0.0,-6.869279995915241e-06,0.0,0.06555621515110527,-0.006683410446116589,0.21759024148481326,0.0,0.0,0.0
1678.0,9.581669833719092,5.813351605492803,0.0,0.0,-1.8112059274371195e-06,0.0,0.0,4.099263772137621,-15.0709270738,0.0,0.0,1.7140878333551823,0.0,-6.5120219422119216e-06,0.0,0.06555620564524353,-0.006683419062004481,0.21759017752604437,0.0,0.0,0.0
1679.0,9.581671471155644,5.813350200203687,0.0,0.0,-1.7113058509587738e-06,0.0,0.0,4.099262010837827,-15.0709270738,0.0,0.0,1.7140881893658602,0.0,-6.152839485574563e-06,0.0,0.06555619672180092,-0.006683426390537206,0.2175901160021002,0.0,0.0,0.0
1680.0,9.581673099539687,5.8133488955012504,0.0,0.0,-1.61088738721825e-06,0.0,0.0,4.099260349698716,-15.0709270738,0.0,0.0,1.7140885458025341,0.0,-5.791793344769272e-06,0.0,0.06555618838364335,-0.0066834324276184714,0.21759005692933553,0.0,0.0,0.0
1681.0,9.581674718555758,5.813347691837763,0.0,0.0,-1.5099675528785838e-06,0.0,0.0,4.099258789230178,-15.0709270738,0.0,0.0,1.7140889026075854,0.0,-5.428944701694897e-06,0.0,0.06555618063353721,-0.006683437169376055,0.2175900003236975,0.0,0.0,0.0
1682.0,9.581676327889424,5.813346589648223,0.0,0.0,-1.4085634906451806e-06,0.0,0.0,4.099257329925021,-15.0709270738,0.0,0.0,1.7140892597232016,0.0,-5.06435519132331e-06,0.0,0.06555617347414865,-0.006683440612163319,0.21758994620072158,0.0,0.0,0.0
1683.0,9.58167792722734,5.813345589350243,0.0,0.0,-1.3066924664428596e-06,0.0,0.0,4.0992559722588515,-15.0709270738,0.0,0.0,1.7140896170913917,0.0,-4.69808689154956e-06,0.0,0.06555616690804289,-0.006683442752560095,0.2175898945755284,0.0,0.0,0.0
1684.0,9.581679516257308,5.81334469134394,0.0,0.0,-1.2043718665577636e-06,0.0,0.0,4.099254716689948,-15.0709270738,0.0,0.0,1.7140899746539926,0.0,-4.33020231291576e-06,0.0,0.06555616093768353,-0.00668344358737398,0.21758984546281968,0.0,0.0,0.0
1685.0,9.581681094668337,5.813343896011824,0.0,0.0,-1.1016191947573082e-06,0.0,0.0,4.099253563659143,-15.0709270738,0.0,0.0,1.714090332352681,0.0,-3.96076438825612e-06,0.0,0.06555615556543196,-0.006683443113641149,0.21758979887687502,0.0,0.0,0.0
1686.0,9.581682662150698,5.813343203718694,0.0,0.0,-9.984520693826327e-07,0.0,0.0,4.09925251358971,-15.0709270738,0.0,0.0,1.7140906901289839,0.0,-3.5898364622431614e-06,0.0,0.06555615079354665,-0.006683441328627665,0.21758975483154824,0.0,0.0,0.0
1687.0,9.581684218395983,5.813342614811534,0.0,0.0,-8.948882204099133e-07,0.0,0.0,4.099251566887246,-15.0709270738,0.0,0.0,1.7140910479242875,0.0,-3.2174822808220673e-06,0.0,0.06555614662418252,-0.0066834382298301825,0.21758971334026422,0.0,0.0,0.0
1688.0,9.58168576309717,5.8133421296194125,0.0,0.0,-7.909454864893942e-07,0.0,0.0,4.099250723939565,-15.0709270738,0.0,0.0,1.7140914056798477,0.0,-2.8437659805649905e-06,0.0,0.06555614305939042,-0.006683433814977033,0.21758967441601534,0.0,0.0,0.0
1689.0,9.581687295948672,5.813341748453389,0.0,0.0,-6.866418119595053e-07,0.0,0.0,4.099249985116588,-15.0709270738,0.0,0.0,1.7140917633368016,0.0,-2.4687520779358648e-06,0.0,0.06555614010111643,-0.006683428082029055,0.2175896380713584,0.0,0.0,0.0
1690.0,9.5816888166464,5.813341471606417,0.0,0.0,-5.819952438297059e-07,0.0,0.0,4.09924935077024,-15.0709270738,0.0,0.0,1.7140921208361775,0.0,-2.0925054584428466e-06,0.0,0.0655561377512014,-0.006683421029180528,0.21758960431841118,0.0,0.0,0.0
1691.0,9.581690324887822,5.813341299353254,0.0,0.0,-4.770239287466907e-07,0.0,0.0,4.09924882123435,-15.0709270738,0.0,0.0,1.7140924781189035,0.0,-1.7150913657310138e-06,0.0,0.06555613601138029,-0.006683412654859902,0.21758957316884986,0.0,0.0,0.0
1692.0,9.581691820372017,5.813341231950372,0.0,0.0,-3.7174610992873584e-07,0.0,0.0,4.099248396824551,-15.0709270738,0.0,0.0,1.714092835125821,0.0,-1.3365753905605913e-06,0.0,0.06555613488328171,-0.00668340295773058,0.2175895446339054,0.0,0.0,0.0
1693.0,9.581693302799737,5.813341269635879,0.0,0.0,-2.6618012408173846e-07,0.0,0.0,4.099248077838187,-15.0709270738,0.0,0.0,1.7140931917976925,0.0,-9.570234597194293e-07,0.0,0.06555613436842744,-0.006683391936691749,0.217589518724361,0.0,0.0,0.0
1694.0,9.58169477187346,5.813341412629431,0.0,0.0,-1.6034439828795672e-07,0.0,0.0,4.099247864554218,-15.0709270738,0.0,0.0,1.7140935480752137,0.0,-5.765018248374088e-07,0.0,0.06555613446823177,-0.006683379590878849,0.2175894954505489,0.0,0.0,0.0
1695.0,9.58169622729745,5.8133416611321564,0.0,0.0,-5.4257446874605124e-08,0.0,0.0,4.099247757233133,-15.0709270738,0.0,0.0,1.7140939038990233,0.0,-1.9507705112848817e-07,0.0,0.06555613518400122,-0.006683365919664591,0.21758947482234797,0.0,0.0,0.0
1696.0,9.581697668777812,5.813342015326581,0.0,0.0,5.206213173926741e-08,0.0,0.0,4.099247756116867,-15.0709270738,0.0,0.0,1.7140942592097144,0.0,1.8718399394525424e-07,0.0,0.06555613651693391,-0.006683350922659134,0.21758945684918052,0.0,0.0,0.0
1697.0,9.581699096022554,5.813342475376556,0.0,0.0,1.5859565822182652e-07,0.0,0.0,4.099247861428713,-15.0709270738,0.0,0.0,1.714094613947843,0.0,5.702141521027226e-07,0.0,0.06555613846811925,-0.006683334599711072,0.21758944154001003,0.0,0.0,0.0
1698.0,9.581700508741639,5.813343041427189,0.0,0.0,2.653243755237778e-07,0.0,0.0,4.099248073373248,-15.0709270738,0.0,0.0,1.7140949680539412,0.0,9.539459857313527e-07,0.0,0.0655561410385374,-0.006683316950907597,0.21758942890333832,0.0,0.0,0.0
1699.0,9.581701906647039,5.813343713604779,0.0,0.0,3.7222945209756995e-07,0.0,0.0,4.099248392136252,-15.0709270738,0.0,0.0,1.7140953214685277,0.0,1.3383117894604376e-06,0.0,0.06555614422905895,-0.0066832979765752,0.21758941894720318,0.0,0.0,0.0
1700.0,9.581703289452799,5.813344492016754,0.0,0.0,4.792919851361011e-07,0.0,0.0,4.0992488178846385,-15.0709270738,0.0,0.0,1.7140956741321158,0.0,1.7232436018045019e-06,0.0,0.06555614804044453,-0.006683277677280108,0.2175894116791759,0.0,0.0,0.0
1701.0,9.581704656875084,5.813345376751611,0.0,0.0,5.86493003830046e-07,0.0,0.0,4.099249350766384,-15.0709270738,0.0,0.0,1.714096025985227,0.0,2.1086732168735528e-06,0.0,0.06555615247334436,-0.006683256053828565,0.2175894071063589,0.0,0.0,0.0
1702.0,9.581706008632244,5.8133463678788635,0.0,0.0,6.938134726455813e-07,0.0,0.0,4.099249990910463,-15.0709270738,0.0,0.0,1.7140963769684001,0.0,2.4945321961565998e-06,0.0,0.06555615752829799,-0.006683233107267289,0.21758940523538362,0.0,0.0,0.0
1703.0,9.581707344444858,5.813347465448985,0.0,0.0,8.012342946192115e-07,0.0,0.0,4.099250738426782,-15.0709270738,0.0,0.0,1.7140967270222038,0.0,2.880751880366585e-06,0.0,0.06555616320573394,-0.006683208838883764,0.21758940607240812,0.0,0.0,0.0
1704.0,9.581708664035801,5.813348669493364,0.0,0.0,9.087363146723763e-07,0.0,0.0,4.0992515934061196,-15.0709270738,0.0,0.0,1.7140970760872447,0.0,3.2672634013563656e-06,0.0,0.0655561695059694,-0.006683183250206504,0.21758940962311515,0.0,0.0,0.0
1705.0,9.581709967130292,5.813349980024256,0.0,0.0,1.0163003229418536e-06,0.0,0.0,4.099252555920074,-15.0709270738,0.0,0.0,1.7140974241041818,0.0,3.65399769409142e-06,0.0,0.06555617642920988,-0.006683156343005273,0.21758941589271005,0.0,0.0,0.0
1706.0,9.58171125345595,5.81335139703474,0.0,0.0,1.1239070581286596e-06,0.0,0.0,4.099253626021008,-15.0709270738,0.0,0.0,1.7140977710137317,0.0,4.040885508688986e-06,0.0,0.06555618397554902,-0.006683128119291323,0.21758942488591876,0.0,0.0,0.0
1707.0,9.581712522742844,5.813352920498684,0.0,0.0,1.231537210860599e-06,0.0,0.0,4.099254803741998,-15.0709270738,0.0,0.0,1.714098116756686,0.0,4.4278574225062135e-06,0.0,0.06555619214496833,-0.006683098581317437,0.21758943660698607,0.0,0.0,0.0
1708.0,9.581713774723555,5.813354550370703,0.0,0.0,1.3391714270733916e-06,0.0,0.0,4.0992560890967855,-15.0709270738,0.0,0.0,1.7140984612739176,0.0,4.814843852295034e-06,0.0,0.06555620093733688,-0.006683067731578118,0.21758945105967384,0.0,0.0,0.0
1709.0,9.581715009133225,5.813356286586135,0.0,0.0,1.4467903114062073e-06,0.0,0.0,4.099257482079741,-15.0709270738,0.0,0.0,1.7140988045063938,0.0,5.201775066408765e-06,0.0,0.06555621035241119,-0.0066830355728096785,0.21758946824725922,0.0,0.0,0.0
1710.0,9.581716225709606,5.813358129061005,0.0,0.0,1.5543744306099498e-06,0.0,0.0,4.09925898266582,-15.0709270738,0.0,0.0,1.714099146395185,0.0,5.588581197054506e-06,0.0,0.06555622038983494,-0.006683002107990124,0.21758948817253315,0.0,0.0,0.0
1711.0,9.581717424193121,5.813360077692002,0.0,0.0,1.661904316971342e-06,0.0,0.0,4.099260590810525,-15.0709270738,0.0,0.0,1.7140994868814765,0.0,5.975192252602252e-06,0.0,0.06555623104913891,-0.006682967340339213,0.21758951083779882,0.0,0.0,0.0
1712.0,9.581718604326912,5.813362132356458,0.0,0.0,1.7693604717503387e-06,0.0,0.0,4.0992623064498765,-15.0709270738,0.0,0.0,1.7140998259065814,0.0,6.3615381299418826e-06,0.0,0.06555624232974071,-0.006682931273318343,0.21758953624486999,0.0,0.0,0.0
1713.0,9.581719765856892,5.813364292912331,0.0,0.0,1.8767233686288062e-06,0.0,0.0,4.099264129500383,-15.0709270738,0.0,0.0,1.7141001634119482,0.0,6.7475486268806e-06,0.0,0.06555625423094476,-0.006682893910630511,0.2175895643950701,0.0,0.0,0.0
1714.0,9.581720908531794,5.813366559198186,0.0,0.0,1.9839734571734716e-06,0.0,0.0,4.099266059859011,-15.0709270738,0.0,0.0,1.7141004993391746,0.0,7.133153454591597e-06,0.0,0.06555626675194204,-0.006682855256220074,0.2175895952892306,0.0,0.0,0.0
1715.0,9.581722032103231,5.813368931033185,0.0,0.0,2.091091166309007e-06,0.0,0.0,4.09926809740317,-15.0709270738,0.0,0.0,1.714100833630015,0.0,7.518282250099111e-06,0.0,0.06555627989181018,-0.0066828153142725055,0.21758962892769,0.0,0.0,0.0
1716.0,9.581723136325737,5.813371408217082,0.0,0.0,2.1980569078033983e-06,0.0,0.0,4.099270241990688,-15.0709270738,0.0,0.0,1.7141011662263947,0.0,7.902864588807593e-06,0.0,0.0655562936495132,-0.006682774089214305,0.2175896653102926,0.0,0.0,0.0
1717.0,9.58172422095682,5.813373990530215,0.0,0.0,2.304851079762155e-06,0.0,0.0,4.099272493459796,-15.0709270738,0.0,0.0,1.714101497070419,0.0,8.286829997062599e-06,0.0,0.0655563080239016,-0.006682731585712559,0.21758970443638775,0.0,0.0,0.0
1718.0,9.581725285757019,5.813376677733503,0.0,0.0,2.4114540701325024e-06,0.0,0.0,4.0992748516291195,-15.0709270738,0.0,0.0,1.7141018261043834,0.0,8.67010796474753e-06,0.0,0.06555632301371225,-0.006682687808674634,0.21758974630482852,0.0,0.0,0.0
1719.0,9.581726330489943,5.813379469568455,0.0,0.0,2.517846260218146e-06,0.0,0.0,4.099277316297669,-15.0709270738,0.0,0.0,1.7141021532707859,0.0,9.052627957918297e-06,0.0,0.06555633861756846,-0.00668264276324787,0.21758979091397132,0.0,0.0,0.0
1720.0,9.581727354922327,5.81338236575717,0.0,0.0,2.624008028201802e-06,0.0,0.0,4.099279887244832,-15.0709270738,0.0,0.0,1.7141024785123378,0.0,9.434319431465902e-06,0.0,0.06555635483397985,-0.006682596454819029,0.21758983826167483,0.0,0.0,0.0
1721.0,9.581728358824078,5.81338536600235,0.0,0.0,2.72991975267547e-06,0.0,0.0,4.099282564230378,-15.0709270738,0.0,0.0,1.714102801771972,0.0,9.815111841806768e-06,0.0,0.06555637166134254,-0.006682548889013928,0.2175898883452995,0.0,0.0,0.0
1722.0,9.581729341968325,5.813388469987308,0.0,0.0,2.8355618161771595e-06,0.0,0.0,4.099285346994451,-15.0709270738,0.0,0.0,1.7141031229928574,0.0,1.0194934659596241e-05,0.0,0.0655563890979391,-0.006682500071696934,0.21758994116170688,0.0,0.0,0.0
1723.0,9.581730304131463,5.813391677375993,0.0,0.0,2.9409146087375105e-06,0.0,0.0,4.099288235257586,-15.0709270738,0.0,0.0,1.7141034421184065,0.0,1.05737173824776e-05,0.0,0.06555640714193861,-0.006682450008970331,0.2175899967072592,0.0,0.0,0.0
1724.0,9.581731245093208,5.813394987813001,0.0,0.0,3.045958531428082e-06,0.0,0.0,4.099291228720712,-15.0709270738,0.0,0.0,1.7141037590922892,0.0,1.095138954783705e-05,0.0,0.06555642579139688,-0.006682398707173742,0.21759005497781914,0.0,0.0,0.0
1725.0,9.581732164636628,5.813398400923604,0.0,0.0,3.1506739999192687e-06,0.0,0.0,4.099294327065164,-15.0709270738,0.0,0.0,1.71410407385844,0.0,1.1327880745593253e-05,0.0,0.06555644504425642,-0.006682346172883477,0.2175901159687491,0.0,0.0,0.0
1726.0,9.581733062548212,5.813401916313776,0.0,0.0,3.2550414480396337e-06,0.0,0.0,4.099297529952704,-15.0709270738,0.0,0.0,1.7141043863610719,0.0,1.1703120630991923e-05,0.0,0.06555646489834663,-0.006682292412911989,0.21759017967491145,0.0,0.0,0.0
1727.0,9.581733938617893,5.81340553357022,0.0,0.0,3.359041331341401e-06,0.0,0.0,4.099300837025538,-15.0709270738,0.0,0.0,1.7141046965446822,0.0,1.2077038937422535e-05,0.0,0.06555648535138395,-0.006682237434306848,0.21759024609066818,0.0,0.0,0.0
1728.0,9.581734792639107,5.81340925226041,0.0,0.0,3.462654130668639e-06,0.0,0.0,4.099304247906339,-15.0709270738,0.0,0.0,1.7141050043540709,0.0,1.2449565489244654e-05,0.0,0.06555650640097206,-0.0066821812443502715,0.21759031520988076,0.0,0.0,0.0
1729.0,9.581735624408836,5.81341307193262,0.0,0.0,3.5658603557298395e-06,0.0,0.0,4.099307762198275,-15.0709270738,0.0,0.0,1.7141053097343448,0.0,1.2820630214630042e-05,0.0,0.06555652804460205,-0.006682123850558094,0.21759038702591058,0.0,0.0,0.0
1730.0,9.581736433727645,5.81341699211597,0.0,0.0,3.668640548671252e-06,0.0,0.0,4.099311379485039,-15.0709270738,0.0,0.0,1.7141056126309309,0.0,1.3190163158407438e-05,0.0,0.0655565502796526,-0.006682065260678938,0.21759046153161862,0.0,0.0,0.0
1731.0,9.581737220399736,5.81342101232047,0.0,0.0,3.770975287651019e-06,0.0,0.0,4.0993150993308864,-15.0709270738,0.0,0.0,1.7141059129895835,0.0,1.3558094494910177e-05,0.0,0.06555657310339033,-0.006682005482693404,0.21759053871936607,0.0,0.0,0.0
1732.0,9.58173798423298,5.813425132037068,0.0,0.0,3.872845190417367e-06,0.0,0.0,4.099318921280668,-15.0709270738,0.0,0.0,1.7141062107564,0.0,1.3924354540838403e-05,0.0,0.06555659651296991,-0.006681944524813077,0.21759061858101442,0.0,0.0,0.0
1733.0,9.581738725038965,5.813429350737702,0.0,0.0,3.974230917884715e-06,0.0,0.0,4.099322844859874,-15.0709270738,0.0,0.0,1.7141065058778278,0.0,1.4288873768113697e-05,0.0,0.06555662050543447,-0.006681882395479413,0.2175907011079261,0.0,0.0,0.0
1734.0,9.581739442633042,5.813433667875356,0.0,0.0,4.075113177708399e-06,0.0,0.0,4.09932686957468,-15.0709270738,0.0,0.0,1.7141067983006755,0.0,1.4651582816728747e-05,0.0,0.0655566450777158,-0.0066818191033628654,0.2175907862909648,0.0,0.0,0.0
1735.0,9.581740136834355,5.813438082884115,0.0,0.0,4.1754727278641175e-06,0.0,0.0,4.099330994911993,-15.0709270738,0.0,0.0,1.7141070879721223,0.0,1.5012412507613969e-05,0.0,0.06555667022663475,-0.006681754657361691,0.21759087412049596,0.0,0.0,0.0
1736.0,9.581740807465895,5.813442595179234,0.0,0.0,4.275290380218059e-06,0.0,0.0,4.099335220339503,-15.0709270738,0.0,0.0,1.714107374839731,0.0,1.537129385547057e-05,0.0,0.06555669594890148,-0.00668168906660091,0.21759096458638802,0.0,0.0,0.0
1737.0,9.581741454354527,5.813447204157199,0.0,0.0,4.374547004101102e-06,0.0,0.0,4.099339545305743,-15.0709270738,0.0,0.0,1.7141076588514554,0.0,1.5728158081618273e-05,0.0,0.06555672224111594,-0.006681622340431029,0.2175910576780125,0.0,0.0,0.0
1738.0,9.581742077331036,5.813451909195797,0.0,0.0,4.473223529876306e-06,0.0,0.0,4.099343969240144,-15.0709270738,0.0,0.0,1.7141079399556522,0.0,1.6082936626818862e-05,0.0,0.06555674909976816,-0.00668155448842693,0.21759115338424528,0.0,0.0,0.0
1739.0,9.58174267623017,5.813456709654191,0.0,0.0,4.571300952505063e-06,0.0,0.0,4.099348491553101,-15.0709270738,0.0,0.0,1.7141082181010896,0.0,1.643556116409491e-05,0.0,0.06555677652123863,-0.00668148552038654,0.21759125169346766,0.0,0.0,0.0
1740.0,9.58174325089067,5.813461604872995,0.0,0.0,4.66876033510855e-06,0.0,0.0,4.099353111636035,-15.0709270738,0.0,0.0,1.7141084932369592,0.0,1.678596361153163e-05,0.0,0.06555680450179883,-0.006681415446329636,0.21759135259356693,0.0,0.0,0.0
1741.0,9.581743801155309,5.813466594174353,0.0,0.0,4.76558281252288e-06,0.0,0.0,4.099357828861469,-15.0709270738,0.0,0.0,1.7141087653128846,0.0,1.7134076145055985e-05,0.0,0.06555683303761162,-0.0066813442764963454,0.21759145607193808,0.0,0.0,0.0
1742.0,9.581744326870933,5.813471676862028,0.0,0.0,4.861749594851068e-06,0.0,0.0,4.0993626425830945,-15.0709270738,0.0,0.0,1.7141090342789331,0.0,1.7479831211204406e-05,0.0,0.06555686212473165,-0.0066812720213458715,0.21759156211548478,0.0,0.0,0.0
1743.0,9.581744827888492,5.813476852221479,0.0,0.0,4.957241971008477e-06,0.0,0.0,4.099367552135855,-15.0709270738,0.0,0.0,1.7141093000856236,0.0,1.7823161539867032e-05,0.0,0.0655568917591059,-0.006681198691555104,0.21759167071062055,0.0,0.0,0.0
1744.0,9.581745304063082,5.8134821195199615,0.0,0.0,5.052041312259092e-06,0.0,0.0,4.099372556836023,-15.0709270738,0.0,0.0,1.7141095626839382,0.0,1.8164000156998947e-05,0.0,0.06555692193657425,-0.006681124298017052,0.2175917818432706,0.0,0.0,0.0
1745.0,9.581745755253973,5.813487478006615,0.0,0.0,5.146129075747592e-06,0.0,0.0,4.099377655981286,-15.0709270738,0.0,0.0,1.7141098220253292,0.0,1.8502280397316334e-05,0.0,0.06555695265286984,-0.00668104885183933,0.2175918954988728,0.0,0.0,0.0
1746.0,9.581746181324647,5.813492926912564,0.0,0.0,5.239486808020373e-06,0.0,0.0,4.09938284885083,-15.0709270738,0.0,0.0,1.7141100780617338,0.0,1.8837935916952902e-05,0.0,0.06555698390361976,-0.006680972364342716,0.21759201166237988,0.0,0.0,0.0
1747.0,9.581746582142829,5.813498465451015,0.0,0.0,5.332096148540931e-06,0.0,0.0,4.099388134705436,-15.0709270738,0.0,0.0,1.7141103307455783,0.0,1.917090070609602e-05,0.0,0.06555701568434555,-0.006680894847059485,0.2175921303182607,0.0,0.0,0.0
1748.0,9.581746957580524,5.813504092817365,0.0,0.0,5.423938833194355e-06,0.0,0.0,4.099393512787573,-15.0709270738,0.0,0.0,1.714110580029792,0.0,1.9501109101583706e-05,0.0,0.0655570479904638,-0.006680816311731744,0.2175922514505021,0.0,0.0,0.0
1749.0,9.581747307514044,5.813509808189308,0.0,0.0,5.514996697779667e-06,0.0,0.0,4.099398982321494,-15.0709270738,0.0,0.0,1.714110825867814,0.0,1.9828495799457927e-05,0.0,0.06555708081728677,-0.006680736770309809,0.21759237504261097,0.0,0.0,0.0
1750.0,9.581747631824042,5.813515610726944,0.0,0.0,5.605251681495848e-06,0.0,0.0,4.099404542513341,-15.0709270738,0.0,0.0,1.7141110682136036,0.0,2.0152995867495215e-05,0.0,0.065557114160023,-0.006680656234950469,0.21759250107761596,0.0,0.0,0.0
1751.0,9.581747930395544,5.813521499572896,0.0,0.0,5.6946858304124664e-06,0.0,0.0,4.099410192551245,-15.0709270738,0.0,0.0,1.7141113070216507,0.0,2.04745447576819e-05,0.0,0.06555714801377795,-0.006680574718015225,0.2175926295380699,0.0,0.0,0.0
1752.0,9.581748203117973,5.813527473852425,0.0,0.0,5.783281300931984e-06,0.0,0.0,4.099415931605441,-15.0709270738,0.0,0.0,1.7141115422469841,0.0,2.0793078318659493e-05,0.0,0.06555718237355468,-0.006680492232068513,0.2175927604060514,0.0,0.0,0.0
1753.0,9.581748449885188,5.813533532673556,0.0,0.0,5.871020363235299e-06,0.0,0.0,4.099421758828377,-15.0709270738,0.0,0.0,1.7141117738451799,0.0,2.110853280810973e-05,0.0,0.06555721723425453,-0.006680408789875816,0.21759289366316759,0.0,0.0,0.0
1754.0,9.581748670595502,5.813539675127198,0.0,0.0,5.957885404718359e-06,0.0,0.0,4.0994276733548265,-15.0709270738,0.0,0.0,1.7141120017723717,0.0,2.142084490510763e-05,0.0,0.06555725259067784,-0.006680324404401861,0.21759302929055624,0.0,0.0,0.0
1755.0,9.581748865151715,5.8135459002872745,0.0,0.0,6.043858933411117e-06,0.0,0.0,4.099433674302014,-15.0709270738,0.0,0.0,1.7141122259852608,0.0,2.172995172241098e-05,0.0,0.06555728843752465,-0.006680239088808562,0.21759316726888822,0.0,0.0,0.0
1756.0,9.581749033461143,5.813552207210854,0.0,0.0,6.128923581384776e-06,0.0,0.0,4.099439760769731,-15.0709270738,0.0,0.0,1.7141124464411233,0.0,2.203579081870782e-05,0.0,0.06555732476939549,-0.00668015285645325,0.2175933075783699,0.0,0.0,0.0
1757.0,9.58174917543564,5.813558594938286,0.0,0.0,6.2130621081421025e-06,0.0,0.0,4.099445931840467,-15.0709270738,0.0,0.0,1.7141126630978185,0.0,2.2338300210803003e-05,0.0,0.06555736158079209,-0.006680065720886502,0.21759345019874587,0.0,0.0,0.0
1758.0,9.581749290991624,5.813565062493335,0.0,0.0,6.2962574039915435e-06,0.0,0.0,4.099452186579535,-15.0709270738,0.0,0.0,1.7141128759137993,0.0,2.2637418385746648e-05,0.0,0.06555739886611814,-0.006679977695850242,0.21759359510930157,0.0,0.0,0.0
1759.0,9.581749380050104,5.8135716088833265,0.0,0.0,6.378492493407188e-06,0.0,0.0,4.099458524035205,-15.0709270738,0.0,0.0,1.7141130848481216,0.0,2.2933084312911618e-05,0.0,0.06555743661968025,-0.006679888795275535,0.21759374228886613,0.0,0.0,0.0
1760.0,9.581749442536701,5.813578233099291,0.0,0.0,6.459750538368778e-06,0.0,0.0,4.099464943238839,-15.0709270738,0.0,0.0,1.7141132898604514,0.0,2.3225237455999368e-05,0.0,0.06555747483568855,-0.0066797990332806145,0.2175938917158151,0.0,0.0,0.0
1761.0,9.581749478381672,5.813584934116107,0.0,0.0,6.540014841685816e-06,0.0,0.0,4.099471443205033,-15.0709270738,0.0,0.0,1.7141134909110738,0.0,2.351381778498862e-05,0.0,0.06555751350825774,-0.00667970842416854,0.21759404336807348,0.0,0.0,0.0
1762.0,9.581749487519938,5.813591710892657,0.0,0.0,6.619268850302744e-06,0.0,0.0,4.0994780229317564,-15.0709270738,0.0,0.0,1.714113687960901,0.0,2.3798765788016022e-05,0.0,0.06555755263140779,-0.006679616982425252,0.21759419722311876,0.0,0.0,0.0
1763.0,9.581749469891092,5.813598562371982,0.0,0.0,6.69749615858478e-06,0.0,0.0,4.099484681400499,-15.0709270738,0.0,0.0,1.7141138809714827,0.0,2.4080022483187322e-05,0.0,0.06555759219906494,-0.0066795247227171145,0.2175943532579841,0.0,0.0,0.0
1764.0,9.581749425439435,5.813605487481431,0.0,0.0,6.7746805115846914e-06,0.0,0.0,4.09949141757642,-15.0709270738,0.0,0.0,1.714114069905011,0.0,2.4357529430319982e-05,0.0,0.0655576322050625,-0.006679431659888768,0.21759451144926129,0.0,0.0,0.0
1765.0,9.581749354113985,5.813612485132832,0.0,0.0,6.850805808289668e-06,0.0,0.0,4.099498230408502,-15.0709270738,0.0,0.0,1.71411425472433,0.0,2.4631228742614373e-05,0.0,0.06555767264314183,-0.006679337808960836,0.21759467177310432,0.0,0.0,0.0
1766.0,9.581749255868502,5.813619554222648,0.0,0.0,6.925856104842825e-06,0.0,0.0,4.099505118829701,-15.0709270738,0.0,0.0,1.714114435392947,0.0,2.4901063098233697e-05,0.0,0.06555771350695325,-0.006679243185127498,0.21759483420523273,0.0,0.0,0.0
1767.0,9.581749130661501,5.813626693632149,0.0,0.0,6.999815617751653e-06,0.0,0.0,4.099512081757115,-15.0709270738,0.0,0.0,1.7141146118750346,0.0,2.5166975751837126e-05,0.0,0.06555775479005699,-0.006679147803754254,0.2175949987209349,0.0,0.0,0.0
1768.0,9.581748978456279,5.813633902227578,0.0,0.0,7.072668727066318e-06,0.0,0.0,4.099519118092134,-15.0709270738,0.0,0.0,1.714114784135444,0.0,2.5428910546004496e-05,0.0,0.06555779648592422,-0.006679051680375345,0.21759516529507178,0.0,0.0,0.0
1769.0,9.58174879922092,5.813641178860324,0.0,0.0,7.144399979539512e-06,0.0,0.0,4.099526226720615,-15.0709270738,0.0,0.0,1.7141149521397097,0.0,2.568681192259479e-05,0.0,0.06555783858793797,-0.006678954830691475,0.2175953339020804,0.0,0.0,0.0
1770.0,9.581748592928317,5.813648522367101,0.0,0.0,7.2149940917610636e-06,0.0,0.0,4.099533406513045,-15.0709270738,0.0,0.0,1.7141151158540566,0.0,2.5940624934013876e-05,0.0,0.06555788108939412,-0.006678857270567148,0.2175955045159777,0.0,0.0,0.0
1771.0,9.581748359556187,5.813655931570125,0.0,0.0,7.284435953270125e-06,0.0,0.0,4.099540656324713,-15.0709270738,0.0,0.0,1.7141152752454119,0.0,2.6190295254401713e-05,0.0,0.06555792398350249,-0.006678759016028352,0.2175956771103642,0.0,0.0,0.0
1772.0,9.581748099087083,5.8136634052772935,0.0,0.0,7.3527106296394525e-06,0.0,0.0,4.099547974995888,-15.0709270738,0.0,0.0,1.7141154302814057,0.0,2.6435769190719264e-05,0.0,0.0655579672633879,-0.00667866008325986,0.2175958516584281,0.0,0.0,0.0
1773.0,9.58174781150841,5.813670942282375,0.0,0.0,7.419803365538353e-06,0.0,0.0,4.099555361351991,-15.0709270738,0.0,0.0,1.7141155809303843,0.0,2.6676993693758717e-05,0.0,0.06555801092209115,-0.006678560488602686,0.21759602813294893,0.0,0.0,0.0
1774.0,9.581747496812438,5.813678541365195,0.0,0.0,7.485699587768533e-06,0.0,0.0,4.099562814203779,-15.0709270738,0.0,0.0,1.714115727161416,0.0,2.691391636905645e-05,0.0,0.06555805495257015,-0.006678460248551482,0.21759620650630185,0.0,0.0,0.0
1775.0,9.581747154996306,5.813686201291825,0.0,0.0,7.550384908272208e-06,0.0,0.0,4.09957033234753,-15.0709270738,0.0,0.0,1.7141158689442948,0.0,2.714648548770622e-05,0.0,0.065558099347701,-0.006678359379751891,0.21759638675046183,0.0,0.0,0.0
1776.0,9.581746786062041,5.813693920814778,0.0,0.0,7.613845127113501e-06,0.0,0.0,4.099577914565226,-15.0709270738,0.0,0.0,1.7141160062495517,0.0,2.737464999707641e-05,0.0,0.06555814410027913,-0.006678257898997841,0.21759656883700768,0.0,0.0,0.0
1777.0,9.581746390016567,5.8137016986732055,0.0,0.0,7.676066235433365e-06,0.0,0.0,4.099585559624745,-15.0709270738,0.0,0.0,1.7141161390484605,0.0,2.759835953143216e-05,0.0,0.06555818920302037,-0.0066781558232288235,0.2175967527371263,0.0,0.0,0.0
1778.0,9.581745966871711,5.813709533593094,0.0,0.0,7.737034418376334e-06,0.0,0.0,4.099593266280053,-15.0709270738,0.0,0.0,1.7141162673130417,0.0,2.7817564422456308e-05,0.0,0.06555823464856217,-0.006678053169527201,0.21759693842161731,0.0,0.0,0.0
1779.0,9.581745516644212,5.8137174242874705,0.0,0.0,7.79673605798608e-06,0.0,0.0,4.099601033271398,-15.0709270738,0.0,0.0,1.7141163910160726,0.0,2.8032215709658152e-05,0.0,0.06555828042946471,-0.006677949955115309,0.21759712586089736,0.0,0.0,0.0
1780.0,9.581745039355726,5.813725369456604,0.0,0.0,7.855157736074289e-06,0.0,0.0,4.099608859325512,-15.0709270738,0.0,0.0,1.7141165101310918,0.0,2.8242265150686484e-05,0.0,0.0655583265382121,-0.00667784619735283,0.21759731502500446,0.0,0.0,0.0
1781.0,9.581744535032838,5.813733367788216,0.0,0.0,7.912286237057051e-06,0.0,0.0,4.099616743155808,-15.0709270738,0.0,0.0,1.7141166246324078,0.0,2.8447665231525742e-05,0.0,0.06555837296721359,-0.006677741913733742,0.21759750588360302,0.0,0.0,0.0
1782.0,9.581744003707065,5.813741417957689,0.0,0.0,7.968108550763946e-06,0.0,0.0,4.099624683462587,-15.0709270738,0.0,0.0,1.7141167344951018,0.0,2.864836917659422e-05,0.0,0.06555841970880473,-0.006677637121883587,0.2175976984059882,0.0,0.0,0.0
1783.0,9.58174344541486,5.8137495186282795,0.0,0.0,8.022611875212954e-06,0.0,0.0,4.099632678933244,-15.0709270738,0.0,0.0,1.714116839695036,0.0,2.8844330958719377e-05,0.0,0.06555846675524862,-0.0066775318395565775,0.21759789256109074,0.0,0.0,0.0
1784.0,9.581742860197613,5.813757668451335,0.0,0.0,8.075783619354857e-06,0.0,0.0,4.099640728242475,-15.0709270738,0.0,0.0,1.7141169402088599,0.0,2.903550530900357e-05,0.0,0.06555851409873724,-0.0066774260846325095,0.21759808831748198,0.0,0.0,0.0
1785.0,9.58174224810166,5.81376586606651,0.0,0.0,8.127611405785824e-06,0.0,0.0,4.0996488300524945,-15.0709270738,0.0,0.0,1.7141170360140157,0.0,2.922184772657547e-05,0.0,0.06555856173139255,-0.006677319875113996,0.21759828564337835,0.0,0.0,0.0
1786.0,9.581741609178282,5.813774110101988,0.0,0.0,8.178083073426005e-06,0.0,0.0,4.0996569830132445,-15.0709270738,0.0,0.0,1.7141171270887439,0.0,2.9403314488219344e-05,0.0,0.06555860964526788,-0.006677213229123374,0.21759848450664687,0.0,0.0,0.0
1787.0,9.581740943483702,5.8137823991747055,0.0,0.0,8.227186680166352e-06,0.0,0.0,4.0996651857626185,-15.0709270738,0.0,0.0,1.714117213412087,0.0,2.9579862657890165e-05,0.0,0.06555865783234918,-0.006677106164899721,0.21759868487480982,0.0,0.0,0.0
1788.0,9.581740251079093,5.813790731890575,0.0,0.0,8.274910505479649e-06,0.0,0.0,4.099673436926675,-15.0709270738,0.0,0.0,1.7141172949638994,0.0,2.975145009610017e-05,0.0,0.06555870628455632,-0.006676998700795786,0.21759888671505,0.0,0.0,0.0
1789.0,9.581739532030573,5.813799106844717,0.0,0.0,8.3212430529983e-06,0.0,0.0,4.0996817351198676,-15.0709270738,0.0,0.0,1.714117371724849,0.0,2.9918035469185908e-05,0.0,0.06555875499374442,-0.006676890855274897,0.21759908999421623,0.0,0.0,0.0
1790.0,9.581738786409204,5.813807522621687,0.0,0.0,8.36617305305765e-06,0.0,0.0,4.0996900789452635,-15.0709270738,0.0,0.0,1.7141174436764235,0.0,3.0079578258451533e-05,0.0,0.06555880395170519,-0.00667678264690795,0.21759929467882802,0.0,0.0,0.0
1791.0,9.581738014290988,5.813815977795712,0.0,0.0,8.409689465202433e-06,0.0,0.0,4.099698466994775,-15.0709270738,0.0,0.0,1.7141175108009366,0.0,3.0236038769179554e-05,0.0,0.06555885315016824,-0.006676674094370241,0.21759950073508133,0.0,0.0,0.0
1792.0,9.581737215756865,5.813824470930922,0.0,0.0,8.451781480657215e-06,0.0,0.0,4.0997068978493925,-15.0709270738,0.0,0.0,1.7141175730815297,0.0,3.0387378139512242e-05,0.0,0.06555890258080249,-0.006676565216438238,0.21759970812885393,0.0,0.0,0.0
1793.0,9.581736390892711,5.8138330005815915,0.0,0.0,8.492438524761765e-06,0.0,0.0,4.0997153700794104,-15.0709270738,0.0,0.0,1.714117630502181,0.0,3.053355834920701e-05,0.0,0.06555895223521752,-0.006676456031986633,0.21759991682571095,0.0,0.0,0.0
1794.0,9.58173553978933,5.813841565292376,0.0,0.0,8.531650259368004e-06,0.0,0.0,4.099723882244669,-15.0709270738,0.0,0.0,1.7141176830477063,0.0,3.067454222825378e-05,0.0,0.06555900210496489,-0.006676346559984808,0.21760012679091012,0.0,0.0,0.0
1795.0,9.581734662542448,5.813850163598556,0.0,0.0,8.569406585199035e-06,0.0,0.0,4.09973243289479,-15.0709270738,0.0,0.0,1.7141177307037667,0.0,3.081029346535601e-05,0.0,0.06555905218153972,-0.006676236819493961,0.21760033798940775,0.0,0.0,0.0
1796.0,9.581733759252709,5.813858794026284,0.0,0.0,8.605697644171453e-06,0.0,0.0,4.0997410205694145,-15.0709270738,0.0,0.0,1.714117773456869,0.0,3.094077661627997e-05,0.0,0.06555910245638191,-0.006676126829663634,0.21760055038586434,0.0,0.0,0.0
1797.0,9.58173283002566,5.813867455092823,0.0,0.0,8.640513821678287e-06,0.0,0.0,4.099749643798448,-15.0709270738,0.0,0.0,1.7141178112943747,0.0,3.106595711206236e-05,0.0,0.06555915292087769,-0.006676016609728469,0.21760076394465,0.0,0.0,0.0
1798.0,9.581731874971751,5.813876145306806,0.0,0.0,8.673845748832895e-06,0.0,0.0,4.099758301102305,-15.0709270738,0.0,0.0,1.7141178442045009,0.0,3.118580126707775e-05,0.0,0.06555920356636102,-0.006675906179005098,0.2176009786298507,0.0,0.0,0.0
1799.0,9.581730894206324,5.813884863168479,0.0,0.0,8.705684304672576e-06,0.0,0.0,4.099766990992153,-15.0709270738,0.0,0.0,1.7141178721763257,0.0,3.1300276286961254e-05,0.0,0.06555925438411501,-0.006675795556888561,0.21760119440527403,0.0,0.0,0.0
1800.0,9.581729887849594,5.8138936071699545,0.0,0.0,8.736020618324489e-06,0.0,0.0,4.099775711970165,-15.0709270738,0.0,0.0,1.7141178951997897,0.0,3.140935027639582e-05,0.0,0.06555930536537348,-0.006675684762849174,0.21760141123445498,0.0,0.0,0.0
1801.0,9.581728856026649,5.81390237579547,0.0,0.0,8.764846071127317e-06,0.0,0.0,4.099784462529767,-15.0709270738,0.0,0.0,1.714117913265703,0.0,3.151299224674035e-05,0.0,0.06555935650132229,-0.006675573816429151,0.217601629080662,0.0,0.0,0.0
1802.0,9.581727798867426,5.813911167521642,0.0,0.0,8.792152298715692e-06,0.0,0.0,4.099793241155896,-15.0709270738,0.0,0.0,1.7141179263657458,0.0,3.1611172123524275e-05,0.0,0.06555940778310101,-0.006675462737239138,0.21760184790690323,0.0,0.0,0.0
1803.0,9.581726716506711,5.813919980817724,0.0,0.0,8.817931193059807e-06,0.0,0.0,4.099802046325251,-15.0709270738,0.0,0.0,1.7141179344924735,0.0,3.170386075378083e-05,0.0,0.06555945920180425,-0.006675351544954883,0.2176020676759324,0.0,0.0,0.0
1804.0,9.581725609084113,5.81392881414587,0.0,0.0,8.84217490446644e-06,0.0,0.0,4.0998108765065515,-15.0709270738,0.0,0.0,1.714117937639318,0.0,3.179102991324189e-05,0.0,0.06555951074848329,-0.006675240259313861,0.2176022883502552,0.0,0.0,0.0
1805.0,9.581724476744055,5.813937665961392,0.0,0.0,8.864875843535012e-06,0.0,0.0,4.0998197301607995,-15.0709270738,0.0,0.0,1.7141179358005925,0.0,3.187265231337113e-05,0.0,0.06555956241414754,-0.006675128900111779,0.2176025098921353,0.0,0.0,0.0
1806.0,9.581723319635756,5.813946534713031,0.0,0.0,8.886026683071266e-06,0.0,0.0,4.0998286057415365,-15.0709270738,0.0,0.0,1.7141179289714943,0.0,3.1948701608244965e-05,0.0,0.06555961418976607,-0.0066750174871991474,0.21760273226360097,0.0,0.0,0.0
1807.0,9.581722137913218,5.813955418843217,0.0,0.0,8.905620359958999e-06,0.0,0.0,4.0998375016951085,-15.0709270738,0.0,0.0,1.7141179171481085,0.0,3.201915240128269e-05,0.0,0.06555966606626923,-0.0066749060404778515,0.217602955426451,0.0,0.0,0.0
1808.0,9.5817209317352,5.813964316788338,0.0,0.0,8.92365007698744e-06,0.0,0.0,4.099846416460933,-15.0709270738,0.0,0.0,1.7141179003274054,0.0,3.208398025181738e-05,0.0,0.06555971803455009,-0.006674794579897628,0.21760317934226148,0.0,0.0,0.0
1809.0,9.581719701265209,5.813973226979011,0.0,0.0,8.940109304632703e-06,0.0,0.0,4.099855348471762,-15.0709270738,0.0,0.0,1.714117878507249,0.0,3.214316168150158e-05,0.0,0.0655597700854661,-0.0066746831254525935,0.21760340397239214,0.0,0.0,0.0
1810.0,9.581718446671475,5.813982147840352,0.0,0.0,8.954991782799478e-06,0.0,0.0,4.099864296153956,-15.0709270738,0.0,0.0,1.714117851686396,0.0,3.219667418057034e-05,0.0,0.0655598222098406,-0.006674571697177695,0.2176036292779927,0.0,0.0,0.0
1811.0,9.58171716812693,5.813991077792245,0.0,0.0,8.968291522511105e-06,0.0,0.0,4.0998732579277455,-15.0709270738,0.0,0.0,1.7141178198644997,0.0,3.224449621391859e-05,0.0,0.06555987439846447,-0.006674460315145264,0.21760385522000983,0.0,0.0,0.0
1812.0,9.581715865809189,5.814000015249623,0.0,0.0,8.980002807560849e-06,0.0,0.0,4.099882232207513,-15.0709270738,0.0,0.0,1.7141177830421102,0.0,3.2286607227039215e-05,0.0,0.06555992664209762,-0.006674348999461413,0.2176040817591933,0.0,0.0,0.0
1813.0,9.581714539900528,5.814008958622736,0.0,0.0,8.990120196113239e-06,0.0,0.0,4.0998912174020585,-15.0709270738,0.0,0.0,1.7141177412206776,0.0,3.2322987651781614e-05,0.0,0.06555997893147067,-0.006674237770262423,0.21760430885610288,0.0,0.0,0.0
1814.0,9.581713190587857,5.814017906317433,0.0,0.0,8.998638522260526e-06,0.0,0.0,4.099900211914881,-15.0709270738,0.0,0.0,1.7141176944025522,0.0,3.235361891194907e-05,0.0,0.06556003125728657,-0.006674126647711359,0.21760453647111497,0.0,0.0,0.0
1815.0,9.581711818062702,5.814026856735437,0.0,0.0,9.005552897533137e-06,0.0,0.0,4.09990921414445,-15.0709270738,0.0,0.0,1.7141176425909874,0.0,3.237848342873073e-05,0.0,0.06556008361022216,-0.006674015651994325,0.21760476456442968,0.0,0.0,0.0
1816.0,9.581710422521176,5.814035808274626,0.0,0.0,9.010858712362629e-06,0.0,0.0,4.099918222484487,-15.0709270738,0.0,0.0,1.7141175857901398,0.0,3.2397564625962957e-05,0.0,0.06556013598092984,-0.006673904803316907,0.21760499309607706,0.0,0.0,0.0
1817.0,9.581709004163955,5.814044759329314,0.0,0.0,9.014551637499028e-06,0.0,0.0,4.099927235324242,-15.0709270738,0.0,0.0,1.7141175240050721,0.0,3.241084693522672e-05,0.0,0.06556018836003918,-0.006673794121900653,0.21760522202592447,0.0,0.0,0.0
1818.0,9.581707563196247,5.8140537082905315,0.0,0.0,9.016627625377237e-06,0.0,0.0,4.09993625104878,-15.0709270738,0.0,0.0,1.714117457241752,0.0,3.241831580076202e-05,0.0,0.06556024073815855,-0.006673683627979321,0.21760545131368308,0.0,0.0,0.0
1819.0,9.581706099827773,5.814062653546309,0.0,0.0,9.017082911439665e-06,0.0,0.0,4.099945268039256,-15.0709270738,0.0,0.0,1.7141173855070537,0.0,3.241995768422495e-05,0.0,0.06556029310587685,-0.0066735733417954,0.2176056809189151,0.0,0.0,0.0
1820.0,9.581704614272732,5.814071593481964,0.0,0.0,9.015914015407102e-06,0.0,0.0,4.099954284673205,-15.0709270738,0.0,0.0,1.714117308808759,0.0,3.241576006925879e-05,0.0,0.065560345453765,-0.006673463283596373,0.21760591080104066,0.0,0.0,0.0
1821.0,9.581703106749773,5.814080526480383,0.0,0.0,9.013117742503728e-06,0.0,0.0,4.099963299324824,-15.0709270738,0.0,0.0,1.7141172271555591,0.0,3.240571146590028e-05,0.0,0.06556039777237782,-0.006673353473631141,0.21760614091934471,0.0,0.0,0.0
1822.0,9.581701577481965,5.814089450922309,0.0,0.0,9.008691184629856e-06,0.0,0.0,4.099972310365258,-15.0709270738,0.0,0.0,1.7141171405570512,0.0,3.238980141479811e-05,0.0,0.06556045005225551,-0.006673243932146383,0.21760637123298435,0.0,0.0,0.0
1823.0,9.581700026696767,5.81409836518663,0.0,0.0,9.002631721490542e-06,0.0,0.0,4.099981316162888,-15.0709270738,0.0,0.0,1.7141170490237414,0.0,3.2368020491272706e-05,0.0,0.06556050228392542,-0.006673134679382825,0.21760660170099544,0.0,0.0,0.0
1824.0,9.581698454625997,5.814107267650664,0.0,0.0,8.994937021669822e-06,0.0,0.0,4.099990315083619,-15.0709270738,0.0,0.0,1.7141169525670454,0.0,3.2340360309180785e-05,0.0,0.06556055445790371,-0.006673025735571603,0.2176068322823005,0.0,0.0,0.0
1825.0,9.581696861505796,5.814116156690455,0.0,0.0,8.985605043656969e-06,0.0,0.0,4.099999305491169,-15.0709270738,0.0,0.0,1.714116851199286,0.0,3.2306813524607284e-05,0.0,0.06556060656469703,-0.0066729171209306826,0.2176070629357149,0.0,0.0,0.0
1826.0,9.581695247576597,5.814125030681054,0.0,0.0,8.974634036823472e-06,0.0,0.0,4.10000828574736,-15.0709270738,0.0,0.0,1.714116744933694,0.0,3.2267373839380406e-05,0.0,0.06556065859480423,-0.0066728088556611,0.21760729361995496,0.0,0.0,0.0
1827.0,9.581693613083093,5.814133887996819,0.0,0.0,8.962022542349274e-06,0.0,0.0,4.10001725421241,-15.0709270738,0.0,0.0,1.7141166337844096,0.0,3.222203600440413e-05,0.0,0.06556071053871806,-0.006672700959943267,0.21760752429364466,0.0,0.0,0.0
1828.0,9.581691958274194,5.8141427270117,0.0,0.0,8.947769394096485e-06,0.0,0.0,4.1000262092452235,-15.0709270738,0.0,0.0,1.7141165177664766,0.0,3.2170795822802106e-05,0.0,0.06556076238692682,-0.0066725934539333814,0.2176077549153231,0.0,0.0,0.0
1829.0,9.581690283402999,5.814151546099534,0.0,0.0,8.931873719434374e-06,0.0,0.0,4.100035149203686,-15.0709270738,0.0,0.0,1.7141163968958484,0.0,3.211365015288633e-05,0.0,0.0655608141299161,-0.006672486357759633,0.21760798544345167,0.0,0.0,0.0
1830.0,9.581688588726756,5.814160343634337,0.0,0.0,8.914334940013926e-06,0.0,0.0,4.100044072444957,-15.0709270738,0.0,0.0,1.71411627118938,0.0,3.205059691094469e-05,0.0,0.06556086575817051,-0.006672379691518668,0.21760821583642148,0.0,0.0,0.0
1831.0,9.581686874506822,5.814169117990599,0.0,0.0,8.895152772486876e-06,0.0,0.0,4.100052977325767,-15.0709270738,0.0,0.0,1.7141161406648324,0.0,3.198163507382885e-05,0.0,0.06556091726217539,-0.006672273475271662,0.21760844605256074,0.0,0.0,0.0
1832.0,9.58168514100863,5.8141778675435765,0.0,0.0,8.874327229176403e-06,0.0,0.0,4.100061862202708,-15.0709270738,0.0,0.0,1.7141160053408688,0.0,3.190676468136846e-05,0.0,0.06556096863241846,-0.00667216772904089,0.217608676050142,0.0,0.0,0.0
1833.0,9.581683388501645,5.814186590669587,0.0,0.0,8.851858618697912e-06,0.0,0.0,4.100070725432533,-15.0709270738,0.0,0.0,1.714115865237054,0.0,3.1825986838606004e-05,0.0,0.06556101985939164,-0.006672062472805856,0.21760890578738967,0.0,0.0,0.0
1834.0,9.581681617259324,5.814195285746306,0.0,0.0,8.827747546520817e-06,0.0,0.0,4.100079565372455,-15.0709270738,0.0,0.0,1.7141157203738517,0.0,3.173930371781955e-05,0.0,0.06556107093359269,-0.006671957726499686,0.21760913522248743,0.0,0.0,0.0
1835.0,9.58167982755908,5.814203951153059,0.0,0.0,8.801994915484024e-06,0.0,0.0,4.100088380380437,-15.0709270738,0.0,0.0,1.7141155707726226,0.0,3.164671856037917e-05,0.0,0.065561121845527,-0.006671853510005404,0.21760936431358568,0.0,0.0,0.0
1836.0,9.581678019682233,5.814212585271121,0.0,0.0,8.774601926259281e-06,0.0,0.0,4.100097168815497,-15.0709270738,0.0,0.0,1.7141154164556243,0.0,3.154823567841589e-05,0.0,0.06556117258570923,-0.006671749843152261,0.21760959301880894,0.0,0.0,0.0
1837.0,9.581676193913973,5.814221186484008,0.0,0.0,8.745570077755947e-06,0.0,0.0,4.1001059290379995,-15.0709270738,0.0,0.0,1.7141152574460081,0.0,3.1443860456280145e-05,0.0,0.06556122314466514,-0.006671646745712009,0.21760982129626352,0.0,0.0,0.0
1838.0,9.581674350543313,5.814229753177776,0.0,0.0,8.714901167478552e-06,0.0,0.0,4.100114659409961,-15.0709270738,0.0,0.0,1.7141150937678153,0.0,3.133359935183064e-05,0.0,0.06556127351293328,-0.006671544237395244,0.21761004910404483,0.0,0.0,0.0
1839.0,9.581672489863049,5.814238283741319,0.0,0.0,8.682597291828484e-06,0.0,0.0,4.100123358295343,-15.0709270738,0.0,0.0,1.7141149254459762,0.0,3.121745989752218e-05,0.0,0.06556132368106672,-0.006671442337847763,0.21761027640024505,0.0,0.0,0.0
1840.0,9.581670612169713,5.814246776566661,0.0,0.0,8.64866084635249e-06,0.0,0.0,4.100132024060351,-15.0709270738,0.0,0.0,1.7141147525063092,0.0,3.1095450701302606e-05,0.0,0.06556137363963474,-0.006671341066646824,0.2176105031429606,0.0,0.0,0.0
1841.0,9.581668717763526,5.8142552300492545,0.0,0.0,8.613094525941094e-06,0.0,0.0,4.10014065507374,-15.0709270738,0.0,0.0,1.7141145749755147,0.0,3.096758144732945e-05,0.0,0.06556142337922463,-0.006671240443297449,0.2176107292902998,0.0,0.0,0.0
1842.0,9.581666806948352,5.814263642588279,0.0,0.0,8.575901324967664e-06,0.0,0.0,4.100149249707106,-15.0709270738,0.0,0.0,1.7141143928811733,0.0,3.083386289647345e-05,0.0,0.06556147289044345,-0.006671140487228916,0.21761095480039033,0.0,0.0,0.0
1843.0,9.581664880031653,5.814272012586933,0.0,0.0,8.53708453737848e-06,0.0,0.0,4.100157806335191,-15.0709270738,0.0,0.0,1.7141142062517423,0.0,3.06943068866459e-05,0.0,0.06556152216391964,-0.006671041217790857,0.21761117963138688,0.0,0.0,0.0
1844.0,9.58166293732444,5.814280338452735,0.0,0.0,8.496647756727327e-06,0.0,0.0,4.10016632333618,-15.0709270738,0.0,0.0,1.7141140151165555,0.0,3.05489263329265e-05,0.0,0.06556157119030484,-0.006670942654249792,0.2176114037414787,0.0,0.0,0.0
1845.0,9.581660979141223,5.814288618597816,0.0,0.0,8.454594876155723e-06,0.0,0.0,4.100174799092001,-15.0709270738,0.0,0.0,1.7141138195058145,0.0,3.0397735227495968e-05,0.0,0.06556161996027568,-0.0066708448157854205,0.21761162708889736,0.0,0.0,0.0
1846.0,9.581659005799963,5.8142968514392175,0.0,0.0,8.410930088319573e-06,0.0,0.0,4.100183231988627,-15.0709270738,0.0,0.0,1.7141136194505906,0.0,3.0240748639375927e-05,0.0,0.06556166846453537,-0.006670747721486944,0.21761184963192418,0.0,0.0,0.0
1847.0,9.581657017622025,5.814305035399186,0.0,0.0,8.365657885263008e-06,0.0,0.0,4.1001916204163695,-15.0709270738,0.0,0.0,1.7141134149828163,0.0,3.007798271397898e-05,0.0,0.06556171669381558,-0.006670651390349516,0.21761207132889798,0.0,0.0,0.0
1848.0,9.581655014932117,5.814313168905469,0.0,0.0,8.318783058235296e-06,0.0,0.0,4.100199962770186,-15.0709270738,0.0,0.0,1.7141132061352824,0.0,2.9909454672454235e-05,0.0,0.06556176463887803,-0.006670555841270576,0.21761229213822258,0.0,0.0,0.0
1849.0,9.581652998058251,5.81432125039161,0.0,0.0,8.27031069745511e-06,0.0,0.0,4.100208257449972,-15.0709270738,0.0,0.0,1.7141129929416383,0.0,2.973518281084347e-05,0.0,0.06556181229051633,-0.006670461093046143,0.21761251201837467,0.0,0.0,0.0
1850.0,9.581650967331683,5.814329278297244,0.0,0.0,8.220246191820052e-06,0.0,0.0,4.100216502860863,-15.0709270738,0.0,0.0,1.714112775436381,0.0,2.9555186499040618e-05,0.0,0.06556185963955764,-0.006670367164367405,0.21761273092791114,0.0,0.0,0.0
1851.0,9.581648923086862,5.814337251068388,0.0,0.0,8.168595228562145e-06,0.0,0.0,4.100224697413533,-15.0709270738,0.0,0.0,1.7141125536548554,0.0,2.936948617955691e-05,0.0,0.06556190667686447,-0.006670274073816998,0.21761294882547702,0.0,0.0,0.0
1852.0,9.581646865661376,5.81434516715774,0.0,0.0,8.115363792848394e-06,0.0,0.0,4.100232839524493,-15.0709270738,0.0,0.0,1.7141123276332477,0.0,2.9178103366088672e-05,0.0,0.06556195339333629,-0.00667018183986548,0.21761316566981287,0.0,0.0,0.0
1853.0,9.581644795395903,5.8143530250249675,0.0,0.0,8.060558167326311e-06,0.0,0.0,4.100240927616386,-15.0709270738,0.0,0.0,1.7141120974085817,0.0,2.8981060641887192e-05,0.0,0.06556199977991133,-0.006670090480867696,0.21761338141976252,0.0,0.0,0.0
1854.0,9.581642712634142,5.814360823137,0.0,0.0,8.004184931615748e-06,0.0,0.0,4.100248960118288,-15.0709270738,0.0,0.0,1.7141118630187124,0.0,2.8778381657935583e-05,0.0,0.06556204582756828,-0.006670000015059338,0.21761359603428088,0.0,0.0,0.0
1855.0,9.581640617722776,5.814368559968324,0.0,0.0,7.946250961745927e-06,0.0,0.0,4.1002569354660015,-15.0709270738,0.0,0.0,1.7141116245023227,0.0,2.857009113092865e-05,0.0,0.065562091527328,-0.006669910460553263,0.21761380947244116,0.0,0.0,0.0
1856.0,9.5816385110114,5.814376234001272,0.0,0.0,7.886763429536707e-06,0.0,0.0,4.100264852102354,-15.0709270738,0.0,0.0,1.7141113818989178,0.0,2.835621484105228e-05,0.0,0.0655621368702552,-0.00666982183533614,0.21761402169344296,0.0,0.0,0.0
1857.0,9.581636392852475,5.81438384372631,0.0,0.0,7.825729801928071e-06,0.0,0.0,4.100272708477492,-15.0709270738,0.0,0.0,1.7141111352488174,0.0,2.8136779629576676e-05,0.0,0.06556218184746015,-0.006669734157264837,0.21761423265661956,0.0,0.0,0.0
1858.0,9.581634263601263,5.81439138764233,0.0,0.0,7.76315784025195e-06,0.0,0.0,4.100280503049176,-15.0709270738,0.0,0.0,1.714110884593154,0.0,2.7911813396242272e-05,0.0,0.06556222645010047,-0.006669647444062926,0.21761444232144567,0.0,0.0,0.0
1859.0,9.58163212361577,5.81439886425694,0.0,0.0,7.699055599449685e-06,0.0,0.0,4.100288234283076,-15.0709270738,0.0,0.0,1.714110629973864,0.0,2.7681345096450254e-05,0.0,0.06556227066938267,-0.006669561713317174,0.21761465064754493,0.0,0.0,0.0
1860.0,9.581629973256696,5.814406272086746,0.0,0.0,7.63343142723721e-06,0.0,0.0,4.1002959006530615,-15.0709270738,0.0,0.0,1.7141103714336845,0.0,2.7445404738265064e-05,0.0,0.06556231449656391,-0.006669476982474248,0.21761485759469773,0.0,0.0,0.0
1861.0,9.58162781288736,5.814413609657641,0.0,0.0,7.5662939632141665e-06,0.0,0.0,4.1003035006414965,-15.0709270738,0.0,0.0,1.7141101090161444,0.0,2.7204023379215375e-05,0.0,0.06556235792295376,-0.006669393268837115,0.21761506312284856,0.0,0.0,0.0
1862.0,9.581625642873655,5.814420875505091,0.0,0.0,7.497652137918239e-06,0.0,0.0,4.100311032739531,-15.0709270738,0.0,0.0,1.71410984276556,0.0,2.6957233122898084e-05,0.0,0.06556240093991572,-0.006669310589561661,0.21761526719211355,0.0,0.0,0.0
1863.0,9.581623463583977,5.814428068174418,0.0,0.0,7.427515171825857e-06,0.0,0.0,4.100318495447389,-15.0709270738,0.0,0.0,1.714109572727029,0.0,2.670506711538949e-05,0.0,0.06556244353886903,-0.0066692289616533396,0.21761546976278834,0.0,0.0,0.0
1864.0,9.58162127538917,5.814435186221083,0.0,0.0,7.355892574297839e-06,0.0,0.0,4.100325887274661,-15.0709270738,0.0,0.0,1.714109298946422,0.0,2.64475595414585e-05,0.0,0.06556248571129025,-0.00666914840196374,0.21761567079535515,0.0,0.0,0.0
1865.0,9.58161907866246,5.814442228210968,0.0,0.0,7.282794142471071e-06,0.0,0.0,4.100333206740589,-15.0709270738,0.0,0.0,1.714109021470379,0.0,2.618474562058582e-05,0.0,0.06556252744871494,-0.00666906892718723,0.21761587025049073,0.0,0.0,0.0
1866.0,9.581616873779398,5.814449192720657,0.0,0.0,7.208229960096041e-06,0.0,0.0,4.1003404523743585,-15.0709270738,0.0,0.0,1.7141087403462985,0.0,2.5916661602788475e-05,0.0,0.06556256874273933,-0.00666899055385764,0.21761606808907358,0.0,0.0,0.0
1867.0,9.58161466111779,5.814456078337714,0.0,0.0,7.132210396320416e-06,0.0,0.0,4.100347622715379,-15.0709270738,0.0,0.0,1.714108455622335,0.0,2.5643344764250255e-05,0.0,0.06556260958502191,-0.006668913298344903,0.2176162642721915,0.0,0.0,0.0
1868.0,9.58161244105764,5.814462883660961,0.0,0.0,7.054746104417664e-06,0.0,0.0,4.100354716313572,-15.0709270738,0.0,0.0,1.7141081673473888,0.0,2.536483340275467e-05,0.0,0.06556264996728518,-0.006668837176851836,0.21761645876114916,0.0,0.0,0.0
1869.0,9.581610213981083,5.8144696073007545,0.0,0.0,6.9758480204640964e-06,0.0,0.0,4.100361731729654,-15.0709270738,0.0,0.0,1.7141078755711003,0.0,2.5081166832932346e-05,0.0,0.06556268988131711,-0.0066687622054107665,0.21761665151747528,0.0,0.0,0.0
1870.0,9.581607980272322,5.814476247879259,0.0,0.0,6.8955273619581306e-06,0.0,0.0,4.1003686675354185,-15.0709270738,0.0,0.0,1.7141075803438408,0.0,2.4792385381300696e-05,0.0,0.06556272931897288,-0.006668688399880371,0.21761684250293029,0.0,0.0,0.0
1871.0,9.58160574031756,5.814482804030724,0.0,0.0,6.813795626390589e-06,0.0,0.0,4.100375522314016,-15.0709270738,0.0,0.0,1.714107281716708,0.0,2.449853038112754e-05,0.0,0.06556276827217644,-0.006668615775942452,0.21761703167951357,0.0,0.0,0.0
1872.0,9.581603494504938,5.8144892744017485,0.0,0.0,6.7306645897571585e-06,0.0,0.0,4.100382294660235,-15.0709270738,0.0,0.0,1.7141069797415138,0.0,2.419964416708672e-05,0.0,0.06556280673292215,-0.0066685443490986235,0.21761721900947084,0.0,0.0,0.0
1873.0,9.581601243224467,5.814495657651558,0.0,0.0,6.646146305021572e-06,0.0,0.0,4.1003889831807765,-15.0709270738,0.0,0.0,1.7141066744707816,0.0,2.389577006973649e-05,0.0,0.06556284469327633,-0.006668474134667285,0.21761740445530148,0.0,0.0,0.0
1874.0,9.581598986867967,5.814501952452269,0.0,0.0,6.560253100522426e-06,0.0,0.0,4.100395586494535,-15.0709270738,0.0,0.0,1.7141063659577336,0.0,2.35869524097953e-05,0.0,0.06556288214537885,-0.006668405147780415,0.21761758797976577,0.0,0.0,0.0
1875.0,9.581596725828987,5.814508157489157,0.0,0.0,6.4729975783284396e-06,0.0,0.0,4.100402103232869,-15.0709270738,0.0,0.0,1.7141060542562876,0.0,2.3273236492232097e-05,0.0,0.06556291908144468,-0.006668337403380423,0.21761776954589232,0.0,0.0,0.0
1876.0,9.581594460502755,5.8145142714609195,0.0,0.0,6.384392612540118e-06,0.0,0.0,4.100408532039875,-15.0709270738,0.0,0.0,1.7141057394210444,0.0,2.2954668600163916e-05,0.0,0.06556295549376556,-0.006668270916217023,0.217617949116985,0.0,0.0,0.0
1877.0,9.581592191286097,5.81452029307994,0.0,0.0,6.294451347541043e-06,0.0,0.0,4.100414871572658,-15.0709270738,0.0,0.0,1.7141054215072815,0.0,2.2631295988572327e-05,0.0,0.06556299137471139,-0.006668205700844393,0.2176181266566305,0.0,0.0,0.0
1878.0,9.581589918577373,5.814526221072548,0.0,0.0,6.203187196193943e-06,0.0,0.0,4.100421120501605,-15.0709270738,0.0,0.0,1.7141051005709427,0.0,2.2303166877821298e-05,0.0,0.06556302671673186,-0.006668141771617855,0.2176183021287052,0.0,0.0,0.0
1879.0,9.581587642776412,5.814532054179279,0.0,0.0,6.110613837985249e-06,0.0,0.0,4.100427277510645,-15.0709270738,0.0,0.0,1.7141047766686333,0.0,2.19703304469898e-05,0.0,0.06556306151235802,-0.006668079142691005,0.21761847549738234,0.0,0.0,0.0
1880.0,9.581585364284436,5.8145377911551295,0.0,0.0,6.016745217119049e-06,0.0,0.0,4.100433341297523,-15.0709270738,0.0,0.0,1.7141044498576061,0.0,2.1632836827022406e-05,0.0,0.06556309575420367,-0.006668017828012782,0.21761864672713918,0.0,0.0,0.0
1881.0,9.581583083503997,5.814543430769816,0.0,0.0,5.921595540557324e-06,0.0,0.0,4.100439310574058,-15.0709270738,0.0,0.0,1.714104120195758,0.0,2.129073709368673e-05,0.0,0.06556312943496702,-0.006667957841324373,0.21761881578276418,0.0,0.0,0.0
1882.0,9.581580800838902,5.81454897180802,0.0,0.0,5.825179276012297e-06,0.0,0.0,4.100445184066405,-15.0709270738,0.0,0.0,1.7141037877416148,0.0,2.0944083260358628e-05,0.0,0.065563162547432,-0.006667899196156513,0.21761898262936358,0.0,0.0,0.0
1883.0,9.581578516694147,5.814554413069648,0.0,0.0,5.7275111498817896e-06,0.0,0.0,4.10045096051532,-15.0709270738,0.0,0.0,1.714103452554328,0.0,2.0592928270602416e-05,0.0,0.06556319508446994,-0.0066678419058264216,0.21761914723236875,0.0,0.0,0.0
1884.0,9.581576231475847,5.814559753370071,0.0,0.0,5.6286061451381286e-06,0.0,0.0,4.10045663867641,-15.0709270738,0.0,0.0,1.7141031146936614,0.0,2.023732599058405e-05,0.0,0.06556322703904088,-0.006667785983435037,0.21761930955754288,0.0,0.0,0.0
1885.0,9.581573945591156,5.814564991540377,0.0,0.0,5.5284794991649825e-06,0.0,0.0,4.100462217320394,-15.0709270738,0.0,0.0,1.7141027742199828,0.0,1.987733120129702e-05,0.0,0.06556325840419512,-0.006667731441864097,0.2176194695709881,0.0,0.0,0.0
1886.0,9.581571659448212,5.81457012642761,0.0,0.0,5.4271467015442305e-06,0.0,0.0,4.1004676952333545,-15.0709270738,0.0,0.0,1.7141024311942559,0.0,1.951299959060848e-05,0.0,0.06556328917307462,-0.0066676782937736545,0.21761962723915196,0.0,0.0,0.0
1887.0,9.581569373456048,5.814575156895016,0.0,0.0,5.3246234917941285e-06,0.0,0.0,4.10047307121699,-15.0709270738,0.0,0.0,1.714102085678026,0.0,1.9144387745130296e-05,0.0,0.06556331933891442,-0.006667626551598874,0.21761978252883435,0.0,0.0,0.0
1888.0,9.581567088024535,5.814580081822276,0.0,0.0,5.220925857051509e-06,0.0,0.0,4.10047834408886,-15.0709270738,0.0,0.0,1.714101737733416,0.0,1.877155314188872e-05,0.0,0.0655633488950441,-0.006667576227547739,0.21761993540719443,0.0,0.0,0.0
1889.0,9.581564803564298,5.81458490010575,0.0,0.0,5.116070029712171e-06,0.0,0.0,4.100483512682637,-15.0709270738,0.0,0.0,1.7141013874231126,0.0,1.8394554139843695e-05,0.0,0.06556337783488914,-0.006667527333598086,0.21762008584175696,0.0,0.0,0.0
1890.0,9.581562520486651,5.814589610658703,0.0,0.0,5.0100724850181305e-06,0.0,0.0,4.100488575848345,-15.0709270738,0.0,0.0,1.7141010348103576,0.0,1.8013449971217047e-05,0.0,0.06556340615197231,-0.0066674798814951725,0.21762023380041923,0.0,0.0,0.0
1891.0,9.58156023920352,5.814594212411542,0.0,0.0,4.90294993859547e-06,0.0,0.0,4.100493532452605,-15.0709270738,0.0,0.0,1.7141006799589373,0.0,1.7628300732642945e-05,0.0,0.06556343383991509,-0.006667433882748888,0.21762037925145733,0.0,0.0,0.0
1892.0,9.581557960127379,5.8145987043120435,0.0,0.0,4.7947193439465665e-06,0.0,0.0,4.100498381378871,-15.0709270738,0.0,0.0,1.7141003229331728,0.0,1.7239167376154276e-05,0.0,0.06556346089243893,-0.006667389348631314,0.217620522163533,0.0,0.0,0.0
1893.0,9.581555683671159,5.814603085325577,0.0,0.0,4.685397889891416e-06,0.0,0.0,4.10050312152767,-15.0709270738,0.0,0.0,1.7140999637979064,0.0,1.684611169998592e-05,0.0,0.0655634873033667,-0.006667346290174167,0.21762066250569967,0.0,0.0,0.0
1894.0,9.581553410248194,5.814607354435331,0.0,0.0,4.575002997962179e-06,0.0,0.0,4.100507751816836,-15.0709270738,0.0,0.0,1.7140996026184956,0.0,1.6449196339209727e-05,0.0,0.06556351306662392,-0.0066673047181662615,0.21762080024740932,0.0,0.0,0.0
1895.0,9.581551140272136,5.814611510642536,0.0,0.0,4.463552319751014e-06,0.0,0.0,4.100512271181735,-15.0709270738,0.0,0.0,1.7140992394608006,0.0,1.6048484756201498e-05,0.0,0.06556353817624017,-0.00666726464315108,0.21762093535851848,0.0,0.0,0.0
1896.0,9.581548874156883,5.814615552966674,0.0,0.0,4.35106373420926e-06,0.0,0.0,4.100516678575503,-15.0709270738,0.0,0.0,1.714098874391171,0.0,1.5644041230932905e-05,0.0,0.06556356262635028,-0.0066672260754243595,0.21762106780929458,0.0,0.0,0.0
1897.0,9.581546612316506,5.814619480445705,0.0,0.0,4.237555344901454e-06,0.0,0.0,4.100520972969266,-15.0709270738,0.0,0.0,1.7140985074764385,0.0,1.5235930851100973e-05,0.0,0.06556358641119572,-0.006667189025031717,0.21762119757042245,0.0,0.0,0.0
1898.0,9.581544355165175,5.81462329213627,0.0,0.0,4.123045477211531e-06,0.0,0.0,4.100525153352365,-15.0709270738,0.0,0.0,1.7140981387839052,0.0,1.4824219502085547e-05,0.0,0.06556360952512574,-0.00666715350176636,0.2176213246130101,0.0,0.0,0.0
1899.0,9.581542103117084,5.814626987113904,0.0,0.0,4.007552675505106e-06,0.0,0.0,4.100529218732574,-15.0709270738,0.0,0.0,1.7140977683813299,0.0,1.4408973856748691e-05,0.0,0.0655636319625987,-0.0066671195151667,0.21762144890859483,0.0,0.0,0.0
1900.0,9.581539856586375,5.814630564473242,0.0,0.0,3.891095700246245e-06,0.0,0.0,4.100533168136322,-15.0709270738,0.0,0.0,1.7140973963369195,0.0,1.3990261365070466e-05,0.0,0.0655636537181833,-0.006667087074514133,0.21762157042914967,0.0,0.0,0.0
1901.0,9.581537615987065,5.814634023328222,0.0,0.0,3.773693525066078e-06,0.0,0.0,4.100537000608905,-15.0709270738,0.0,0.0,1.7140970227193169,0.0,1.3568150243611368e-05,0.0,0.06556367478655972,-0.006667056188830886,0.21762168914708901,0.0,0.0,0.0
1902.0,9.581535381732971,5.814637362812285,0.0,0.0,3.6553653337894983e-06,0.0,0.0,4.100540715214698,-15.0709270738,0.0,0.0,1.7140966475975876,0.0,1.314270946482403e-05,0.0,0.06556369516252089,-0.006667026866877757,0.2176218050352744,0.0,0.0,0.0
1903.0,9.581533154237636,5.8146405820785745,0.0,0.0,3.5361305174180404e-06,0.0,0.0,4.100544311037362,-15.0709270738,0.0,0.0,1.7140962710412122,0.0,1.2714008746207193e-05,0.0,0.06556371484097362,-0.006666999117152017,0.2176219180670208,0.0,0.0,0.0
1904.0,9.581530933914252,5.814643680300125,0.0,0.0,3.416008671067954e-06,0.0,0.0,4.100547787180054,-15.0709270738,0.0,0.0,1.7140958931200707,0.0,1.2282118539298574e-05,0.0,0.06556373381693975,-0.006666972947885444,0.21762202821610188,0.0,0.0,0.0
1905.0,9.581528721175582,5.814646656670059,0.0,0.0,3.295019590865677e-06,0.0,0.0,4.1005511427656245,-15.0709270738,0.0,0.0,1.714095513904435,0.0,1.1847110018514386e-05,0.0,0.06556375208555737,-0.006666948367042028,0.21762213545675602,0.0,0.0,0.0
1906.0,9.581526516433891,5.814649510401772,0.0,0.0,3.173183270800059e-06,0.0,0.0,4.10055437693682,-15.0709270738,0.0,0.0,1.7140951334649515,0.0,1.1409055069833275e-05,0.0,0.0655637696420818,-0.006666925382316197,0.21762223976369188,0.0,0.0,0.0
1907.0,9.581524320100868,5.814652240729114,0.0,0.0,3.050519899531636e-06,0.0,0.0,4.10055748885648,-15.0709270738,0.0,0.0,1.7140947518726337,0.0,1.0968026279325725e-05,0.0,0.06556378648188683,-0.006666904001130819,0.21762234111209375,0.0,0.0,0.0
1908.0,9.58152213258755,5.814654846906575,0.0,0.0,2.9270498571623402e-06,0.0,0.0,4.1005604777077265,-15.0709270738,0.0,0.0,1.7140943691988486,0.0,1.0524096921541108e-05,0.0,0.06556380260046572,-0.006666884230635203,0.2176224394776273,0.0,0.0,0.0
1909.0,9.581519954304245,5.814657328209462,0.0,0.0,2.8027937119610925e-06,0.0,0.0,4.100563342694158,-15.0709270738,0.0,0.0,1.7140939855153041,0.0,1.0077340947735992e-05,0.0,0.06556381799343229,-0.006666866077703351,0.21762253483644478,0.0,0.0,0.0
1910.0,9.581517785660457,5.81465968393407,0.0,0.0,2.6777722170517223e-06,0.0,0.0,4.1005660830400315,-15.0709270738,0.0,0.0,1.7140936008940386,0.0,9.627832973966876e-06,0.0,0.06556383265652194,-0.006666849548932055,0.21762262716519043,0.0,0.0,0.0
1911.0,9.581515627064817,5.814661913397856,0.0,0.0,2.552006307056823e-06,0.0,0.0,4.100568697990451,-15.0709270738,0.0,0.0,1.714093215407405,0.0,9.175648269024403e-06,0.0,0.06556384658559274,-0.006666834650639164,0.21762271644100567,0.0,0.0,0.0
1912.0,9.581513478924998,5.814664015939607,0.0,0.0,2.4255170947053657e-06,0.0,0.0,4.100571186811543,-15.0709270738,0.0,0.0,1.714092829128064,0.0,8.720862742237127e-06,0.0,0.06556385977662633,-0.006666821388861877,0.21762280264153436,0.0,0.0,0.0
1913.0,9.581511341647646,5.814665990919599,0.0,0.0,2.298325867399777e-06,0.0,0.0,4.100573548790633,-15.0709270738,0.0,0.0,1.7140924421289654,0.0,8.263552931129435e-06,0.0,0.06556387222572901,-0.006666809769354992,0.21762288574492766,0.0,0.0,0.0
1914.0,9.5815092156383,5.814667837719764,0.0,0.0,2.1704540837431124e-06,0.0,0.0,4.100575783236423,-15.0709270738,0.0,0.0,1.7140920544833405,0.0,7.803795988935868e-06,0.0,0.06556388392913264,-0.006666799797589412,0.21762296572984946,0.0,0.0,0.0
1915.0,9.581507101301321,5.814669555743842,0.0,0.0,2.0419233700288954e-06,0.0,0.0,4.100577889479156,-15.0709270738,0.0,0.0,1.7140916662646868,0.0,7.3416696719811e-06,0.0,0.06556389488319556,-0.0066667914787504196,0.2176230425754807,0.0,0.0,0.0
1916.0,9.581504999039812,5.814671144417537,0.0,0.0,1.9127555166954883e-06,0.0,0.0,4.100579866870782,-15.0709270738,0.0,0.0,1.7140912775467552,0.0,6.877252326932254e-06,0.0,0.0655639050844036,-0.006666784817736249,0.21762311626152478,0.0,0.0,0.0
1917.0,9.581502909255546,5.814672603188664,0.0,0.0,1.782972474740137e-06,0.0,0.0,4.1005817147851245,-15.0709270738,0.0,0.0,1.7140908884035397,0.0,6.410622877906128e-06,0.0,0.0655639145293709,-0.006666779819156518,0.2176231867682119,0.0,0.0,0.0
1918.0,9.581500832348892,5.814673931527299,0.0,0.0,1.652596352096295e-06,0.0,0.0,4.100583432618036,-15.0709270738,0.0,0.0,1.714090498909263,0.0,5.941860813444252e-06,0.0,0.06556392321484084,-0.006666776487330842,0.21762325407630417,0.0,0.0,0.0
1919.0,9.581498768718737,5.814675128925915,0.0,0.0,1.5216494099799074e-06,0.0,0.0,4.1005850197875535,-15.0709270738,0.0,0.0,1.7140901091383611,0.0,5.471046173376241e-06,0.0,0.06556393113768684,-0.0066667748262874416,0.21762331816709957,0.0,0.0,0.0
1920.0,9.58149671876241,5.814676194899527,0.0,0.0,1.3901540591953459e-06,0.0,0.0,4.100586475734051,-15.0709270738,0.0,0.0,1.714089719165476,0.0,4.998259535537937e-06,0.0,0.06556393829491329,-0.006666774839761816,0.21762337902243706,0.0,0.0,0.0
1921.0,9.58149468287561,5.8146771289858235,0.0,0.0,1.2581328564086407e-06,0.0,0.0,4.100587799920386,-15.0709270738,0.0,0.0,1.7140893290654375,0.0,4.523582002371849e-06,0.0,0.06556394468365626,-0.00666677653119542,0.21762343662470063,0.0,0.0,0.0
1922.0,9.581492661452332,5.8146779307452965,0.0,0.0,1.1256085003862288e-06,0.0,0.0,4.100588991832044,-15.0709270738,0.0,0.0,1.7140889389132523,0.0,4.047095187403489e-06,0.0,0.06556395030118436,-0.006666779903734446,0.21762349095682382,0.0,0.0,0.0
1923.0,9.581490654884789,5.81467859976137,0.0,0.0,9.926038281998824e-07,0.0,0.0,4.10059005097728,-15.0709270738,0.0,0.0,1.7140885487840904,0.0,3.5688812015959873e-06,0.0,0.06556395514489952,-0.0066667849602286555,0.2176235420022936,0.0,0.0,0.0
1924.0,9.58148866356334,5.814679135640524,0.0,0.0,8.591418114006777e-07,0.0,0.0,4.100590976887251,-15.0709270738,0.0,0.0,1.714088158753273,0.0,3.0890226395932628e-06,0.0,0.06556395921233762,-0.006666791703230243,0.21762358974515505,0.0,0.0,0.0
1925.0,9.581486687876412,5.8146795380124106,0.0,0.0,7.252455521579952e-07,0.0,0.0,4.1005917691161535,-15.0709270738,0.0,0.0,1.714087768896257,0.0,2.607602565837349e-06,0.0,0.06556396250116941,-0.00666680013499267,0.21762363417001498,0.0,0.0,0.0
1926.0,9.581484728210432,5.814679806529974,0.0,0.0,5.909382793680455e-07,0.0,0.0,4.10059242724135,-15.0709270738,0.0,0.0,1.7140873792886246,0.0,2.1247045005760264e-06,0.0,0.06556396500920106,-0.006666810257469777,0.217623675262046,0.0,0.0,0.0
1927.0,9.581482784949749,5.814679940869559,0.0,0.0,4.562433447311314e-07,0.0,0.0,4.100592950863491,-15.0709270738,0.0,0.0,1.7140869900060682,0.0,1.6404124057579164e-06,0.0,0.06556396673437488,-0.006666822072314671,0.2176237130069904,0.0,0.0,0.0
1928.0,9.581480858476562,5.8146799407310175,0.0,0.0,3.2118421879948996e-07,0.0,0.0,4.1005933396066405,-15.0709270738,0.0,0.0,1.714086601124377,0.0,1.1548106708216826e-06,0.0,0.06556396767477,-0.006666835580878855,0.217623747391164,0.0,0.0,0.0
1929.0,9.581478949170846,5.814679805837814,0.0,0.0,1.8578448699414895e-07,0.0,0.0,4.100593593118392,-15.0709270738,0.0,0.0,1.7140862127194225,0.0,6.679840983736956e-07,0.0,0.06556396782860298,-0.00666685078421142,0.2176237784014596,0.0,0.0,0.0
1930.0,9.581477057410277,5.814679535937124,0.0,0.0,5.0067845594931976e-08,0.0,0.0,4.100593711069977,-15.0709270738,0.0,0.0,1.714085824867147,0.0,1.800178897690335e-07,0.0,0.06556396719422841,-0.006666867683058061,0.21762380602535075,0.0,0.0,0.0
1931.0,9.581475183570163,5.814679130799929,0.0,0.0,-8.594190230333182e-08,0.0,0.0,4.100593693156379,-15.0709270738,0.0,0.0,1.7140854376435497,0.0,-3.090023694291501e-07,0.0,0.06556396577013954,-0.006666886277860454,0.2176238302508952,0.0,0.0,0.0
1932.0,9.58147332802337,5.814678590221109,0.0,0.0,-2.2222085085478168e-07,0.0,0.0,4.100593539096438,-15.0709270738,0.0,0.0,1.7140850511246715,0.0,-7.989907240629495e-07,0.0,0.06556396355496878,-0.006666906568755432,0.21762385106673818,0.0,0.0,0.0
1933.0,9.581471491140244,5.814677914019529,0.0,0.0,-3.5874499555935314e-07,0.0,0.0,4.100593248632944,-15.0709270738,0.0,0.0,1.7140846653865847,0.0,-1.2898608641112767e-06,0.0,0.06556396054748835,-0.0066669285555744084,0.21762386846211573,0.0,0.0,0.0
1934.0,9.58146967328855,5.814677102038121,0.0,0.0,-4.954902373841548e-07,0.0,0.0,4.1005928215327465,-15.0709270738,0.0,0.0,1.7140842805053742,0.0,-1.7815261395098165e-06,0.0,0.06556395674661061,-0.006666952237842763,0.21762388242685793,0.0,0.0,0.0
1935.0,9.581467874833393,5.814676154143963,0.0,0.0,-6.324323869087826e-07,0.0,0.0,4.100592257586833,-15.0709270738,0.0,0.0,1.7140838965571294,0.0,-2.2738995750571686e-06,0.0,0.06556395215138874,-0.006666977614779163,0.217623892951392,0.0,0.0,0.0
1936.0,9.581466096137145,5.814675070228356,0.0,0.0,-7.695471684994628e-07,0.0,0.0,4.100591556610428,-15.0709270738,0.0,0.0,1.7140835136179282,0.0,-2.7668938854247585e-06,0.0,0.06556394676101711,-0.0066670046852952,0.2176239000267451,0.0,0.0,0.0
1937.0,9.581464337559378,5.81467385020689,0.0,0.0,-9.068102245038308e-07,0.0,0.0,4.100590718443071,-15.0709270738,0.0,0.0,1.714083131763819,0.0,-3.260421490241066e-06,0.0,0.06556394057483168,-0.006667033447994922,0.21762390364454726,0.0,0.0,0.0
1938.0,9.581462599456794,5.814672494019515,0.0,0.0,-1.0441971194713043e-06,0.0,0.0,4.100589742948698,-15.0709270738,0.0,0.0,1.7140827510708165,0.0,-3.7543945292679893e-06,0.0,0.06556393359231055,-0.006667063901174386,0.21762390379703445,0.0,0.0,0.0
1939.0,9.581460882183151,5.8146710016305985,0.0,0.0,-1.1816833443955618e-06,0.0,0.0,4.100588630015721,-15.0709270738,0.0,0.0,1.7140823716148779,0.0,-4.248724877656809e-06,0.0,0.06556392581307421,-0.006667096042821327,0.21762390047705082,0.0,0.0,0.0
1940.0,9.581459186089196,5.814669373028987,0.0,0.0,-1.3192443209791443e-06,0.0,0.0,4.1005873795570915,-15.0709270738,0.0,0.0,1.7140819934718952,0.0,-4.7433241612838025e-06,0.0,0.06556391723688602,-0.0066671298706148935,0.21762389367805157,0.0,0.0,0.0
1941.0,9.581457511522594,5.8146676082280555,0.0,0.0,-1.4568554059208685e-06,0.0,0.0,4.100585991510376,-15.0709270738,0.0,0.0,1.7140816167176798,0.0,-5.238103772168001e-06,0.0,0.06556390786365249,-0.00666716538192548,0.2176238833941052,0.0,0.0,0.0
1942.0,9.581455858827857,5.81466570726576,0.0,0.0,-1.5944918952220663e-06,0.0,0.0,4.100584465837811,-15.0709270738,0.0,0.0,1.714081241427949,0.0,-5.732974883956733e-06,0.0,0.06556389769342356,-0.006667202573814396,0.21762386961989605,0.0,0.0,0.0
1943.0,9.58145422834628,5.814663670204681,0.0,0.0,-1.7321290285134239e-06,0.0,0.0,4.10058280252637,-15.0709270738,0.0,0.0,1.7140808676783106,0.0,-6.2278484674853554e-06,0.0,0.06556388672639302,-0.006667241443033961,0.2176238523507265,0.0,0.0,0.0
1944.0,9.58145262041587,5.814661497132061,0.0,0.0,-1.8697419934021497e-06,0.0,0.0,4.10058100158781,-15.0709270738,0.0,0.0,1.714080495544251,0.0,-6.722635306410179e-06,0.0,0.06556387496289864,-0.006667281986027229,0.21762383158251897,0.0,0.0,0.0
1945.0,9.58145103537128,5.814659188159846,0.0,0.0,-2.0073059298355015e-06,0.0,0.0,4.100579063058726,-15.0709270738,0.0,0.0,1.7140801251011197,0.0,-7.217246012900321e-06,0.0,0.06556386240342252,-0.006667324198928085,0.21762380731181813,0.0,0.0,0.0
1946.0,9.581449473543739,5.814656743424712,0.0,0.0,-2.1447959344844944e-06,0.0,0.0,4.100576987000594,-15.0709270738,0.0,0.0,1.714079756424118,0.0,-7.711591043402224e-06,0.0,0.06556384904859121,-0.006667368077561395,0.21762377953579282,0.0,0.0,0.0
1947.0,9.581447935260982,5.814654163088097,0.0,0.0,-2.2821870651417026e-06,0.0,0.0,4.100574773499815,-15.0709270738,0.0,0.0,1.7140793895882815,0.0,-8.205580714454946e-06,0.0,0.06556383489917597,-0.006667413617442844,0.21762374825223768,0.0,0.0,0.0
1948.0,9.581446420847195,5.8146514473362165,0.0,0.0,-2.419454345139032e-06,0.0,0.0,4.100572422667748,-15.0709270738,0.0,0.0,1.714079024668469,0.0,-8.699125218577365e-06,0.0,0.0655638199560929,-0.006667460813779377,0.2176237134595751,0.0,0.0,0.0
1949.0,9.581444930622936,5.814648596380091,0.0,0.0,-2.556572767778006e-06,0.0,0.0,4.100569934640744,-15.0709270738,0.0,0.0,1.7140786617393475,0.0,-9.192134640200474e-06,0.0,0.06556380422040307,-0.006667509661469284,0.21762367515685668,0.0,0.0,0.0
1950.0,9.58144346490508,5.814645610455554,0.0,0.0,-2.693517300775041e-06,0.0,0.0,4.100567309580175,-15.0709270738,0.0,0.0,1.7140783008753795,0.0,-9.684518971653655e-06,0.0,0.06556378769331274,-0.00666756015510242,0.21762363334376483,0.0,0.0,0.0
1951.0,9.581442024006746,5.814642489823262,0.0,0.0,-2.830262890722144e-06,0.0,0.0,4.100564547672456,-15.0709270738,0.0,0.0,1.7140779421508059,0.0,-1.0176188129206512e-05,0.0,0.06556377037617321,-0.006667612288960692,0.21762358802061393,0.0,0.0,0.0
1952.0,9.58144060823724,5.814639234768701,0.0,0.0,-2.96678446755986e-06,0.0,0.0,4.100561649129064,-15.0709270738,0.0,0.0,1.7140775856396369,0.0,-1.0667051969154838e-05,0.0,0.06556375227048117,-0.006667666057018226,0.21762353918835184,0.0,0.0,0.0
1953.0,9.581439217901988,5.8146358456021865,0.0,0.0,-3.1030569490630743e-06,0.0,0.0,4.100558614186553,-15.0709270738,0.0,0.0,1.7140772314156338,0.0,-1.1157020303952884e-05,0.0,0.06556373337787849,-0.00666772145294206,0.21762348684856092,0.0,0.0,0.0
1954.0,9.581437853302466,5.81463232265886,0.0,0.0,-3.2390552453359297e-06,0.0,0.0,4.100555443106561,-15.0709270738,0.0,0.0,1.714076879552299,0.0,-1.1646002918378504e-05,0.0,0.0655637137001524,-0.006667778470092478,0.2176234310034592,0.0,0.0,0.0
1955.0,9.58143651473615,5.814628666298681,0.0,0.0,-3.374754263322185e-06,0.0,0.0,4.100552136175821,-15.0709270738,0.0,0.0,1.7140765301228598,0.0,-1.2133909585753885e-05,0.0,0.06556369323923539,-0.006667837101523563,0.21762337165590123,0.0,0.0,0.0
1956.0,9.581435202496449,5.814624876906412,0.0,0.0,-3.5101289113226916e-06,0.0,0.0,4.100548693706158,-15.0709270738,0.0,0.0,1.7140761832002536,0.0,-1.2620650084191972e-05,0.0,0.06556367199720514,-0.0066678973399838665,0.2176233088093787,0.0,0.0,0.0
1957.0,9.581433916872637,5.814620954891603,0.0,0.0,-3.6451541035203886e-06,0.0,0.0,4.100545116034485,-15.0709270738,0.0,0.0,1.7140758388571182,0.0,-1.310613421286999e-05,0.0,0.06556364997628454,-0.006667959177917113,0.2176232424680216,0.0,0.0,0.0
1958.0,9.581432658149803,5.81461690068857,0.0,0.0,-3.779804764517547e-06,0.0,0.0,4.100541403522795,-15.0709270738,0.0,0.0,1.7140754971657746,0.0,-1.3590271808347103e-05,0.0,0.06556362717884154,-0.0066680226074627424,0.21762317263659842,0.0,0.0,0.0
1959.0,9.58143142660878,5.814612714756367,0.0,0.0,-3.914055833879044e-06,0.0,0.0,4.100537556558153,-15.0709270738,0.0,0.0,1.7140751581982139,0.0,-1.4072972760903805e-05,0.0,0.06556360360738897,-0.006668087620456967,0.2176230993205168,0.0,0.0,0.0
1960.0,9.581430222526098,5.814608397578756,0.0,0.0,-4.04788227068096e-06,0.0,0.0,4.100533575552673,-15.0709270738,0.0,0.0,1.7140748220260837,0.0,-1.4554147030900558e-05,0.0,0.06556357926458455,-0.006668154208433322,0.21762302252582394,0.0,0.0,0.0
1961.0,9.581429046173913,5.814603949664172,0.0,0.0,-4.181259058067807e-06,0.0,0.0,4.100529460943496,-15.0709270738,0.0,0.0,1.7140744887206765,0.0,-1.5033704665167481e-05,0.0,0.06556355415323052,-0.0066682223626237935,0.21762294225920664,0.0,0.0,0.0
1962.0,9.581427897819953,5.814599371545682,0.0,0.0,-4.3141612078130954e-06,0.0,0.0,4.100525213192769,-15.0709270738,0.0,0.0,1.7140741583529122,0.0,-1.551155581340617e-05,0.0,0.06556352827627362,-0.006668292073959595,0.21762285852799162,0.0,0.0,0.0
1963.0,9.581426777727467,5.814594663780941,0.0,0.0,-4.446563764884734e-06,0.0,0.0,4.100520832787612,-15.0709270738,0.0,0.0,1.7140738309933292,0.0,-1.59876107446089e-05,0.0,0.06556350163680472,-0.006668363333072233,0.2176227713401457,0.0,0.0,0.0
1964.0,9.581425686155157,5.814589826952143,0.0,0.0,-4.578441812014967e-06,0.0,0.0,4.100516320240077,-15.0709270738,0.0,0.0,1.714073506712066,0.0,-1.6461779863494258e-05,0.0,0.06556347423805864,-0.0066684361302946915,0.21762268070427512,0.0,0.0,0.0
1965.0,9.581424623357131,5.814584861665969,0.0,0.0,-4.709770474271465e-06,0.0,0.0,4.100511676087116,-15.0709270738,0.0,0.0,1.7140731855788527,0.0,-1.693397372694692e-05,0.0,0.06556344608341383,-0.006668510455662302,0.217622586629626,0.0,0.0,0.0
1966.0,9.581423589582844,5.814579768553525,0.0,0.0,-4.840524923631166e-06,0.0,0.0,4.100506900890533,-15.0709270738,0.0,0.0,1.714072867662992,0.0,-1.740410306046744e-05,0.0,0.06556341717639214,-0.006668586298914092,0.21762248912608362,0.0,0.0,0.0
1967.0,9.58142258507704,5.814574548270284,0.0,0.0,-4.9706803835558935e-06,0.0,0.0,4.100501995236932,-15.0709270738,0.0,0.0,1.7140725530333514,0.0,-1.7872078774628403e-05,0.0,0.06556338752065835,-0.006668663649494033,0.21762238820417212,0.0,0.0,0.0
1968.0,9.581421610079703,5.814569201496015,0.0,0.0,-5.10021213356774e-06,0.0,0.0,4.1004969597376695,-15.0709270738,0.0,0.0,1.7140722417583456,0.0,-1.8337811981529856e-05,0.0,0.06556335712001993,-0.006668742496552152,0.2176222838750539,0.0,0.0,0.0
1969.0,9.581420664826004,5.814563728934715,0.0,0.0,-5.229095513823028e-06,0.0,0.0,4.100491795028789,-15.0709270738,0.0,0.0,1.7140719339059256,0.0,-1.880121401124962e-05,0.0,0.06556332597842661,-0.006668822828946083,0.21762217615052887,0.0,0.0,0.0
1970.0,9.581419749546244,5.81455813131453,0.0,0.0,-5.357305929686135e-06,0.0,0.0,4.100486501770964,-15.0709270738,0.0,0.0,1.7140716295435654,0.0,-1.9262196428293176e-05,0.0,0.06556329409996996,-0.00666890463524232,0.21762206504303377,0.0,0.0,0.0
1971.0,9.581418864465805,5.814552409387676,0.0,0.0,-5.484818856301401e-06,0.0,0.0,4.100481080649427,-15.0709270738,0.0,0.0,1.7140713287382487,0.0,-1.9720671048036678e-05,0.0,0.06556326148888295,-0.006668987903717713,0.21762195056564138,0.0,0.0,0.0
1972.0,9.581418009805102,5.814546563930352,0.0,0.0,-5.611609843160291e-06,0.0,0.0,4.100475532373899,-15.0709270738,0.0,0.0,1.7140710315564531,0.0,-2.0176549953152958e-05,0.0,0.06556322814953948,-0.0066690726223609526,0.2176218327320592,0.0,0.0,0.0
1973.0,9.581417185779525,5.8145405957426535,0.0,0.0,-5.737654518665855e-06,0.0,0.0,4.100469857678513,-15.0709270738,0.0,0.0,1.714070738064141,0.0,-2.0629745510027838e-05,0.0,0.06556319408645392,-0.006669158778874237,0.21762171155662846,0.0,0.0,0.0
1974.0,9.5814163925994,5.814534505648475,0.0,0.0,-5.8629285946937526e-06,0.0,0.0,4.100464057321729,-15.0709270738,0.0,0.0,1.714070448326746,0.0,-2.108017038516411e-05,0.0,0.06556315930428057,-0.006669246360674688,0.21762158705432294,0.0,0.0,0.0
1975.0,9.581415630469929,5.814528294495413,0.0,0.0,-5.98740787114518e-06,0.0,0.0,4.100458132086257,-15.0709270738,0.0,0.0,1.7140701624091559,0.0,-2.152773756155644e-05,0.0,0.06556312380781305,-0.006669335354896222,0.21762145924074744,0.0,0.0,0.0
1976.0,9.581414899591152,5.814521963154662,0.0,0.0,-6.111068240495497e-06,0.0,0.0,4.100452082778957,-15.0709270738,0.0,0.0,1.714069880375705,0.0,-2.197236035505082e-05,0.0,0.06556308760198387,-0.006669425748391161,0.21762132813213642,0.0,0.0,0.0
1977.0,9.581414200157896,5.8145155125209085,0.0,0.0,-6.233885692334918e-06,0.0,0.0,4.100445910230749,-15.0709270738,0.0,0.0,1.7140696022901594,0.0,-2.241395243067551e-05,0.0,0.06556305069186368,-0.006669517527732094,0.21762119374535233,0.0,0.0,0.0
1978.0,9.58141353235973,5.814508943512218,0.0,0.0,-6.3558363179011775e-06,0.0,0.0,4.100439615296515,-15.0709270738,0.0,0.0,1.714069328215703,0.0,-2.2852427818943124e-05,0.0,0.06556301308266076,-0.006669610679213581,0.21762105609788385,0.0,0.0,0.0
1979.0,9.581412896380915,5.814502257069917,0.0,0.0,-6.476896314602854e-06,0.0,0.0,4.100433198854991,-15.0709270738,0.0,0.0,1.7140690582149265,0.0,-2.328770093211916e-05,0.0,0.0655629747797203,-0.0066697051888541525,0.21762091520784427,0.0,0.0,0.0
1980.0,9.581412292400369,5.814495454158476,0.0,0.0,-6.597041990534814e-06,0.0,0.0,4.100426661808661,-15.0709270738,0.0,0.0,1.7140687923498152,0.0,-2.3719686580462173e-05,0.0,0.06556293578852378,-0.006669801042398268,0.2176207710939691,0.0,0.0,0.0
1981.0,9.581411720591616,5.814488535765379,0.0,0.0,-6.7162497689812736e-06,0.0,0.0,4.1004200050836435,-15.0709270738,0.0,0.0,1.7140685306817351,0.0,-2.414829998841949e-05,0.0,0.06556289611468817,-0.006669898225318244,0.21762062377561447,0.0,0.0,0.0
1982.0,9.581411181122746,5.814481502900997,0.0,0.0,-6.834496192907961e-06,0.0,0.0,4.100413229629575,-15.0709270738,0.0,0.0,1.7140682732714216,0.0,-2.457345681078364e-05,0.0,0.06556285576396534,-0.006669996722816304,0.2176204732727547,0.0,0.0,0.0
1983.0,9.581410674156373,5.8144743565984545,0.0,0.0,-6.951757929442305e-06,0.0,0.0,4.100406336419488,-15.0709270738,0.0,0.0,1.7140680201789662,0.0,-2.499507314880582e-05,0.0,0.06556281474224121,-0.006670096519826696,0.2176203196059799,0.0,0.0,0.0
1984.0,9.581410199849593,5.814467097913488,0.0,0.0,-7.068011774341807e-06,0.0,0.0,4.100399326449682,-15.0709270738,0.0,0.0,1.7140677714638057,0.0,-2.5413065566266807e-05,0.0,0.06556277305553496,-0.006670197601017891,0.21762016279649385,0.0,0.0,0.0
1985.0,9.581409758353947,5.814459727924303,0.0,0.0,-7.183234656447087e-06,0.0,0.0,4.100392200739595,-15.0709270738,0.0,0.0,1.7140675271847083,0.0,-2.5827351105492782e-05,0.0,0.06556273070999828,-0.006670299950794739,0.2176200028661111,0.0,0.0,0.0
1986.0,9.581409349815381,5.814452247731434,0.0,0.0,-7.297403642119301e-06,0.0,0.0,4.100384960331669,-15.0709270738,0.0,0.0,1.7140672873997644,0.0,-2.6237847303314933e-05,0.0,0.06556268771191454,-0.006670403553300758,0.2176198398372547,0.0,0.0,0.0
1987.0,9.581408974374206,5.814444658457581,0.0,0.0,-7.410495939665282e-06,0.0,0.0,4.100377606291208,-15.0709270738,0.0,0.0,1.7140670521663726,0.0,-2.6644472206984876e-05,0.0,0.06556264406769785,-0.006670508392420366,0.21761967373295305,0.0,0.0,0.0
1988.0,9.581408632165063,5.814436961247463,0.0,0.0,-7.522488903742249e-06,0.0,0.0,4.100370139706236,-15.0709270738,0.0,0.0,1.714066821541227,0.0,-2.704714439001666e-05,0.0,0.0655625997838923,-0.006670614451781354,0.21761950457683743,0.0,0.0,0.0
1989.0,9.581408323316886,5.814429157267653,0.0,0.0,-7.633360039749548e-06,0.0,0.0,4.100362561687345,-15.0709270738,0.0,0.0,1.7140665955803076,0.0,-2.7445782967982044e-05,0.0,0.06556255486717094,-0.006670721714757313,0.21761933239313852,0.0,0.0,0.0
1990.0,9.581408047952868,5.814421247706416,0.0,0.0,-7.74308700819968e-06,0.0,0.0,4.1003548733675474,-15.0709270738,0.0,0.0,1.7140663743388682,0.0,-2.784030761423127e-05,0.0,0.06556250932433491,-0.0066708301644699125,0.2176191572066838,0.0,0.0,0.0
1991.0,9.581407806190423,5.814413233773538,0.0,0.0,-7.85164762907108e-06,0.0,0.0,4.100347075902113,-15.0709270738,0.0,0.0,1.7140661578714251,0.0,-2.8230638575548274e-05,0.0,0.06556246316231248,-0.006670939783791643,0.21761897904289387,0.0,0.0,0.0
1992.0,9.581407598141158,5.814405116700156,0.0,0.0,-7.959019886141837e-06,0.0,0.0,4.100339170468413,-15.0709270738,0.0,0.0,1.7140659462317434,0.0,-2.861669668773722e-05,0.0,0.06556241638815805,-0.006671050555348237,0.21761879792777938,0.0,0.0,0.0
1993.0,9.58140742391084,5.814396897738578,0.0,0.0,-8.065181931301745e-06,0.0,0.0,4.100331158265747,-15.0709270738,0.0,0.0,1.7140657394728311,0.0,-2.8998403391131133e-05,0.0,0.06556236900905113,-0.006671162461521329,0.21761861388793766,0.0,0.0,0.0
1994.0,9.581407283599356,5.814388578162101,0.0,0.0,-8.170112088845295e-06,0.0,0.0,4.100323040515181,-15.0709270738,0.0,0.0,1.7140655376469205,0.0,-2.9375680746032006e-05,0.0,0.06556232103229534,-0.006671275484451122,0.21761842695054873,0.0,0.0,0.0
1995.0,9.581407177300697,5.8143801592648305,0.0,0.0,-8.273788859739576e-06,0.0,0.0,4.100314818459367,-15.0709270738,0.0,0.0,1.7140653408054636,0.0,-2.974845144806052e-05,0.0,0.06556227246531736,-0.006671389606039149,0.21761823714337214,0.0,0.0,0.0
1996.0,9.581407105102917,5.814371642361484,0.0,0.0,-8.376190925871234e-06,0.0,0.0,4.100306493362365,-15.0709270738,0.0,0.0,1.7140651489991194,0.0,-3.0116638843430556e-05,0.0,0.0655622233156658,-0.0066715048079508815,0.21761804449474276,0.0,0.0,0.0
1997.0,9.581407067088112,5.814363028787202,0.0,0.0,-8.4772971542691e-06,0.0,0.0,4.100298066509463,-15.0709270738,0.0,0.0,1.7140649622777389,0.0,-3.0480166944136042e-05,0.0,0.0655621735910101,-0.006671621071618769,0.2176178490335672,0.0,0.0,0.0
1998.0,9.581407063332385,5.814354319897348,0.0,0.0,-8.577086601304335e-06,0.0,0.0,4.100289539206986,-15.0709270738,0.0,0.0,1.7140647806903626,0.0,-3.0838960443057e-05,0.0,0.0655621232991395,-0.00667173837824489,0.2176176507893196,0.0,0.0,0.0
1999.0,9.58140709390583,5.8143455170673075,0.0,0.0,-8.675538516860786e-06,0.0,0.0,4.1002809127821065,-15.0709270738,0.0,0.0,1.714064604285201,0.0,-3.119294472895836e-05,0.0,0.06556207244796172,-0.006671856708803964,0.2176174497920375,0.0,0.0,0.0
2000.0,9.581407158872494,5.814336621692281,0.0,0.0,-8.772632348483046e-06,0.0,0.0,4.100272188582649,-15.0709270738,0.0,0.0,1.7140644331096313,0.0,-3.154204590140858e-05,0.0,0.06556202104550195,-0.006671976044046277,0.2176172460723177,0.0,0.0,0.0
2001.0,9.581407258290369,5.814327635187074,0.0,0.0,-8.868347745496224e-06,0.0,0.0,4.100263367976891,-15.0709270738,0.0,0.0,1.7140642672101833,0.0,-3.188619078559641e-05,0.0,0.0655619690999015,-0.0066720963645007375,0.2176170396613119,0.0,0.0,0.0
2002.0,9.581407392211354,5.814318558985886,0.0,0.0,-8.962664563098008e-06,0.0,0.0,4.100254452353354,-15.0709270738,0.0,0.0,1.7140641066325317,0.0,-3.2225306947048085e-05,0.0,0.06556191661941672,-0.0066722176504778186,0.21761683059072218,0.0,0.0,0.0
2003.0,9.581407560681239,5.814309394542088,0.0,0.0,-9.05556286642096e-06,0.0,0.0,4.100245443120605,-15.0709270738,0.0,0.0,1.7140639514214824,0.0,-3.255932270623727e-05,0.0,0.06556186361241761,-0.00667233988207272,0.2176166188927966,0.0,0.0,0.0
2004.0,9.581407763739684,5.814300143328002,0.0,0.0,-9.147022934568272e-06,0.0,0.0,4.100236341707036,-15.0709270738,0.0,0.0,1.7140638016209664,0.0,-3.2888167153099604e-05,0.0,0.0655618100873867,-0.006672463039168491,0.21761640460032422,0.0,0.0,0.0
2005.0,9.581408001420199,5.81429080683468,0.0,0.0,-9.23702526461728e-06,0.0,0.0,4.100227149560651,-15.0709270738,0.0,0.0,1.7140636572740284,0.0,-3.321177016143118e-05,0.0,0.06556175605291759,-0.00667258710143924,0.21761618774663075,0.0,0.0,0.0
2006.0,9.581408273750126,5.814281386571665,0.0,0.0,-9.325550575591745e-06,0.0,0.0,4.100217868148849,-15.0709270738,0.0,0.0,1.7140635184228161,0.0,-3.353006240317465e-05,0.0,0.06556170151771376,-0.006672712048353319,0.21761596836557318,0.0,0.0,0.0
2007.0,9.581408580750619,5.814271884066766,0.0,0.0,-9.412579812404226e-06,0.0,0.0,4.100208498958194,-15.0709270738,0.0,0.0,1.714063385108572,0.0,-3.384297536259772e-05,0.0,0.06556164649058718,-0.006672837859176606,0.21761574649153526,0.0,0.0,0.0
2008.0,9.581408922436626,5.81426230086582,0.0,0.0,-9.498094149764465e-06,0.0,0.0,4.100199043494193,-15.0709270738,0.0,0.0,1.7140632573716266,0.0,-3.415044135034934e-05,0.0,0.065561590980457,-0.00667296451297579,0.21761552215942206,0.0,0.0,0.0
2009.0,9.581409298816878,5.8142526385324445,0.0,0.0,-9.582074996055164e-06,0.0,0.0,4.100189503281061,-15.0709270738,0.0,0.0,1.7140631352513838,0.0,-3.445239351739851e-05,0.0,0.06556153499634808,-0.006673091988621829,0.21761529540465496,0.0,0.0,0.0
2010.0,9.58140970989387,5.8142428986478,0.0,0.0,-9.664503997173737e-06,0.0,0.0,4.100179879861485,-15.0709270738,0.0,0.0,1.714063018786315,0.0,-3.474876586885075e-05,0.0,0.06556147854738961,-0.00667322026479325,0.21761506626316623,0.0,0.0,0.0
2011.0,9.581410155663852,5.814233082810339,0.0,0.0,-9.745363040337859e-06,0.0,0.0,4.100170174796388,-15.0709270738,0.0,0.0,1.7140629080139504,0.0,-3.503949327763417e-05,0.0,0.06556142164281378,-0.006673349319979621,0.2176148347713937,0.0,0.0,0.0
2012.0,9.581410636116809,5.814223192635553,0.0,0.0,-9.824634257859415e-06,0.0,0.0,4.1001603896646825,-15.0709270738,0.0,0.0,1.7140628029708704,0.0,-3.532451149807193e-05,0.0,0.06556136429195418,-0.006673479132484991,0.21761460096627533,0.0,0.0,0.0
2013.0,9.581411151236459,5.814213229755719,0.0,0.0,-9.902300030876621e-06,0.0,0.0,4.1001505260630235,-15.0709270738,0.0,0.0,1.7140627036926954,0.0,-3.560375717930412e-05,0.0,0.06556130650424444,-0.0066736096804315415,0.21761436488524327,0.0,0.0,0.0
2014.0,9.581411701000237,5.814203195819639,0.0,0.0,-9.978342993053767e-06,0.0,0.0,4.10014058560556,-15.0709270738,0.0,0.0,1.7140626102140786,0.0,-3.587716787859316e-05,0.0,0.06556124828921671,-0.006673740941763026,0.2176141265662186,0.0,0.0,0.0
2015.0,9.581412285379285,5.814193092492377,0.0,0.0,-1.005274603424069e-05,0.0,0.0,4.100130569923681,-15.0709270738,0.0,0.0,1.714062522568696,0.0,-3.6144682074484246e-05,0.0,0.06556118965650007,-0.006673872894248353,0.21761388604760507,0.0,0.0,0.0
2016.0,9.581412904338448,5.814182921454995,0.0,0.0,-1.0125492304094472e-05,0.0,0.0,4.100120480665752,-15.0709270738,0.0,0.0,1.7140624407892426,0.0,-3.640623917982994e-05,0.0,0.06556113061581918,-0.006674005515485332,0.21761364336828365,0.0,0.0,0.0
2017.0,9.581413557836266,5.814172684404282,0.0,0.0,-1.0196565215661926e-05,0.0,0.0,4.100110319496862,-15.0709270738,0.0,0.0,1.71406236490742,0.0,-3.666177955467353e-05,0.0,0.06556107117699253,-0.006674138782904335,0.2176133985676061,0.0,0.0,0.0
2018.0,9.581414245824966,5.81416238305248,0.0,0.0,-1.0265948448921698e-05,0.0,0.0,4.10010008809855,-15.0709270738,0.0,0.0,1.71406229495393,0.0,-3.6911244518987184e-05,0.0,0.06556101134993099,-0.006674272673771964,0.21761315168538903,0.0,0.0,0.0
2019.0,9.581414968250462,5.81415201912701,0.0,0.0,-1.0333625954285693e-05,0.0,0.0,4.1000897881685425,-15.0709270738,0.0,0.0,1.7140622309584677,0.0,-3.7154576365263666e-05,0.0,0.06556095114463614,-0.006674407165194782,0.21761290276190787,0.0,0.0,0.0
2020.0,9.581415725052343,5.8141415943701915,0.0,0.0,-1.0399581956058982e-05,0.0,0.0,4.100079421420479,-15.0709270738,0.0,0.0,1.7140621729497125,0.0,-3.739171837095867e-05,0.0,0.06556089057119874,-0.0066745422341232125,0.21761265183789025,0.0,0.0,0.0
2021.0,9.581416516163882,5.814131110538957,0.0,0.0,-1.0463800955859315e-05,0.0,0.0,4.100068989583635,-15.0709270738,0.0,0.0,1.7140621209553224,0.0,-3.762261481078773e-05,0.0,0.06556082963979702,-0.006674677857355274,0.21761239895450984,0.0,0.0,0.0
2022.0,9.581417341512026,5.8141205694045714,0.0,0.0,-1.052626773599072e-05,0.0,0.0,4.100058494402644,-15.0709270738,0.0,0.0,1.7140620750019275,0.0,-3.784721096885801e-05,0.0,0.06556076836069508,-0.006674814011540492,0.21761214415337973,0.0,0.0,0.0
2023.0,9.581418201017398,5.8141099727523375,0.0,0.0,-1.0586967362776292e-05,0.0,0.0,4.100047937637217,-15.0709270738,0.0,0.0,1.7140620351151208,0.0,-3.8065453150653166e-05,0.0,0.06556070674424118,-0.006674950673183758,0.21761188747654597,0.0,0.0,0.0
2024.0,9.581419094594299,5.814099322381305,0.0,0.0,-1.064588518984434e-05,0.0,0.0,4.100037321061855,-15.0709270738,0.0,0.0,1.7140620013194505,0.0,-3.827728869485034e-05,0.0,0.0655606448008661,-0.006675087818649353,0.21761162896648076,0.0,0.0,0.0
2025.0,9.581420022150713,5.814088620103978,0.0,0.0,-1.0703006861372099e-05,0.0,0.0,4.100026646465559,-15.0709270738,0.0,0.0,1.7140619736384188,0.0,-3.8482665984984515e-05,0.0,0.06556058254108135,-0.006675225424164696,0.21761136866607572,0.0,0.0,0.0
2026.0,9.581420983588304,5.814077867746011,0.0,0.0,-1.0758318315282217e-05,0.0,0.0,4.100015915651541,-15.0709270738,0.0,0.0,1.71406195209447,0.0,-3.86815344609429e-05,0.0,0.06556051997547757,-0.006675363465824674,0.21761110661863525,0.0,0.0,0.0
2027.0,9.581421978802425,5.8140670671459125,0.0,0.0,-1.081180578639178e-05,0.0,0.0,4.1000051304369265,-15.0709270738,0.0,0.0,1.714061936708986,0.0,-3.8873844630288506e-05,0.0,0.06556045711472265,-0.0066755019195954,0.21761084286786914,0.0,0.0,0.0
2028.0,9.58142300768212,5.814056220154737,0.0,0.0,-1.0863455809518919e-05,0.0,0.0,4.099994292652455,-15.0709270738,0.0,0.0,1.7140619275022821,0.0,-3.905954807943106e-05,0.0,0.06556039396956007,-0.006675640761318366,0.21761057745788603,0.0,0.0,0.0
2029.0,9.58142407011014,5.814045328635778,0.0,0.0,-1.0913255222536517e-05,0.0,0.0,4.099983404142181,-15.0709270738,0.0,0.0,1.7140619244935973,0.0,-3.923859748460767e-05,0.0,0.06556033055080705,-0.006675779966714576,0.217610310433186,0.0,0.0,0.0
2030.0,9.581425165962939,5.814034394464262,0.0,0.0,-1.0961191169380931e-05,0.0,0.0,4.099972466763169,-15.0709270738,0.0,0.0,1.714061927701093,0.0,-3.9410946622701385e-05,0.0,0.06556026686935282,-0.006675919511388573,0.2176100418386534,0.0,0.0,0.0
2031.0,9.581426295110687,5.814023419527026,0.0,0.0,-1.1007251103010094e-05,0.0,0.0,4.099961482385184,-15.0709270738,0.0,0.0,1.7140619371418424,0.0,-3.957655038187789e-05,0.0,0.06556020293615676,-0.006676059370832765,0.21760977171954962,0.0,0.0,0.0
2032.0,9.581427457417284,5.814012405722214,0.0,0.0,-1.1051422788315094e-05,0.0,0.0,4.099950452890383,-15.0709270738,0.0,0.0,1.7140619528318313,0.0,-3.9735364772054554e-05,0.0,0.06556013876224659,-0.006676199520431386,0.21760950012150568,0.0,0.0,0.0
2033.0,9.581428652740371,5.814001354958947,0.0,0.0,-1.1093694304976526e-05,0.0,0.0,4.099939380173001,-15.0709270738,0.0,0.0,1.7140619747859462,0.0,-3.9887346935170804e-05,0.0,0.06556007435871652,-0.006676339935464903,0.21760922709051486,0.0,0.0,0.0
2034.0,9.581429880931337,5.81399026915701,0.0,0.0,-1.1134054050274145e-05,0.0,0.0,4.099928266139034,-15.0709270738,0.0,0.0,1.7140620030179763,0.0,-4.003245515529052e-05,0.0,0.06556000973672536,-0.006676480591114087,0.217608952672925,0.0,0.0,0.0
2035.0,9.581431141835335,5.8139791502465235,0.0,0.0,-1.1172490741844006e-05,0.0,0.0,4.0999171127059215,-15.0709270738,0.0,0.0,1.714062037540602,0.0,-4.0170648868515427e-05,0.0,0.06555994490749474,-0.006676621462464463,0.21760867691543112,0.0,0.0,0.0
2036.0,9.581432435291301,5.813968000167619,0.0,0.0,-1.1208993420383819e-05,0.0,0.0,4.0999059218022245,-15.0709270738,0.0,0.0,1.7140620783653944,0.0,-4.030188867271208e-05,0.0,0.06555987988230709,-0.006676762524510438,0.21760839986506744,0.0,0.0,0.0
2037.0,9.581433761131965,5.81395682087011,0.0,0.0,-1.12435514523048e-05,0.0,0.0,4.0998946953673,-15.0709270738,0.0,0.0,1.7140621255028101,0.0,-4.042613633704643e-05,0.0,0.06555981467250384,-0.0066769037521596936,0.21760812156919992,0.0,0.0,0.0
2038.0,9.581435119183872,5.813945614313161,0.0,0.0,-1.1276154532331555e-05,0.0,0.0,4.099883435350974,-15.0709270738,0.0,0.0,1.7140621789621866,0.0,-4.05433548113313e-05,0.0,0.06555974928948341,-0.006677045120237507,0.2176078420755182,0.0,0.0,0.0
2039.0,9.581436509267396,5.813934382464954,0.0,0.0,-1.1306792686047554e-05,0.0,0.0,4.099872143713214,-15.0709270738,0.0,0.0,1.7140622387517395,0.0,-4.065350823517811e-05,0.0,0.06555968374469937,-0.0066771866034911614,0.21760756143202772,0.0,0.0,0.0
2040.0,9.581437931196763,5.813923127302351,0.0,0.0,-1.1335456272385143e-05,0.0,0.0,4.0998608224237945,-15.0709270738,0.0,0.0,1.7140623048785564,0.0,-4.075656194694905e-05,0.0,0.0655596180496584,-0.006677328176594305,0.21760727968704183,0.0,0.0,0.0
2041.0,9.58143938478007,5.813911850810558,0.0,0.0,-1.1362135986063766e-05,0.0,0.0,4.099849473461964,-15.0709270738,0.0,0.0,1.7140623773485943,0.0,-4.085248249252285e-05,0.0,0.06555955221591836,-0.0066774698141512795,0.2176069968891736,0.0,0.0,0.0
2042.0,9.581440869819309,5.813900554982784,0.0,0.0,-1.138682285996858e-05,0.0,0.0,4.099838098816106,-15.0709270738,0.0,0.0,1.714062456166678,0.0,-4.094123763384612e-05,0.0,0.06555948625508638,-0.0066776114907017015,0.21760671308732765,0.0,0.0,0.0
2043.0,9.581442386110384,5.813889241819895,0.0,0.0,-1.1409508267476852e-05,0.0,0.0,4.099826700483403,-15.0709270738,0.0,0.0,1.7140625413364923,0.0,-4.102279635729674e-05,0.0,0.06555942017881673,-0.00667775318072486,0.2176064283306922,0.0,0.0,0.0
2044.0,9.581443933443142,5.813877913330076,0.0,0.0,-1.1430183924727417e-05,0.0,0.0,4.099815280469492,-15.0709270738,0.0,0.0,1.7140626328605846,0.0,-4.1097128881842376e-05,0.0,0.06555935399880897,-0.006677894858644104,0.2176061426687304,0.0,0.0,0.0
2045.0,9.581445511601393,5.813866571528479,0.0,0.0,-1.1448841892829013e-05,0.0,0.0,4.0998038407881205,-15.0709270738,0.0,0.0,1.7140627307403582,0.0,-4.116420666697916e-05,0.0,0.0655592877268058,-0.006678036498831474,0.2176058561511725,0.0,0.0,0.0
2046.0,9.58144712036294,5.813855218436875,0.0,0.0,-1.1465474580015768e-05,0.0,0.0,4.099792383460803,-15.0709270738,0.0,0.0,1.7140628349760716,0.0,-4.1224002420480026e-05,0.0,0.06555922137459115,-0.006678178075612148,0.21760556882800686,0.0,0.0,0.0
2047.0,9.581448759499606,5.813843856083306,0.0,0.0,-1.1480074743742969e-05,0.0,0.0,4.099780910516472,-15.0709270738,0.0,0.0,1.714062945566834,0.0,-4.127649010592839e-05,0.0,0.06555915495398805,-0.00667831956326892,0.21760528074947186,0.0,0.0,0.0
2048.0,9.58145042877726,5.813832486501729,0.0,0.0,-1.1492635492723258e-05,0.0,0.0,4.099769423991125,-15.0709270738,0.0,0.0,1.7140630625106041,0.0,-4.132164495003727e-05,0.0,0.06555908847685664,-0.006678460936046848,0.2176049919660475,0.0,0.0,0.0
2049.0,9.581452127955847,5.813821111731665,0.0,0.0,-1.1503150288905266e-05,0.0,0.0,4.0997579259274755,-15.0709270738,0.0,0.0,1.7140631858041893,0.0,-4.135944344976146e-05,0.0,0.06555902195509208,-0.006678602168157771,0.21760470252844616,0.0,0.0,0.0
2050.0,9.581453856789423,5.813809733817839,0.0,0.0,-1.151161294939217e-05,0.0,0.0,4.099746418374597,-15.0709270738,0.0,0.0,1.7140633154432425,0.0,-4.138986337919344e-05,0.0,0.06555895540062248,-0.006678743233784895,0.2176044124876047,0.0,0.0,0.0
2051.0,9.581455615026181,5.813798354809829,0.0,0.0,-1.1518017648298552e-05,0.0,0.0,4.099734903387568,-15.0709270738,0.0,0.0,1.7140634514222608,0.0,-4.1412883796237355e-05,0.0,0.06555888882540688,-0.006678884107087307,0.21760412189467535,0.0,0.0,0.0
2052.0,9.581457402408489,5.813786976761698,0.0,0.0,-1.1522358918550885e-05,0.0,0.0,4.099723383027114,-15.0709270738,0.0,0.0,1.7140635937345836,0.0,-4.142848504908011e-05,0.0,0.06555882224143299,-0.006679024762204763,0.21760383080101692,0.0,0.0,0.0
2053.0,9.581459218672922,5.813775601731638,0.0,0.0,-1.1524631653622514e-05,0.0,0.0,4.099711859359247,-15.0709270738,0.0,0.0,1.7140637423723915,0.0,-4.143664878242683e-05,0.0,0.06555875566071533,-0.0066791651732621415,0.2176035392581861,0.0,0.0,0.0
2054.0,9.581461063550298,5.813764231781611,0.0,0.0,-1.1524831109210468e-05,0.0,0.0,4.099700334454904,-15.0709270738,0.0,0.0,1.7140638973267066,0.0,-4.1437357943527e-05,0.0,0.06555868909529289,-0.006679305314374162,0.2176032473179285,0.0,0.0,0.0
2055.0,9.581462936765714,5.813752868976976,0.0,0.0,-1.152295290484705e-05,0.0,0.0,4.099688810389586,-15.0709270738,0.0,0.0,1.7140640585873896,0.0,-4.143059678796601e-05,0.0,0.0655586225572272,-0.006679445159649966,0.21760295503216978,0.0,0.0,0.0
2056.0,9.581464838038583,5.813741515386132,0.0,0.0,-1.1518993025455275e-05,0.0,0.0,4.09967728924299,-15.0709270738,0.0,0.0,1.714064226143142,0.0,-4.141635088525452e-05,0.0,0.06555855605860007,-0.006679584683197848,0.2176026624530067,0.0,0.0,0.0
2057.0,9.581466767082674,5.813730173080149,0.0,0.0,-1.1512947822833983e-05,0.0,0.0,4.099665773098647,-15.0709270738,0.0,0.0,1.7140643999815017,0.0,-4.139460712416501e-05,0.0,0.06555848961151148,-0.0066797238591299185,0.21760236963269786,0.0,0.0,0.0
2058.0,9.58146872360615,5.8137188441323975,0.0,0.0,-1.1504814017086398e-05,0.0,0.0,4.09965426404355,-15.0709270738,0.0,0.0,1.7140645800888477,0.0,-4.1365353717864746e-05,0.0,0.06555842322807753,-0.006679862661566657,0.217602076623655,0.0,0.0,0.0
2059.0,9.581470707311611,5.813707530618182,0.0,0.0,-1.1494588697980531e-05,0.0,0.0,4.099642764167788,-15.0709270738,0.0,0.0,1.7140647664503943,0.0,-4.1328580208803516e-05,0.0,0.06555835692042813,-0.006680001064641783,0.2176017834784334,0.0,0.0,0.0
2060.0,9.581472717896135,5.813696234614373,0.0,0.0,-1.1482269326250347e-05,0.0,0.0,4.0996312755641755,-15.0709270738,0.0,0.0,1.714064959050197,0.0,-4.1284277473388355e-05,0.0,0.06555829070070499,-0.006680139042506764,0.21760149024972314,0.0,0.0,0.0
2061.0,9.581474755051321,5.813684958199029,0.0,0.0,-1.1467853734828358e-05,0.0,0.0,4.099619800327879,-15.0709270738,0.0,0.0,1.7140651578711497,0.0,-4.123243772641145e-05,0.0,0.06555822458105937,-0.006680276569335661,0.21760119699033964,0.0,0.0,0.0
2062.0,9.581476818463331,5.813673703451033,0.0,0.0,-1.1451340130015994e-05,0.0,0.0,4.099608340556047,-15.0709270738,0.0,0.0,1.7140653628949858,0.0,-4.117305452525432e-05,0.0,0.06555815857364995,-0.0066804136193297226,0.2176009037532145,0.0,0.0,0.0
2063.0,9.58147890781294,5.813662472449714,0.0,0.0,-1.1432727092589999e-05,0.0,0.0,4.099596898347434,-15.0709270738,0.0,0.0,1.71406557410228,0.0,-4.110612277386175e-05,0.0,0.06555809269064064,-0.006680550166722143,0.217600610591386,0.0,0.0,0.0
2064.0,9.581481022775575,5.813651267274474,0.0,0.0,-1.141201357884063e-05,0.0,0.0,4.099585475802025,-15.0709270738,0.0,0.0,1.714065791472449,0.0,-4.103163872647042e-05,0.0,0.06555802694419835,-0.006680686185782825,0.21760031755799014,0.0,0.0,0.0
2065.0,9.581483163021373,5.813640090004412,0.0,0.0,-1.1389198921547649e-05,0.0,0.0,4.099574075020661,-15.0709270738,0.0,0.0,1.714066014983751,0.0,-4.094959999111375e-05,0.0,0.06555796134649092,-0.006680821650822968,0.21760002470625095,0.0,0.0,0.0
2066.0,9.581485328215217,5.813628942717954,0.0,0.0,-1.136428283088729e-05,0.0,0.0,4.099562698104664,-15.0709270738,0.0,0.0,1.7140662446132904,0.0,-4.0860005532878414e-05,0.0,0.06555789590968478,-0.006680956536199864,0.2175997320894711,0.0,0.0,0.0
2067.0,9.581487518016797,5.813617827492469,0.0,0.0,-1.133726539527605e-05,0.0,0.0,4.099551347155452,-15.0709270738,0.0,0.0,1.7140664803370171,0.0,-4.076285567693366e-05,0.0,0.0655578306459429,-0.00668109081632165,0.21759943976102258,0.0,0.0,0.0
2068.0,9.581489732080648,5.8136067464039,0.0,0.0,-1.130814708214648e-05,0.0,0.0,4.0995400242741695,-15.0709270738,0.0,0.0,1.71406672212973,0.0,-4.065815211131588e-05,0.0,0.06555776556742246,-0.006681224465651961,0.21759914777433736,0.0,0.0,0.0
2069.0,9.581491970056215,5.813595701526379,0.0,0.0,-1.1276928738656202e-05,0.0,0.0,4.099528731561302,-15.0709270738,0.0,0.0,1.714066969965077,0.0,-4.0545897889473146e-05,0.0,0.06555770068627276,-0.006681357458714662,0.21759885618289732,0.0,0.0,0.0
2070.0,9.581494231587893,5.813584694931857,0.0,0.0,-1.1243611592329773e-05,0.0,0.0,4.099517471116297,-15.0709270738,0.0,0.0,1.7140672238155599,0.0,-4.042609743256803e-05,0.0,0.06555763601463294,-0.006681489770098609,0.2175985650402254,0.0,0.0,0.0
2071.0,9.581496516315092,5.81357372868972,0.0,0.0,-1.1208197251634885e-05,0.0,0.0,4.099506245037186,-15.0709270738,0.0,0.0,1.714067483652534,0.0,-4.0298756531544305e-05,0.0,0.06555757156462975,-0.006681621374462279,0.2175982743998756,0.0,0.0,0.0
2072.0,9.58149882387228,5.813562804866414,0.0,0.0,-1.1170687706489936e-05,0.0,0.0,4.099495055420199,-15.0709270738,0.0,0.0,1.7140677494462144,0.0,-4.016388234894679e-05,0.0,0.06555750734837543,-0.006681752246538664,0.2175979843154235,0.0,0.0,0.0
2073.0,9.581501153889052,5.813551925525064,0.0,0.0,-1.1131085328702829e-05,0.0,0.0,4.099483904359388,-15.0709270738,0.0,0.0,1.7140680211656765,0.0,-4.0021483420493755e-05,0.0,0.06555744337796543,-0.0066818823611397155,0.21759769484045666,0.0,0.0,0.0
2074.0,9.58150350599017,5.813541092725098,0.0,0.0,-1.1089392872343212e-05,0.0,0.0,4.099472793946239,-15.0709270738,0.0,0.0,1.7140682987788587,0.0,-3.987156965641e-05,0.0,0.0655573796654762,-0.00668201169316128,0.21759740602856506,0.0,0.0,0.0
2075.0,9.581505879795637,5.813530308521863,0.0,0.0,-1.1045613474048948e-05,0.0,0.0,4.099461726269295,-15.0709270738,0.0,0.0,1.714068582252568,0.0,-3.9714152342523267e-05,0.0,0.06555731622296296,-0.006682140217587687,0.21759711793333128,0.0,0.0,0.0
2076.0,9.581508274920742,5.813519574966254,0.0,0.0,-1.0999750653256702e-05,0.0,0.0,4.09945070341377,-15.0709270738,0.0,0.0,1.7140688715524837,0.0,-3.95492441410878e-05,0.0,0.06555725306245755,-0.006682267909496484,0.21759683060832094,0.0,0.0,0.0
2077.0,9.58151069097613,5.813508894104325,0.0,0.0,-1.0951808312373861e-05,0.0,0.0,4.099439727461166,-15.0709270738,0.0,0.0,1.7140691666431591,0.0,-3.9376859091396854e-05,0.0,0.06555719019596615,-0.006682394744063083,0.217596544107073,0.0,0.0,0.0
2078.0,9.581513127567854,5.813498267976919,0.0,0.0,-1.0901790736873126e-05,0.0,0.0,4.099428800488894,-15.0709270738,0.0,0.0,1.7140694674880246,0.0,-3.919701261011705e-05,0.0,0.06555712763546702,-0.006682520696565539,0.21759625848308994,0.0,0.0,0.0
2079.0,9.581515584297444,5.813487698619282,0.0,0.0,-1.0849702595324958e-05,0.0,0.0,4.099417924569885,-15.0709270738,0.0,0.0,1.7140697740493964,0.0,-3.900972149139925e-05,0.0,0.06555706539290843,-0.006682645742389068,0.21759597378982826,0.0,0.0,0.0
2080.0,9.581518060761962,5.8134771880606895,0.0,0.0,-1.0795548939356447e-05,0.0,0.0,4.099407101772212,-15.0709270738,0.0,0.0,1.7140700862884772,0.0,-3.8815003906724784e-05,0.0,0.06555700348020627,-0.006682769857030854,0.2175956900806885,0.0,0.0,0.0
2081.0,9.58152055655407,5.813466738324066,0.0,0.0,-1.0739335203542066e-05,0.0,0.0,4.099396334158704,-15.0709270738,0.0,0.0,1.714070404165362,0.0,-3.8612879404506696e-05,0.0,0.06555694190924197,-0.006682893016104585,0.21759540740900568,0.0,0.0,0.0
2082.0,9.581523071262094,5.813456351425607,0.0,0.0,-1.068106720522825e-05,0.0,0.0,4.099385623786564,-15.0709270738,0.0,0.0,1.7140707276390437,0.0,-3.840336890945299e-05,0.0,0.0655568806918602,-0.006683015195345171,0.21759512582803942,0.0,0.0,0.0
2083.0,9.581525604470087,5.813446029374402,0.0,0.0,-1.0620751144283605e-05,0.0,0.0,4.099374972706985,-15.0709270738,0.0,0.0,1.714071056667417,0.0,-3.8186494721662416e-05,0.0,0.06555681983986672,-0.006683136370613393,0.21759484539096424,0.0,0.0,0.0
2084.0,9.581528155757898,5.813435774172057,0.0,0.0,-1.0558393602782179e-05,0.0,0.0,4.099364382964772,-15.0709270738,0.0,0.0,1.714071391207285,0.0,-3.796228051547948e-05,0.0,0.06555675936502608,-0.0066832565179004155,0.21759456615085984,0.0,0.0,0.0
2085.0,9.581530724701233,5.8134255878123176,0.0,0.0,-1.0494001544618703e-05,0.0,0.0,4.099353856597956,-15.0709270738,0.0,0.0,1.7140717312143616,0.0,-3.773075133810491e-05,0.0,0.06555669927905955,-0.006683375613332487,0.21759428816070125,0.0,0.0,0.0
2086.0,9.58153331087173,5.813415472280694,0.0,0.0,-1.0427582315052003e-05,0.0,0.0,4.099343395637411,-15.0709270738,0.0,0.0,1.7140720766432826,0.0,-3.749193360794762e-05,0.0,0.06555663959364277,-0.0066834936331754136,0.21759401147334906,0.0,0.0,0.0
2087.0,9.581535913837024,5.813405429554084,0.0,0.0,-1.0359143640179675e-05,0.0,0.0,4.099333002106478,-15.0709270738,0.0,0.0,1.714072427447606,0.0,-3.724585511272968e-05,0.0,0.06555658032040367,-0.0066836105538393,0.21759373614153976,0.0,0.0,0.0
2088.0,9.581538533160819,5.813395461600403,0.0,0.0,-1.0288693626341535e-05,0.0,0.0,4.099322678020581,-15.0709270738,0.0,0.0,1.7140727835798222,0.0,-3.699254500733497e-05,0.0,0.06555652147092016,-0.0066837263518829265,0.2175934622178758,0.0,0.0,0.0
2089.0,9.58154116840295,5.8133855703782045,0.0,0.0,-1.0216240759454055e-05,0.0,0.0,4.099312425386847,-15.0709270738,0.0,0.0,1.7140731449913575,0.0,-3.6732033811409815e-05,0.0,0.06555646305671806,-0.0066838410040184065,0.21759318975481592,0.0,0.0,0.0
2090.0,9.581543819119467,5.813375757836312,0.0,0.0,-1.0141793904277608e-05,0.0,0.0,4.099302246203728,-15.0709270738,0.0,0.0,1.7140735116325834,0.0,-3.646435340672185e-05,0.0,0.06555640508926881,-0.006683954487115645,0.21759291880466552,0.0,0.0,0.0
2091.0,9.581546484862699,5.813366025913444,0.0,0.0,-1.0065362303610078e-05,0.0,0.0,4.099292142460624,-15.0709270738,0.0,0.0,1.7140738834528202,0.0,-3.618953703425424e-05,0.0,0.06555634757998736,-0.00668406677820689,0.21759264941956663,0.0,0.0,0.0
2092.0,9.581549165181327,5.813356376537848,0.0,0.0,-9.986955577412156e-06,0.0,0.0,4.0992821161375,-15.0709270738,0.0,0.0,1.7140742604003476,0.0,-3.5907619291054155e-05,0.0,0.06555629054022996,-0.006684177854491102,0.21759238165148842,0.0,0.0,0.0
2093.0,9.581551859620461,5.813346811626923,0.0,0.0,-9.906583721862944e-06,0.0,0.0,4.099272169204516,-15.0709270738,0.0,0.0,1.714074642422407,0.0,-3.561863612683062e-05,0.0,0.06555623398129196,-0.006684287693338606,0.2175921155522173,0.0,0.0,0.0
2094.0,9.581554567721712,5.813337333086861,0.0,0.0,-9.824257108345544e-06,0.0,0.0,4.0992623036216465,-15.0709270738,0.0,0.0,1.7140750294652145,0.0,-3.532262484030074e-05,0.0,0.0655561779144057,-0.00668439627229532,0.21759185117334734,0.0,0.0,0.0
2095.0,9.581557289023268,5.813327942812271,0.0,0.0,-9.73998648236372e-06,0.0,0.0,4.0992525213383075,-15.0709270738,0.0,0.0,1.7140754214739635,0.0,-3.501962407528797e-05,0.0,0.06555612235073835,-0.0066845035690872995,0.2175915885662704,0.0,0.0,0.0
2096.0,9.58156002305997,5.813318642685819,0.0,0.0,-9.653782962387245e-06,0.0,0.0,4.0992428242929835,-15.0709270738,0.0,0.0,1.7140758183928355,0.0,-3.470967381656396e-05,0.0,0.06555606730138971,-0.006684609561625102,0.2175913277821665,0.0,0.0,0.0
2097.0,9.581562769363389,5.813309434577861,0.0,0.0,-9.565658038629552e-06,0.0,0.0,4.0992332144128545,-15.0709270738,0.0,0.0,1.7140762201650066,0.0,-3.439281538544708e-05,0.0,0.06555601277739014,-0.006684714228008176,0.21759106887199436,0.0,0.0,0.0
2098.0,9.581565527461905,5.81330032034608,0.0,0.0,-9.475623571753357e-06,0.0,0.0,4.099223693613425,-15.0709270738,0.0,0.0,1.7140766267326555,0.0,-3.40690914351419e-05,0.0,0.06555595878969835,-0.006684817546529109,0.21759081188648138,0.0,0.0,0.0
2099.0,9.581568296880784,5.813291301835127,0.0,0.0,-9.383691791509465e-06,0.0,0.0,4.099214263798153,-15.0709270738,0.0,0.0,1.714077038036974,0.0,-3.373854594583842e-05,0.0,0.06555590534919932,-0.006684919495678079,0.21759055687611434,0.0,0.0,0.0
2100.0,9.581571077142254,5.813282380876259,0.0,0.0,-9.28987529530372e-06,0.0,0.0,4.099204926858085,-15.0709270738,0.0,0.0,1.7140774540181738,0.0,-3.340122421955308e-05,0.0,0.06555585246670219,-0.006685020054147062,0.21759030389112954,0.0,0.0,0.0
2101.0,9.58157386776559,5.813273559286978,0.0,0.0,-9.194187046696235e-06,0.0,0.0,4.099195684671484,-15.0709270738,0.0,0.0,1.7140778746154943,0.0,-3.305717287472613e-05,0.0,0.06555580015293813,-0.006685119200834089,0.21759005298150347,0.0,0.0,0.0
2102.0,9.581576668267191,5.8132648388706825,0.0,0.0,-9.096640373832194e-06,0.0,0.0,4.09918653910347,-15.0709270738,0.0,0.0,1.7140782997672126,0.0,-3.2706439840573036e-05,0.0,0.06555574841855821,-0.006685216914847553,0.21758980419694302,0.0,0.0,0.0
2103.0,9.581579478160664,5.813256221416305,0.0,0.0,-8.99724896780216e-06,0.0,0.0,4.099177492005651,-15.0709270738,0.0,0.0,1.7140787294106534,0.0,-3.234907435118257e-05,0.0,0.06555569727413144,-0.006685313175510327,0.21758955758687598,0.0,0.0,0.0
2104.0,9.581582296956903,5.813247708697963,0.0,0.0,-8.89602688093224e-06,0.0,0.0,4.099168545215766,-15.0709270738,0.0,0.0,1.7140791634821975,0.0,-3.1985126939362565e-05,0.0,0.0655556467301425,-0.006685407962364026,0.21758931320044184,0.0,0.0,0.0
2105.0,9.581585124164171,5.813239302474607,0.0,0.0,-8.792988525009641e-06,0.0,0.0,4.099159700557316,-15.0709270738,0.0,0.0,1.714079601917291,0.0,-3.16146494302535e-05,0.0,0.06555559679698986,-0.00668550125517306,0.21758907108648187,0.0,0.0,0.0
2106.0,9.581587959288187,5.813231004489674,0.0,0.0,-8.688148669436918e-06,0.0,0.0,4.099150959839219,-15.0709270738,0.0,0.0,1.714080044650455,0.0,-3.1237694934685676e-05,0.0,0.06555554748498356,-0.006685593033928891,0.2175888312935301,0.0,0.0,0.0
2107.0,9.581590801832206,5.813222816470735,0.0,0.0,-8.581522439316604e-06,0.0,0.0,4.099142324855439,-15.0709270738,0.0,0.0,1.714080491615296,0.0,-3.085431784228623e-05,0.0,0.06555549880434335,-0.006685683278853896,0.2175885938698037,0.0,0.0,0.0
2108.0,9.581593651297107,5.813214740129158,0.0,0.0,-8.473125313472032e-06,0.0,0.0,4.099133797384642,-15.0709270738,0.0,0.0,1.7140809427445163,0.0,-3.0464573814356624e-05,0.0,0.06555545076519645,-0.006685771970405652,0.21758835886319353,0.0,0.0,0.0
2109.0,9.581596507181473,5.81320677715976,0.0,0.0,-8.362973122395282e-06,0.0,0.0,4.099125379189838,-15.0709270738,0.0,0.0,1.714081397969922,0.0,-3.0068519776488317e-05,0.0,0.06555540337757573,-0.0066858590892807795,0.21758812632125524,0.0,0.0,0.0
2110.0,9.581599368981681,5.813198929240466,0.0,0.0,-8.251082046131107e-06,0.0,0.0,4.099117072018029,-15.0709270738,0.0,0.0,1.7140818572224363,0.0,-2.966621391094818e-05,0.0,0.06555535665141754,-0.006685944616419026,0.21758789629119946,0.0,0.0,0.0
2111.0,9.581602236191987,5.813191198031977,0.0,0.0,-8.137468612092984e-06,0.0,0.0,4.0991088775998685,-15.0709270738,0.0,0.0,1.7140823204321087,0.0,-2.9257715648820038e-05,0.0,0.0655553105965598,-0.006686028533007149,0.21758766881988292,0.0,0.0,0.0
2112.0,9.581605108304611,5.813183585177431,0.0,0.0,-8.022149692809718e-06,0.0,0.0,4.099100797649305,-15.0709270738,0.0,0.0,1.7140827875281266,0.0,-2.884308566189648e-05,0.0,0.06555526522274004,-0.006686110820482885,0.2175874439537993,0.0,0.0,0.0
2113.0,9.581607984809827,5.8131760923020686,0.0,0.0,-7.905142503606967e-06,0.0,0.0,4.099092833863244,-15.0709270738,0.0,0.0,1.7140832584388246,0.0,-2.8422385854336875e-05,0.0,0.06555522053959338,-0.0066861914605386985,0.2175872217390698,0.0,0.0,0.0
2114.0,9.581610865196046,5.813168721012903,0.0,0.0,-7.786464600221735e-06,0.0,0.0,4.099084987921207,-15.0709270738,0.0,0.0,1.7140837330916963,0.0,-2.7995679354084305e-05,0.0,0.0655551765566506,-0.006686270435125818,0.21758700222143412,0.0,0.0,0.0
2115.0,9.581613748949911,5.813161472898395,0.0,0.0,-7.666133876351103e-06,0.0,0.0,4.099077261484988,-15.0709270738,0.0,0.0,1.7140842114134074,0.0,-2.7563030504046273e-05,0.0,0.06555513328333618,-0.0066863477264578475,0.21758678544624183,0.0,0.0,0.0
2116.0,9.581616635556383,5.8131543495281255,0.0,0.0,-7.544168561133981e-06,0.0,0.0,4.0990696561983215,-15.0709270738,0.0,0.0,1.714084693329804,0.0,-2.7124504853034547e-05,0.0,0.06555509072896645,-0.006686423317014564,0.21758657145844265,0.0,0.0,0.0
2117.0,9.581619524498826,5.813147352452473,0.0,0.0,-7.420587216566895e-06,0.0,0.0,4.099062173686546,-15.0709270738,0.0,0.0,1.7140851787659273,0.0,-2.668016914646806e-05,0.0,0.0655550489027476,-0.006686497189545712,0.21758636030257816,0.0,0.0,0.0
2118.0,9.581622415259105,5.813140483202296,0.0,0.0,-7.29540873485586e-06,0.0,0.0,4.099054815556271,-15.0709270738,0.0,0.0,1.7140856676460245,0.0,-2.6230091316845952e-05,0.0,0.06555500781377385,-0.006686569327074635,0.2175861520227726,0.0,0.0,0.0
2119.0,9.581625307317667,5.813133743288611,0.0,0.0,-7.168652335703054e-06,0.0,0.0,4.099047583395052,-15.0709270738,0.0,0.0,1.7140861598935588,0.0,-2.577434047398641e-05,0.0,0.06555496747102552,-0.006686639712901815,0.21758594666272404,0.0,0.0,0.0
2120.0,9.581628200153643,5.8131271342022846,0.0,0.0,-7.040337563525319e-06,0.0,0.0,4.099040478771061,-15.0709270738,0.0,0.0,1.714086655431224,0.0,-2.5312986895020418e-05,0.0,0.06555492788336723,-0.006686708330608665,0.2175857442656957,0.0,0.0,0.0
2121.0,9.581631093244926,5.813120657413719,0.0,0.0,-6.9104842846135605e-06,0.0,0.0,4.099033503232763,-15.0709270738,0.0,0.0,1.7140871541809553,0.0,-2.4846102014173187e-05,0.0,0.06555488905954598,-0.006686775164060882,0.2175855448745072,0.0,0.0,0.0
2122.0,9.581633986068274,5.8131143143725446,0.0,0.0,-6.779112684225228e-06,0.0,0.0,4.099026658308602,-15.0709270738,0.0,0.0,1.7140876560639429,0.0,-2.4373758412305002e-05,0.0,0.06555485100818949,-0.006686840197412058,0.21758534853152603,0.0,0.0,0.0
2123.0,9.581636878099394,5.8131081065073165,0.0,0.0,-6.646243263612564e-06,0.0,0.0,4.099019945506672,-15.0709270738,0.0,0.0,1.7140881610006442,0.0,-2.3896029806221354e-05,0.0,0.06555481373780415,-0.006686903415107109,0.21758515527865863,0.0,0.0,0.0
2124.0,9.581639768813039,5.813102035225212,0.0,0.0,-6.511896836990205e-06,0.0,0.0,4.099013366314414,-15.0709270738,0.0,0.0,1.7140886689107981,0.0,-2.3412991037765018e-05,0.0,0.0655547772567735,-0.006686964801885659,0.21758496515734227,0.0,0.0,0.0
2125.0,9.581642657683098,5.8130961019117295,0.0,0.0,-6.376094528437563e-06,0.0,0.0,4.099006922198296,-15.0709270738,0.0,0.0,1.7140891797134339,0.0,-2.292471806267386e-05,0.0,0.0655547415733562,-0.006687024342785508,0.21758477820853633,0.0,0.0,0.0
2126.0,9.581645544182692,5.813090307930399,0.0,0.0,-6.238857768740521e-06,0.0,0.0,4.0990006146035105,-15.0709270738,0.0,0.0,1.7140896933268888,0.0,-2.243128793922049e-05,0.0,0.0655547066956845,-0.006687082023145802,0.21758459447271414,0.0,0.0,0.0
2127.0,9.581648427784264,5.813084654622485,0.0,0.0,-6.1002082921699145e-06,0.0,0.0,4.098994444953667,-15.0709270738,0.0,0.0,1.714090209668818,0.0,-2.1932778816624855e-05,0.0,0.06555467263176237,-0.006687137828610509,0.2175844139898543,0.0,0.0,0.0
2128.0,9.581651307959676,5.813079143306701,0.0,0.0,-5.960168133200383e-06,0.0,0.0,4.09898841465049,-15.0709270738,0.0,0.0,1.7140907286562106,0.0,-2.1429269923252492e-05,0.0,0.06555463938946388,-0.006687191745131382,0.2175842367994329,0.0,0.0,0.0
2129.0,9.5816541841803,5.813073775278922,0.0,0.0,-5.818759623166616e-06,0.0,0.0,4.098982525073521,-15.0709270738,0.0,0.0,1.714091250205401,0.0,-2.092084155458787e-05,0.0,0.0655546069765314,-0.0066872437589714645,0.2175840629404149,0.0,0.0,0.0
2130.0,9.58165705591711,5.813068551811908,0.0,0.0,-5.676005386859837e-06,0.0,0.0,4.098976777579822,-15.0709270738,0.0,0.0,1.7140917742320854,0.0,-2.0407575060992975e-05,0.0,0.06555457540057405,-0.006687293856707799,0.21758389245124649,0.0,0.0,0.0
2131.0,9.581659922640789,5.813063474155019,0.0,0.0,-5.531928339063196e-06,0.0,0.0,4.098971173503688,-15.0709270738,0.0,0.0,1.7140923006513313,0.0,-1.988955283524642e-05,0.0,0.06555454466906596,-0.0066873420252349935,0.21758372536984663,0.0,0.0,0.0
2132.0,9.581662783821805,5.8130585435339475,0.0,0.0,-5.386551681030109e-06,0.0,0.0,4.098965714156351,-15.0709270738,0.0,0.0,1.7140928293775968,0.0,-1.9366858299877562e-05,0.0,0.06555451478934468,-0.0066873882517678035,0.21758356173359944,0.0,0.0,0.0
2133.0,9.581665638930522,5.813053761150444,0.0,0.0,-5.239898896900471e-06,0.0,0.0,4.098960400825704,-15.0709270738,0.0,0.0,1.71409336032474,0.0,-1.8839575894277372e-05,0.0,0.06555448576860957,-0.006687432523844461,0.21758340157934614,0.0,0.0,0.0
2134.0,9.581668487437287,5.813049128182051,0.0,0.0,-5.09199375006122e-06,0.0,0.0,4.098955234776015,-15.0709270738,0.0,0.0,1.7140938934060364,0.0,-1.8307791061609422e-05,0.0,0.0655544576139202,-0.006687474829329285,0.21758324494337733,0.0,0.0,0.0
2135.0,9.581671328812527,5.81304464578184,0.0,0.0,-4.94286027944781e-06,0.0,0.0,4.098950217247649,-15.0709270738,0.0,0.0,1.7140944285341915,0.0,-1.7771590235508563e-05,0.0,0.06555443033219477,-0.006687515156415844,0.21758309186142544,0.0,0.0,0.0
2136.0,9.581674162526848,5.813040315078154,0.0,0.0,-4.792522795786802e-06,0.0,0.0,4.0989453494567964,-15.0709270738,0.0,0.0,1.7140949656213573,0.0,-1.7231060826568024e-05,0.0,0.06555440393020863,-0.006687553493629539,0.21758294236865694,0.0,0.0,0.0
2137.0,9.581676988051125,5.813036137174349,0.0,0.0,-4.641005877783555e-06,0.0,0.0,4.0989406325952045,-15.0709270738,0.0,0.0,1.7140955045791442,0.0,-1.6686291208629333e-05,0.0,0.06555437841459266,-0.006687589829830545,0.21758279649966467,0.0,0.0,0.0
2138.0,9.581679804856602,5.813032113148546,0.0,0.0,-4.488334368253519e-06,0.0,0.0,4.098936067829907,-15.0709270738,0.0,0.0,1.7140960453186391,0.0,-1.6137370704869614e-05,0.0,0.06555435379183189,-0.006687624154216379,0.21758265428846085,0.0,0.0,0.0
2139.0,9.581682612414987,5.813028244053383,0.0,0.0,-4.33453337019756e-06,0.0,0.0,4.098931656302967,-15.0709270738,0.0,0.0,1.714096587750416,0.0,-1.5584389573687815e-05,0.0,0.06555433006826389,-0.006687656456324645,0.21758251576846938,0.0,0.0,0.0
2140.0,9.58168541019855,5.8130245309157695,0.0,0.0,-4.179628242821231e-06,0.0,0.0,4.098927399131213,-15.0709270738,0.0,0.0,1.7140971317845564,0.0,-1.5027438994389582e-05,0.0,0.06555430725007746,-0.006687686726035619,0.21758238097251867,0.0,0.0,0.0
2141.0,9.581688197680213,5.81302097473665,0.0,0.0,-4.023644597499529e-06,0.0,0.0,4.098923297405991,-15.0709270738,0.0,0.0,1.7140976773306598,0.0,-1.4466611052676316e-05,0.0,0.06555428534331112,-0.006687714953574786,0.21758224993283443,0.0,0.0,0.0
2142.0,9.581690974333657,5.81301757649077,0.0,0.0,-3.8666082936924485e-06,0.0,0.0,4.098919352192907,-15.0709270738,0.0,0.0,1.7140982242978628,0.0,-1.3901998725957488e-05,0.0,0.06555426435385167,-0.006687741129515215,0.21758212268103289,0.0,0.0,0.0
2143.0,9.581693739633408,5.813014337126441,0.0,0.0,-3.7085454347971944e-06,0.0,0.0,4.098915564531591,-15.0709270738,0.0,0.0,1.7140987725948502,0.0,-1.3333695868435405e-05,0.0,0.06555424428743294,-0.006687765244780222,0.21758199924811328,0.0,0.0,0.0
2144.0,9.581696493054942,5.81301125756532,0.0,0.0,-3.549482363959779e-06,0.0,0.0,4.098911935435445,-15.0709270738,0.0,0.0,1.7140993221298748,0.0,-1.2761797196044126e-05,0.0,0.06555422514963428,-0.006687787290645564,0.2175818796644515,0.0,0.0,0.0
2145.0,9.581699234074772,5.813008338702182,0.0,0.0,-3.3894456598244653e-06,0.0,0.0,4.098908465891411,-15.0709270738,0.0,0.0,1.7140998728107713,0.0,-1.2186398271165106e-05,0.0,0.06555420694587939,-0.0066878072587417126,0.2175817639597929,0.0,0.0,0.0
2146.0,9.581701962170555,5.813005581404705,0.0,0.0,-3.2284621322386074e-06,0.0,0.0,4.098905156859736,-15.0709270738,0.0,0.0,1.7141004245449691,0.0,-1.1607595487182645e-05,0.0,0.06555418968143487,-0.006687825141056328,0.21758165216324588,0.0,0.0,0.0
2147.0,9.581704676821182,5.8130029865132595,0.0,0.0,-3.0665588179053897e-06,0.0,0.0,4.098902009273744,-15.0709270738,0.0,0.0,1.7141009772395153,0.0,-1.1025486052852204e-05,0.0,0.06555417336140901,-0.006687840929936184,0.21758154430327525,0.0,0.0,0.0
2148.0,9.581707377506877,5.813000554840694,0.0,0.0,-2.9037629759817117e-06,0.0,0.0,4.0988990240396115,-15.0709270738,0.0,0.0,1.7141015308010825,0.0,-1.0440167976471704e-05,0.0,0.06555415799075058,-0.006687854618089531,0.21758144040769573,0.0,0.0,0.0
2149.0,9.581710063709291,5.812998287172135,0.0,0.0,-2.740102083634133e-06,0.0,0.0,4.098896202036145,-15.0709270738,0.0,0.0,1.7141020851359903,0.0,-9.851740049902213e-06,0.0,0.06555414357424752,-0.006687866198587952,0.21758134050366545,0.0,0.0,0.0
2150.0,9.581712734911601,5.812996184264787,0.0,0.0,-2.575603831541127e-06,0.0,0.0,4.098893544114567,-15.0709270738,0.0,0.0,1.7141026401502195,0.0,-9.260301832395775e-06,0.0,0.06555413011652579,-0.006687875664868573,0.21758124461767994,0.0,0.0,0.0
2151.0,9.581715390598607,5.812994246847734,0.0,0.0,-2.410296119351053e-06,0.0,0.0,4.098891051098304,-15.0709270738,0.0,0.0,1.7141031957494297,0.0,-8.665953634264259e-06,0.0,0.0655541176220482,-0.00668788301073589,0.2175811527755657,0.0,0.0,0.0
2152.0,9.581718030256823,5.812992475621755,0.0,0.0,-2.244207051087694e-06,0.0,0.0,4.098888723782783,-15.0709270738,0.0,0.0,1.7141037518389721,0.0,-8.068796500359843e-06,0.0,0.0655541060951132,-0.006687888230363689,0.21758106500247437,0.0,0.0,0.0
2153.0,9.581720653374584,5.812990871259133,0.0,0.0,-2.077364930515749e-06,0.0,0.0,4.098886562935222,-15.0709270738,0.0,0.0,1.7141043083239111,0.0,-7.468932193411735e-06,0.0,0.06555409553985386,-0.00668789131829689,0.21758098132287657,0.0,0.0,0.0
2154.0,9.581723259442127,5.8129894344034785,0.0,0.0,-1.909798256454482e-06,0.0,0.0,4.098884569294442,-15.0709270738,0.0,0.0,1.7141048651090367,0.0,-6.866463177176703e-06,0.0,0.0655540859602367,-0.0066878922694532245,0.2175809017605562,0.0,0.0,0.0
2155.0,9.5817258479517,5.812988165669549,0.0,0.0,-1.741535718052793e-06,0.0,0.0,4.098882743570666,-15.0709270738,0.0,0.0,1.714105422098883,0.0,-6.261492599451083e-06,0.0,0.06555407736006065,-0.006687891079125138,0.21758082633860476,0.0,0.0,0.0
2156.0,9.581728418397653,5.81298706564308,0.0,0.0,-1.5726061900144472e-06,0.0,0.0,4.0988810864453376,-15.0709270738,0.0,0.0,1.7141059791977424,0.0,-5.654124274903795e-06,0.0,0.06555406974295605,-0.0066878877429811245,0.21758075507941552,0.0,0.0,0.0
2157.0,9.58173097027653,5.81298613488062,0.0,0.0,-1.4030387277837328e-06,0.0,0.0,4.0988795985709325,-15.0709270738,0.0,0.0,1.7141065363096875,0.0,-5.044462667767289e-06,0.0,0.06555406311238358,-0.006687882257067526,0.21758068800467825,0.0,0.0,0.0
2158.0,9.581733503087172,5.812985373909368,0.0,0.0,-1.2328625626850597e-06,0.0,0.0,4.098878280570784,-15.0709270738,0.0,0.0,1.7141070933385834,0.0,-4.432612874363086e-06,0.0,0.06555405747163333,-0.006687874617809994,0.2175806251353738,0.0,0.0,0.0
2159.0,9.581736016330805,5.812984783227013,0.0,0.0,-1.062107097023719e-06,0.0,0.0,4.098877133038909,-15.0709270738,0.0,0.0,1.7141076501881045,0.0,-3.818680605487878e-06,0.0,0.06555405282382379,-0.006687864822014847,0.21758056649176855,0.0,0.0,0.0
2160.0,9.581738509511137,5.812984363301591,0.0,0.0,-8.90801899143539e-07,0.0,0.0,4.098876156539836,-15.0709270738,0.0,0.0,1.7141082067617548,0.0,-3.2027721686448567e-06,0.0,0.06555404917190102,-0.006687852866870514,0.2175805120934098,0.0,0.0,0.0
2161.0,9.581740982134455,5.812984114571329,0.0,0.0,-7.189766984470995e-07,0.0,0.0,4.098875351608447,-15.0709270738,0.0,0.0,1.7141087629628817,0.0,-2.5849944501406284e-06,0.0,0.06555404651863769,-0.0066878387499488545,0.2175804619591202,0.0,0.0,0.0
2162.0,9.58174343370972,5.81298403744451,0.0,0.0,-5.466613803725351e-07,0.0,0.0,4.098874718749814,-15.0709270738,0.0,0.0,1.714109318694696,0.0,-1.965454897026245e-06,0.0,0.06555404486663224,-0.006687822469206323,0.21758041610699308,0.0,0.0,0.0
2163.0,9.581745863748656,5.812984132299335,0.0,0.0,-3.738859813336902e-07,0.0,0.0,4.098874258439048,-15.0709270738,0.0,0.0,1.714109873860287,0.0,-1.344261498906678e-06,0.0,0.06555404421830799,-0.006687804022985258,0.21758037455438778,0.0,0.0,0.0
2164.0,9.581748271765848,5.812984399483791,0.0,0.0,-2.0068068362440557e-07,0.0,0.0,4.098873971121153,-15.0709270738,0.0,0.0,1.7141104283626385,0.0,-7.215227696215267e-07,0.0,0.06555404457591245,-0.006687783410014858,0.2175803373179247,0.0,0.0,0.0
2165.0,9.581750657278834,5.812984839315526,0.0,0.0,-2.7075810281250404e-08,0.0,0.0,4.098873857210875,-15.0709270738,0.0,0.0,1.7141109821046507,0.0,-9.734772877652569e-08,0.0,0.06555404594151645,-0.006687760629412287,0.217580304413481,0.0,0.0,0.0
2166.0,9.581753019808199,5.812985452081725,0.0,0.0,1.468981800851881e-07,0.0,0.0,4.098873917092573,-15.0709270738,0.0,0.0,1.7141115349891525,0.0,5.281541168378009e-07,0.0,0.06555404831701345,-0.006687735680683718,0.2175802758561861,0.0,0.0,0.0
2167.0,9.581755358877668,5.812986238039001,0.0,0.0,3.2121069849682013e-07,0.0,0.0,4.0988741511200795,-15.0709270738,0.0,0.0,1.714112086918922,0.0,1.154872791963205e-06,0.0,0.06555405170411875,-0.006687708563725081,0.21758025166041733,0.0,0.0,0.0
2168.0,9.581757674014199,5.812987197413278,0.0,0.0,4.9583103084965e-07,0.0,0.0,4.098874559616576,-15.0709270738,0.0,0.0,1.7141126377967026,0.0,1.782697871716718e-06,0.0,0.06555405610436897,-0.0066876792788230915,0.21758023183979577,0.0,0.0,0.0
2169.0,9.58175996474807,5.812988330399689,0.0,0.0,6.707283431854953e-07,0.0,0.0,4.098875142874469,-15.0709270738,0.0,0.0,1.7141131875252196,0.0,2.4115185005417584e-06,0.0,0.06555406151912119,-0.006687647826655763,0.21758021640718234,0.0,0.0,0.0
2170.0,9.581762230612979,5.812989637162476,0.0,0.0,8.458716870008878e-07,0.0,0.0,4.0988759011552744,-15.0709270738,0.0,0.0,1.7141137360072012,0.0,3.0412234112927245e-06,0.0,0.06555406794955249,-0.006687614208293419,0.21758020537467368,0.0,0.0,0.0
2171.0,9.58176447114613,5.812991117834896,0.0,0.0,1.0212300045834414e-06,0.0,0.0,4.098876834689503,-15.0709270738,0.0,0.0,1.7141142831453928,0.0,3.671700944418154e-06,0.0,0.06555407539665925,-0.006687578425198987,0.21758019875359863,0.0,0.0,0.0
2172.0,9.581766685888322,5.812992772519131,0.0,0.0,1.196772134382902e-06,0.0,0.0,4.0988779436765554,-15.0709270738,0.0,0.0,1.7141148288425754,0.0,4.302839067268383e-06,0.0,0.06555408386125673,-0.006687540479228898,0.2175801965545143,0.0,0.0,0.0
2173.0,9.581768874384045,5.8129946012862055,0.0,0.0,1.3724668164075921e-06,0.0,0.0,4.098879228284623,-15.0709270738,0.0,0.0,1.7141153730015821,0.0,4.93452539349432e-06,0.0,0.06555409334397837,-0.006687500372633284,0.2175801987872028,0.0,0.0,0.0
2174.0,9.581771036181564,5.8129966041759085,0.0,0.0,1.54828269765532e-06,0.0,0.0,4.098880688650589,-15.0709270738,0.0,0.0,1.7141159155253192,0.0,5.56664720256994e-06,0.0,0.06555410384527544,-0.006687458108056543,0.2175802054606676,0.0,0.0,0.0
2175.0,9.581773170833017,5.812998781196719,0.0,0.0,1.7241883375678465e-06,0.0,0.0,4.0988823248799395,-15.0709270738,0.0,0.0,1.7141164563167797,0.0,6.199091459399301e-06,0.0,0.06555411536541647,-0.006687413688537702,0.21758021658313048,0.0,0.0,0.0
2176.0,9.581775277894492,5.813001132325741,0.0,0.0,1.900152213516049e-06,0.0,0.0,4.098884137046678,-15.0709270738,0.0,0.0,1.7141169952790634,0.0,6.831744834033739e-06,0.0,0.06555412790448692,-0.00668736711751064,0.2175802321620284,0.0,0.0,0.0
2177.0,9.581777356926125,5.813003657508642,0.0,0.0,2.076142726307958e-06,0.0,0.0,4.098886125193247,-15.0709270738,0.0,0.0,1.7141175323153952,0.0,7.464493721471115e-06,0.0,0.06555414146238871,-0.006687318398804348,0.21758025220401045,0.0,0.0,0.0
2178.0,9.581779407492181,5.813006356659595,0.0,0.0,2.2521282057255804e-06,0.0,0.0,4.098888289330454,-15.0709270738,0.0,0.0,1.7141180673291405,0.0,8.097224261558389e-06,0.0,0.06555415603883986,-0.006687267536642963,0.21758027671493488,0.0,0.0,0.0
2179.0,9.58178142916115,5.813009229661228,0.0,0.0,2.428076916082735e-06,0.0,0.0,4.0988906294374035,-15.0709270738,0.0,0.0,1.7141186002238245,0.0,8.72982235896955e-06,0.0,0.0655541716333742,-0.006687214535645983,0.2175803056998667,0.0,0.0,0.0
2180.0,9.581783421505824,5.8130122763645815,0.0,0.0,2.6039570618092154e-06,0.0,0.0,4.098893145461433,-15.0709270738,0.0,0.0,1.714119130903149,0.0,9.362173703278059e-06,0.0,0.06555418824534098,-0.00668715940082816,0.21758033916307473,0.0,0.0,0.0
2181.0,9.581785384103387,5.813015496589068,0.0,0.0,2.77973679305626e-06,0.0,0.0,4.098895837318056,-15.0709270738,0.0,0.0,1.7141196592710113,0.0,9.994163789105684e-06,0.0,0.0655542058739047,-0.00668710213759946,0.21758037710802952,0.0,0.0,0.0
2182.0,9.581787316535504,5.813018890122437,0.0,0.0,2.9553842113230335e-06,0.0,0.0,4.098898704890915,-15.0709270738,0.0,0.0,1.714120185231522,0.0,1.0625677936346757e-05,0.0,0.06555422451804485,-0.006687042751764863,0.21758041953740087,0.0,0.0,0.0
2183.0,9.5817892183884,5.813022456720748,0.0,0.0,3.1308673751036077e-06,0.0,0.0,4.098901748031728,-15.0709270738,0.0,0.0,1.7141207086890198,0.0,1.1256601310465943e-05,0.0,0.06555424417655561,-0.006686981249524271,0.21758046645305557,0.0,0.0,0.0
2184.0,9.581791089252947,5.813026196108347,0.0,0.0,3.3061543055556167e-06,0.0,0.0,4.098904966560254,-15.0709270738,0.0,0.0,1.714121229548093,0.0,1.1886818942873767e-05,0.0,0.06555426484804587,-0.0066869176374721034,0.2175805178560556,0.0,0.0,0.0
2185.0,9.581792928724749,5.813030107977854,0.0,0.0,3.481212992184668e-06,0.0,0.0,4.098908360264258,-15.0709270738,0.0,0.0,1.7141217477135955,0.0,1.251621575135867e-05,0.0,0.06555428653093887,-0.006686851922596965,0.2175805737466561,0.0,0.0,0.0
2186.0,9.581794736404222,5.813034191990145,0.0,0.0,3.656011398548598e-06,0.0,0.0,4.098911928899479,-15.0709270738,0.0,0.0,1.7141222630906654,0.0,1.314467656059021e-05,0.0,0.06555430922347223,-0.006686784112281227,0.21758063412430373,0.0,0.0,0.0
2187.0,9.581796511896675,5.813038447774351,0.0,0.0,3.830517467976547e-06,0.0,0.0,4.0989156721896105,-15.0709270738,0.0,0.0,1.7141227755847401,0.0,1.3772086122675431e-05,0.0,0.06555433292369792,-0.006686714214300518,0.21758069898763505,0.0,0.0,0.0
2188.0,9.581798254812398,5.8130428749278575,0.0,0.0,4.004699129305323e-06,0.0,0.0,4.09891958982628,-15.0709270738,0.0,0.0,1.7141232851015777,0.0,1.4398329137777232e-05,0.0,0.06555435762948207,-0.006686642236823137,0.21758076833447498,0.0,0.0,0.0
2189.0,9.581799964766734,5.813047473016312,0.0,0.0,4.178524302629211e-06,0.0,0.0,4.0989236814690395,-15.0709270738,0.0,0.0,1.714123791547273,0.0,1.5023290274780929e-05,0.0,0.06555438333850509,-0.006686568188409403,0.2175808421618356,0.0,0.0,0.0
2190.0,9.581801641380167,5.813052241573634,0.0,0.0,4.351960905063965e-06,0.0,0.0,4.098927946745361,-15.0709270738,0.0,0.0,1.7141242948282729,0.0,1.5646854192011675e-05,0.0,0.06555441004826165,-0.006686492078010989,0.21758092046591487,0.0,0.0,0.0
2191.0,9.581803284278397,5.81305718010203,0.0,0.0,4.524976856523101e-06,0.0,0.0,4.098932385250633,-15.0709270738,0.0,0.0,1.7141247948513971,0.0,1.6268905557995968e-05,0.0,0.06555443775606076,-0.006686413914969991,0.2175810032420959,0.0,0.0,0.0
2192.0,9.581804893092416,5.813062288072023,0.0,0.0,4.6975400855065655e-06,0.0,0.0,4.098936996548167,-15.0709270738,0.0,0.0,1.7141252915238558,0.0,1.688932907226755e-05,0.0,0.06555446645902585,-0.0066863337090182495,0.21758109048494567,0.0,0.0,0.0
2193.0,9.581806467458593,5.813067564922475,0.0,0.0,4.8696185348983755e-06,0.0,0.0,4.098941780169211,-15.0709270738,0.0,0.0,1.7141257847532643,0.0,1.7508009486205372e-05,0.0,0.06555449615409491,-0.0066862514702762665,0.21758118218821454,0.0,0.0,0.0
2194.0,9.581808007018743,5.813073010060629,0.0,0.0,5.041180167775691e-06,0.0,0.0,4.098946735612965,-15.0709270738,0.0,0.0,1.714126274447664,0.0,1.812483162391263e-05,0.0,0.06555452683802064,-0.006686167209252247,0.2175812783448356,0.0,0.0,0.0
2195.0,9.581809511420209,5.813078622862141,0.0,0.0,5.212192973224803e-06,0.0,0.0,4.098951862346604,-15.0709270738,0.0,0.0,1.714126760515537,0.0,1.8739680403120457e-05,0.0,0.06555455850737066,-0.006686080936841046,0.2175813789469243,0.0,0.0,0.0
2196.0,9.581810980315932,5.8130844026711355,0.0,0.0,5.3826249721662085e-06,0.0,0.0,4.098957159805309,-15.0709270738,0.0,0.0,1.7141272428658265,0.0,1.935244085612424e-05,0.0,0.06555459115852777,-0.006685992664322918,0.21758148398577817,0.0,0.0,0.0
2197.0,9.581812413364531,5.813090348800249,0.0,0.0,5.5524442231856065e-06,0.0,0.0,4.098962627392298,-15.0709270738,0.0,0.0,1.7141277214079507,0.0,1.996299815074109e-05,0.0,0.06555462478769011,-0.006685902403362462,0.21758159345187644,0.0,0.0,0.0
2198.0,9.581813810230372,5.813096460530693,0.0,0.0,5.721618828368354e-06,0.0,0.0,4.098968264478873,-15.0709270738,0.0,0.0,1.7141281960518207,0.0,2.057123761127965e-05,0.0,0.06555465939087164,-0.006685810166007139,0.21758170733488036,0.0,0.0,0.0
2199.0,9.581815170583642,5.8131027371123185,0.0,0.0,5.890116939141516e-06,0.0,0.0,4.098974070404457,-15.0709270738,0.0,0.0,1.714128666707862,0.0,2.1177044739537115e-05,0.0,0.06555469496390226,-0.00668571596468602,0.21758182562363312,0.0,0.0,0.0
2200.0,9.581816494100423,5.81310917776368,0.0,0.0,6.057906762117162e-06,0.0,0.0,4.098980044476654,-15.0709270738,0.0,0.0,1.7141291332870257,0.0,2.178030523580063e-05,0.0,0.06555473150242833,-0.006685619812208332,0.21758194830616026,0.0,0.0,0.0
2201.0,9.581817780462755,5.813115781672118,0.0,0.0,6.224956564939952e-06,0.0,0.0,4.098986185971307,-15.0709270738,0.0,0.0,1.7141295957008111,0.0,2.2380905019864035e-05,0.0,0.06555476900191301,-0.006685521721761872,0.21758207536967017,0.0,0.0,0.0
2202.0,9.581819029358718,5.813122547993834,0.0,0.0,6.3912346821313995e-06,0.0,0.0,4.098992494132555,-15.0709270738,0.0,0.0,1.714130053861279,0.0,2.2978730252032593e-05,0.0,0.06555480745763671,-0.006685421706911554,0.2175822068005544,0.0,0.0,0.0
2203.0,9.581820240482488,5.813129475853981,0.0,0.0,6.556709520940622e-06,0.0,0.0,4.098998968172911,-15.0709270738,0.0,0.0,1.7141305076810704,0.0,2.357366735415091e-05,0.0,0.06555484686469756,-0.006685319781597629,0.2175823425843888,0.0,0.0,0.0
2204.0,9.581821413534417,5.813136564346754,0.0,0.0,6.721349567189955e-06,0.0,0.0,4.099005607273332,-15.0709270738,0.0,0.0,1.7141309570734222,0.0,2.4165603030612387e-05,0.0,0.06555488721801188,-0.0066852159601339806,0.21758248270593422,0.0,0.0,0.0
2205.0,9.58182254822109,5.813143812535491,0.0,0.0,6.8851233911204136e-06,0.0,0.0,4.0990124105833035,-15.0709270738,0.0,0.0,1.7141314019521872,0.0,2.475442428936801e-05,0.0,0.06555492851231476,-0.006685110257206431,0.21758262714913745,0.0,0.0,0.0
2206.0,9.5818236442554,5.813151219452772,0.0,0.0,7.047999653232291e-06,0.0,0.0,4.099019377220926,-15.0709270738,0.0,0.0,1.7141318422318461,0.0,2.534001846291762e-05,0.0,0.06555497074216057,-0.006685002687870756,0.21758277589713237,0.0,0.0,0.0
2207.0,9.5818247013566,5.813158784100535,0.0,0.0,7.209947110124884e-06,0.0,0.0,4.099026506273007,-15.0709270738,0.0,0.0,1.7141322778275283,0.0,2.5922273229297975e-05,0.0,0.06555501390192366,-0.006684893267550826,0.2175829289322417,0.0,0.0,0.0
2208.0,9.581825719250384,5.81316650545019,0.0,0.0,7.370934620328095e-06,0.0,0.0,4.099033796795163,-15.0709270738,0.0,0.0,1.7141327086550273,0.0,2.650107663304155e-05,0.0,0.06555505798579889,-0.006684782012036539,0.2175830862359781,0.0,0.0,0.0
2209.0,9.581826697668935,5.813174382442736,0.0,0.0,7.530931150129719e-06,0.0,0.0,4.09904124781192,-15.0709270738,0.0,0.0,1.7141331346308162,0.0,2.7076317106119808e-05,0.0,0.06555510298780237,-0.006684668937481722,0.21758324778904586,0.0,0.0,0.0
2210.0,9.581827636350997,5.813182413988895,0.0,0.0,7.689905779394886e-06,0.0,0.0,4.099048858316828,-15.0709270738,0.0,0.0,1.714133555672067,0.0,2.7647883488858188e-05,0.0,0.06555514890177215,-0.006684554060402095,0.21758341357134275,0.0,0.0,0.0
2211.0,9.58182853504193,5.813190598969239,0.0,0.0,7.847827707377862e-06,0.0,0.0,4.099056627272577,-15.0709270738,0.0,0.0,1.7141339716966622,0.0,2.821566505082365e-05,0.0,0.06555519572136892,-0.006684437397672993,0.21758358356196195,0.0,0.0,0.0
2212.0,9.581829393493772,5.813198936234333,0.0,0.0,8.004666258522084e-06,0.0,0.0,4.099064553611116,-15.0709270738,0.0,0.0,1.7141343826232163,0.0,2.87795515116698e-05,0.0,0.06555524344007684,-0.006684318966526992,0.21758375773919425,0.0,0.0,0.0
2213.0,9.581830211465297,5.813207424604874,0.0,0.0,8.160390888254702e-06,0.0,0.0,4.099072636233785,-15.0709270738,0.0,0.0,1.714134788371089,0.0,2.9339433061962336e-05,0.0,0.06555529205120429,-0.006684198784551704,0.2175839360805299,0.0,0.0,0.0
2214.0,9.581830988722073,5.81321606287185,0.0,0.0,8.314971188764131e-06,0.0,0.0,4.099080874011448,-15.0709270738,0.0,0.0,1.7141351888604017,0.0,2.989520038394334e-05,0.0,0.06555534154788475,-0.006684076869687222,0.2175841185626614,0.0,0.0,0.0
2215.0,9.581831725036519,5.813224849796684,0.0,0.0,8.46837689476954e-06,0.0,0.0,4.09908926578463,-15.0709270738,0.0,0.0,1.7141355840120536,0.0,3.0446744672266592e-05,0.0,0.06555539192307767,-0.006683953240223736,0.21758430516148594,0.0,0.0,0.0
2216.0,9.58183242018796,5.8132337841114055,0.0,0.0,8.620577889271862e-06,0.0,0.0,4.0990978103636655,-15.0709270738,0.0,0.0,1.71413597374774,0.0,3.099395765466644e-05,0.0,0.06555544316956932,-0.006683827914798837,0.2175844958521079,0.0,0.0,0.0
2217.0,9.581833073962681,5.813242864518811,0.0,0.0,8.771544209297206e-06,0.0,0.0,4.099106506528849,-15.0709270738,0.0,0.0,1.714136357989962,0.0,3.153673161259934e-05,0.0,0.06555549527997377,-0.006683700912395063,0.21758469060884178,0.0,0.0,0.0
2218.0,9.581833686153981,5.813252089692639,0.0,0.0,8.921246051617028e-06,0.0,0.0,4.09911535303059,-15.0709270738,0.0,0.0,1.7141367366620495,0.0,3.2074959401801884e-05,0.0,0.0655555482467339,-0.006683572252336997,0.21758488940521525,0.0,0.0,0.0
2219.0,9.581834256562225,5.813261458277751,0.0,0.0,9.069653778456745e-06,0.0,0.0,4.099124348589578,-15.0709270738,0.0,0.0,1.7141371096881723,0.0,3.260853447280726e-05,0.0,0.06555560206212231,-0.006683441954288674,0.21758509221397215,0.0,0.0,0.0
2220.0,9.58183478499489,5.813270968890306,0.0,0.0,9.216737923184916e-06,0.0,0.0,4.099133491896951,-15.0709270738,0.0,0.0,1.714137476993355,0.0,3.313735089139191e-05,0.0,0.06555565671824244,-0.006683310038250678,0.21758529900707596,0.0,0.0,0.0
2221.0,9.581835271266623,5.813280620117962,0.0,0.0,9.362469195981771e-06,0.0,0.0,4.099142781614465,-15.0709270738,0.0,0.0,1.7141378385034969,0.0,3.366130335894784e-05,0.0,0.06555571220702959,-0.006683176524557202,0.2175855097557129,0.0,0.0,0.0
2222.0,9.581835715199286,5.813290410520062,0.0,0.0,9.506818489490445e-06,0.0,0.0,4.099152216374681,-15.0709270738,0.0,0.0,1.7141381941453808,0.0,3.4180287232792965e-05,0.0,0.06555576852025202,-0.006683041433873174,0.21758572443029567,0.0,0.0,0.0
2223.0,9.581836116622,5.813300338627837,0.0,0.0,9.649756884446338e-06,0.0,0.0,4.099161794781143,-15.0709270738,0.0,0.0,1.714138543846694,0.0,3.469419854640275e-05,0.0,0.06555582564951215,-0.006682904787191107,0.21758594300046732,0.0,0.0,0.0
2224.0,9.581836475371194,5.813310402944612,0.0,0.0,9.791255655282885e-06,0.0,0.0,4.099171515408573,-15.0709270738,0.0,0.0,1.7141388875360395,0.0,3.520293402955703e-05,0.0,0.06555588358624763,-0.00668276660582813,0.2175861654351049,0.0,0.0,0.0
2225.0,9.581836791290648,5.813320601946019,0.0,0.0,9.931286275716998e-06,0.0,0.0,4.099181376803068,-15.0709270738,0.0,0.0,1.7141392251429517,0.0,3.570639112841393e-05,0.0,0.06555594232173258,-0.006682626911422754,0.2175863917023234,0.0,0.0,0.0
2226.0,9.581837064231541,5.81333093408021,0.0,0.0,1.006982042430644e-05,0.0,0.0,4.099191377482298,-15.0709270738,0.0,0.0,1.714139556597912,0.0,3.6204468025482804e-05,0.0,0.06555600184707885,-0.00668248572593165,0.21758662176948018,0.0,0.0,0.0
2227.0,9.58183729405249,5.813341397768083,0.0,0.0,1.0206829989987021e-05,0.0,0.0,4.09920151593572,-15.0709270738,0.0,0.0,1.714139881832363,0.0,3.6697063659524786e-05,0.0,0.06555606215323725,-0.006682343071626323,0.21758685560317909,0.0,0.0,0.0
2228.0,9.581837480619589,5.813351991403504,0.0,0.0,1.0342287077578267e-05,0.0,0.0,4.099211790624783,-15.0709270738,0.0,0.0,1.7141402007787212,0.0,3.718407774533998e-05,0.0,0.06555612323099888,-0.006682198971089945,0.21758709316927466,0.0,0.0,0.0
2229.0,9.581837623806452,5.813362713353548,0.0,0.0,1.0476164013266507e-05,0.0,0.0,4.099222199983155,-15.0709270738,0.0,0.0,1.7141405133703937,0.0,3.7665410793473625e-05,0.0,0.06555618507099632,-0.006682053447213593,0.21758733443287742,0.0,0.0,0.0
2230.0,9.581837723494253,5.813373561958731,0.0,0.0,1.0608433350055297e-05,0.0,0.0,4.09923274241694,-15.0709270738,0.0,0.0,1.7141408195417904,0.0,3.814096412980482e-05,0.0,0.06555624766370524,-0.006681906523193101,0.21758757935835765,0.0,0.0,0.0
2231.0,9.581837779571758,5.8133845355332525,0.0,0.0,1.0739067873189096e-05,0.0,0.0,4.099243416304914,-15.0709270738,0.0,0.0,1.714141119228339,0.0,3.861063991503925e-05,0.0,0.0655563109994455,-0.006681758222525383,0.21758782790935122,0.0,0.0,0.0
2232.0,9.581837791935367,5.813395632365251,0.0,0.0,1.086804060554493e-05,0.0,0.0,4.099254219998754,-15.0709270738,0.0,0.0,1.714141412366497,0.0,3.907434116408682e-05,0.0,0.06555637506838283,-0.006681608569004752,0.2175880800487639,0.0,0.0,0.0
2233.0,9.581837760489144,5.813406850717051,0.0,0.0,1.0995324812995445e-05,0.0,0.0,4.099265151823281,-15.0709270738,0.0,0.0,1.71414169889377,0.0,3.953197176533662e-05,0.0,0.06555643986053004,-0.006681457586719439,0.21758833573877678,0.0,0.0,0.0
2234.0,9.581837685144851,5.813418188825426,0.0,0.0,1.112089400973478e-05,0.0,0.0,4.099276210076707,-15.0709270738,0.0,0.0,1.714141978748719,0.0,3.998343649979827e-05,0.0,0.0655565053657487,-0.006681305300047652,0.2175885949408516,0.0,0.0,0.0
2235.0,9.581837565821983,5.813429644901861,0.0,0.0,1.124472196357514e-05,0.0,0.0,4.099287393030883,-15.0709270738,0.0,0.0,1.7141422518709781,0.0,4.042864106013802e-05,0.0,0.06555657157375055,-0.006681151733653967,0.2175888576157361,0.0,0.0,0.0
2236.0,9.581837402447798,5.813441217132824,0.0,0.0,1.136678270120638e-05,0.0,0.0,4.099298698931559,-15.0709270738,0.0,0.0,1.7141425182012648,0.0,4.086749206958202e-05,0.0,0.06555663847409907,-0.006680996912485401,0.21758912372346967,0.0,0.0,0.0
2237.0,9.581837194957341,5.813452903680036,0.0,0.0,1.148705051342068e-05,0.0,0.0,4.099310125998641,-15.0709270738,0.0,0.0,1.7141427776813956,0.0,4.129989710069419e-05,0.0,0.06555670605621094,-0.006680840861767567,0.21758939322338908,0.0,0.0,0.0
2238.0,9.581836943293482,5.813464702680758,0.0,0.0,1.1605499960300436e-05,0.0,0.0,4.099321672426461,-15.0709270738,0.0,0.0,1.7141430302542968,0.0,4.1725764694021915e-05,0.0,0.0655567743093579,-0.0066806836070005815,0.21758966607413427,0.0,0.0,0.0
2239.0,9.58183664740693,5.813476612248067,0.0,0.0,1.1722105876368706e-05,0.0,0.0,4.099333336384048,-15.0709270738,0.0,0.0,1.7141432758640187,0.0,4.2145004376607364e-05,0.0,0.06555684322266808,-0.0066805251739551486,0.21758994223365424,0.0,0.0,0.0
2240.0,9.581836307256273,5.813488630471151,0.0,0.0,1.183684337570145e-05,0.0,0.0,4.099345116015405,-15.0709270738,0.0,0.0,1.7141435144557464,0.0,4.255752668036146e-05,0.0,0.06555691278512787,-0.00668036558866851,0.2175902216592136,0.0,0.0,0.0
2241.0,9.581835922807988,5.813500755415602,0.0,0.0,1.194968785699934e-05,0.0,0.0,4.09935700943979,-15.0709270738,0.0,0.0,1.7141437459758126,0.0,4.296324316029271e-05,0.0,0.06555698298558355,-0.006680204877440241,0.2175905043073983,0.0,0.0,0.0
2242.0,9.581835494036476,5.813512985123715,0.0,0.0,1.2060615008617673e-05,0.0,0.0,4.099369014752005,-15.0709270738,0.0,0.0,1.71414397037171,0.0,4.336206641258552e-05,0.0,0.0655570538127429,-0.00668004306682804,0.21759079013412233,0.0,0.0,0.0
2243.0,9.58183502092407,5.813525317614792,0.0,0.0,1.216960081355932e-05,0.0,0.0,4.099381130022688,-15.0709270738,0.0,0.0,1.7141441875921037,0.0,4.375391009254582e-05,0.0,0.06555712525517712,-0.006679880183643544,0.21759107909463432,0.0,0.0,0.0
2244.0,9.581834503461067,5.813537750885449,0.0,0.0,1.227662155441795e-05,0.0,0.0,4.099393353298607,-15.0709270738,0.0,0.0,1.7141443975868418,0.0,4.413868893236796e-05,0.0,0.06555719730132249,-0.006679716254948051,0.21759137114352411,0.0,0.0,0.0
2245.0,9.581833941645742,5.813550282909935,0.0,0.0,1.2381653818285478e-05,0.0,0.0,4.099405682602968,-15.0709270738,0.0,0.0,1.714144600306967,0.0,4.451631875877327e-05,0.0,0.06555726993948224,-0.006679551308048051,0.21759166623472934,0.0,0.0,0.0
2246.0,9.58183333548436,5.813562911640443,0.0,0.0,1.2484674501608705e-05,0.0,0.0,4.099418115935714,-15.0709270738,0.0,0.0,1.7141447957047289,0.0,4.488671651046606e-05,0.0,0.06555734315782827,-0.006679385370490953,0.21759196432154282,0.0,0.0,0.0
2247.0,9.5818326849912,5.813575635007441,0.0,0.0,1.258566081500226e-05,0.0,0.0,4.0994306512738445,-15.0709270738,0.0,0.0,1.714144983733596,0.0,4.524980025543267e-05,0.0,0.06555741694440313,-0.006679218470060505,0.21759226535661932,0.0,0.0,0.0
2248.0,9.581831990188563,5.813588450919991,0.0,0.0,1.2684590288017995e-05,0.0,0.0,4.099443286571727,-15.0709270738,0.0,0.0,1.7141451643482641,0.0,4.5605489208084146e-05,0.0,0.06555749128712186,-0.006679050634772338,0.21759256929198278,0.0,0.0,0.0
2249.0,9.58183125110679,5.813601357266088,0.0,0.0,1.2781440773861624e-05,0.0,0.0,4.099456019761421,-15.0709270738,0.0,0.0,1.7141453375046671,0.0,4.595370374620946e-05,0.0,0.06555756617377387,-0.006678881892869443,0.21759287607903371,0.0,0.0,0.0
2250.0,9.581830467784265,5.813614351912992,0.0,0.0,1.2876190454065504e-05,0.0,0.0,4.099468848753002,-15.0709270738,0.0,0.0,1.7141455031599904,0.0,4.629436542777121e-05,0.0,0.0655576415920249,-0.00667871227281748,0.21759318566855665,0.0,0.0,0.0
2251.0,9.581829640267436,5.813627432707572,0.0,0.0,1.29688178431103e-05,0.0,0.0,4.099481771434895,-15.0709270738,0.0,0.0,1.7141456612726778,0.0,4.662739700751766e-05,0.0,0.065557717529419,-0.006678541803300117,0.21759349801072758,0.0,0.0,0.0
2252.0,9.581828768610816,5.81364059747665,0.0,0.0,1.3059301792995357e-05,0.0,0.0,4.099494785674205,-15.0709270738,0.0,0.0,1.714145811802445,0.0,4.695272245341075e-05,0.0,0.06555779397338049,-0.00667837051321446,0.21759381305512188,0.0,0.0,0.0
2253.0,9.58182785287699,5.813653844027349,0.0,0.0,1.314762149775834e-05,0.0,0.0,4.099507889317062,-15.0709270738,0.0,0.0,1.714145954710287,0.0,4.727026696287168e-05,0.0,0.06555787091121602,-0.006678198431666005,0.21759413075072204,0.0,0.0,0.0
2254.0,9.581826893136624,5.8136671701474505,0.0,0.0,1.3233756497944793e-05,0.0,0.0,4.099521080188961,-15.0709270738,0.0,0.0,1.714146089958489,0.0,4.7579956978846834e-05,0.0,0.06555794833011655,-0.0066780255879641676,0.21759445104592554,0.0,0.0,0.0
2255.0,9.58182588946847,5.813680573605751,0.0,0.0,1.331768668502329e-05,0.0,0.0,4.099534356095116,-15.0709270738,0.0,0.0,1.7141462175106348,0.0,4.788172020567814e-05,0.0,0.06555802621715948,-0.006677852011617136,0.21759477388855308,0.0,0.0,0.0
2256.0,9.581824841959365,5.8136940521524245,0.0,0.0,1.3399392305744276e-05,0.0,0.0,4.0995477148208055,-15.0709270738,0.0,0.0,1.714146337331619,0.0,4.8175485624771345e-05,0.0,0.06555810455931069,-0.0066776777323271225,0.21759509922585657,0.0,0.0,0.0
2257.0,9.581823750704233,5.813707603519388,0.0,0.0,1.3478853966447981e-05,0.0,0.0,4.099561154131737,-15.0709270738,0.0,0.0,1.714146449387651,0.0,4.8461183510081265e-05,0.0,0.06555818334342668,-0.006677502779985481,0.21759542700452772,0.0,0.0,0.0
2258.0,9.581822615806084,5.813721225420674,0.0,0.0,1.3556052637313762e-05,0.0,0.0,4.099574671774405,-15.0709270738,0.0,0.0,1.7141465536462697,0.0,4.873874544338678e-05,0.0,0.06555826255625671,-0.006677327184667459,0.2175957571707062,0.0,0.0,0.0
2259.0,9.58182143737602,5.8137349155528035,0.0,0.0,1.3630969656553368e-05,0.0,0.0,4.099588265476457,-15.0709270738,0.0,0.0,1.714146650076347,0.0,4.900810432936432e-05,0.0,0.06555834218444498,-0.006677150976627452,0.21759608966998845,0.0,0.0,0.0
2260.0,9.581820215533218,5.813748671595165,0.0,0.0,1.370358673454909e-05,0.0,0.0,4.099601932947066,-15.0709270738,0.0,0.0,1.7141467386480986,0.0,4.9269194410463584e-05,0.0,0.06555842221453273,-0.006676974186293705,0.21759642444743596,0.0,0.0,0.0
2261.0,9.58181895040494,5.813762491210397,0.0,0.0,1.377388595792834e-05,0.0,0.0,4.099615671877303,-15.0709270738,0.0,0.0,1.7141468193330942,0.0,4.952195128155473e-05,0.0,0.06555850263296062,-0.006676796844263366,0.21759676144758466,0.0,0.0,0.0
2262.0,9.581817642126518,5.813776372044775,0.0,0.0,1.3841849793584586e-05,0.0,0.0,4.099629479940515,-15.0709270738,0.0,0.0,1.7141468921042602,0.0,4.976631190438311e-05,0.0,0.06555858342607078,-0.006676618981297164,0.2175971006144532,0.0,0.0,0.0
2263.0,9.58181629084135,5.813790311728601,0.0,0.0,1.3907461092635049e-05,0.0,0.0,4.099643354792708,-15.0709270738,0.0,0.0,1.7141469569358936,0.0,5.000221462179674e-05,0.0,0.06555866458010917,-0.006676440628314351,0.21759744189155225,0.0,0.0,0.0
2264.0,9.581814896700886,5.813804307876595,0.0,0.0,1.397070309431814e-05,0.0,0.0,4.099657294072931,-15.0709270738,0.0,0.0,1.7141470138036636,0.0,5.0229599171757446e-05,0.0,0.06555874608122784,-0.006676261816387322,0.21759778522189374,0.0,0.0,0.0
2265.0,9.581813459864625,5.813818358088295,0.0,0.0,1.4031559429829389e-05,0.0,0.0,4.09967129540367,-15.0709270738,0.0,0.0,1.7141470626846251,0.0,5.0448406701131074e-05,0.0,0.06555882791548724,-0.006676082576736464,0.21759813054799976,0.0,0.0,0.0
2266.0,9.581811980500099,5.813832459948459,0.0,0.0,1.4090014126093054e-05,0.0,0.0,4.09968535639124,-15.0709270738,0.0,0.0,1.7141471035572193,0.0,5.065857977924666e-05,0.0,0.06555891006885846,-0.006675902940724718,0.21759847781191216,0.0,0.0,0.0
2267.0,9.581810458782861,5.813846611027465,0.0,0.0,1.414605160947351e-05,0.0,0.0,4.09969947462618,-15.0709270738,0.0,0.0,1.7141471364012846,0.0,5.086006241123937e-05,0.0,0.06555899252722572,-0.0066757229398523715,0.21759882695520183,0.0,0.0,0.0
2268.0,9.581808894896469,5.8138608088817225,0.0,0.0,1.4199656709420893e-05,0.0,0.0,4.09971364768366,-15.0709270738,0.0,0.0,1.7141471611980625,0.0,5.1052800051157294e-05,0.0,0.0655590752763886,-0.006675542605751497,0.21759917791897837,0.0,0.0,0.0
2269.0,9.581807289032467,5.813875051054082,0.0,0.0,1.4250814662050227e-05,0.0,0.0,4.099727873123879,-15.0709270738,0.0,0.0,1.7141471779302035,0.0,5.123673961482934e-05,0.0,0.06555915830206446,-0.006675361970180663,0.21759953064389967,0.0,0.0,0.0
2270.0,9.581805641390375,5.813889335074251,0.0,0.0,1.4299511113657237e-05,0.0,0.0,4.099742148492479,-15.0709270738,0.0,0.0,1.714147186581772,0.0,5.141182949250577e-05,0.0,0.06555924158989089,-0.006675181065019409,0.2175998850701817,0.0,0.0,0.0
2271.0,9.581803952177662,5.813903658459209,0.0,0.0,1.4345732124165553e-05,0.0,0.0,4.099756471320954,-15.0709270738,0.0,0.0,1.7141471871382548,0.0,5.1578019561252235e-05,0.0,0.06555932512542807,-0.006674999922262753,0.21760024113760817,0.0,0.0,0.0
2272.0,9.58180222160973,5.813918018713633,0.0,0.0,1.4389464170508508e-05,0.0,0.0,4.099770839127068,-15.0709270738,0.0,0.0,1.7141471795865648,0.0,5.1735261197108943e-05,0.0,0.06555940889416123,-0.00667481857401564,0.21760059878554092,0.0,0.0,0.0
2273.0,9.581800449909888,5.813932413330315,0.0,0.0,1.4430694149942187e-05,0.0,0.0,4.099785249415269,-15.0709270738,0.0,0.0,1.7141471639150465,0.0,5.188350728700301e-05,0.0,0.06555949288150315,-0.006674637052487525,0.21760095795292939,0.0,0.0,0.0
2274.0,9.581798637309332,5.813946839790597,0.0,0.0,1.4469409383287625e-05,0.0,0.0,4.099799699677114,-15.0709270738,0.0,0.0,1.7141471401134822,0.0,5.20227122404061e-05,0.0,0.06555957707279653,-0.006674455389986608,0.2176013185783213,0.0,0.0,0.0
2275.0,9.581796784047116,5.813961295564793,0.0,0.0,1.450559761810765e-05,0.0,0.0,4.099814187391697,-15.0709270738,0.0,0.0,1.714147108173096,0.0,5.2152832000757594e-05,0.0,0.06555966145331665,-0.006674273618914289,0.21760168059987245,0.0,0.0,0.0
2276.0,9.58179489037013,5.813975778112629,0.0,0.0,1.453924703180949e-05,0.0,0.0,4.099828710026071,-15.0709270738,0.0,0.0,1.7141470680865574,0.0,5.2273824056620866e-05,0.0,0.06555974600827372,-0.0066740917717595105,0.21760204395535734,0.0,0.0,0.0
2277.0,9.581792956533068,5.813990284883673,0.0,0.0,1.4570346234678643e-05,0.0,0.0,4.099843265035685,-15.0709270738,0.0,0.0,1.7141470198479878,0.0,5.238564745259292e-05,0.0,0.0655598307228155,-0.006673909881093162,0.2176024085821795,0.0,0.0,0.0
2278.0,9.5817909827984,5.814004813317776,0.0,0.0,1.4598884272840086e-05,0.0,0.0,4.099857849864814,-15.0709270738,0.0,0.0,1.7141469634529622,0.0,5.248826279995285e-05,0.0,0.06555991558202984,-0.0066737279795623106,0.2176027744173819,0.0,0.0,0.0
2279.0,9.581788969436342,5.814019360845515,0.0,0.0,1.4624850631148147e-05,0.0,0.0,4.099872461946999,-15.0709270738,0.0,0.0,1.714146898898516,0.0,5.258163228705419e-05,0.0,0.06556000057094719,-0.006673546099884381,0.21760314139765768,0.0,0.0,0.0
2280.0,9.58178691672482,5.8140339248886335,0.0,0.0,1.4648235236003161e-05,0.0,0.0,4.099887098705487,-15.0709270738,0.0,0.0,1.7141468261831463,0.0,5.2665719689454195e-05,0.0,0.06556008567454327,-0.006673364274841581,0.21760350945936074,0.0,0.0,0.0
2281.0,9.581784824949438,5.814048502860488,0.0,0.0,1.4669028458092729e-05,0.0,0.0,4.099901757553672,-15.0709270738,0.0,0.0,1.7141467453068158,0.0,5.274049037977236e-05,0.0,0.06556017087774156,-0.006673182537275044,0.21760387853851657,0.0,0.0,0.0
2282.0,9.581782694403445,5.814063092166499,0.0,0.0,1.4687221115059724e-05,0.0,0.0,4.099916435895543,-15.0709270738,0.0,0.0,1.7141466562709562,0.0,5.280591133728577e-05,0.0,0.06556025616541597,-0.006673000920079053,0.21760424857083294,0.0,0.0,0.0
2283.0,9.581780525387696,5.814077690204602,0.0,0.0,1.4702804474099098e-05,0.0,0.0,4.099931131126131,-15.0709270738,0.0,0.0,1.714146559078471,0.0,5.286195115726882e-05,0.0,0.06556034152239351,-0.006672819456195189,0.21760461949171106,0.0,0.0,0.0
2284.0,9.581778318210613,5.814092294365698,0.0,0.0,1.471577025447141e-05,0.0,0.0,4.0999458406319595,-15.0709270738,0.0,0.0,1.714146453733738,0.0,5.2908580060033584e-05,0.0,0.06556042693345678,-0.006672638178606444,0.21760499123625654,0.0,0.0,0.0
2285.0,9.581776073188145,5.814106902034109,0.0,0.0,1.4726110629946626e-05,0.0,0.0,4.0999605617915,-15.0709270738,0.0,0.0,1.7141463402426096,0.0,5.2945769899719913e-05,0.0,0.06556051238334673,-0.006672457120331543,0.21760536373929013,0.0,0.0,0.0
2286.0,9.581773790643728,5.814121510588043,0.0,0.0,1.4733818231168571e-05,0.0,0.0,4.099975291975623,-15.0709270738,0.0,0.0,1.7141462186124201,0.0,5.297349417280042e-05,0.0,0.06556059785676535,-0.006672276314418857,0.21760573693535934,0.0,0.0,0.0
2287.0,9.581771470908246,5.814136117400043,0.0,0.0,1.473888614794188e-05,0.0,0.0,4.099990028548062,-15.0709270738,0.0,0.0,1.7141460888519813,0.0,5.2991728026307054e-05,0.0,0.06556068333837825,-0.006672095793940666,0.2176061107587493,0.0,0.0,0.0
2288.0,9.581769114319975,5.814150719837456,0.0,0.0,1.474130793144305e-05,0.0,0.0,4.100004768865869,-15.0709270738,0.0,0.0,1.714145950971587,0.0,5.3000448265785074e-05,0.0,0.06556076881281742,-0.0066719155919871265,0.21760648514349437,0.0,0.0,0.0
2289.0,9.581766721224552,5.814165315262896,0.0,0.0,1.47410775963478e-05,0.0,0.0,4.10001951027988,-15.0709270738,0.0,0.0,1.7141458049830156,0.0,5.2999633362946344e-05,0.0,0.06556085426468386,-0.006671735741660412,0.21760686002338928,0.0,0.0,0.0
2290.0,9.58176429197492,5.814179901034707,0.0,0.0,1.4738189622886693e-05,0.0,0.0,4.100034250135177,-15.0709270738,0.0,0.0,1.7141456508995292,0.0,5.2989263463064906e-05,0.0,0.0655609396785504,-0.006671556276068788,0.21760723533200052,0.0,0.0,0.0
2291.0,9.581761826931283,5.814194474507431,0.0,0.0,1.473263895881456e-05,0.0,0.0,4.100048985771557,-15.0709270738,0.0,0.0,1.7141454887358742,0.0,5.2969320392062965e-05,0.0,0.06556102503896433,-0.006671377228320591,0.21760761100267814,0.0,0.0,0.0
2292.0,9.581759326461048,5.81420903303228,0.0,0.0,1.4724421021305072e-05,0.0,0.0,4.100063714523999,-15.0709270738,0.0,0.0,1.7141453185082813,0.0,5.2939787663327915e-05,0.0,0.0655611103304501,-0.0066711986315182575,0.21760798696856698,0.0,0.0,0.0
2293.0,9.581756790938789,5.8142235739576025,0.0,0.0,1.4713531698760047e-05,0.0,0.0,4.100078433723133,-15.0709270738,0.0,0.0,1.7141451402344696,0.0,5.2900650484223064e-05,0.0,0.06556119553751225,-0.0066710205187524435,0.2176083631626185,0.0,0.0,0.0
2294.0,9.581754220746179,5.814238094629356,0.0,0.0,1.4699967352541592e-05,0.0,0.0,4.100093140695717,-15.0709270738,0.0,0.0,1.7141449539336397,0.0,5.2851895762321156e-05,0.0,0.0655612806446379,-0.006670842923095929,0.21760873951760226,0.0,0.0,0.0
2295.0,9.581751616271946,5.8142525923915835,0.0,0.0,1.4683724818619507e-05,0.0,0.0,4.1001078327651035,-15.0709270738,0.0,0.0,1.71414475962648,0.0,5.279351211133347e-05,0.0,0.06556136563629975,-0.006670665877597695,0.21760911596611787,0.0,0.0,0.0
2296.0,9.581748977911813,5.814267064586885,0.0,0.0,1.4664801409137585e-05,0.0,0.0,4.100122507251723,-15.0709270738,0.0,0.0,1.7141445573351621,0.0,5.2725489856747485e-05,0.0,0.06556145049695865,-0.006670489415276815,0.2176094924406068,0.0,0.0,0.0
2297.0,9.581746306068446,5.8142815085568955,0.0,0.0,1.4643194913898778e-05,0.0,0.0,4.100137161473555,-15.0709270738,0.0,0.0,1.7141443470833408,0.0,5.26478210411731e-05,0.0,0.06556153521106653,-0.006670313569116557,0.21760986887336392,0.0,0.0,0.0
2298.0,9.581743601151388,5.814295921642762,0.0,0.0,1.4618903601765404e-05,0.0,0.0,4.1001517927466065,-15.0709270738,0.0,0.0,1.7141441288961552,0.0,5.256049942938368e-05,0.0,0.06556161976306911,-0.006670138372058279,0.21761024519654973,0.0,0.0,0.0
2299.0,9.581740863577009,5.814310301185619,0.0,0.0,1.4591926221977694e-05,0.0,0.0,4.100166398385396,-15.0709270738,0.0,0.0,1.714143902800223,0.0,5.246352051306355e-05,0.0,0.06556170413740868,-0.006669963856995434,0.2176106213422021,0.0,0.0,0.0
2300.0,9.581738093768436,5.814324644527074,0.0,0.0,1.456226200538713e-05,0.0,0.0,4.100180975703433,-15.0709270738,0.0,0.0,1.7141436688236418,0.0,5.23568815152495e-05,0.0,0.06556178831852696,-0.00666979005676753,0.21761099724224847,0.0,0.0,0.0
2301.0,9.5817352921555,5.814338949009681,0.0,0.0,1.4529910665605707e-05,0.0,0.0,4.100195522013694,-15.0709270738,0.0,0.0,1.714143426995987,0.0,5.224058139447016e-05,0.0,0.06556187229086782,-0.00666961700415411,0.21761137282851764,0.0,0.0,0.0
2302.0,9.581732459174665,5.814353211977425,0.0,0.0,1.4494872400072053e-05,0.0,0.0,4.100210034629116,-15.0709270738,0.0,0.0,1.7141431773483085,0.0,5.211462084858652e-05,0.0,0.06556195603888015,-0.006669444731868673,0.217611748032752,0.0,0.0,0.0
2303.0,9.581729595268966,5.814367430776203,0.0,0.0,1.4457147891030142e-05,0.0,0.0,4.100224510863074,-15.0709270738,0.0,0.0,1.7141429199131286,0.0,5.19790023183187e-05,0.0,0.0655620395470207,-0.006669273272552734,0.21761212278661962,0.0,0.0,0.0
2304.0,9.581726700887943,5.814381602754308,0.0,0.0,1.4416738306424234e-05,0.0,0.0,4.100238948029868,-15.0709270738,0.0,0.0,1.7141426547244398,0.0,5.1833729990471286e-05,0.0,0.06556212279975675,-0.006669102658769688,0.21761249702172644,0.0,0.0,0.0
2305.0,9.581723776487577,5.8143957252629095,0.0,0.0,1.4373645300708267e-05,0.0,0.0,4.100253343445208,-15.0709270738,0.0,0.0,1.7141423818177017,0.0,5.1678809800851696e-05,0.0,0.06556220578156916,-0.006668932922998791,0.21761287066962848,0.0,0.0,0.0
2306.0,9.581720822530212,5.81440979565654,0.0,0.0,1.4327871015569329e-05,0.0,0.0,4.100267694426703,-15.0709270738,0.0,0.0,1.7141421012298368,0.0,5.151424943687949e-05,0.0,0.06556228847695496,-0.00666876409762919,0.2176132436618439,0.0,0.0,0.0
2307.0,9.581717839484494,5.814423811293576,0.0,0.0,1.4279418080563848e-05,0.0,0.0,4.10028199829435,-15.0709270738,0.0,0.0,1.7141418129992259,0.0,5.1340058339882275e-05,0.0,0.0655623708704304,-0.006668596214953831,0.2176136159298656,0.0,0.0,0.0
2308.0,9.581714827825298,5.814437769536723,0.0,0.0,1.42282896136656e-05,0.0,0.0,4.100296252371016,-15.0709270738,0.0,0.0,1.7141415171657073,0.0,5.1156247707074534e-05,0.0,0.06556245294653358,-0.006668429307163465,0.21761398740517318,0.0,0.0,0.0
2309.0,9.581711788033651,5.814451667753503,0.0,0.0,1.4174489221733254e-05,0.0,0.0,4.100310453982931,-15.0709270738,0.0,0.0,1.7141412137705725,0.0,5.096283049324752e-05,0.0,0.06556253468982744,-0.006668263406340566,0.2176143580192455,0.0,0.0,0.0
2310.0,9.581708720596662,5.814465503316735,0.0,0.0,1.4118021000882935e-05,0.0,0.0,4.100324600460177,-15.0709270738,0.0,0.0,1.714140902856558,0.0,5.075982141211768e-05,0.0,0.06556261608490249,-0.0066680985444534935,0.21761472770357276,0.0,0.0,0.0
2311.0,9.581705626007446,5.814479273605022,0.0,0.0,1.4058889536777735e-05,0.0,0.0,4.100338689137179,-15.0709270738,0.0,0.0,1.7141405844678426,0.0,5.054723693737663e-05,0.0,0.06556269711637973,-0.006667934753350299,0.2176150963896693,0.0,0.0,0.0
2312.0,9.581702504765047,5.814492976003235,0.0,0.0,1.3997099904829135e-05,0.0,0.0,4.100352717353189,-15.0709270738,0.0,0.0,1.7141402586500458,0.0,5.0325095303424654e-05,0.0,0.0655627777689134,-0.006667772064752747,0.21761546400908555,0.0,0.0,0.0
2313.0,9.581699357374362,5.814506607902999,0.0,0.0,1.3932657670309295e-05,0.0,0.0,4.1003666824527825,-15.0709270738,0.0,0.0,1.7141399254502163,0.0,5.009341650578384e-05,0.0,0.06556285802719387,-0.006667610510250499,0.21761583049342065,0.0,0.0,0.0
2314.0,9.581696184346061,5.814520166703175,0.0,0.0,1.3865568888376426e-05,0.0,0.0,4.100380581786342,-15.0709270738,0.0,0.0,1.7141395849168326,0.0,4.985222230119878e-05,0.0,0.06556293787595048,-0.006667450121295007,0.21761619577433505,0.0,0.0,0.0
2315.0,9.581692986196506,5.814533649810347,0.0,0.0,1.3795840104011696e-05,0.0,0.0,4.1003944127105525,-15.0709270738,0.0,0.0,1.7141392370997943,0.0,4.9601536207419444e-05,0.0,0.06556301729995438,-0.006667290929193506,0.21761655978356262,0.0,0.0,0.0
2316.0,9.581689763447672,5.814547054639302,0.0,0.0,1.3723478351867991e-05,0.0,0.0,4.100408172588889,-15.0709270738,0.0,0.0,1.7141388820504133,0.0,4.934138350266722e-05,0.0,0.06556309628402128,-0.006667132965103156,0.21761692245292322,0.0,0.0,0.0
2317.0,9.581686516627064,5.814560378613518,0.0,0.0,1.3648491156028345e-05,0.0,0.0,4.100421858792103,-15.0709270738,0.0,0.0,1.7141385198214145,0.0,4.907179122477621e-05,0.0,0.06556317481301441,-0.006666976260025187,0.21761728371433542,0.0,0.0,0.0
2318.0,9.581683246267634,5.814573619165641,0.0,0.0,1.3570886529677904e-05,0.0,0.0,4.100435468698718,-15.0709270738,0.0,0.0,1.7141381504669226,0.0,4.879278817002392e-05,0.0,0.06556325287184724,-0.006666820844798749,0.2176176434998286,0.0,0.0,0.0
2319.0,9.581679952907692,5.814586773737973,0.0,0.0,1.3490672974685757e-05,0.0,0.0,4.100448999695514,-15.0709270738,0.0,0.0,1.7141377740424586,0.0,4.850440489163787e-05,0.0,0.06556333044548635,-0.006666666750095224,0.21761800174155566,0.0,0.0,0.0
2320.0,9.581676637090826,5.814599839782949,0.0,0.0,1.3407859481096727e-05,0.0,0.0,4.100462449178016,-15.0709270738,0.0,0.0,1.7141373906049333,0.0,4.8206673697978594e-05,0.0,0.06556340751895427,-0.006666514006412272,0.21761835837180554,0.0,0.0,0.0
2321.0,9.581673299365814,5.814612814763621,0.0,0.0,1.3322455526538245e-05,0.0,0.0,4.100475814550983,-15.0709270738,0.0,0.0,1.714137000212638,0.0,4.789962865041744e-05,0.0,0.06556348407733228,-0.006666362644067947,0.2176187133230157,0.0,0.0,0.0
2322.0,9.581669940286533,5.814625696154134,0.0,0.0,1.3234471075532587e-05,0.0,0.0,4.100489093228898,-15.0709270738,0.0,0.0,1.7141366029252358,0.0,4.758330556087423e-05,0.0,0.0655635601057632,-0.006666212693194867,0.21761906652778418,0.0,0.0,0.0
2323.0,9.58166656041187,5.814638481440206,0.0,0.0,1.3143916578723718e-05,0.0,0.0,4.100502282636447,-15.0709270738,0.0,0.0,1.7141361988037591,0.0,4.725774198904789e-05,0.0,0.06556363558945419,-0.006666064183734374,0.2176194179188829,0.0,0.0,0.0
2324.0,9.581663160305634,5.814651168119608,0.0,0.0,1.3050802972014145e-05,0.0,0.0,4.100515380209013,-15.0709270738,0.0,0.0,1.7141357879105943,0.0,4.6922977239323665e-05,0.0,0.06556371051367965,-0.0066659171454308275,0.21761976742926947,0.0,0.0,0.0
2325.0,9.581659740536466,5.814663753702636,0.0,0.0,1.2955141675609541e-05,0.0,0.0,4.100528383393156,-15.0709270738,0.0,0.0,1.7141353703094797,0.0,4.657905235734876e-05,0.0,0.06556378486378389,-0.0066657716078256934,0.21762011499209988,0.0,0.0,0.0
2326.0,9.581656301677741,5.81467623571259,0.0,0.0,1.2856944592979426e-05,0.0,0.0,4.100541289647097,-15.0709270738,0.0,0.0,1.714134946065493,0.0,4.622601012630624e-05,0.0,0.06556385862518398,-0.0066656276002518555,0.21762046054074108,0.0,0.0,0.0
2327.0,9.581652844307479,5.814688611686247,0.0,0.0,1.2756224109724017e-05,0.0,0.0,4.100554096441203,-15.0709270738,0.0,0.0,1.7141345152450436,0.0,4.586389506285167e-05,0.0,0.06556393178337253,-0.006665485151827938,0.2176208040087833,0.0,0.0,0.0
2328.0,9.58164936900825,5.814700879174329,0.0,0.0,1.2652993092354059e-05,0.0,0.0,4.100566801258466,-15.0709270738,0.0,0.0,1.7141340779158627,0.0,4.5492753412736784e-05,0.0,0.06556400432392047,-0.00666534429145256,0.21762114533005242,0.0,0.0,0.0
2329.0,9.581645876367078,5.814713035741982,0.0,0.0,1.2547264886978974e-05,0.0,0.0,4.100579401594986,-15.0709270738,0.0,0.0,1.7141336341469957,0.0,4.511263314610375e-05,0.0,0.0655640762324798,-0.006665205047798564,0.21762148443862273,0.0,0.0,0.0
2330.0,9.581642366975343,5.8147250789692375,0.0,0.0,1.24390533179096e-05,0.0,0.0,4.100591894960447,-15.0709270738,0.0,0.0,1.7141331840087908,0.0,4.472358395247216e-05,0.0,0.0655641474947863,-0.006665067449307602,0.21762182126882884,0.0,0.0,0.0
2331.0,9.581638841428687,5.814737006451485,0.0,0.0,1.23283726861691e-05,0.0,0.0,4.1006042788785955,-15.0709270738,0.0,0.0,1.7141327275728893,0.0,4.432565723539608e-05,0.0,0.06556421809666242,-0.006664931524184278,0.2176221557552785,0.0,0.0,0.0
2332.0,9.581635300326909,5.814748815799933,0.0,0.0,1.2215237767914812e-05,0.0,0.0,4.100616550887718,-15.0709270738,0.0,0.0,1.714132264912215,0.0,4.391890610680077e-05,0.0,0.06556428802401985,-0.006664797300390754,0.21762248783286475,0.0,0.0,0.0
2333.0,9.581631744273874,5.81476050464208,0.0,0.0,1.2099663812770423e-05,0.0,0.0,4.100628708541113,-15.0709270738,0.0,0.0,1.7141317961009666,0.0,4.3503385380997026e-05,0.0,0.06556435726286237,-0.006664664805641124,0.21762281743677825,0.0,0.0,0.0
2334.0,9.581628173877407,5.814772070622168,0.0,0.0,1.1981666542073188e-05,0.0,0.0,4.1006407494075665,-15.0709270738,0.0,0.0,1.7141313212146017,0.0,4.307915156839007e-05,0.0,0.06556442579928848,-0.006664534067395825,0.21762314450251966,0.0,0.0,0.0
2335.0,9.581624589749193,5.814783511401649,0.0,0.0,1.1861262147027336e-05,0.0,0.0,4.100652671071818,-15.0709270738,0.0,0.0,1.7141308403298314,0.0,4.264626286885111e-05,0.0,0.06556449361949417,-0.006664405112856306,0.21762346896591186,0.0,0.0,0.0
2336.0,9.581620992504677,5.81479482465964,0.0,0.0,1.1738467286772768e-05,0.0,0.0,4.100664471135034,-15.0709270738,0.0,0.0,1.714130353524606,0.0,4.220477916478437e-05,0.0,0.06556456070977557,-0.006664277968959423,0.21762379076311233,0.0,0.0,0.0
2337.0,9.581617382762957,5.814806008093377,0.0,0.0,1.1613299086362954e-05,0.0,0.0,4.100676147215274,-15.0709270738,0.0,0.0,1.7141298608781037,0.0,4.1754762013867554e-05,0.0,0.06556462705653165,-0.006664152662372191,0.21762410983062513,0.0,0.0,0.0
2338.0,9.58161376114668,5.814817059418671,0.0,0.0,1.1485775134656313e-05,0.0,0.0,4.1006876969479515,-15.0709270738,0.0,0.0,1.71412936247072,0.0,4.129627464148131e-05,0.0,0.0655646926462669,-0.0066640292194862505,0.21762442610531327,0.0,0.0,0.0
2339.0,9.581610128281945,5.814827976370358,0.0,0.0,1.135591348211742e-05,0.0,0.0,4.100699117986304,-15.0709270738,0.0,0.0,1.7141288583840542,0.0,4.082938193281428e-05,0.0,0.06556475746559394,-0.006663907666412644,0.2176247395244108,0.0,0.0,0.0
2340.0,9.581606484798185,5.814838756702746,0.0,0.0,1.122373263853217e-05,0.0,0.0,4.100710408001847,-15.0709270738,0.0,0.0,1.714128348700899,0.0,4.035415042465892e-05,0.0,0.06556482150123624,-0.006663788028976478,0.21762505002553467,0.0,0.0,0.0
2341.0,9.58160283132807,5.81484939819006,0.0,0.0,1.108925157063433e-05,0.0,0.0,4.100721564684834,-15.0709270738,0.0,0.0,1.7141278335052261,0.0,3.987064829688852e-05,0.0,0.06556488474003067,-0.0066636703327116464,0.21762535754669723,0.0,0.0,0.0
2342.0,9.581599168507397,5.8148598986268905,0.0,0.0,1.0952489699645598e-05,0.0,0.0,4.100732585744715,-15.0709270738,0.0,0.0,1.7141273128821757,0.0,3.937894536362326e-05,0.0,0.06556494716893008,-0.006663554602855656,0.21762566202631795,0.0,0.0,0.0
2343.0,9.581595496974982,5.814870255828627,0.0,0.0,1.0813466898727503e-05,0.0,0.0,4.100743468910585,-15.0709270738,0.0,0.0,1.714126786918042,0.0,3.887911306407921e-05,0.0,0.06556500877500605,-0.006663440864344422,0.2176259634032353,0.0,0.0,0.0
2344.0,9.581591817372548,5.814880467631899,0.0,0.0,1.0672203490347711e-05,0.0,0.0,4.100754211931638,-15.0709270738,0.0,0.0,1.7141262557002612,0.0,3.837122445310942e-05,0.0,0.06556506954545133,-0.006663329141807145,0.21762626161671889,0.0,0.0,0.0
2345.0,9.58158813034462,5.81489053189501,0.0,0.0,1.052872024355827e-05,0.0,0.0,4.100764812577614,-15.0709270738,0.0,0.0,1.714125719317396,0.0,3.785535419142846e-05,0.0,0.06556512946758239,-0.006663219459561276,0.21762655660648106,0.0,0.0,0.0
2346.0,9.581584436538414,5.81490044649837,0.0,0.0,1.0383038371189076e-05,0.0,0.0,4.100775268639245,-15.0709270738,0.0,0.0,1.7141251778591249,0.0,3.733157853553187e-05,0.0,0.06556518852884213,-0.00666311184160745,0.21762684831268903,0.0,0.0,0.0
2347.0,9.581580736603721,5.814910209344921,0.0,0.0,1.0235179526953073e-05,0.0,0.0,4.100785577928694,-15.0709270738,0.0,0.0,1.7141246314162268,0.0,3.679997532729828e-05,0.0,0.06556524671680221,-0.00666300631162435,0.21762713667597616,0.0,0.0,0.0
2348.0,9.581577031192802,5.8149198183605675,0.0,0.0,1.008516580246991e-05,0.0,0.0,4.10079573828,-15.0709270738,0.0,0.0,1.714124080080567,0.0,3.6260623983298145e-05,0.0,0.06556530401916569,-0.006662902892964062,0.2176274216374542,0.0,0.0,0.0
2349.0,9.581573320960274,5.814929271494592,0.0,0.0,9.933019724200644e-06,0.0,0.0,4.10080574754951,-15.0709270738,0.0,0.0,1.7141235239450827,0.0,3.571360548378263e-05,0.0,0.06556536042376948,-0.006662801608646948,0.21762770313872437,0.0,0.0,0.0
2350.0,9.58156960656299,5.814938566720081,0.0,0.0,9.77876425029917e-06,0.0,0.0,4.100815603616312,-15.0709270738,0.0,0.0,1.7141229631037689,0.0,3.515900236137284e-05,0.0,0.0655654159185868,-0.006662702481356822,0.2176279811218893,0.0,0.0,0.0
2351.0,9.581565888659936,5.814947702034334,0.0,0.0,9.622422767378556e-06,0.0,0.0,4.10082530438267,-15.0709270738,0.0,0.0,1.7141223976516642,0.0,3.4596898689443066e-05,0.0,0.0655654704917297,-0.006662605533436242,0.21762825552956427,0.0,0.0,0.0
2352.0,9.581562167912109,5.814956675459277,0.0,0.0,9.464019087194117e-06,0.0,0.0,4.100834847774443,-15.0709270738,0.0,0.0,1.714121827684834,0.0,3.402738007020444e-05,0.0,0.06556552413145139,-0.006662510786881709,0.21762852630488883,0.0,0.0,0.0
2353.0,9.581558444982404,5.814965485041877,0.0,0.0,9.303577443243223e-06,0.0,0.0,4.100844231741518,-15.0709270738,0.0,0.0,1.714121253300359,0.0,3.345053362248918e-05,0.0,0.06556557682614873,-0.006662418263338951,0.21762879339153796,0.0,0.0,0.0
2354.0,9.581554720535499,5.814974128854535,0.0,0.0,9.141122487279132e-06,0.0,0.0,4.100853454258221,-15.0709270738,0.0,0.0,1.7141206745963142,0.0,3.2866447969225415e-05,0.0,0.06556562856436461,-0.0066623279840984095,0.21762905673373356,0.0,0.0,0.0
2355.0,9.58155099523774,5.814982604995498,0.0,0.0,8.9766792857457e-06,0.0,0.0,4.100862513323739,-15.0709270738,0.0,0.0,1.7141200916717585,0.0,3.227521322462745e-05,0.0,0.06556567933479032,-0.006662239970090494,0.21762931627625542,0.0,0.0,0.0
2356.0,9.58154726975702,5.814990911589248,0.0,0.0,8.810273316127663e-06,0.0,0.0,4.100871406962532,-15.0709270738,0.0,0.0,1.7141195046267166,0.0,3.1676920981082304e-05,0.0,0.06556572912626786,-0.006662154241881088,0.21762957196445248,0.0,0.0,0.0
2357.0,9.58154354476267,5.814999046786903,0.0,0.0,8.641930463219821e-06,0.0,0.0,4.100880133224739,-15.0709270738,0.0,0.0,1.7141189135621637,0.0,3.107166429574444e-05,0.0,0.06556577792779236,-0.006662070819667229,0.217629823744254,0.0,0.0,0.0
2358.0,9.581539820925332,5.815007008766596,0.0,0.0,8.471677015314967e-06,0.0,0.0,4.100888690186588,-15.0709270738,0.0,0.0,1.7141183185800077,0.0,3.045953767683819e-05,0.0,0.06556582572851427,-0.006661989723272463,0.21763007156218017,0.0,0.0,0.0
2359.0,9.581536098916848,5.8150147957338705,0.0,0.0,8.29953966030895e-06,0.0,0.0,4.100897075950796,-15.0709270738,0.0,0.0,1.7141177197830748,0.0,2.9840637069662065e-05,0.0,0.06556587251774175,-0.006661910972142679,0.2176303153653534,0.0,0.0,0.0
2360.0,9.581532379410136,5.815022405922055,0.0,0.0,8.125545481731095e-06,0.0,0.0,4.100905288646963,-15.0709270738,0.0,0.0,1.7141171172750918,0.0,2.9215059842324425e-05,0.0,0.06556591828494285,-0.006661834585341683,0.21763055510150878,0.0,0.0,0.0
2361.0,9.581528663079075,5.815029837592642,0.0,0.0,7.949721954687865e-06,0.0,0.0,4.100913326431972,-15.0709270738,0.0,0.0,1.71411651116067,0.0,2.8582904771167074e-05,0.0,0.06556596301974776,-0.006661760581547063,0.21763079071900499,0.0,0.0,0.0
2362.0,9.581524950598384,5.815037089035661,0.0,0.0,7.77209694173251e-06,0.0,0.0,4.100921187490373,-15.0709270738,0.0,0.0,1.7141159015452878,0.0,2.794427202592251e-05,0.0,0.06556600671195106,-0.006661688979045871,0.21763102216683475,0.0,0.0,0.0
2363.0,9.5815212426435,5.815044158570044,0.0,0.0,7.592698688653204e-06,0.0,0.0,4.100928870034771,-15.0709270738,0.0,0.0,1.7141152885352726,0.0,2.7299263154577872e-05,0.0,0.06556604935151389,-0.006661619795730669,0.21763124939463568,0.0,0.0,0.0
2364.0,9.581517539890463,5.815051044543992,0.0,0.0,7.411555820185973e-06,0.0,0.0,4.100936372306207,-15.0709270738,0.0,0.0,1.714114672237785,0.0,2.664798106796825e-05,0.0,0.06556609092856605,-0.006661553049095423,0.21763147235270033,0.0,0.0,0.0
2365.0,9.58151384301579,5.815057745335334,0.0,0.0,7.228697335646841e-06,0.0,0.0,4.100943692574535,-15.0709270738,0.0,0.0,1.7141140527607996,0.0,2.5990530024079337e-05,0.0,0.0655661314334082,-0.006661488756231376,0.21763169099198668,0.0,0.0,0.0
2366.0,9.581510152696357,5.815064259351881,0.0,0.0,7.044152604490557e-06,0.0,0.0,4.1009508291387915,-15.0709270738,0.0,0.0,1.7141134302130894,0.0,2.5327015612085853e-05,0.0,0.06556617085651398,-0.00666142693382335,0.21763190526412848,0.0,0.0,0.0
2367.0,9.581506469609277,5.815070585031774,0.0,0.0,6.857951361791728e-06,0.0,0.0,4.100957780327569,-15.0709270738,0.0,0.0,1.7141128047042047,0.0,2.465754473611072e-05,0.0,0.06556620918853201,-0.006661367598145729,0.21763211512144526,0.0,0.0,0.0
2368.0,9.581502794431778,5.815076720843832,0.0,0.0,6.670123703649129e-06,0.0,0.0,4.100964544499373,-15.0709270738,0.0,0.0,1.7141121763444591,0.0,2.3982225598707845e-05,0.0,0.06556624642028801,-0.006661310765058701,0.21763232051695236,0.0,0.0,0.0
2369.0,9.581499127841083,5.815082665287893,0.0,0.0,6.48070008251874e-06,0.0,0.0,4.100971120042985,-15.0709270738,0.0,0.0,1.7141115452449078,0.0,2.330116768408827e-05,0.0,0.0655662825427868,-0.006661256450004524,0.21763252140437098,0.0,0.0,0.0
2370.0,9.581495470514284,5.815088416895144,0.0,0.0,6.289711302469495e-06,0.0,0.0,4.100977505377815,-15.0709270738,0.0,0.0,1.7141109115173299,0.0,2.2614481741068322e-05,0.0,0.06556631754721433,-0.006661204668003934,0.21763271773813778,0.0,0.0,0.0
2371.0,9.581491823128223,5.8150939742284615,0.0,0.0,6.097188514366748e-06,0.0,0.0,4.10098369895425,-15.0709270738,0.0,0.0,1.7141102752742112,0.0,2.1922279765757467e-05,0.0,0.06556635142493958,-0.006661155433652366,0.2176329094734149,0.0,0.0,0.0
2372.0,9.58148818635937,5.815099335882726,0.0,0.0,5.9031632109840175e-06,0.0,0.0,4.100989699254002,-15.0709270738,0.0,0.0,1.7141096366287245,0.0,2.1224674983988118e-05,0.0,0.06556638416751658,-0.006661108761116738,0.21763309656609936,0.0,0.0,0.0
2373.0,9.5814845608837,5.815104500485149,0.0,0.0,5.707667222041199e-06,0.0,0.0,4.10099550479044,-15.0709270738,0.0,0.0,1.7141089956947093,0.0,2.0521781833480744e-05,0.0,0.06556641576668626,-0.0066610646641316745,0.21763327897283252,0.0,0.0,0.0
2374.0,9.581480947376564,5.8151094666955885,0.0,0.0,5.51073270917302e-06,0.0,0.0,4.101001114108934,-15.0709270738,0.0,0.0,1.7141083525866545,0.0,1.98137159457579e-05,0.0,0.06556644621437836,-0.006661023155996371,0.2176334566510097,0.0,0.0,0.0
2375.0,9.581477346512575,5.815114233206855,0.0,0.0,5.312392160825265e-06,0.0,0.0,4.101006525787176,-15.0709270738,0.0,0.0,1.7141077074196787,0.0,1.9100594127798286e-05,0.0,0.06556647550271329,-0.006660984249571095,0.217633629558789,0.0,0.0,0.0
2376.0,9.581473758965478,5.81511879874502,0.0,0.0,5.112678387084371e-06,0.0,0.0,4.101011738435511,-15.0709270738,0.0,0.0,1.7141070603095097,0.0,1.838253434345091e-05,0.0,0.06556650362400392,-0.006660947957274066,0.21763379765510105,0.0,0.0,0.0
2377.0,9.581470185408033,5.815123162069716,0.0,0.0,4.911624514433482e-06,0.0,0.0,4.101016750697248,-15.0709270738,0.0,0.0,1.7141064113724678,0.0,1.765965569458459e-05,0.0,0.06556653057075738,-0.006660914291078318,0.21763396089965747,0.0,0.0,0.0
2378.0,9.581466626511885,5.815127321974424,0.0,0.0,4.7092639804463094e-06,0.0,0.0,4.101021561248983,-15.0709270738,0.0,0.0,1.7141057607254417,0.0,1.6932078402013536e-05,0.0,0.06556655633567685,-0.00666088326250848,0.2176341192529601,0.0,0.0,0.0
2379.0,9.581463082947446,5.815131277286772,0.0,0.0,4.505630528408013e-06,0.0,0.0,4.1010261688008995,-15.0709270738,0.0,0.0,1.7141051084858727,0.0,1.619992378616019e-05,0.0,0.06556658091166324,-0.006660854882637804,0.21763427267630972,0.0,0.0,0.0
2380.0,9.581459555383768,5.81513502686881,0.0,0.0,4.30075820187504e-06,0.0,0.0,4.101030572097078,-15.0709270738,0.0,0.0,1.7141044547717321,0.0,1.546331424749836e-05,0.0,0.06556660429181693,-0.006660829162085297,0.21763442113181458,0.0,0.0,0.0
2381.0,9.581456044488421,5.81513856961729,0.0,0.0,4.094681339163496e-06,0.0,0.0,4.101034769915788,-15.0709270738,0.0,0.0,1.714103799701502,0.0,1.4722373246739047e-05,0.0,0.06556662646943937,-0.006660806111012774,0.21763456458239916,0.0,0.0,0.0
2382.0,9.58145255092737,5.815141904463939,0.0,0.0,3.887434567777556e-06,0.0,0.0,4.101038761069784,-15.0709270738,0.0,0.0,1.714103143394155,0.0,1.3977225284800345e-05,0.0,0.06556664743803478,-0.006660785739122099,0.2176347029918122,0.0,0.0,0.0
2383.0,9.58144907536485,5.815145030375723,0.0,0.0,3.679052798772458e-06,0.0,0.0,4.101042544406589,-15.0709270738,0.0,0.0,1.7141024859691338,0.0,1.3227995882541907e-05,0.0,0.0655666671913117,-0.006660768055652452,0.21763483632463543,0.0,0.0,0.0
2384.0,9.581445618463244,5.815147946355107,0.0,0.0,3.46957122105394e-06,0.0,0.0,4.101046118808776,-15.0709270738,0.0,0.0,1.7141018275463304,0.0,1.2474811560270481e-05,0.0,0.06556668572318455,-0.006660753069377759,0.21763496454629133,0.0,0.0,0.0
2385.0,9.58144218088296,5.8151506514403115,0.0,0.0,3.2590252956164905e-06,0.0,0.0,4.101049483194246,-15.0709270738,0.0,0.0,1.7141011682460654,0.0,1.1717799817025223e-05,0.0,0.06556670302777526,-0.006660740788603986,0.21763508762305123,0.0,0.0,0.0
2386.0,9.581438763282305,5.81515314470556,0.0,0.0,3.047450749718775e-06,0.0,0.0,4.101052636516491,-15.0709270738,0.0,0.0,1.7141005081890688,0.0,1.0957089109636735e-05,0.0,0.06556671909941456,-0.0066607312211668795,0.2176352055220433,0.0,0.0,0.0
2387.0,9.58143536631737,5.81515542526132,0.0,0.0,2.8348835710029243e-06,0.0,0.0,4.101055577764865,-15.0709270738,0.0,0.0,1.7140998474964553,0.0,1.0192808831583976e-05,0.0,0.06556673393264364,-0.006660724374429314,0.2176353182112601,0.0,0.0,0.0
2388.0,9.581431990641894,5.815157492254541,0.0,0.0,2.6213600015484865e-06,0.0,0.0,4.101058305964834,-15.0709270738,0.0,0.0,1.7140991862897073,0.0,9.425089291615946e-06,0.0,0.06556674752221549,-0.006660720255279209,0.21763542565956634,0.0,0.0,0.0
2389.0,9.581428636907154,5.815159344868885,0.0,0.0,2.4069165318720676e-06,0.0,0.0,4.101060820178232,-15.0709270738,0.0,0.0,1.7140985246906526,0.0,8.654061692177715e-06,0.0,0.06556675986309626,-0.006660718870127119,0.2176355278367061,0.0,0.0,0.0
2390.0,9.581425305761831,5.815160982324947,0.0,0.0,2.1915898948701844e-06,0.0,0.0,4.1010631195035065,-15.0709270738,0.0,0.0,1.7140978628214407,0.0,7.879858107632008e-06,0.0,0.06556677095046673,-0.0066607202249041875,0.21763562471331033,0.0,0.0,0.0
2391.0,9.581421997851901,5.815162403880479,0.0,0.0,1.975417059701936e-06,0.0,0.0,4.101065203075954,-15.0709270738,0.0,0.0,1.7140972008045257,0.0,7.102611462264038e-06,0.0,0.06556678077972344,-0.006660724325059986,0.21763571626090392,0.0,0.0,0.0
2392.0,9.581418713820499,5.815163608830598,0.0,0.0,1.7584352256203008e-06,0.0,0.0,4.101067070067957,-15.0709270738,0.0,0.0,1.7140965387626403,0.0,6.3224555081013085e-06,0.0,0.06556678934648019,-0.006660731175560625,0.2176358024519126,0.0,0.0,0.0
2393.0,9.581415454307807,5.81516459650799,0.0,0.0,1.5406818157452066e-06,0.0,0.0,4.101068719689211,-15.0709270738,0.0,0.0,1.7140958768187788,0.0,5.539524802523741e-06,0.0,0.06556679664656914,-0.006660740780886715,0.2176358832596702,0.0,0.0,0.0
2394.0,9.581412219950929,5.8151653662831135,0.0,0.0,1.3221944707864494e-06,0.0,0.0,4.101070151186941,-15.0709270738,0.0,0.0,1.7140952150961724,0.0,4.753954685693135e-06,0.0,0.06556680267604202,-0.0066607531450316865,0.21763595865842478,0.0,0.0,0.0
2395.0,9.581409011383768,5.815165917564389,0.0,0.0,1.1030110427128363e-06,0.0,0.0,4.101071363846122,-15.0709270738,0.0,0.0,1.714094553718267,0.0,3.9658812577889685e-06,0.0,0.06556680743117141,-0.006660768271499917,0.21763602862334558,0.0,0.0,0.0
2396.0,9.581405829236907,5.815166249798387,0.0,0.0,8.831695883699411e-07,0.0,0.0,4.1010723569896825,-15.0709270738,0.0,0.0,1.7140938928087044,0.0,3.175441356059086e-06,0.0,0.06556681090845173,-0.006660786163305163,0.21763609313052948,0.0,0.0,0.0
2397.0,9.58140267413749,5.815166362470006,0.0,0.0,6.627083630457396e-07,0.0,0.0,4.101073129978706,-15.0709270738,0.0,0.0,1.7140932324912992,0.0,2.382772531682674e-06,0.0,0.06556681310460052,-0.0066608068229689205,0.21763615215700693,0.0,0.0,0.0
2398.0,9.581399546709097,5.815166255102645,0.0,0.0,4.416658139905201e-07,0.0,0.0,4.101073682212632,-15.0709270738,0.0,0.0,1.7140925728900136,0.0,1.5880130264684991e-06,0.0,0.06556681401655932,-0.006660830252519026,0.21763620568074837,0.0,0.0,0.0
2399.0,9.58139644757163,5.815165927258377,0.0,0.0,2.2008057388588638e-07,0.0,0.0,4.101074013129435,-15.0709270738,0.0,0.0,1.7140919141289421,0.0,7.913017493697759e-07,0.0,0.06556681364149478,-0.006660856453488143,0.21763625368067002,0.0,0.0,0.0
2400.0,9.581393377341188,5.815165378538099,0.0,0.0,-2.0085457312208246e-09,0.0,0.0,4.101074122205818,-15.0709270738,0.0,0.0,1.7140912563322814,0.0,-7.221747163016355e-09,0.0,0.06556681197679963,-0.00666088542691258,0.21763629613663965,0.0,0.0,0.0
2401.0,9.581390336629953,5.815164608581692,0.0,0.0,-2.2456256109487655e-07,0.0,0.0,4.101074008957377,-15.0709270738,0.0,0.0,1.7140905996243152,0.0,-8.07417291010767e-07,0.0,0.06556680902009362,-0.006660917173330935,0.2176363330294822,0.0,0.0,0.0
2402.0,9.581387326046068,5.8151636170681655,0.0,0.0,-4.4754232287514793e-07,0.0,0.0,4.101073672938778,-15.0709270738,0.0,0.0,1.7140899441293875,0.0,-1.6091441143535625e-06,0.0,0.06556680476922447,-0.0066609516927830376,0.21763636434098532,0.0,0.0,0.0
2403.0,9.581384346193518,5.815162403715799,0.0,0.0,-6.70908522892615e-07,0.0,0.0,4.101073113743916,-15.0709270738,0.0,0.0,1.7140892899718834,0.0,-2.412260877816974e-06,0.0,0.06556679922226862,-0.006660988984808866,0.21763639005390478,0.0,0.0,0.0
2404.0,9.581381397672018,5.8151609682822745,0.0,0.0,-8.946217008721332e-07,0.0,0.0,4.101072331006071,-15.0709270738,0.0,0.0,1.7140886372762036,0.0,-3.21662569475976e-06,0.0,0.0655667923775322,-0.006661029048447592,0.21763641015196927,0.0,0.0,0.0
2405.0,9.581378481076891,5.815159310564799,0.0,0.0,-1.1186422512398277e-06,0.0,0.0,4.101071324398055,-15.0709270738,0.0,0.0,1.714087986166744,0.0,-4.022096155717325e-06,0.0,0.06556678423355172,-0.006661071882236705,0.2176364246198857,0.0,0.0,0.0
2406.0,9.581375596998951,5.815157430400231,0.0,0.0,-1.3429304299606188e-06,0.0,0.0,4.101070093632358,-15.0709270738,0.0,0.0,1.7140873367678733,0.0,-4.828529352991232e-06,0.0,0.06556677478909484,-0.006661117484211221,0.2176364334433438,0.0,0.0,0.0
2407.0,9.581372746024392,5.815155327665188,0.0,0.0,-1.5674463614132474e-06,0.0,0.0,4.1010686384612764,-15.0709270738,0.0,0.0,1.7140866892039117,0.0,-5.635781905373845e-06,0.0,0.06556676404316111,-0.006661165851902948,0.21763643660902093,0.0,0.0,0.0
2408.0,9.581369928734667,5.815153002276153,0.0,0.0,-1.7921500453052325e-06,0.0,0.0,4.101066958677049,-15.0709270738,0.0,0.0,1.7140860435991039,0.0,-6.443709983016876e-06,0.0,0.06556675199498259,-0.006661216982339957,0.21763643410458644,0.0,0.0,0.0
2409.0,9.581367145706377,5.815150454189574,0.0,0.0,-2.0170013636262067e-06,0.0,0.0,4.101065054111973,-15.0709270738,0.0,0.0,1.7140854000776011,0.0,-7.252169332438211e-06,0.0,0.0655667386440245,-0.0066612708720460295,0.21763642591870594,0.0,0.0,0.0
2410.0,9.581364397511155,5.815147683401954,0.0,0.0,-2.2419600876318167e-06,0.0,0.0,4.101062924638518,-15.0709270738,0.0,0.0,1.7140847587634358,0.0,-8.061015301638952e-06,0.0,0.06556672398998578,-0.006661327517040128,0.2176364120410456,0.0,0.0,0.0
2411.0,9.581361684715556,5.81514468994994,0.0,0.0,-2.466985884869284e-06,0.0,0.0,4.101060570169438,-15.0709270738,0.0,0.0,1.7140841197805017,0.0,-8.870102865370528e-06,0.0,0.0655667080327997,-0.00666138691283627,0.21763639246227595,0.0,0.0,0.0
2412.0,9.581359007880938,5.815141473910394,0.0,0.0,-2.6920383262300085e-06,0.0,0.0,4.101057990657866,-15.0709270738,0.0,0.0,1.7140834832525282,0.0,-9.679286650499366e-06,0.0,0.0655666907726343,-0.006661449054443019,0.2176363671740758,0.0,0.0,0.0
2413.0,9.581356367563355,5.81513803540047,0.0,0.0,-2.9170768930386822e-06,0.0,0.0,4.101055186097409,-15.0709270738,0.0,0.0,1.714082849303061,0.0,-1.0488420961503091e-05,0.0,0.06556667220989285,-0.006661513936363578,0.2176363361691357,0.0,0.0,0.0
2414.0,9.581353764313446,5.815134374577672,0.0,0.0,-3.142060984171568e-06,0.0,0.0,4.101052156522237,-15.0709270738,0.0,0.0,1.7140822180554345,0.0,-1.129735980607191e-05,0.0,0.06556665234521432,-0.006661581552595483,0.21763629944116153,0.0,0.0,0.0
2415.0,9.58135119867632,5.815130491639912,0.0,0.0,-3.3669499232052194e-06,0.0,0.0,4.101048902007157,-15.0709270738,0.0,0.0,1.7140815896327544,0.0,-1.210595692081971e-05,0.0,0.0655666311794737,-0.0066616518966308574,0.2176362569848776,0.0,0.0,0.0
2416.0,9.58134867119145,5.815126386825562,0.0,0.0,-3.591702965593162e-06,0.0,0.0,4.101045422667689,-15.0709270738,0.0,0.0,1.7140809641578727,0.0,-1.291406579709597e-05,0.0,0.06556660871378245,-0.006661724961456339,0.21763620879602996,0.0,0.0,0.0
2417.0,9.581346182392561,5.815122060413492,0.0,0.0,-3.816279305870016e-06,0.0,0.0,4.1010417186601265,-15.0709270738,0.0,0.0,1.7140803417533652,0.0,-1.372153970689664e-05,0.0,0.06556658494948861,-0.0066618007395534,0.21763615487138915,0.0,0.0,0.0
2418.0,9.581343732807529,5.815117512723106,0.0,0.0,-4.040638084882815e-06,0.0,0.0,4.101037790181597,-15.0709270738,0.0,0.0,1.7140797225415083,0.0,-1.452823172887302e-05,0.0,0.06556655988817721,-0.00666187922289857,0.21763609520875293,0.0,0.0,0.0
2419.0,9.581341322958263,5.815112744114368,0.0,0.0,-4.264738397045255e-06,0.0,0.0,4.1010336374701115,-15.0709270738,0.0,0.0,1.714079106644257,0.0,-1.5333994774423402e-05,0.0,0.06556653353167043,-0.006661960402963879,0.21763602980694896,0.0,0.0,0.0
2420.0,9.581338953360603,5.815107754987827,0.0,0.0,-4.488539297616926e-06,0.0,0.0,4.101029260804606,-15.0709270738,0.0,0.0,1.7140784941832212,0.0,-1.6138681613874792e-05,0.0,0.06556650588202775,-0.0066620442707173155,0.21763595866583701,0.0,0.0,0.0
2421.0,9.58133662452422,5.815102545784623,0.0,0.0,-4.7119998100062374e-06,0.0,0.0,4.1010246605049785,-15.0709270738,0.0,0.0,1.7140778852796448,0.0,-1.694214490275e-05,0.0,0.06556647694154612,-0.006662130816623396,0.21763588178631116,0.0,0.0,0.0
2422.0,9.5813343369525,5.815097116986498,0.0,0.0,-4.935078933089973e-06,0.0,0.0,4.101019836932116,-15.0709270738,0.0,0.0,1.714077280054382,0.0,-1.7744237208094873e-05,0.0,0.06556644671275999,-0.006662220030643831,0.21763579917030207,0.0,0.0,0.0
2423.0,9.581332091142452,5.81509146911579,0.0,0.0,-5.157735648557721e-06,0.0,0.0,4.101014790487914,-15.0709270738,0.0,0.0,1.7140766786278752,0.0,-1.854481103489514e-05,0.0,0.06556641519844138,-0.006662311902238302,0.21763571082077843,0.0,0.0,0.0
2424.0,9.581329887584594,5.8150856027354285,0.0,0.0,-5.379928928270713e-06,0.0,0.0,4.101009521615297,-15.0709270738,0.0,0.0,1.7140760811201314,0.0,-1.9343718852545324e-05,0.0,0.0655663824015999,-0.00666240642036528,0.21763561674174878,0.0,0.0,0.0
2425.0,9.581327726762863,5.815079518448915,0.0,0.0,-5.6016177416406895e-06,0.0,0.0,4.101004030798213,-15.0709270738,0.0,0.0,1.7140754876507014,0.0,-2.014081312138984e-05,0.0,0.06556634832548267,-0.0066625035734829835,0.21763551693826316,0.0,0.0,0.0
2426.0,9.5813256091545,5.815073216900299,0.0,0.0,-5.822761063023069e-06,0.0,0.0,4.100998318561644,-15.0709270738,0.0,0.0,1.7140748983386551,0.0,-2.093594631931584e-05,0.0,0.06556631297357422,-0.006662603349550378,0.21763541141641396,0.0,0.0,0.0
2427.0,9.581323535229963,5.81506669877415,0.0,0.0,-6.043317879125812e-06,0.0,0.0,4.1009923854715895,-15.0709270738,0.0,0.0,1.7140743133025609,0.0,-2.172897096840258e-05,0.0,0.06556627634959647,-0.006662705736028396,0.21763530018333743,0.0,0.0,0.0
2428.0,9.581321505452818,5.815059964795515,0.0,0.0,-6.263247196430823e-06,0.0,0.0,4.100986232135053,-15.0709270738,0.0,0.0,1.714073732660462,0.0,-2.251973966161618e-05,0.0,0.06556623845750835,-0.006662810719881007,0.2176351832472143,0.0,0.0,0.0
2429.0,9.581319520279648,5.815053015729875,0.0,0.0,-6.482508048626407e-06,0.0,0.0,4.100979859200019,-15.0709270738,0.0,0.0,1.7140731565298557,0.0,-2.3308105089544252e-05,0.0,0.06556619930150581,-0.006662918287576633,0.2176350606172706,0.0,0.0,0.0
2430.0,9.581317580159952,5.815045852383091,0.0,0.0,-6.701059504054265e-06,0.0,0.0,4.100973267355422,-15.0709270738,0.0,0.0,1.7140725850276688,0.0,-2.4093920067183033e-05,0.0,0.06556615888602138,-0.0066630284250896454,0.2176349323037781,0.0,0.0,0.0
2431.0,9.581315685536053,5.815038475601344,0.0,0.0,-6.9188606731604085e-06,0.0,0.0,4.100966457331107,-15.0709270738,0.0,0.0,1.7140720182702367,0.0,-2.487703756073879e-05,0.0,0.065566117215724,-0.006663141117901519,0.21763479831805493,0.0,0.0,0.0
2432.0,9.581313836842998,5.8150308862710665,0.0,0.0,-7.1358707159579675e-06,0.0,0.0,4.1009594298977845,-15.0709270738,0.0,0.0,1.714071456373282,0.0,-2.565731071447214e-05,0.0,0.0655660742955186,-0.0066632563510028164,0.21763465867246537,0.0,0.0,0.0
2433.0,9.58131203450847,5.815023085318868,0.0,0.0,-7.352048849495238e-06,0.0,0.0,4.100952185866978,-15.0709270738,0.0,0.0,1.7140708994518894,0.0,-2.6434592877561405e-05,0.0,0.06556603013054567,-0.006663374108894615,0.21763451338042003,0.0,0.0,0.0
2434.0,9.581310278952687,5.815015073711449,0.0,0.0,-7.567354355330801e-06,0.0,0.0,4.100944726090962,-15.0709270738,0.0,0.0,1.7140703476204875,0.0,-2.720873763099155e-05,0.0,0.06556598472618098,-0.006663494375590315,0.21763436245637557,0.0,0.0,0.0
2435.0,9.581308570588323,5.815006852455516,0.0,0.0,-7.781746587009599e-06,0.0,0.0,4.100937051462693,-15.0709270738,0.0,0.0,1.7140698009928235,0.0,-2.797959881444666e-05,0.0,0.06556593808803493,-0.006663617134617619,0.21763420591583432,0.0,0.0,0.0
2436.0,9.581306909820409,5.81499842259768,0.0,0.0,-7.99518497754325e-06,0.0,0.0,4.100929162915736,-15.0709270738,0.0,0.0,1.7140692596819438,0.0,-2.8747030553217892e-05,0.0,0.06556589022195218,-0.006663742369020315,0.21763404377534368,0.0,0.0,0.0
2437.0,9.581305297046244,5.814989785224349,0.0,0.0,-8.20762904689414e-06,0.0,0.0,4.100921061424179,-15.0709270738,0.0,0.0,1.7140687238001702,0.0,-2.951088728512503e-05,0.0,0.06556584113401094,-0.006663870061360461,0.21763387605249515,0.0,0.0,0.0
2438.0,9.581303732655313,5.814980941461624,0.0,0.0,-8.419038409454011e-06,0.0,0.0,4.100912748002545,-15.0709270738,0.0,0.0,1.7140681934590782,0.0,-3.027102378741851e-05,0.0,0.06556579083052247,-0.00666400019372046,0.21763370276592373,0.0,0.0,0.0
2439.0,9.581302217029192,5.81497189247517,0.0,0.0,-8.629372781526776e-06,0.0,0.0,4.100904223705692,-15.0709270738,0.0,0.0,1.714067668769478,0.0,-3.10272952036966e-05,0.0,0.06556573931803042,-0.006664132747705234,0.21763352393530627,0.0,0.0,0.0
2440.0,9.581300750541471,5.814962639470096,0.0,0.0,-8.838591988806399e-06,0.0,0.0,4.100895489628706,-15.0709270738,0.0,0.0,1.71406714984139,0.0,-3.17795570708051e-05,0.0,0.0655656866033101,-0.006664267704444629,0.2176333395813606,0.0,0.0,0.0
2441.0,9.581299333557668,5.814953183690814,0.0,0.0,-9.046655973848292e-06,0.0,0.0,4.10088654690679,-15.0709270738,0.0,0.0,1.7140666367840236,0.0,-3.2527665345713714e-05,0.0,0.06556563269336775,-0.006664405044595825,0.2176331497258435,0.0,0.0,0.0
2442.0,9.58129796643514,5.814943526420902,0.0,0.0,-9.253524803539374e-06,0.0,0.0,4.100877396715145,-15.0709270738,0.0,0.0,1.7140661297057571,0.0,-3.327147643238775e-05,0.0,0.06556557759543981,-0.006664544748345727,0.2176329543915493,0.0,0.0,0.0
2443.0,9.581296649523008,5.814933668982953,0.0,0.0,-9.459158676559941e-06,0.0,0.0,4.100868040268837,-15.0709270738,0.0,0.0,1.714065628714116,0.0,-3.401084720863046e-05,0.0,0.06556552131699203,-0.006664686795413641,0.217632753602308,0.0,0.0,0.0
2444.0,9.581295383162075,5.8149236127384185,0.0,0.0,-9.663517930836025e-06,0.0,0.0,4.1008584788226665,-15.0709270738,0.0,0.0,1.714065133915752,0.0,-3.474563505289123e-05,0.0,0.06556546386571863,-0.006664831165053994,0.21763254738298266,0.0,0.0,0.0
2445.0,9.58129416768475,5.814913359087443,0.0,0.0,-9.866563050983366e-06,0.0,0.0,4.100848713671022,-15.0709270738,0.0,0.0,1.7140646454164212,0.0,-3.547569787104367e-05,0.0,0.06556540524954142,-0.006664977836058933,0.21763233575946758,0.0,0.0,0.0
2446.0,9.581293003414961,5.814902909468694,0.0,0.0,-1.0068254675740423e-05,0.0,0.0,4.100838746147732,-15.0709270738,0.0,0.0,1.7140641633209626,0.0,-3.62008941231244e-05,0.0,0.06556534547660882,-0.006665126786761344,0.21763211875868566,0.0,0.0,0.0
2447.0,9.581291890668092,5.814892265359183,0.0,0.0,-1.0268553605389082e-05,0.0,0.0,4.100828577625904,-15.0709270738,0.0,0.0,1.7140636877332787,0.0,-3.6921082850027567e-05,0.0,0.06556528455529487,-0.0066652779950377855,0.21763189640858552,0.0,0.0,0.0
2448.0,9.581290829750898,5.814881428274081,0.0,0.0,-1.0467420809162442e-05,0.0,0.0,4.100818209517765,-15.0709270738,0.0,0.0,1.7140632187563156,0.0,-3.7636123700152975e-05,0.0,0.06556522249419815,-0.006665431438311331,0.21763166873813894,0.0,0.0,0.0
2449.0,9.581289820961437,5.814870399766522,0.0,0.0,-1.0664817432636914e-05,0.0,0.0,4.100807643274482,-15.0709270738,0.0,0.0,1.7140627564920399,0.0,-3.834587695599782e-05,0.0,0.06556515930214084,-0.006665587093555025,0.21763143577733743,0.0,0.0,0.0
2450.0,9.581288864588997,5.8148591814274075,0.0,0.0,-1.0860704805106907e-05,0.0,0.0,4.100796880385986,-15.0709270738,0.0,0.0,1.7140623010414213,0.0,-3.905020356068586e-05,0.0,0.06556509498816743,-0.006665744937294715,0.21763119755718913,0.0,0.0,0.0
2451.0,9.58128796091402,5.814847774885193,0.0,0.0,-1.1055044446943735e-05,0.0,0.0,4.100785922380784,-15.0709270738,0.0,0.0,1.7140618525044085,0.0,-3.974896514443976e-05,0.0,0.06556502956154364,-0.006665904945612658,0.21763095410971553,0.0,0.0,0.0
2452.0,9.581287110208045,5.814836181805677,0.0,0.0,-1.1247798076935739e-05,0.0,0.0,4.100774770825765,-15.0709270738,0.0,0.0,1.7140614109799115,0.0,-4.044202405098603e-05,0.0,0.06556496303175524,-0.0066660670941507405,0.21763070546794744,0.0,0.0,0.0
2453.0,9.58128631273363,5.814824403891778,0.0,0.0,-1.1438927619605874e-05,0.0,0.0,4.100763427325996,-15.0709270738,0.0,0.0,1.714060976565782,0.0,-4.11292433638788e-05,0.0,0.06556489540850671,-0.006666231358113964,0.2176304516659214,0.0,0.0,0.0
2454.0,9.581285568744288,5.814812442883304,0.0,0.0,-1.1628395212508298e-05,0.0,0.0,4.100751893524512,-15.0709270738,0.0,0.0,1.7140605493587922,0.0,-4.1810486932748084e-05,0.0,0.06556482670172002,-0.006666397712274036,0.21763019273867565,0.0,0.0,0.0
2455.0,9.581284878484427,5.81480030055672,0.0,0.0,-1.1816163213504e-05,0.0,0.0,4.100740171102104,-15.0709270738,0.0,0.0,1.7140601294546158,0.0,-4.248561939947274e-05,0.0,0.06556475692153331,-0.006666566130973009,0.21762992872224587,0.0,0.0,0.0
2456.0,9.581284242189279,5.814787978724898,0.0,0.0,-1.2002194208007887e-05,0.0,0.0,4.10072826177709,-15.0709270738,0.0,0.0,1.7140597169478085,0.0,-4.3154506224250636e-05,0.0,0.06556468607829943,-0.006666736588126984,0.21762965965366066,0.0,0.0,0.0
2457.0,9.581283660084845,5.814775479236874,0.0,0.0,-1.2186451016213398e-05,0.0,0.0,4.1007161673050865,-15.0709270738,0.0,0.0,1.7140593119317877,0.0,-4.3817013711587994e-05,0.0,0.06556461418258461,-0.006666909057229942,0.2176293855709372,0.0,0.0,0.0
2458.0,9.581283132387833,5.814762803977585,0.0,0.0,-1.236889670028976e-05,0.0,0.0,4.100703889478769,-15.0709270738,0.0,0.0,1.7140589144988159,0.0,-4.447300903619035e-05,0.0,0.06556454124516699,-0.006667083511357613,0.21762910651307618,0.0,0.0,0.0
2459.0,9.5812826593056,5.8147499548676045,0.0,0.0,-1.2549494571546805e-05,0.0,0.0,4.100691430127627,-15.0709270738,0.0,0.0,1.7140585247399773,0.0,-4.512236026873676e-05,0.0,0.06556446727703504,-0.006667259923171465,0.21762882252005716,0.0,0.0,0.0
2460.0,9.58128224103609,5.814736933862875,0.0,0.0,-1.2728208197574502e-05,0.0,0.0,4.100678791117711,-15.0709270738,0.0,0.0,1.7140581427451638,0.0,-4.576493640156299e-05,0.0,0.06556439228938614,-0.006667438264922762,0.217628533632833,0.0,0.0,0.0
2461.0,9.58128187776779,5.814723742954425,0.0,0.0,-1.2905001409350148e-05,0.0,0.0,4.100665974351373,-15.0709270738,0.0,0.0,1.7140577686030518,0.0,-4.640060737422836e-05,0.0,0.06556431629362489,-0.006667618508456805,0.21762823989332492,0.0,0.0,0.0
2462.0,9.58128156967966,5.8147103841680865,0.0,0.0,-1.3079838308310652e-05,0.0,0.0,4.100652981766999,-15.0709270738,0.0,0.0,1.714057402401087,0.0,-4.7029244098956935e-05,0.0,0.06556423930136157,-0.006667800625216949,0.2176279413444167,0.0,0.0,0.0
2463.0,9.5812813169411,5.814696859564202,0.0,0.0,-1.3252683273393138e-05,0.0,0.0,4.100639815338737,-15.0709270738,0.0,0.0,1.7140570442254646,0.0,-4.765071848596471e-05,0.0,0.06556416132441042,-0.006667984586249065,0.21762763802994914,0.0,0.0,0.0
2464.0,9.58128111971188,5.814683171237323,0.0,0.0,-1.3423500968038617e-05,0.0,0.0,4.100626477076212,-15.0709270738,0.0,0.0,1.7140566941611102,0.0,-4.826490346865394e-05,0.0,0.06556408237478803,-0.006668170362205961,0.217627329994714,0.0,0.0,0.0
2465.0,9.581280978142106,5.814669321315907,0.0,0.0,-1.3592256347160765e-05,0.0,0.0,4.100612969024243,-15.0709270738,0.0,0.0,1.7140563522916636,0.0,-4.887167302868168e-05,0.0,0.0655640024647114,-0.0066683579233517,0.2176270172844481,0.0,0.0,0.0
2466.0,9.581280892372165,5.814655311962005,0.0,0.0,-1.375891466407625e-05,0.0,0.0,4.100599293262542,-15.0709270738,0.0,0.0,1.7140560186994627,0.0,-4.947090222089019e-05,0.0,0.06556392160659642,-0.00666854723956628,0.2176266999458268,0.0,0.0,0.0
2467.0,9.581280862532681,5.814641145370939,0.0,0.0,-1.3923441477392951e-05,0.0,0.0,4.1005854519054195,-15.0709270738,0.0,0.0,1.7140556934655198,0.0,-5.006246719808555e-05,0.0,0.06556383981305583,-0.006668738280350167,0.2176263780264579,0.0,0.0,0.0
2468.0,9.581280888744473,5.814626823770979,0.0,0.0,-1.4085802657863197e-05,0.0,0.0,4.100571447101469,-15.0709270738,0.0,0.0,1.71405537666951,0.0,-5.0646245235690495e-05,0.0,0.06556375709689745,-0.0066689310148290715,0.21762605157487463,0.0,0.0,0.0
2469.0,9.581280971118511,5.814612349423008,0.0,0.0,-1.4245964395189156e-05,0.0,0.0,4.100557281033256,-15.0709270738,0.0,0.0,1.7140550683897526,0.0,-5.1222114756224914e-05,0.0,0.06556367347112232,-0.006669125411758681,0.2176257206405292,0.0,0.0,0.0
2470.0,9.581281109755873,5.814597724620185,0.0,0.0,-1.44038932047881e-05,0.0,0.0,4.100542955916992,-15.0709270738,0.0,0.0,1.7140547687031935,0.0,-5.178995535364199e-05,0.0,0.06556358894892271,-0.006669321439529585,0.21762538527378555,0.0,0.0,0.0
2471.0,9.58128130474771,5.814582951687597,0.0,0.0,-1.4559555934512271e-05,0.0,0.0,4.10052847400221,-15.0709270738,0.0,0.0,1.7140544776853872,0.0,-5.234964781750086e-05,0.0,0.06556350354368007,-0.006669519066172094,0.2176250455259123,0.0,0.0,0.0
2472.0,9.581281556175208,5.814568032981907,0.0,0.0,-1.47129197713247e-05,0.0,0.0,4.100513837571424,-15.0709270738,0.0,0.0,1.7140541954104833,0.0,-5.290107415698068e-05,0.0,0.06556341726896316,-0.006669718259361357,0.2176247014490753,0.0,0.0,0.0
2473.0,9.581281864109549,5.814552970890999,0.0,0.0,-1.4863952247924376e-05,0.0,0.0,4.100499048939791,-15.0709270738,0.0,0.0,1.7140539219512076,0.0,-5.344411762471244e-05,0.0,0.06556333013852592,-0.006669918986422399,0.21762435309633024,0.0,0.0,0.0
2474.0,9.581282228611883,5.814537767833605,0.0,0.0,-1.5012621249325197e-05,0.0,0.0,4.100484110454757,-15.0709270738,0.0,0.0,1.714053657378848,0.0,-5.3978662740444274e-05,0.0,0.06556324216630535,-0.006670121214335259,0.2176240005216149,0.0,0.0,0.0
2475.0,9.581282649733291,5.814522426258942,0.0,0.0,-1.5158895019385324e-05,0.0,0.0,4.100469024495706,-15.0709270738,0.0,0.0,1.7140534017632358,0.0,-5.4504595314528297e-05,0.0,0.06556315336641946,-0.006670324909740316,0.2176236437797412,0.0,0.0,0.0
2476.0,9.581283127514757,5.814506948646329,0.0,0.0,-1.530274216728491e-05,0.0,0.0,4.100453793473596,-15.0709270738,0.0,0.0,1.7140531551727332,0.0,-5.5021802471221594e-05,0.0,0.06556306375316502,-0.006670530038943412,0.21762328292638733,0.0,0.0,0.0
2477.0,9.58128366198714,5.814491337504806,0.0,0.0,-1.5444131673949525e-05,0.0,0.0,4.100438419830589,-15.0709270738,0.0,0.0,1.7140529176742163,0.0,-5.553017267179156e-05,0.0,0.06556297334101543,-0.006670736567921456,0.21762291801808925,0.0,0.0,0.0
2478.0,9.581284253171145,5.81447559537274,0.0,0.0,-1.558303289842525e-05,0.0,0.0,4.10042290603968,-15.0709270738,0.0,0.0,1.7140526893330605,0.0,-5.6029595737447405e-05,0.0,0.06556288214461839,-0.006670944462327633,0.21762254911223253,0.0,0.0,0.0
2479.0,9.5812849010773,5.814459724817435,0.0,0.0,-1.5719415584191602e-05,0.0,0.0,4.10040725460431,-15.0709270738,0.0,0.0,1.714052470213125,0.0,-5.651996287204776e-05,0.0,0.06556279017879374,-0.006671153687497169,0.21762217626704378,0.0,0.0,0.0
2480.0,9.581285605705931,5.814443728434722,0.0,0.0,-1.5853249865424984e-05,0.0,0.0,4.100391468057984,-15.0709270738,0.0,0.0,1.7140522603767385,0.0,-5.7001166684630086e-05,0.0,0.06556269745853105,-0.006671364208452671,0.21762179954158167,0.0,0.0,0.0
2481.0,9.581286367047142,5.814427608848558,0.0,0.0,-1.5984506273201287e-05,0.0,0.0,4.100375548963874,-15.0709270738,0.0,0.0,1.7140520598846836,0.0,-5.747310121172115e-05,0.0,0.06556260399898733,-0.006671575989909903,0.21762141899572837,0.0,0.0,0.0
2482.0,9.581287185080795,5.814411368710606,0.0,0.0,-1.611315574164195e-05,0.0,0.0,4.100359499914421,-15.0709270738,0.0,0.0,1.7140518687961848,0.0,-5.793566193944372e-05,0.0,0.06556250981548464,-0.006671788996283581,0.21762103469018013,0.0,0.0,0.0
2483.0,9.581288059776492,5.814395010699821,0.0,0.0,-1.623916961399593e-05,0.0,0.0,4.100343323530927,-15.0709270738,0.0,0.0,1.7140516871688938,0.0,-5.838874582539272e-05,0.0,0.06556241492350764,-0.006672003191692935,0.21762064668643835,0.0,0.0,0.0
2484.0,9.58128899109356,5.814378537522018,0.0,0.0,-1.6362519648666494e-05,0.0,0.0,4.100327022463143,-15.0709270738,0.0,0.0,1.7140515150588742,0.0,-5.883225132031261e-05,0.0,0.06556231933870116,-0.006672218539967828,0.21762025504680005,0.0,0.0,0.0
2485.0,9.581289978981033,5.814361951909444,0.0,0.0,-1.6483178025170375e-05,0.0,0.0,4.100310599388854,-15.0709270738,0.0,0.0,1.71405135252059,0.0,-5.9266078389531186e-05,0.0,0.06556222307686774,-0.006672435004654406,0.21761985983434817,0.0,0.0,0.0
2486.0,9.581291023377647,5.8143452566203395,0.0,0.0,-1.6601117350038984e-05,0.0,0.0,4.100294057013448,-15.0709270738,0.0,0.0,1.7140511996068915,0.0,-5.969012853418483e-05,0.0,0.06556212615396505,-0.006672652549021274,0.21761946111294214,0.0,0.0,0.0
2487.0,9.581292124211819,5.814328454438498,0.0,0.0,-1.6716310662648723e-05,0.0,0.0,4.100277398069496,-15.0709270738,0.0,0.0,1.7140510563690023,0.0,-6.0104304812188544e-05,0.0,0.06556202858610344,-0.006672871136065475,0.21761905894720768,0.0,0.0,0.0
2488.0,9.581293281401651,5.814311548172815,0.0,0.0,-1.6828731440990677e-05,0.0,0.0,4.100260625316306,-15.0709270738,0.0,0.0,1.7140509228565088,0.0,-6.050851185898748e-05,0.0,0.06556193038954321,-0.0066730907285185714,0.21761865340252703,0.0,0.0,0.0
2489.0,9.58129449485491,5.8142945406568325,0.0,0.0,-1.6938353607368646e-05,0.0,0.0,4.100243741539489,-15.0709270738,0.0,0.0,1.7140507991173433,0.0,-6.090265590805079e-05,0.0,0.06556183158069215,-0.006673311288852818,0.2176182445450285,0.0,0.0,0.0
2490.0,9.581295764469033,5.814277434748286,0.0,0.0,-1.704515153403505e-05,0.0,0.0,4.10022674955051,-15.0709270738,0.0,0.0,1.7140506851977761,0.0,-6.128664481114143e-05,0.0,0.06556173217610275,-0.0066735327792873805,0.21761783244157631,0.0,0.0,0.0
2491.0,9.581297090131118,5.814260233328634,0.0,0.0,-1.7149100048751674e-05,0.0,0.0,4.100209652186231,-15.0709270738,0.0,0.0,1.714050581142403,0.0,-6.166038805831564e-05,0.0,0.06556163219246963,-0.006673755161794637,0.21761741715976002,0.0,0.0,0.0
2492.0,9.581298471717925,5.81424293930259,0.0,0.0,-1.7250174440282276e-05,0.0,0.0,4.100192452308459,-15.0709270738,0.0,0.0,1.7140504869941307,0.0,-6.202379679767686e-05,0.0,0.06556153164662674,-0.006673978398106489,0.21761699876788368,0.0,0.0,0.0
2493.0,9.581299909095879,5.814225555597648,0.0,0.0,-1.7348350463813725e-05,0.0,0.0,4.100175152803478,-15.0709270738,0.0,0.0,1.7140504027941699,0.0,-6.237678385487248e-05,0.0,0.06556143055554473,-0.00667420244972082,0.21761657733495532,0.0,0.0,0.0
2494.0,9.581301402121067,5.814208085163604,0.0,0.0,-1.7443604346304326e-05,0.0,0.0,4.100157756581583,-15.0709270738,0.0,0.0,1.7140503285820206,0.0,-6.27192637523283e-05,0.0,0.06556132893632798,-0.006674427277907846,0.2176161529306758,0.0,0.0,0.0
2495.0,9.581302950639245,5.814190530972067,0.0,0.0,-1.753591279175647e-05,0.0,0.0,4.100140266576603,-15.0709270738,0.0,0.0,1.714050264395464,0.0,-6.305115272821066e-05,0.0,0.06556122680621204,-0.006674652843716683,0.2176157256254277,0.0,0.0,0.0
2496.0,9.581304554485845,5.814172896015973,0.0,0.0,-1.7625252986417288e-05,0.0,0.0,4.100122685745422,-15.0709270738,0.0,0.0,1.7140502102705506,0.0,-6.337236875512918e-05,0.0,0.0655611241825606,-0.006674879107981965,0.21761529549026415,0.0,0.0,0.0
2497.0,9.581306213485982,5.814155183309086,0.0,0.0,-1.771160260390099e-05,0.0,0.0,4.100105017067495,-15.0709270738,0.0,0.0,1.7140501662415906,0.0,-6.36828315585576e-05,0.0,0.06556102108286276,-0.006675106031330272,0.21761486259689727,0.0,0.0,0.0
2498.0,9.581307927454464,5.814137395885501,0.0,0.0,-1.7794939810234978e-05,0.0,0.0,4.100087263544357,-15.0709270738,0.0,0.0,1.7140501323411437,0.0,-6.398246263498022e-05,0.0,0.06556091752473005,-0.006675333574186995,0.21761442701768674,0.0,0.0,0.0
2499.0,9.581309696195802,5.81411953679914,0.0,0.0,-1.787524326882758e-05,0.0,0.0,4.10006942819913,-15.0709270738,0.0,0.0,1.7140501086000102,0.0,-6.427118526975602e-05,0.0,0.06556081352589353,-0.006675561696782961,0.21761398882562807,0.0,0.0,0.0
2500.0,9.581311519504228,5.8141016091232425,0.0,0.0,-1.7952492145356308e-05,0.0,0.0,4.10005151407602,-15.0709270738,0.0,0.0,1.7140500950472228,0.0,-6.454892455469671e-05,0.0,0.06556070910420092,-0.006675790359161146,0.21761354809434091,0.0,0.0,0.0
2501.0,9.581313397163704,5.814083615949849,0.0,0.0,-1.80266661125753e-05,0.0,0.0,4.100033524239815,-15.0709270738,0.0,0.0,1.7140500917100336,0.0,-6.481560740535378e-05,0.0,0.0655606042776135,-0.00667601952118356,0.21761310489805677,0.0,0.0,0.0
2502.0,9.58131532894795,5.8140655603892855,0.0,0.0,-1.8097745355041745e-05,0.0,0.0,4.100015461775375,-15.0709270738,0.0,0.0,1.7140500986139102,0.0,-6.507116257801384e-05,0.0,0.06556049906420319,-0.006676249142538157,0.21761265931160717,0.0,0.0,0.0
2503.0,9.581317314620449,5.814047445569643,0.0,0.0,-1.8165710573760042e-05,0.0,0.0,4.099997329787119,-15.0709270738,0.0,0.0,1.7140501157825243,0.0,-6.531552068639781e-05,0.0,0.06556039348214956,-0.00667647918274554,0.21761221141041137,0.0,0.0,0.0
2504.0,9.581319353934482,5.814029274636247,0.0,0.0,-1.8230542990744063e-05,0.0,0.0,4.099979131398501,-15.0709270738,0.0,0.0,1.7140501432377455,0.0,-6.554861421806519e-05,0.0,0.06556028754973668,-0.006676709601166078,0.217611761270464,0.0,0.0,0.0
2505.0,9.58132144663314,5.814011050751127,0.0,0.0,-1.829222435349095e-05,0.0,0.0,4.099960869751495,-15.0709270738,0.0,0.0,1.7140501809996316,0.0,-6.577037755049987e-05,0.0,0.06556018128535006,-0.006676940357006861,0.21761130896832237,0.0,0.0,0.0
2506.0,9.581323592449356,5.8139927770924835,0.0,0.0,-1.835073693937358e-05,0.0,0.0,4.09994254800606,-15.0709270738,0.0,0.0,1.714050229086424,0.0,-6.598074696690309e-05,0.0,0.06556007470747363,-0.006677171409328747,0.21761085458109425,0.0,0.0,0.0
2507.0,9.58132579110593,5.813974456854149,0.0,0.0,-1.8406063559944864e-05,0.0,0.0,4.0999241693396105,-15.0709270738,0.0,0.0,1.7140502875145387,0.0,-6.617966067166896e-05,0.0,0.06555996783468655,-0.006677402717053346,0.2176103981864247,0.0,0.0,0.0
2508.0,9.581328042315558,5.813956093245041,0.0,0.0,-1.8458187565154843e-05,0.0,0.0,4.099905736946484,-15.0709270738,0.0,0.0,1.7140503562985572,0.0,-6.636705880554608e-05,0.0,0.06555986068566005,-0.006677634238970234,0.21760993986248345,0.0,0.0,0.0
2509.0,9.58133034578086,5.81393768948862,0.0,0.0,-1.8507092847477778e-05,0.0,0.0,4.099887254037394,-15.0709270738,0.0,0.0,1.7140504354512265,0.0,-6.654288346047512e-05,0.0,0.06555975327915428,-0.006677865933744059,0.21760947968795183,0.0,0.0,0.0
2510.0,9.58133270119441,5.8139192488223355,0.0,0.0,-1.8552763845954574e-05,0.0,0.0,4.099868723838889,-15.0709270738,0.0,0.0,1.7140505249834463,0.0,-6.670707869412149e-05,0.0,0.06555964563401512,-0.006678097759921772,0.21760901774200958,0.0,0.0,0.0
2511.0,9.581335108238786,5.813900774497072,0.0,0.0,-1.8595185550142072e-05,0.0,0.0,4.099850149592806,-15.0709270738,0.0,0.0,1.7140506249042664,0.0,-6.685959054407277e-05,0.0,0.06555953776917092,-0.006678329675939815,0.21760855410432184,0.0,0.0,0.0
2512.0,9.581337566586585,5.8138822697765935,0.0,0.0,-1.8634343503969228e-05,0.0,0.0,4.099831534555712,-15.0709270738,0.0,0.0,1.7140507352208818,0.0,-6.700036704170104e-05,0.0,0.06555942970362935,-0.006678561640131336,0.21760808885502553,0.0,0.0,0.0
2513.0,9.581340075900474,5.813863737936979,0.0,0.0,-1.867022380950618e-05,0.0,0.0,4.0998128819983535,-15.0709270738,0.0,0.0,1.7140508559386252,0.0,-6.712935822571142e-05,0.0,0.06555932145647403,-0.006678793610733619,0.21760762207471607,0.0,0.0,0.0
2514.0,9.581342635833229,5.813845182266058,0.0,0.0,-1.8702813130636342e-05,0.0,0.0,4.099794195205094,-15.0709270738,0.0,0.0,1.714050987060964,0.0,-6.724651615534156e-05,0.0,0.0655592130468613,-0.006679025545895265,0.21760715384443374,0.0,0.0,0.0
2515.0,9.581345246027771,5.813826606062846,0.0,0.0,-1.8732098696638166e-05,0.0,0.0,4.09977547747335,-15.0709270738,0.0,0.0,1.714051128589496,0.0,-6.735179492323603e-05,0.0,0.06555910449401695,-0.006679257403683678,0.21760668424565008,0.0,0.0,0.0
2516.0,9.581347906117216,5.813808012636969,0.0,0.0,-1.8758068305670357e-05,0.0,0.0,4.0997567321130255,-15.0709270738,0.0,0.0,1.7140512805239432,0.0,-6.744515066797305e-05,0.0,0.06555899581723285,-0.006679489142092307,0.21760621336025393,0.0,0.0,0.0
2517.0,9.581350615724917,5.813789405308089,0.0,0.0,-1.8780710328161216e-05,0.0,0.0,4.09973796244594,-15.0709270738,0.0,0.0,1.7140514428621492,0.0,-6.752654158624618e-05,0.0,0.06555888703586359,-0.006679720719048252,0.21760574127053767,0.0,0.0,0.0
2518.0,9.581353374464513,5.813770787405331,0.0,0.0,-1.8800013710105614e-05,0.0,0.0,4.099719171805256,-15.0709270738,0.0,0.0,1.7140516156000754,0.0,-6.759592794471326e-05,0.0,0.06555877816932322,-0.006679952092419547,0.2176052680591834,0.0,0.0,0.0
2519.0,9.581356181939977,5.813752162266696,0.0,0.0,-1.8815967976259388e-05,0.0,0.0,4.0997003635348985,-15.0709270738,0.0,0.0,1.7140517987317976,0.0,-6.765327209147653e-05,0.0,0.06555866923708176,-0.006680183220022742,0.2176047938092483,0.0,0.0,0.0
2520.0,9.581359037745669,5.8137335332384845,0.0,0.0,-1.8828563233241174e-05,0.0,0.0,4.099681540988979,-15.0709270738,0.0,0.0,1.7140519922495052,0.0,-6.769853846722913e-05,0.0,0.06555856025866191,-0.006680414059630296,0.21760431860415114,0.0,0.0,0.0
2521.0,9.581361941466385,5.813714903674707,0.0,0.0,-1.883779017253354e-05,0.0,0.0,4.099662707531211,-15.0709270738,0.0,0.0,1.7140521961434958,0.0,-6.773169361603928e-05,0.0,0.06555845125363553,-0.006680644568978142,0.21760384252765747,0.0,0.0,0.0
2522.0,9.581364892677417,5.8136962769364935,0.0,0.0,-1.884364007338413e-05,0.0,0.0,4.09964386653432,-15.0709270738,0.0,0.0,1.7140524104021733,0.0,-6.775270619577468e-05,0.0,0.06555834224162033,-0.006680874705773346,0.21760336566386546,0.0,0.0,0.0
2523.0,9.581367890944605,5.813677656391508,0.0,0.0,-1.884610480560829e-05,0.0,0.0,4.0996250213794605,-15.0709270738,0.0,0.0,1.714052635012047,0.0,-6.776154698817203e-05,0.0,0.06555823324227632,-0.006681104427701409,0.21760288809719144,0.0,0.0,0.0
2524.0,9.5813709358244,5.813659045413348,0.0,0.0,-1.884517683229222e-05,0.0,0.0,4.099606175455618,-15.0709270738,0.0,0.0,1.7140528699577304,0.0,-6.775818890854862e-05,0.0,0.06555812427530244,-0.006681333692434163,0.21760240991235524,0.0,0.0,0.0
2525.0,9.581374026863921,5.8136404473809575,0.0,0.0,-1.8840849212391717e-05,0.0,0.0,4.099587332159018,-15.0709270738,0.0,0.0,1.7140531152219394,0.0,-6.774260701513819e-05,0.0,0.06555801536043306,-0.006681562457637097,0.21760193119436566,0.0,0.0,0.0
2526.0,9.581377163601015,5.813621865678021,0.0,0.0,-1.8833115603229637e-05,0.0,0.0,4.099568494892529,-15.0709270738,0.0,0.0,1.714053370785492,0.0,-6.771477851806212e-05,0.0,0.06555790651743447,-0.006681790680977129,0.2176014520285057,0.0,0.0,0.0
2527.0,9.581380345564325,5.813603303692368,0.0,0.0,-1.882197026289342e-05,0.0,0.0,4.0995496670650615,-15.0709270738,0.0,0.0,1.7140536366273063,0.0,-6.767468278794103e-05,0.0,0.06555779776610142,-0.00668201832013024,0.21760097250031774,0.0,0.0,0.0
2528.0,9.581383572273355,5.813584764815368,0.0,0.0,-1.880740805252674e-05,0.0,0.0,4.099530852090966,-15.0709270738,0.0,0.0,1.7140539127244017,0.0,-6.76223013641251e-05,0.0,0.06555768912625362,-0.006682245332788994,0.21760049269558873,0.0,0.0,0.0
2529.0,9.581386843238537,5.813566252441329,0.0,0.0,-1.8789424438517572e-05,0.0,0.0,4.099512053389431,-15.0709270738,0.0,0.0,1.7140541990518976,0.0,-6.755761796255192e-05,0.0,0.06555758061773215,-0.006682471676670423,0.2176000127003352,0.0,0.0,0.0
2530.0,9.581390157961298,5.81354776996689,0.0,0.0,-1.8768015494582817e-05,0.0,0.0,4.099493274383873,-15.0709270738,0.0,0.0,1.7140544955830173,0.0,-6.748061848323178e-05,0.0,0.06555747226039599,-0.006682697309523464,0.21759953260078807,0.0,0.0,0.0
2531.0,9.581393515934135,5.813529320790415,0.0,0.0,-1.874317790374599e-05,0.0,0.0,4.099474518501331,-15.0709270738,0.0,0.0,1.714054802289084,0.0,-6.739129101734811e-05,0.0,0.06555736407411844,-0.0066829221891367835,0.2175990524833779,0.0,0.0,0.0
2532.0,9.581396916640683,5.813510908311382,0.0,0.0,-1.8714908960209615e-05,0.0,0.0,4.099455789171856,-15.0709270738,0.0,0.0,1.714055119139526,0.0,-6.728962585397918e-05,0.0,0.06555725607878364,-0.0066831462733464575,0.21759857243471942,0.0,0.0,0.0
2533.0,9.581400359555794,5.8134925359297736,0.0,0.0,-1.8683206571123478e-05,0.0,0.0,4.099437089827899,-15.0709270738,0.0,0.0,1.7140554461018747,0.0,-6.71756154864448e-05,0.0,0.06555714829428291,-0.006683369520043614,0.21759809254159634,0.0,0.0,0.0
2534.0,9.58140384414561,5.813474207045467,0.0,0.0,-1.8648069258244232e-05,0.0,0.0,4.099418423903695,-15.0709270738,0.0,0.0,1.714055783141772,0.0,-6.704925461826205e-05,0.0,0.06555704074051125,-0.0066835918871821776,0.21759761289094637,0.0,0.0,0.0
2535.0,9.581407369867643,5.813455925057617,0.0,0.0,-1.8609496159486286e-05,0.0,0.0,4.0993997948346514,-15.0709270738,0.0,0.0,1.714056130222966,0.0,-6.691054016870997e-05,0.0,0.06555693343736371,-0.006683813332786573,0.21759713356984528,0.0,0.0,0.0
2536.0,9.581410936170851,5.813437693364046,0.0,0.0,-1.8567487030368783e-05,0.0,0.0,4.0993812060567265,-15.0709270738,0.0,0.0,1.7140564873073192,0.0,-6.675947127802e-05,0.0,0.06555682640473186,-0.006684033814959467,0.21759665466549208,0.0,0.0,0.0
2537.0,9.581414542495727,5.813419515360621,0.0,0.0,-1.8522042245349796e-05,0.0,0.0,4.099362661005816,-15.0709270738,0.0,0.0,1.7140568543548058,0.0,-6.659604931216085e-05,0.0,0.06555671966250011,-0.006684253291889444,0.21759617626519323,0.0,0.0,0.0
2538.0,9.581418188274373,5.813401394440649,0.0,0.0,-1.8473162799054874e-05,0.0,0.0,4.099344163117129,-15.0709270738,0.0,0.0,1.7140572313235198,0.0,-6.642027786724307e-05,0.0,0.06555661323054221,-0.006684471721858709,0.21759569845634716,0.0,0.0,0.0
2539.0,9.581421872930592,5.813383333994248,0.0,0.0,-1.842085030739555e-05,0.0,0.0,4.099325715824572,-15.0709270738,0.0,0.0,1.7140576181696758,0.0,-6.62321627735276e-05,0.0,0.06555650712871756,-0.006684689063250912,0.21759522132642883,0.0,0.0,0.0
2540.0,9.581425595879969,5.813365337407739,0.0,0.0,-1.836510700857728e-05,0.0,0.0,4.099307322560123,-15.0709270738,0.0,0.0,1.714058014847616,0.0,-6.603171209903671e-05,0.0,0.0655564013768677,-0.006684905274558714,0.21759474496297387,0.0,0.0,0.0
2541.0,9.581429356529961,5.81334740806302,0.0,0.0,-1.8305935763999147e-05,0.0,0.0,4.09928898675321,-15.0709270738,0.0,0.0,1.7140584213098098,0.0,-6.581893615277512e-05,0.0,0.0655562959948126,-0.006685120314391585,0.2175942694535633,0.0,0.0,0.0
2542.0,9.58143315427999,5.8133295493369515,0.0,0.0,-1.8243340059039594e-05,0.0,0.0,4.099270711830089,-15.0709270738,0.0,0.0,1.7140588375068626,0.0,-6.559384748754136e-05,0.0,0.06555619100234704,-0.006685334141483465,0.21759379488580755,0.0,0.0,0.0
2543.0,9.58143698852153,5.813311764600735,0.0,0.0,-1.8177324003736437e-05,0.0,0.0,4.099252501213216,-15.0709270738,0.0,0.0,1.7140592633875196,0.0,-6.535646090235864e-05,0.0,0.06555608641923705,-0.006685546714700549,0.21759332134733061,0.0,0.0,0.0
2544.0,9.5814408586382,5.813294057219296,0.0,0.0,-1.8107892333350065e-05,0.0,0.0,4.0992343583206265,-15.0709270738,0.0,0.0,1.7140596988986694,0.0,-6.510679344448536e-05,0.0,0.06555598226521628,-0.006685757993048894,0.21759284892575476,0.0,0.0,0.0
2545.0,9.581444764005862,5.813276430550659,0.0,0.0,-1.8035050408820943e-05,0.0,0.0,4.099216286565308,-15.0709270738,0.0,0.0,1.7140601439853516,0.0,-6.484486441104546e-05,0.0,0.06555587855998232,-0.006685967935682102,0.21759237770868411,0.0,0.0,0.0
2546.0,9.581448703992718,5.813258887945335,0.0,0.0,-1.7958804217109638e-05,0.0,0.0,4.099198289354572,-15.0709270738,0.0,0.0,1.7140605985907635,0.0,-6.457069535023597e-05,0.0,0.06555577532319315,-0.006686176501909058,0.21759190778368942,0.0,0.0,0.0
2547.0,9.5814526779594,5.813241432745696,0.0,0.0,-1.787916037142877e-05,0.0,0.0,4.099180370089432,-15.0709270738,0.0,0.0,1.7140610626562642,0.0,-6.4284310062146e-05,0.0,0.0655556725744634,-0.006686383651201527,0.21759143923829183,0.0,0.0,0.0
2548.0,9.581456685259075,5.813224068285357,0.0,0.0,-1.7796126111360165e-05,0.0,0.0,4.099162532163974,-15.0709270738,0.0,0.0,1.714061536121383,0.0,-6.398573459916243e-05,0.0,0.06555557033336087,-0.006686589343201821,0.21759097215994697,0.0,0.0,0.0
2549.0,9.581460725237552,5.813206797888557,0.0,0.0,-1.7709709302861176e-05,0.0,0.0,4.099144778964732,-15.0709270738,0.0,0.0,1.7140620189238254,0.0,-6.367499726597705e-05,0.0,0.06555546861940278,-0.006686793537730426,0.21759050663602925,0.0,0.0,0.0
2550.0,9.58146479723337,5.8131896248695405,0.0,0.0,-1.7619918438155693e-05,0.0,0.0,4.09912711387006,-15.0709270738,0.0,0.0,1.7140625109994803,0.0,-6.335212861917895e-05,0.0,0.0655553674520522,-0.00668699619479364,0.21759004275381588,0.0,0.0,0.0
2551.0,9.581468900577914,5.813172552531938,0.0,0.0,-1.752676263551566e-05,0.0,0.0,4.099109540249509,-15.0709270738,0.0,0.0,1.7140630122824296,0.0,-6.301716146645282e-05,0.0,0.06555526685071443,-0.006687197274591147,0.21758958060047087,0.0,0.0,0.0
2552.0,9.581473034595515,5.8131555841681495,0.0,0.0,-1.7430251638925098e-05,0.0,0.0,4.099092061463194,-15.0709270738,0.0,0.0,1.7140635227049552,0.0,-6.267013086535486e-05,0.0,0.06555516683473335,-0.006687396737523624,0.21758912026302912,0.0,0.0,0.0
2553.0,9.581477198603558,5.813138723058726,0.0,0.0,-1.73303958176338e-05,0.0,0.0,4.099074680861179,-15.0709270738,0.0,0.0,1.7140640421975473,0.0,-6.231107412169162e-05,0.0,0.06555506742338786,-0.0066875945442002455,0.2175886618283804,0.0,0.0,0.0
2554.0,9.581481391912591,5.813121972471754,0.0,0.0,-1.7227206165596445e-05,0.0,0.0,4.099057401782843,-15.0709270738,0.0,0.0,1.7140645706889117,0.0,-6.194003078748678e-05,0.0,0.06555496863588818,-0.0066877906554462935,0.21758820538325346,0.0,0.0,0.0
2555.0,9.581485613826437,5.813105335662241,0.0,0.0,-1.7120694300796843e-05,0.0,0.0,4.099040227556259,-15.0709270738,0.0,0.0,1.7140651081059826,0.0,-6.155704265853478e-05,0.0,0.06555487049137236,-0.006687985032310592,0.21758775101420008,0.0,0.0,0.0
2556.0,9.5814898636423,5.813088815871501,0.0,0.0,-1.7010872464458956e-05,0.0,0.0,4.099023161497572,-15.0709270738,0.0,0.0,1.714065654373929,0.0,-6.11621537715472e-05,0.0,0.06555477300890256,-0.006688177636073073,0.21758729880757888,0.0,0.0,0.0
2557.0,9.581494140650882,5.813072416326538,0.0,0.0,-1.689775352014647e-05,0.0,0.0,4.0990062069103725,-15.0709270738,0.0,0.0,1.7140662094161652,0.0,-6.0755410400898226e-05,0.0,0.06555467620746151,-0.0066883684282522254,0.2175868488495397,0.0,0.0,0.0
2558.0,9.581498444136498,5.81305614023944,0.0,0.0,-1.678135095274215e-05,0.0,0.0,4.098989367085079,-15.0709270738,0.0,0.0,1.7140667731543608,0.0,-6.033686105493785e-05,0.0,0.06555458010594897,-0.0066885573706124,0.21758640122600728,0.0,0.0,0.0
2559.0,9.581502773377185,5.813039990806766,0.0,0.0,-1.666167886731948e-05,0.0,0.0,4.098972645298313,-15.0709270738,0.0,0.0,1.714067345508453,0.0,-5.9906556471917684e-05,0.0,0.06555448472317806,-0.00668874442517145,0.21758595602266556,0.0,0.0,0.0
2560.0,9.581507127644828,5.813023971208937,0.0,0.0,-1.6538751987897482e-05,0.0,0.0,4.098956044812283,-15.0709270738,0.0,0.0,1.7140679263966536,0.0,-5.94645496154964e-05,0.0,0.06555439007787171,-0.0066889295542079535,0.21758551332494147,0.0,0.0,0.0
2561.0,9.58151150620527,5.813008084609627,0.0,0.0,-1.6412585656080725e-05,0.0,0.0,4.0989395688741626,-15.0709270738,0.0,0.0,1.7140685157354643,0.0,-5.901089566983272e-05,0.0,0.06555429618865916,-0.006689112720268564,0.2175850732179893,0.0,0.0,0.0
2562.0,9.58151590831844,5.812992334155163,0.0,0.0,-1.628319582958686e-05,0.0,0.0,4.098923220715476,-15.0709270738,0.0,0.0,1.7140691134396864,0.0,-5.85456520342735e-05,0.0,0.06555420307407231,-0.006689293886175354,0.21758463578667453,0.0,0.0,0.0
2563.0,9.581520333238466,5.812976722973914,0.0,0.0,-1.6150599080656166e-05,0.0,0.0,4.098907003551484,-15.0709270738,0.0,0.0,1.7140697194224304,0.0,-5.8068878317617774e-05,0.0,0.06555411075254225,-0.006689473015033115,0.21758420111555804,0.0,0.0,0.0
2564.0,9.581524780213801,5.8129612541757,0.0,0.0,-1.6014812594354302e-05,0.0,0.0,4.098890920580567,-15.0709270738,0.0,0.0,1.7140703335951324,0.0,-5.758063633199672e-05,0.0,0.06555401924239568,-0.00668965007023653,0.21758376928888012,0.0,0.0,0.0
2565.0,9.58152924848735,5.812945930851179,0.0,0.0,-1.58758541667529e-05,0.0,0.0,4.098874974983616,-15.0709270738,0.0,0.0,1.7140709558675633,0.0,-5.708099008631435e-05,0.0,0.06555392856185142,-0.006689825015477449,0.21758334039054483,0.0,0.0,0.0
2566.0,9.581533737296585,5.812930756071261,0.0,0.0,-1.5733742203002572e-05,0.0,0.0,4.098859169923419,-15.0709270738,0.0,0.0,1.714071586147842,0.0,-5.657000577930135e-05,0.0,0.06555383872901689,-0.0066899978147520744,0.21758291450410383,0.0,0.0,0.0
2567.0,9.581538245873682,5.812915732886509,0.0,0.0,-1.5588495715286653e-05,0.0,0.0,4.098843508544058,-15.0709270738,0.0,0.0,1.714072224342451,0.0,-5.604775179214007e-05,0.0,0.06555374976188458,-0.006690168432367957,0.217582491712741,0.0,0.0,0.0
2568.0,9.581542773445644,5.812900864326544,0.0,0.0,-1.5440134320666824e-05,0.0,0.0,4.098827993970298,-15.0709270738,0.0,0.0,1.7140728703562456,0.0,-5.5514298680700836e-05,0.0,0.06555366167832863,-0.006690336832951213,0.21758207209925623,0.0,0.0,0.0
2569.0,9.581547319234424,5.812886153399458,0.0,0.0,-1.5288678238810726e-05,0.0,0.0,4.098812629306986,-15.0709270738,0.0,0.0,1.7140735240924725,0.0,-5.4969719167353966e-05,0.0,0.06555357449610126,-0.0066905029814535305,0.21758165574605,0.0,0.0,0.0
2570.0,9.581551882457065,5.812871603091229,0.0,0.0,-1.513414828960963e-05,0.0,0.0,4.098797417638449,-15.0709270738,0.0,0.0,1.7140741854527795,0.0,-5.441408813238643e-05,0.0,0.06555348823282946,-0.006690666843159124,0.21758124273510768,0.0,0.0,0.0
2571.0,9.58155646232582,5.812857216365129,0.0,0.0,-1.4976565890679114e-05,0.0,0.0,4.0987823620278965,-15.0709270738,0.0,0.0,1.7140748543372322,0.0,-5.384748260499798e-05,0.0,0.06555340290601139,-0.006690828383691769,0.2175808331479836,0.0,0.0,0.0
2572.0,9.581561058048294,5.812842996161148,0.0,0.0,-1.4815953054750912e-05,0.0,0.0,4.09876746551682,-15.0709270738,0.0,0.0,1.7140755306443278,0.0,-5.326998175390601e-05,0.0,0.0655533185330131,-0.006690987569021645,0.2175804270657858,0.0,0.0,0.0
2573.0,9.58156566882757,5.812828945395416,0.0,0.0,-1.4652332386949092e-05,0.0,0.0,4.098752731124404,-15.0709270738,0.0,0.0,1.714076214271012,0.0,-5.2681666877534625e-05,0.0,0.06555323513106502,-0.006691144365472218,0.2175800245691602,0.0,0.0,0.0
2574.0,9.581570293862347,5.812815066959622,0.0,0.0,-1.4485727081954986e-05,0.0,0.0,4.098738161846931,-15.0709270738,0.0,0.0,1.714076905112691,0.0,-5.208262139380372e-05,0.0,0.06555315271725858,-0.006691298739727014,0.21757962573827527,0.0,0.0,0.0
2575.0,9.581574932347072,5.812801363720448,0.0,0.0,-1.4316160921059989e-05,0.0,0.0,4.098723760657198,-15.0709270738,0.0,0.0,1.7140776030632496,0.0,-5.1472930829515095e-05,0.0,0.06555307130854293,-0.006691450658836501,0.21757923065280646,0.0,0.0,0.0
2576.0,9.581579583472081,5.812787838518993,0.0,0.0,-1.4143658269105227e-05,0.0,0.0,4.0987095305039265,-15.0709270738,0.0,0.0,1.7140783080150666,0.0,-5.085268280933179e-05,0.0,0.06555299092172143,-0.0066916000902245976,0.21757883939192088,0.0,0.0,0.0
2577.0,9.581584246423729,5.812774494170214,0.0,0.0,-1.3968244071312644e-05,0.0,0.0,4.0986954743111825,-15.0709270738,0.0,0.0,1.7140790198590317,0.0,-5.022196704436722e-05,0.0,0.0655529115734485,-0.0066917470016955305,0.21757845203426196,0.0,0.0,0.0
2578.0,9.581588920384537,5.812761333462359,0.0,0.0,-1.3789943849999627e-05,0.0,0.0,4.098681594977799,-15.0709270738,0.0,0.0,1.7140797384845605,0.0,-4.958087532035569e-05,0.0,0.06555283328022617,-0.006691891361440272,0.21757806865793405,0.0,0.0,0.0
2579.0,9.581593604533325,5.812748359156411,0.0,0.0,-1.360878370118976e-05,0.0,0.0,4.098667895376798,-15.0709270738,0.0,0.0,1.714080463779613,0.0,-4.892950148544955e-05,0.0,0.06555275605840077,-0.006692033138043188,0.21757768934048743,0.0,0.0,0.0
2580.0,9.581598298045353,5.812735573985531,0.0,0.0,-1.3424790291106254e-05,0.0,0.0,4.098654378354823,-15.0709270738,0.0,0.0,1.7140811956307083,0.0,-4.826794143759473e-05,0.0,0.0655526799241598,-0.0066921723004884776,0.21757731415890288,0.0,0.0,0.0
2581.0,9.581603000092466,5.8127229806545095,0.0,0.0,-1.3237990852560535e-05,0.0,0.0,4.098641046731565,-15.0709270738,0.0,0.0,1.7140819339229445,0.0,-4.75962931115294e-05,0.0,0.06555260489352857,-0.0066923088181666535,0.217576943189577,0.0,0.0,0.0
2582.0,9.581607709843231,5.812710581839218,0.0,0.0,-1.3048413181228153e-05,0.0,0.0,4.098627903299202,-15.0709270738,0.0,0.0,1.7140826785400156,0.0,-4.6914656465377736e-05,0.0,0.06555253098236698,-0.006692442660880801,0.2175765765083068,0.0,0.0,0.0
2583.0,9.581612426463087,5.812698380186066,0.0,0.0,-1.285608563181599e-05,0.0,0.0,4.098614950821835,-15.0709270738,0.0,0.0,1.7140834293642309,0.0,-4.622313346685304e-05,0.0,0.0655524582063663,-0.006692573798852991,0.21757621419027512,0.0,0.0,0.0
2584.0,9.581617149114479,5.812686378311462,0.0,0.0,-1.266103711412154e-05,0.0,0.0,4.098602192034934,-15.0709270738,0.0,0.0,1.7140841862765281,0.0,-4.552182807907302e-05,0.0,0.06555238658104609,-0.006692702202730452,0.2175758563100355,0.0,0.0,0.0
2585.0,9.581621876957012,5.812674578801283,0.0,0.0,-1.2463297088983147e-05,0.0,0.0,4.098589629644782,-15.0709270738,0.0,0.0,1.7140849491565007,0.0,-4.481084624598318e-05,0.0,0.0655523161217509,-0.006692827843591889,0.2175755029414976,0.0,0.0,0.0
2586.0,9.581626609147591,5.812662984210336,0.0,0.0,-1.226289556412219e-05,0.0,0.0,4.098577266327928,-15.0709270738,0.0,0.0,1.7140857178824076,0.0,-4.4090295877392e-05,0.0,0.06555224684364724,-0.006692950692953392,0.21757515415791256,0.0,0.0,0.0
2587.0,9.581631344840568,5.812651597061841,0.0,0.0,-1.205986308988004e-05,0.0,0.0,4.098565104730643,-15.0709270738,0.0,0.0,1.714086492331198,0.0,-4.3360286833627954e-05,0.0,0.06555217876172045,-0.006693070722774613,0.2175748100318583,0.0,0.0,0.0
2588.0,9.581636083187894,5.812640419846905,0.0,0.0,-1.1854230754846663e-05,0.0,0.0,4.098553147468374,-15.0709270738,0.0,0.0,1.7140872723785305,0.0,-4.262093090980727e-05,0.0,0.06555211189077159,-0.006693187905464776,0.217574470635225,0.0,0.0,0.0
2589.0,9.581640823339256,5.812629455024007,0.0,0.0,-1.1646030181380812e-05,0.0,0.0,4.098541397125218,-15.0709270738,0.0,0.0,1.7140880578987892,0.0,-4.18723418197121e-05,0.0,0.06555204624541441,-0.006693302213888502,0.2175741360392009,0.0,0.0,0.0
2590.0,9.58164556444224,5.812618705018488,0.0,0.0,-1.1435293521031116e-05,0.0,0.0,4.098529856253379,-15.0709270738,0.0,0.0,1.7140888487651083,0.0,-4.111463517931265e-05,0.0,0.06555198184007231,-0.006693413621371713,0.21757380631425777,0.0,0.0,0.0
2591.0,9.58165030564247,5.812608172222041,0.0,0.0,-1.1222053449845561e-05,0.0,0.0,4.098518527372652,-15.0709270738,0.0,0.0,1.7140896448493894,0.0,-4.0347928489888393e-05,0.0,0.06555191868897536,-0.006693522101707372,0.21757348153013678,0.0,0.0,0.0
2592.0,9.581655046083757,5.812597858992213,0.0,0.0,-1.100634316357942e-05,0.0,0.0,4.098507412969891,-15.0709270738,0.0,0.0,1.7140904460223219,0.0,-3.957234112078434e-05,0.0,0.06555185680615733,-0.006693627629161258,0.21757316175583447,0.0,0.0,0.0
2593.0,9.581659784908258,5.812587767651905,0.0,0.0,-1.0788196372800901e-05,0.0,0.0,4.098496515498499,-15.0709270738,0.0,0.0,1.7140912521534064,0.0,-3.8787994291799996e-05,0.0,0.06555179620545273,-0.006693730178477436,0.21757284705958874,0.0,0.0,0.0
2594.0,9.58166452125662,5.812577900488886,0.0,0.0,-1.0567647297890517e-05,0.0,0.0,4.098485837377912,-15.0709270738,0.0,0.0,1.7140920631109742,0.0,-3.7995011055196395e-05,0.0,0.0655517369004939,-0.006693829724884054,0.21757253750886485,0.0,0.0,0.0
2595.0,9.581669254268135,5.812568259755301,0.0,0.0,-1.0344730663941377e-05,0.0,0.0,4.0984753809930945,-15.0709270738,0.0,0.0,1.714092878762206,0.0,-3.7193516277347345e-05,0.0,0.06555167890470814,-0.00669392624409855,0.2175722331703417,0.0,0.0,0.0
2596.0,9.581673983080892,5.812558847667192,0.0,0.0,-1.0119481695555989e-05,0.0,0.0,4.098465148694034,-15.0709270738,0.0,0.0,1.7140936989731577,0.0,-3.6383636620018854e-05,0.0,0.06555162223131486,-0.006694019712333271,0.21757193410989825,0.0,0.0,0.0
2597.0,9.581678706831925,5.812549666404026,0.0,0.0,-9.891936111542033e-06,0.0,0.0,4.098455142795247,-15.0709270738,0.0,0.0,1.7140945236087788,0.0,-3.5565500521285716e-05,0.0,0.06555156689332278,-0.0066941101063007075,0.2175716403925998,0.0,0.0,0.0
2598.0,9.581683424657376,5.812540718108223,0.0,0.0,-9.662130119509782e-06,0.0,0.0,4.0984453655752855,-15.0709270738,0.0,0.0,1.7140953525329374,0.0,-3.4739238176094773e-05,0.0,0.06555151290352708,-0.006694197403218707,0.2175713520826847,0.0,0.0,0.0
2599.0,9.581688135692639,5.812532004884693,0.0,0.0,-9.4301004103687e-06,0.0,0.0,4.0984358192762524,-15.0709270738,0.0,0.0,1.7140961856084402,0.0,-3.390498151646613e-05,0.0,0.0655514602745067,-0.006694281580815725,0.21757106924355096,0.0,0.0,0.0
2600.0,9.581692839072524,5.812523528800376,0.0,0.0,-9.19588415272476e-06,0.0,0.0,4.09842650610332,-15.0709270738,0.0,0.0,1.7140970226970556,0.0,-3.306286419133772e-05,0.0,0.06555140901862164,-0.006694362617335817,0.21757079193774306,0.0,0.0,0.0
2601.0,9.5816975339314,5.812515291883793,0.0,0.0,-8.95951898718149e-06,0.0,0.0,4.098417428224255,-15.0709270738,0.0,0.0,1.7140978636595383,0.0,-3.2213021546064186e-05,0.0,0.06555135914801022,-0.006694440491543718,0.21757052022693907,0.0,0.0,0.0
2602.0,9.581702219403363,5.812507296124599,0.0,0.0,-8.72104302054434e-06,0.0,0.0,4.098408587768951,-15.0709270738,0.0,0.0,1.7140987083556478,0.0,-3.1355590601568547e-05,0.0,0.06555131067458646,-0.0066945151827297045,0.21757025417193732,0.0,0.0,0.0
2603.0,9.58170689462238,5.812499543473141,0.0,0.0,-8.480494819926031e-06,0.0,0.0,4.098399986828963,-15.0709270738,0.0,0.0,1.714099556644178,0.0,-3.049071003313817e-05,0.0,0.06555126361003744,-0.0066945866707144586,0.21756999383264408,0.0,0.0,0.0
2604.0,9.581711558722455,5.812492035840026,0.0,0.0,-8.237913406761125e-06,0.0,0.0,4.098391627457053,-15.0709270738,0.0,0.0,1.714100408382973,0.0,-2.961852014889496e-05,0.0,0.0655512179658207,-0.006694654935853847,0.21756973926806042,0.0,0.0,0.0
2605.0,9.581716210837776,5.812484775095692,0.0,0.0,-7.993338250721599e-06,0.0,0.0,4.098383511666735,-15.0709270738,0.0,0.0,1.7141012634289572,0.0,-2.8739162867909874e-05,0.0,0.06555117375316179,-0.006694719959043444,0.21756949053627006,0.0,0.0,0.0
2606.0,9.581720850102876,5.812477763069989,0.0,0.0,-7.746809263541948e-06,0.0,0.0,4.098375641431833,-15.0709270738,0.0,0.0,1.714102121638156,0.0,-2.785278169799267e-05,0.0,0.06555113098305165,-0.006694781721723372,0.21756924769442676,0.0,0.0,0.0
2607.0,9.581725475652792,5.812471001551762,0.0,0.0,-7.4983667927519254e-06,0.0,0.0,4.09836801868604,-15.0709270738,0.0,0.0,1.7141029828657217,0.0,-2.695952171314999e-05,0.0,0.06555108966624423,-0.006694840205882457,0.2175690107987422,0.0,0.0,0.0
2608.0,9.58173008662322,5.812464492288442,0.0,0.0,-7.248051615315591e-06,0.0,0.0,4.0983606453224874,-15.0709270738,0.0,0.0,1.7141038469659549,0.0,-2.6059529530707063e-05,0.0,0.06555104981325394,-0.0066948953940629,0.21756877990447382,0.0,0.0,0.0
2609.0,9.581734682150667,5.812458236985648,0.0,0.0,-6.9959049311793385e-06,0.0,0.0,4.098353523193317,-15.0709270738,0.0,0.0,1.7141047137923318,0.0,-2.5152953288102586e-05,0.0,0.06555101143435337,-0.006694947269364412,0.21756855506591272,0.0,0.0,0.0
2610.0,9.581739261372618,5.812452237306789,0.0,0.0,-6.741968356734907e-06,0.0,0.0,4.09834665410926,-15.0709270738,0.0,0.0,1.7141055831975285,0.0,-2.4239942619378412e-05,0.0,0.06555097453957084,-0.006694995815448523,0.2175683363363721,0.0,0.0,0.0
2611.0,9.581743823427686,5.812446494872674,0.0,0.0,-6.48628391818716e-06,0.0,0.0,4.098340039839229,-15.0709270738,0.0,0.0,1.7141064550334448,0.0,-2.33206486313273e-05,0.0,0.06555093913868817,-0.0066950410165427104,0.21756812376817547,0.0,0.0,0.0
2612.0,9.581748367455774,5.812441011261135,0.0,0.0,-6.228894044839229e-06,0.0,0.0,4.098333682109907,-15.0709270738,0.0,0.0,1.7141073291512283,0.0,-2.2395223879344054e-05,0.0,0.06555090524123836,-0.006695082857444273,0.21756791741264514,0.0,0.0,0.0
2613.0,9.581752892598228,5.812435788006649,0.0,0.0,-5.96984156228875e-06,0.0,0.0,4.098327582605347,-15.0709270738,0.0,0.0,1.7141082054013017,0.0,-2.1463822342957494e-05,0.0,0.06555087285650328,-0.006695121323524511,0.21756771732009084,0.0,0.0,0.0
2614.0,9.581757397998002,5.812430826599974,0.0,0.0,-5.709169685538403e-06,0.0,0.0,4.098321742966585,-15.0709270738,0.0,0.0,1.7141090836333897,0.0,-2.052659940105478e-05,0.0,0.06555084199351159,-0.006695156400732358,0.21756752353979866,0.0,0.0,0.0
2615.0,9.58176188279981,5.812426128487786,0.0,0.0,-5.4469220120227506e-06,0.0,0.0,4.098316164791246,-15.0709270738,0.0,0.0,1.71410996369654,0.0,-1.9583711806805317e-05,0.0,0.0655508126610365,-0.006695188075598241,0.21756733612001994,0.0,0.0,0.0
2616.0,9.581766346150285,5.8124216950723255,0.0,0.0,-5.183142514550036e-06,0.0,0.0,4.098310849633172,-15.0709270738,0.0,0.0,1.7141108454391532,0.0,-1.86353176622794e-05,0.0,0.06555078486759373,-0.006695216335237633,0.21756715510796037,0.0,0.0,0.0
2617.0,9.581770787198138,5.8124175277110535,0.0,0.0,-4.91787553416405e-06,0.0,0.0,4.098305799002048,-15.0709270738,0.0,0.0,1.714111728709005,0.0,-1.768157639277999e-05,0.0,0.0655507586214393,-0.006695241167354787,0.2175669805497693,0.0,0.0,0.0
2618.0,9.581775205094317,5.812413627716312,0.0,0.0,-4.6511657729240346e-06,0.0,0.0,4.098301014363035,-15.0709270738,0.0,0.0,1.7141126133532767,0.0,-1.6722648720880295e-05,0.0,0.06555073393056768,-0.006695262560245885,0.21756681249052934,0.0,0.0,0.0
2619.0,9.581779598992162,5.812409996354995,0.0,0.0,-4.383058286601491e-06,0.0,0.0,4.098296497136415,-15.0709270738,0.0,0.0,1.7141134992185796,0.0,-1.5758696640163125e-05,0.0,0.06555071080270963,-0.006695280502802686,0.21756665097424582,0.0,0.0,0.0
2620.0,9.581783968047562,5.8124066348482195,0.0,0.0,-4.113598477301061e-06,0.0,0.0,4.09829224869724,-15.0709270738,0.0,0.0,1.714114386150979,0.0,-1.4789883388687786e-05,0.0,0.06555068924533038,-0.006695294984515571,0.21756649604383665,0.0,0.0,0.0
2621.0,9.581788311419118,5.812403544371017,0.0,0.0,-3.842832086004428e-06,0.0,0.0,4.098288270374992,-15.0709270738,0.0,0.0,1.7141152739960255,0.0,-1.3816373422180677e-05,0.0,0.06555066926562765,-0.006695305995476852,0.2175663477411225,0.0,0.0,0.0
2622.0,9.581792628268294,5.81240072605202,0.0,0.0,-3.5708051850340603e-06,0.0,0.0,4.098284563453242,-15.0709270738,0.0,0.0,1.7141161625987777,0.0,-1.2838332386938287e-05,0.0,0.06555065087052984,-0.006695313526383681,0.21756620610681648,0.0,0.0,0.0
2623.0,9.581796917759581,5.81239818097316,0.0,0.0,-3.297564170443956e-06,0.0,0.0,4.0982811291693295,-15.0709270738,0.0,0.0,1.7141170518038304,0.0,-1.185592709246822e-05,0.0,0.06555063406669419,-0.006695317568541054,0.2175660711805152,0.0,0.0,0.0
2624.0,9.581801179060646,5.812395910169381,0.0,0.0,-3.0231557543353636e-06,0.0,0.0,4.098277968714038,-15.0709270738,0.0,0.0,1.714117941455343,0.0,-1.0869325483861003e-05,0.0,0.065550618860505,-0.0066953181138646595,0.2175659430006886,0.0,0.0,0.0
2625.0,9.581805411342495,5.812393914628349,0.0,0.0,-2.7476269571002557e-06,0.0,0.0,4.098275083231284,-15.0709270738,0.0,0.0,1.714118831397065,0.0,-9.878696613902714e-06,0.0,0.06555060525807199,-0.006695315154883627,0.21756582160467114,0.0,0.0,0.0
2626.0,9.581809613779628,5.812392195290178,0.0,0.0,-2.4710250995919467e-06,0.0,0.0,4.098272473817814,-15.0709270738,0.0,0.0,1.7141197214723638,0.0,-8.884210614926166e-06,0.0,0.0655505932652285,-0.0066953086847431065,0.2175657070286523,0.0,0.0,0.0
2627.0,9.58181378555019,5.812390753047157,0.0,0.0,-2.193397795224791e-06,0.0,0.0,4.098270141522904,-15.0709270738,0.0,0.0,1.7141206115242529,0.0,-7.886038670407663e-06,0.0,0.0655505828875299,-0.006695298697206836,0.217565599307668,0.0,0.0,0.0
2628.0,9.58181792583614,5.812389588743494,0.0,0.0,-1.9147929420080213e-06,0.0,0.0,4.098268087348076,-15.0709270738,0.0,0.0,1.714121501395418,0.0,-6.8843529863274935e-06,0.0,0.06555057413025214,-0.006695285186659586,0.2175654984755918,0.0,0.0,0.0
2629.0,9.581822033823387,5.812388703175061,0.0,0.0,-1.6352587145063065e-06,0.0,0.0,4.098266312246815,-15.0709270738,0.0,0.0,1.714122390928246,0.0,-5.8793267622675015e-06,0.0,0.06555056699838999,-0.006695268148109404,0.2175654045651261,0.0,0.0,0.0
2630.0,9.581826108701964,5.812388097089147,0.0,0.0,-1.354843555739117e-06,0.0,0.0,4.098264817124294,-15.0709270738,0.0,0.0,1.714123279964853,0.0,-4.871134162289185e-06,0.0,0.0655505614966557,-0.006695247577189867,0.21756531760779418,0.0,0.0,0.0
2631.0,9.581830149666173,5.812387771184224,0.0,0.0,-1.0735961690098338e-06,0.0,0.0,4.0982636028371155,-15.0709270738,0.0,0.0,1.7141241683471087,0.0,-3.85995028555973e-06,0.0,0.06555055762947755,-0.0066952234701621455,0.2175652376339317,0.0,0.0,0.0
2632.0,9.58183415591474,5.812387726109721,0.0,0.0,-7.915655096748823e-07,0.0,0.0,4.09826267019305,-15.0709270738,0.0,0.0,1.7141250559166714,0.0,-2.8459511367629587e-06,0.0,0.0655505554009984,-0.006695195823917116,0.217565164672679,0.0,0.0,0.0
2633.0,9.581838126650968,5.812387962465798,0.0,0.0,-5.08800776847312e-07,0.0,0.0,4.0982620199507895,-15.0709270738,0.0,0.0,1.7141259425150084,0.0,-1.8293135962751159e-06,0.0,0.06555055481507434,-0.006695164635977011,0.21756509875197316,0.0,0.0,0.0
2634.0,9.581842061082895,5.812388480803139,0.0,0.0,-2.2535140504179213e-07,0.0,0.0,4.098261652819711,-15.0709270738,0.0,0.0,1.7141268279834279,0.0,-8.102153901305654e-07,0.0,0.0655505558752735,-0.006695129904497429,0.21756503989854065,0.0,0.0,0.0
2635.0,9.581845958423443,5.81238928162275,0.0,0.0,5.873294424233791e-08,0.0,0.0,4.098261569459641,-15.0709270738,0.0,0.0,1.7141277121631084,0.0,2.111649402346951e-07,0.0,0.0655505585848747,-0.006695091628268854,0.21756498813788966,0.0,0.0,0.0
2636.0,9.58184981789057,5.8123903653757605,0.0,0.0,3.4340239099630917e-07,0.0,0.0,4.098261770480635,-15.0709270738,0.0,0.0,1.7141285948951257,0.0,1.2346480684485678e-06,0.0,0.06555056294686626,-0.006695049806718159,0.21756494349430341,0.0,0.0,0.0
2637.0,9.581853638707422,5.812391732463242,0.0,0.0,6.286068452341966e-07,0.0,0.0,4.098262256442761,-15.0709270738,0.0,0.0,1.7141294760204806,0.0,2.2600539138729083e-06,0.0,0.0655505689639449,-0.006695004439910293,0.21756490599083272,0.0,0.0,0.0
2638.0,9.581857420102486,5.812393383236027,0.0,0.0,9.142960155798999e-07,0.0,0.0,4.098263027855899,-15.0709270738,0.0,0.0,1.714130355380128,0.0,3.2872016724697477e-06,0.0,0.06555057663851463,-0.00669495552854929,0.21756487564928956,0.0,0.0,0.0
2639.0,9.581861161309739,5.812395317994545,0.0,0.0,1.2004194179088077e-06,0.0,0.0,4.098264085179538,-15.0709270738,0.0,0.0,1.7141312328150065,0.0,4.315909847863598e-06,0.0,0.0655505859726857,-0.006694903073979672,0.21756485249024052,0.0,0.0,0.0
2640.0,9.581864861568794,5.812397536988657,0.0,0.0,1.4869263840428824e-06,0.0,0.0,4.098265428822591,-15.0709270738,0.0,0.0,1.7141321081660656,0.0,5.3459962825953e-06,0.0,0.06555059696827358,-0.006694847078187516,0.2175648365330004,0.0,0.0,0.0
2641.0,9.581868520125058,5.812400040417509,0.0,0.0,1.7737660704971541e-06,0.0,0.0,4.098267059143215,-15.0709270738,0.0,0.0,1.714132981274294,0.0,6.377278189560196e-06,0.0,0.06555060962679801,-0.006694787543801456,0.21756482779562608,0.0,0.0,0.0
2642.0,9.581872136229869,5.812402828429388,0.0,0.0,2.060887467274594e-06,0.0,0.0,4.0982689764486375,-15.0709270738,0.0,0.0,1.7141338519807503,0.0,7.409572183619728e-06,0.0,0.06555062394948219,-0.006694724474093514,0.21756482629491083,0.0,0.0,0.0
2643.0,9.581875709140652,5.81240590112159,0.0,0.0,2.348239406711304e-06,0.0,0.0,4.098271180994999,-15.0709270738,0.0,0.0,1.7141347201265908,0.0,8.442694313393432e-06,0.0,0.06555063993725185,-0.006694657872979834,0.2175648320463784,0.0,0.0,0.0
2644.0,9.581879238121065,5.812409258540294,0.0,0.0,2.6357705723676985e-06,0.0,0.0,4.098273672987195,-15.0709270738,0.0,0.0,1.714135585553099,0.0,9.476460093215793e-06,0.0,0.06555065759073447,-0.006694587745021463,0.21756484506427767,0.0,0.0,0.0
2645.0,9.581882722441136,5.812412900680448,0.0,0.0,2.923429507965761e-06,0.0,0.0,4.098276452578735,-15.0709270738,0.0,0.0,1.714136448101713,0.0,1.0510684535258272e-05,0.0,0.0655506769102586,-0.006694514095424681,0.21756486536157751,0.0,0.0,0.0
2646.0,9.581886161377422,5.81241682748566,0.0,0.0,3.2111646263682498e-06,0.0,0.0,4.098279519871606,-15.0709270738,0.0,0.0,1.7141373076140543,0.0,1.1545182181801627e-05,0.0,0.06555069789585312,-0.006694436930041611,0.2175648929499615,0.0,0.0,0.0
2647.0,9.581889554213141,5.812421038848107,0.0,0.0,3.498924218602848e-06,0.0,0.0,4.098282874916147,-15.0709270738,0.0,0.0,1.7141381639319597,0.0,1.2579767137669394e-05,0.0,0.06555072054724662,-0.006694356255370376,0.2175649278398234,0.0,0.0,0.0
2648.0,9.581892900238321,5.812425534608436,0.0,0.0,3.7866564629259035e-06,0.0,0.0,4.098286517710928,-15.0709270738,0.0,0.0,1.7141390168975077,0.0,1.3614253102803187e-05,0.0,0.0655507448638668,-0.006694272078555344,0.21756497004026248,0.0,0.0,0.0
2649.0,9.581896198749943,5.812430314555695,0.0,0.0,4.074309433925229e-06,0.0,0.0,4.098290448202649,-15.0709270738,0.0,0.0,1.7141398663530465,0.0,1.4648453404977979e-05,0.0,0.06555077084484003,-0.006694184407387255,0.2175650195590791,0.0,0.0,0.0
2650.0,9.581899449052079,5.812435378427258,0.0,0.0,4.361831111660712e-06,0.0,0.0,4.098294666286033,-15.0709270738,0.0,0.0,1.7141407121412255,0.0,1.5682181032652875e-05,0.0,0.06555079848899076,-0.006694093250303054,0.21756507640277067,0.0,0.0,0.0
2651.0,9.581902650456033,5.812440725908765,0.0,0.0,4.649169390841896e-06,0.0,0.0,4.09829917180374,-15.0709270738,0.0,0.0,1.7141415541050247,0.0,1.6715248667954336e-05,0.0,0.06555082779484116,-0.006693998616385741,0.21756514057652768,0.0,0.0,0.0
2652.0,9.581905802280486,5.812446356634068,0.0,0.0,4.936272090039416e-06,0.0,0.0,4.098303964546289,-15.0709270738,0.0,0.0,1.714142392087779,0.0,1.7747468719780675e-05,0.0,0.06555085876061076,-0.0066939005153641845,0.21756521208423013,0.0,0.0,0.0
2653.0,9.581908903851627,5.812452270185193,0.0,0.0,5.223086960929614e-06,0.0,0.0,4.0983090442519785,-15.0709270738,0.0,0.0,1.7141432259332143,0.0,1.877865335702543e-05,0.0,0.0655508913842161,-0.006693798957612629,0.21756529092844404,0.0,0.0,0.0
2654.0,9.581911954503292,5.812458466092304,0.0,0.0,5.50956169757109e-06,0.0,0.0,4.098314410606833,-15.0709270738,0.0,0.0,1.7141440554854706,0.0,1.9808614541915102e-05,0.0,0.06555092566327052,-0.006693693954150232,0.21756537711041807,0.0,0.0,0.0
2655.0,9.581914953577103,5.812464943833678,0.0,0.0,5.795643945710118e-06,0.0,0.0,4.098320063244545,-15.0709270738,0.0,0.0,1.7141448805891333,0.0,2.083716406345027e-05,0.0,0.06555096159508393,-0.006693585516640427,0.21756547063008086,0.0,0.0,0.0
2656.0,9.581917900422601,5.812471702835694,0.0,0.0,6.081281312114395e-06,0.0,0.0,4.098326001746432,-15.0709270738,0.0,0.0,1.7141457010892625,0.0,2.186411357094816e-05,0.0,0.06555099917666264,-0.006693473657390106,0.21756557148603808,0.0,0.0,0.0
2657.0,9.58192079439738,5.812478742472822,0.0,0.0,6.366421373934954e-06,0.0,0.0,4.098332225641402,-15.0709270738,0.0,0.0,1.7141465168314207,0.0,2.2889274607686082e-05,0.0,0.06555103840470926,-0.006693358389348855,0.21756567967556983,0.0,0.0,0.0
2658.0,9.581923634867222,5.8124860620676335,0.0,0.0,6.651011688089105e-06,0.0,0.0,4.098338734405931,-15.0709270738,0.0,0.0,1.7141473276617027,0.0,2.3912458644620032e-05,0.0,0.06555107927562273,-0.006693239726107872,0.2175657951946286,0.0,0.0,0.0
2659.0,9.581926421206223,5.8124936608908095,0.0,0.0,6.9349998006726685e-06,0.0,0.0,4.098345527464044,-15.0709270738,0.0,0.0,1.7141481334267654,0.0,2.4933477114208327e-05,0.0,0.06555112178549824,-0.006693117681898911,0.21756591803783693,0.0,0.0,0.0
2660.0,9.58192915279693,5.8125015381611655,0.0,0.0,7.218333256389198e-06,0.0,0.0,4.098352604187313,-15.0709270738,0.0,0.0,1.7141489339738527,0.0,2.5952141444295853e-05,0.0,0.06555116593012739,-0.006692992271593104,0.2175660481984859,0.0,0.0,0.0
2661.0,9.581931829030465,5.812509693045683,0.0,0.0,7.5009596079992934e-06,0.0,0.0,4.098359963894855,-15.0709270738,0.0,0.0,1.7141497291508285,0.0,2.6968263092070272e-05,0.0,0.06555121170499817,-0.006692863510699504,0.2175661856685333,0.0,0.0,0.0
2662.0,9.581934449306656,5.812518124659554,0.0,0.0,7.782826425790539e-06,0.0,0.0,4.09836760585335,-15.0709270738,0.0,0.0,1.7141505188062034,0.0,2.798165357809195e-05,0.0,0.06555125910529534,-0.006692731415363751,0.21756633043860235,0.0,0.0,0.0
2663.0,9.581937013034164,5.812526832066226,0.0,0.0,8.06388130706465e-06,0.0,0.0,4.09837552927706,-15.0709270738,0.0,0.0,1.7141513027891655,0.0,2.8992124520385505e-05,0.0,0.06555130812590049,-0.006692596002366394,0.21756648249798075,0.0,0.0,0.0
2664.0,9.581939519630604,5.812535814277467,0.0,0.0,8.344071885635318e-06,0.0,0.0,4.0983837333278625,-15.0709270738,0.0,0.0,1.7141520809496047,0.0,2.9999487668569462e-05,0.0,0.06555135876139238,-0.006692457289121323,0.2175666418346196,0.0,0.0,0.0
2665.0,9.58194196852267,5.812545070253435,0.0,0.0,8.623345841343407e-06,0.0,0.0,4.09839221711529,-15.0709270738,0.0,0.0,1.7141528531381454,0.0,3.1003554938047996e-05,0.0,0.06555141100604735,-0.006692315293673756,0.21756680843513287,0.0,0.0,0.0
2666.0,9.581944359146265,5.812554598902755,0.0,0.0,8.901650909583044e-06,0.0,0.0,4.098400979696582,-15.0709270738,0.0,0.0,1.714153619206173,0.0,3.200413844424149e-05,0.0,0.06555146485383959,-0.006692170034698533,0.21756698228479698,0.0,0.0,0.0
2667.0,9.581946690946609,5.81256439908261,0.0,0.0,9.178934890836374e-06,0.0,0.0,4.098410020076746,-15.0709270738,0.0,0.0,1.7141543790058638,0.0,3.300105053684807e-05,0.0,0.06555152029844169,-0.006692021531498005,0.21756716336755083,0.0,0.0,0.0
2668.0,9.581948963378368,5.812574469598837,0.0,0.0,9.45514566021793e-06,0.0,0.0,4.098419337208625,-15.0709270738,0.0,0.0,1.7141551323902116,0.0,3.3994103834139305e-05,0.0,0.06555157733322517,-0.006691869803999703,0.21756735166599556,0.0,0.0,0.0
2669.0,9.581951175905772,5.812584809206037,0.0,0.0,9.730231177025038e-06,0.0,0.0,4.098428929992981,-15.0709270738,0.0,0.0,1.714155879213056,0.0,3.49831112572775e-05,0.0,0.06555163595126093,-0.006691714872754342,0.2175675471613951,0.0,0.0,0.0
2670.0,9.581953328002726,5.81259541660769,0.0,0.0,1.0004139494292297e-05,0.0,0.0,4.098438797278578,-15.0709270738,0.0,0.0,1.7141566193291116,0.0,3.5967886064647255e-05,0.0,0.06555169614531994,-0.006691556758933168,0.2175677498336768,0.0,0.0,0.0
2671.0,9.581955419152932,5.812606290456282,0.0,0.0,1.0276818768351417e-05,0.0,0.0,4.098448937862287,-15.0709270738,0.0,0.0,1.714157352593995,0.0,3.6948241886206146e-05,0.0,0.06555175790787397,-0.006691395484325624,0.21756795966143214,0.0,0.0,0.0
2672.0,9.581957448849995,5.812617429353444,0.0,0.0,1.0548217268389506e-05,0.0,0.0,4.098459350489189,-15.0709270738,0.0,0.0,1.714158078864255,0.0,3.792399275782959e-05,0.0,0.06555182123109621,-0.006691231071336623,0.21756817662191777,0.0,0.0,0.0
2673.0,9.581959416597542,5.812628831850092,0.0,0.0,1.081828338600911e-05,0.0,0.0,4.098470033852695,-15.0709270738,0.0,0.0,1.7141587979973973,0.0,3.8894953155661804e-05,0.0,0.06555188610686209,-0.006691063542983808,0.21756840069105685,0.0,0.0,0.0
2674.0,9.58196132190933,5.812640496446586,0.0,0.0,1.1086965644785496e-05,0.0,0.0,4.098480986594673,-15.0709270738,0.0,0.0,1.7141595098519131,0.0,3.986093803045666e-05,0.0,0.06555195252675018,-0.006690892922894737,0.21756863184344064,0.0,0.0,0.0
2675.0,9.581963164309352,5.812652421592894,0.0,0.0,1.1354212709821585e-05,0.0,0.0,4.0984922073055845,-15.0709270738,0.0,0.0,1.7141602142873094,0.0,4.0821762841909976e-05,0.0,0.06555202048204302,-0.00669071923530383,0.21756887005233025,0.0,0.0,0.0
2676.0,9.581964943331952,5.812664605688762,0.0,0.0,1.161997339729473e-05,0.0,0.0,4.098503694524632,-15.0709270738,0.0,0.0,1.7141609111641305,0.0,4.177724359296223e-05,0.0,0.06555208996372809,-0.006690542505049385,0.21756911528965867,0.0,0.0,0.0
2677.0,9.581966658521923,5.812677047083904,0.0,0.0,1.1884196683998791e-05,0.0,0.0,4.098515446739911,-15.0709270738,0.0,0.0,1.714161600343993,0.0,4.272719686408431e-05,0.0,0.06555216096249883,-0.00669036275757022,0.217569367526033,0.0,0.0,0.0
2678.0,9.581968309434613,5.812689744078187,0.0,0.0,1.2146831716876347e-05,0.0,0.0,4.09852746238858,-15.0709270738,0.0,0.0,1.7141622816896076,0.0,4.367143984752768e-05,0.0,0.06555223346875569,-0.006690180018902495,0.21756962673073715,0.0,0.0,0.0
2679.0,9.58196989563603,5.81270269492184,0.0,0.0,1.240782782253986e-05,0.0,0.0,4.098539739857033,-15.0709270738,0.0,0.0,1.7141629550648068,0.0,4.4609790381534594e-05,0.0,0.0655523074726072,-0.00668999431567617,0.21756989287173434,0.0,0.0,0.0
2680.0,9.58197141670294,5.812715897815659,0.0,0.0,1.2667134516780741e-05,0.0,0.0,4.098552277481085,-15.0709270738,0.0,0.0,1.714163620334574,0.0,4.5542066984504896e-05,0.0,0.06555238296387125,-0.0066898056751115015,0.21757016591567035,0.0,0.0,0.0
2681.0,9.581972872222968,5.8127293509112326,0.0,0.0,1.2924701514063868e-05,0.0,0.0,4.098565073546165,-15.0709270738,0.0,0.0,1.7141642773650672,0.0,4.646808888911029e-05,0.0,0.06555245993207626,-0.006689614125015286,0.21757044582787666,0.0,0.0,0.0
2682.0,9.581974261794691,5.812743052311169,0.0,0.0,1.3180478737008612e-05,0.0,0.0,4.09857812628752,-15.0709270738,0.0,0.0,1.7141649260236491,0.0,4.7387676076360116e-05,0.0,0.06555253836646237,-0.006689419693777246,0.21757073257237386,0.0,0.0,0.0
2683.0,9.58197558502774,5.812757000069336,0.0,0.0,1.3434416325847776e-05,0.0,0.0,4.098591433890426,-15.0709270738,0.0,0.0,1.7141655661789104,0.0,4.830064930958766e-05,0.0,0.06555261825598295,-0.006689222410366041,0.2175710261118755,0.0,0.0,0.0
2684.0,9.581976841542886,5.812771192191112,0.0,0.0,1.3686464647871939e-05,0.0,0.0,4.0986049944904135,-15.0709270738,0.0,0.0,1.7141661977006981,0.0,4.9206830168383895e-05,0.0,0.06555269958930585,-0.006689022304325221,0.21757132640779225,0.0,0.0,0.0
2685.0,9.58197803097214,5.812785626633639,0.0,0.0,1.3936574306849058e-05,0.0,0.0,4.098618806173498,-15.0709270738,0.0,0.0,1.7141668204601412,0.0,5.0106041082442343e-05,0.0,0.0655527823548149,-0.006688819405769084,0.21757163342023572,0.0,0.0,0.0
2686.0,9.581979152958834,5.812800301306095,0.0,0.0,1.4184696152423668e-05,0.0,0.0,4.09863286697642,-15.0709270738,0.0,0.0,1.714167434329675,0.0,5.099810536533056e-05,0.0,0.06555286654061143,-0.006688613745378616,0.2175719471080232,0.0,0.0,0.0
2687.0,9.581980207157716,5.812815214069967,0.0,0.0,1.4430781289489528e-05,0.0,0.0,4.098647174886897,-15.0709270738,0.0,0.0,1.71416803918307,0.0,5.188284724816604e-05,0.0,0.06555295213451576,-0.006688405354397006,0.21757226742868235,0.0,0.0,0.0
2688.0,9.581981193235038,5.812830362739336,0.0,0.0,1.467478108753778e-05,0.0,0.0,4.098661727843883,-15.0709270738,0.0,0.0,1.7141686348954535,0.0,5.2760091913204407e-05,0.0,0.06555303912406886,-0.006688194264625219,0.21757259433845602,0.0,0.0,0.0
2689.0,9.581982110868628,5.812845745081176,0.0,0.0,1.4916647189975755e-05,0.0,0.0,4.098676523737837,-15.0709270738,0.0,0.0,1.7141692213433384,0.0,5.362966552732174e-05,0.0,0.06555312749653398,-0.0066879805084174015,0.2175729277923077,0.0,0.0,0.0
2690.0,9.581982959747988,5.812861358815651,0.0,0.0,1.5156331523416967e-05,0.0,0.0,4.0986915604110035,-15.0709270738,0.0,0.0,1.7141697984046473,0.0,5.449139527539371e-05,0.0,0.0655532172388984,-0.006687764118676387,0.21757326774392666,0.0,0.0,0.0
2691.0,9.58198373957436,5.812877201616434,0.0,0.0,1.539378630693871e-05,0.0,0.0,4.098706835657698,-15.0709270738,0.0,0.0,1.7141703659587364,0.0,5.5345109393558176e-05,0.0,0.06555330833787515,-0.006687545128848629,0.21757361414573384,0.0,0.0,0.0
2692.0,9.58198445006082,5.812893271111026,0.0,0.0,1.562896406130561e-05,0.0,0.0,4.098722347224604,-15.0709270738,0.0,0.0,1.7141709238864218,0.0,5.619063720235539e-05,0.0,0.06555340077990485,-0.006687323572919554,0.21757396694888764,0.0,0.0,0.0
2693.0,9.581985090932339,5.812909564881087,0.0,0.0,1.5861817618161664e-05,0.0,0.0,4.098738092811084,-15.0709270738,0.0,0.0,1.714171472070003,0.0,5.702780913975521e-05,0.0,0.0655534945511576,-0.006687099485408438,0.21757432610329017,0.0,0.0,0.0
2694.0,9.581985661925868,5.812926080462776,0.0,0.0,1.6092300129181772e-05,0.0,0.0,4.098754070069488,-15.0709270738,0.0,0.0,1.7141720103932876,0.0,5.785645679403868e-05,0.0,0.06555358963753487,-0.006686872901363411,0.21757469155759362,0.0,0.0,0.0
2695.0,9.581986162790407,5.812942815347099,0.0,0.0,1.6320365075186383e-05,0.0,0.0,4.098770276605483,-15.0709270738,0.0,0.0,1.7141725387416153,0.0,5.867641293654716e-05,0.0,0.06555368602467153,-0.006686643856356103,0.21757506325920684,0.0,0.0,0.0
2696.0,9.581986593287077,5.812959766980268,0.0,0.0,1.6545966275215717e-05,0.0,0.0,4.098786709978386,-15.0709270738,0.0,0.0,1.714173057001882,0.0,5.9487511554286305e-05,0.0,0.06555378369793784,-0.006686412386476423,0.21757544115430233,0.0,0.0,0.0
2697.0,9.581986953189185,5.812976932764067,0.0,0.0,1.676905789556246e-05,0.0,0.0,4.098803367701503,-15.0709270738,0.0,0.0,1.7141735650625636,0.0,6.0289587882380924e-05,0.0,0.06555388264244154,-0.006686178528327161,0.21757582518782326,0.0,0.0,0.0
2698.0,9.581987242282294,5.812994310056227,0.0,0.0,1.698959445876098e-05,0.0,0.0,4.098820247242487,-15.0709270738,0.0,0.0,1.7141740628137399,0.0,6.108247843637367e-05,0.0,0.06555398284302996,-0.006685942319018465,0.2175762153034909,0.0,0.0,0.0
2699.0,9.581987460364285,5.813011896170807,0.0,0.0,1.7207530852530326e-05,0.0,0.0,4.098837346023693,-15.0709270738,0.0,0.0,1.7141745501471144,0.0,6.186602104435783e-05,0.0,0.06555408428429227,-0.00668570379616211,0.21757661144381185,0.0,0.0,0.0
2700.0,9.581987607245424,5.8130296883785935,0.0,0.0,1.7422822338671483e-05,0.0,0.0,4.098854661422552,-15.0709270738,0.0,0.0,1.7141750269560418,0.0,6.264005487894588e-05,0.0,0.06555418695056167,-0.00668546299786589,0.21757701355008657,0.0,0.0,0.0
2701.0,9.581987682748416,5.813047683907495,0.0,0.0,1.7635424561913925e-05,0.0,0.0,4.098872190771945,-15.0709270738,0.0,0.0,1.7141754931355502,0.0,6.340442048905588e-05,0.0,0.06555429082591767,-0.006685219962727723,0.2175774215624168,0.0,0.0,0.0
2702.0,9.581987686708464,5.813065879942955,0.0,0.0,1.784529355871507e-05,0.0,0.0,4.0988899313605955,-15.0709270738,0.0,0.0,1.7141759485823593,0.0,6.415895983152904e-05,0.0,0.06555439589418843,-0.006684974729829776,0.21757783541971404,0.0,0.0,0.0
2703.0,9.581987618973331,5.813084273628368,0.0,0.0,1.8052385766002905e-05,0.0,0.0,4.098907880433462,-15.0709270738,0.0,0.0,1.7141763931949061,0.0,6.490351630254293e-05,0.0,0.06555450213895321,-0.006684727338732391,0.2175782550597081,0.0,0.0,0.0
2704.0,9.581987479403386,5.813102862065509,0.0,0.0,1.8256658029870233e-05,0.0,0.0,4.098926035192142,-15.0709270738,0.0,0.0,1.7141768268733673,0.0,6.563793476885132e-05,0.0,0.06555460954354472,-0.006684477829467975,0.2175786804189559,0.0,0.0,0.0
2705.0,9.58198726787166,5.81312164231497,0.0,0.0,1.8458067614209057e-05,0.0,0.0,4.09894439279529,-15.0709270738,0.0,0.0,1.7141772495196799,0.0,6.636206159880893e-05,0.0,0.06555471809105168,-0.006684226242534744,0.21757911143285036,0.0,0.0,0.0
2706.0,9.581986984263898,5.813140611396596,0.0,0.0,1.8656572209289976e-05,0.0,0.0,4.098962950359035,-15.0709270738,0.0,0.0,1.714177661037561,0.0,6.707574469319886e-05,0.0,0.06555482776432127,-0.006683972618890449,0.2175795480356296,0.0,0.0,0.0
2707.0,9.581986628478596,5.813159766289945,0.0,0.0,1.885212994028259e-05,0.0,0.0,4.098981704957415,-15.0709270738,0.0,0.0,1.7141780613325297,0.0,6.77788335158483e-05,0.0,0.0655549385459618,-0.0066837169999459795,0.21757999016038637,0.0,0.0,0.0
2708.0,9.581986200427059,5.813179103934743,0.0,0.0,1.9044699375714882e-05,0.0,0.0,4.099000653622812,-15.0709270738,0.0,0.0,1.7141784503119313,0.0,6.847117912402509e-05,0.0,0.06555505041834532,-0.006683459427558713,0.2175804377390778,0.0,0.0,0.0
2709.0,9.581985700033433,5.813198621231355,0.0,0.0,1.9234239535870535e-05,0.0,0.0,4.099019793346403,-15.0709270738,0.0,0.0,1.7141788278849521,0.0,6.915263419861167e-05,0.0,0.06555516336361028,-0.006683199944026094,0.2175808907025352,0.0,0.0,0.0
2710.0,9.581985127234756,5.813218315041259,0.0,0.0,1.9420709901123055e-05,0.0,0.0,4.099039121078614,-15.0709270738,0.0,0.0,1.7141791939626447,0.0,6.9823053074052e-05,0.0,0.0655552773636643,-0.00668293859207876,0.21758134898047415,0.0,0.0,0.0
2711.0,9.581984481980983,5.813238182187531,0.0,0.0,1.9604070420203784e-05,0.0,0.0,4.099058633729585,-15.0709270738,0.0,0.0,1.7141795484579463,0.0,7.04822917680614e-05,0.0,0.06555539240018687,-0.006682675414873884,0.21758181250150502,0.0,0.0,0.0
2712.0,9.581983764235037,5.813258219455338,0.0,0.0,1.9784281518404968e-05,0.0,0.0,4.099078328169642,-15.0709270738,0.0,0.0,1.7141798912856956,0.0,7.113020801110313e-05,0.0,0.06555550845463227,-0.006682410455988191,0.2175822811931432,0.0,0.0,0.0
2713.0,9.581982973972833,5.813278423592435,0.0,0.0,1.9961304105709792e-05,0.0,0.0,4.099098201229779,-15.0709270738,0.0,0.0,1.714180222362656,0.0,7.17666612756029e-05,0.0,0.06555562550823239,-0.006682143759411049,0.21758275498182006,0.0,0.0,0.0
2714.0,9.581982111183311,5.813298791309679,0.0,0.0,2.013509958485758e-05,0.0,0.0,4.099118249702145,-15.0709270738,0.0,0.0,1.7141805416075337,0.0,7.23915128049307e-05,0.0,0.06555574354199964,-0.006681875369537391,0.21758323379289404,0.0,0.0,0.0
2715.0,9.581981175868467,5.813319319281535,0.0,0.0,2.0305629859331964e-05,0.0,0.0,4.099138470340542,-15.0709270738,0.0,0.0,1.7141808489409938,0.0,7.300462564210622e-05,0.0,0.0655558625367299,-0.006681605331160523,0.21758371755066164,0.0,0.0,0.0
2716.0,9.581980168043382,5.8133400041466095,0.0,0.0,2.0472857341280312e-05,0.0,0.0,4.099158859860927,-15.0709270738,0.0,0.0,1.714181144285682,0.0,7.360586465825732e-05,0.0,0.06555598247300562,-0.006681333689464941,0.21758420617836904,0.0,0.0,0.0
2717.0,9.58197908773624,5.813360842508173,0.0,0.0,2.063674495935459e-05,0.0,0.0,4.099179414941931,-15.0709270738,0.0,0.0,1.714181427566242,0.0,7.419509658079682e-05,0.0,0.06555610333119874,-0.006681060490018945,0.2175846995982234,0.0,0.0,0.0
2718.0,9.58197793498836,5.813381830934702,0.0,0.0,2.079725616647711e-05,0.0,0.0,4.09920013222537,-15.0709270738,0.0,0.0,1.7141816987093321,0.0,7.477219002132953e-05,0.0,0.06555622509147387,-0.006680785778767309,0.2175851977314051,0.0,0.0,0.0
2719.0,9.581976709854207,5.813402965960425,0.0,0.0,2.0954354947529847e-05,0.0,0.0,4.099221008316782,-15.0709270738,0.0,0.0,1.7141819576436435,0.0,7.533701550328513e-05,0.0,0.06555634773379143,-0.0066805096020237514,0.21758570049807968,0.0,0.0,0.0
2720.0,9.581975412401412,5.813424244085874,0.0,0.0,2.1108005826960532e-05,0.0,0.0,4.099242039785958,-15.0709270738,0.0,0.0,1.7141822042999157,0.0,7.588944548925205e-05,0.0,0.06555647123791081,-0.006680232006463324,0.21758620781740987,0.0,0.0,0.0
2721.0,9.581974042710796,5.813445661778443,0.0,0.0,2.125817387630711e-05,0.0,0.0,4.099263223167486,-15.0709270738,0.0,0.0,1.7141824386109574,0.0,7.642935440801878e-05,0.0,0.06555659558339355,-0.006679953039114783,0.21758671960756842,0.0,0.0,0.0
2722.0,9.581972600876366,5.813467215472961,0.0,0.0,2.1404824721647264e-05,0.0,0.0,4.099284554961303,-15.0709270738,0.0,0.0,1.7141826605116588,0.0,7.695661868134608e-05,0.0,0.06555672074960675,-0.006679672747352872,0.21758723578575045,0.0,0.0,0.0
2723.0,9.581971087005345,5.81348890157226,0.0,0.0,2.1547924550952777e-05,0.0,0.0,4.099306031633251,-15.0709270738,0.0,0.0,1.714182869939009,0.0,7.74711167503974e-05,0.0,0.06555684671572623,-0.006679391178890506,0.21758775626818658,0.0,0.0,0.0
2724.0,9.581969501218163,5.813510716447759,0.0,0.0,2.168744012136565e-05,0.0,0.0,4.099327649615645,-15.0709270738,0.0,0.0,1.7141830668321134,0.0,7.797272910188904e-05,0.0,0.06555697346073996,-0.006679108381770854,0.2175882809701558,0.0,0.0,0.0
2725.0,9.581967843648478,5.813532656440053,0.0,0.0,2.182333876638368e-05,0.0,0.0,4.099349405307845,-15.0709270738,0.0,0.0,1.7141832511322077,0.0,7.846133829391493e-05,0.0,0.06555710096345144,-0.006678824404359393,0.2175888098059989,0.0,0.0,0.0
2726.0,9.581966114443167,5.813554717859506,0.0,0.0,2.1955588402959788e-05,0.0,0.0,4.0993712950768355,-15.0709270738,0.0,0.0,1.7141834227826704,0.0,7.893682898146205e-05,0.0,0.06555722920248314,-0.006678539295335836,0.21758934268913177,0.0,0.0,0.0
2727.0,9.581964313762336,5.813576896986854,0.0,0.0,2.208415753850742e-05,0.0,0.0,4.099393315257811,-15.0709270738,0.0,0.0,1.714183581729043,0.0,7.939908794158873e-05,0.0,0.06555735815627992,-0.006678253103686069,0.21758987953205933,0.0,0.0,0.0
2728.0,9.581962441779316,5.8135991900738135,0.0,0.0,2.2209015277818724e-05,0.0,0.0,4.099415462154774,-15.0709270738,0.0,0.0,1.71418372791904,0.0,7.984800409828994e-05,0.0,0.06555748780311266,-0.006677965878693903,0.21759042024638914,0.0,0.0,0.0
2729.0,9.581960498680656,5.813621593343695,0.0,0.0,2.2330131329884835e-05,0.0,0.0,4.099437732041131,-15.0709270738,0.0,0.0,1.7141838613025646,0.0,8.028346854701124e-05,0.0,0.06555761812108168,-0.006677677669932908,0.21759096474284556,0.0,0.0,0.0
2730.0,9.581958484666123,5.8136441029920265,0.0,0.0,2.2447476014625768e-05,0.0,0.0,4.099460121160304,-15.0709270738,0.0,0.0,1.7141839818317228,0.0,8.070537457883835e-05,0.0,0.06555774908812045,-0.006677388527257938,0.21759151293128404,0.0,0.0,0.0
2731.0,9.581956399948687,5.8136667151871775,0.0,0.0,2.2561020269522937e-05,0.0,0.0,4.099482625726343,-15.0709270738,0.0,0.0,1.7141840894608347,0.0,8.111361770433722e-05,0.0,0.06555788068199908,-0.006677098500796813,0.21759206472070536,0.0,0.0,0.0
2732.0,9.58195424475452,5.8136894260709955,0.0,0.0,2.2670735656152574e-05,0.0,0.0,4.099505241924546,-15.0709270738,0.0,0.0,1.7141841841464496,0.0,8.150809567703846e-05,0.0,0.06555801288032811,-0.006676807640941959,0.21759262001927052,0.0,0.0,0.0
2733.0,9.581952019322973,5.813712231759445,0.0,0.0,2.277659436662399e-05,0.0,0.0,4.099527965912089,-15.0709270738,0.0,0.0,1.714184265847356,0.0,8.188870851658026e-05,0.0,0.06555814566056217,-0.006676515998341681,0.2175931787343153,0.0,0.0,0.0
2734.0,9.581949723906563,5.813735128343255,0.0,0.0,2.2878569229913704e-05,0.0,0.0,4.099550793818657,-15.0709270738,0.0,0.0,1.7141843345245977,0.0,8.22553585314776e-05,0.0,0.06555827900000369,-0.0066762236238916695,0.21759374077236524,0.0,0.0,0.0
2735.0,9.58194735877096,5.813758111888565,0.0,0.0,2.2976633718101803e-05,0.0,0.0,4.099573721747084,-15.0709270738,0.0,0.0,1.7141843901414813,0.0,8.260795034154057e-05,0.0,0.06555841287580667,-0.006675930568726424,0.21759430603915103,0.0,0.0,0.0
2736.0,9.581944924194959,5.8137811784375915,0.0,0.0,2.3070761952503148e-05,0.0,0.0,4.099596745774002,-15.0709270738,0.0,0.0,1.7141844326635898,0.0,8.294639089991522e-05,0.0,0.06555854726498056,-0.006675636884210356,0.2175948744396235,0.0,0.0,0.0
2737.0,9.581942420470465,5.813804324009284,0.0,0.0,2.3160928709695127e-05,0.0,0.0,4.099619861950489,-15.0709270738,0.0,0.0,1.7141844620587943,0.0,8.327058951475324e-05,0.0,0.06555868214439403,-0.006675342621929162,0.21759544587796933,0.0,0.0,0.0
2738.0,9.581939847902463,5.813827544599994,0.0,0.0,2.324710942744075e-05,0.0,0.0,4.0996430663027335,-15.0709270738,0.0,0.0,1.7141844782972608,0.0,8.358045787050595e-05,0.0,0.06555881749077881,-0.006675047833680947,0.2175960202576267,0.0,0.0,0.0
2739.0,9.581937206808991,5.813850836184157,0.0,0.0,2.3329280210503502e-05,0.0,0.0,4.099666354832691,-15.0709270738,0.0,0.0,1.7141844813514657,0.0,8.387591004882973e-05,0.0,0.06555895328073372,-0.0066747525714672545,0.2175965974813011,0.0,0.0,0.0
2740.0,9.581934497521111,5.813874194714962,0.0,0.0,2.3407417836356553e-05,0.0,0.0,4.099689723518761,-15.0709270738,0.0,0.0,1.7141844711962007,0.0,8.415686254911248e-05,0.0,0.06555908949072853,-0.006674456887484248,0.2175971774509813,0.0,0.0,0.0
2741.0,9.581931720382874,5.813897616125042,0.0,0.0,2.3481499760778555e-05,0.0,0.0,4.099713168316456,-15.0709270738,0.0,0.0,1.7141844478085861,0.0,8.442323430859282e-05,0.0,0.06555922609710788,-0.006674160834113596,0.21759776006795556,0.0,0.0,0.0
2742.0,9.58192887575129,5.8139210963271655,0.0,0.0,2.3551504123344606e-05,0.0,0.0,4.099736685159088,-15.0709270738,0.0,0.0,1.7141844111680777,0.0,8.46749467221031e-05,0.0,0.06555936307609542,-0.006673864463913548,0.21759834523282784,0.0,0.0,0.0
2743.0,9.581925963996285,5.813944631214926,0.0,0.0,2.3617409752802544e-05,0.0,0.0,4.099760269958451,-15.0709270738,0.0,0.0,1.7141843612564749,0.0,8.491192366140089e-05,0.0,0.06555950040379768,-0.00667356782960965,0.21759893284553453,0.0,0.0,0.0
2744.0,9.581922985500666,5.813968216663447,0.0,0.0,2.3679196172334533e-05,0.0,0.0,4.099783918605516,-15.0709270738,0.0,0.0,1.7141842980579316,0.0,8.513409149408865e-05,0.0,0.06555963805620832,-0.0066732709840857385,0.21759952280536077,0.0,0.0,0.0
2745.0,9.581919940660079,5.813991848530085,0.0,0.0,2.3736843604706982e-05,0.0,0.0,4.099807626971125,-15.0709270738,0.0,0.0,1.71418422155896,0.0,8.534137910213259e-05,0.0,0.065559776009212,-0.006672973980374711,0.2176001150109574,0.0,0.0,0.0
2746.0,9.581916829882958,5.814015522655139,0.0,0.0,2.37903329773057e-05,0.0,0.0,4.099831390906697,-15.0709270738,0.0,0.0,1.7141841317484419,0.0,8.553371789996975e-05,0.0,0.0655599142385887,-0.0066726768716492135,0.2176007093603581,0.0,0.0,0.0
2747.0,9.581913653590489,5.814039234862564,0.0,0.0,2.3839645927053655e-05,0.0,0.0,4.099855206244931,-15.0709270738,0.0,0.0,1.714184028617633,0.0,8.571104185219347e-05,0.0,0.06556005272001772,-0.006672379711212401,0.21760130575099595,0.0,0.0,0.0
2748.0,9.581910412216546,5.814062980960692,0.0,0.0,2.388476480521074e-05,0.0,0.0,4.0998790688005196,-15.0709270738,0.0,0.0,1.7141839121601725,0.0,8.587328749081552e-05,0.0,0.06556019142908195,-0.00667208255248862,0.2176019040797214,0.0,0.0,0.0
2749.0,9.581907106207657,5.814086756742951,0.0,0.0,2.3925672682055277e-05,0.0,0.0,4.099902974370866,-15.0709270738,0.0,0.0,1.7141837823720847,0.0,8.602039393210347e-05,0.0,0.06556033034127202,-0.0066717854490139505,0.21760250424281863,0.0,0.0,0.0
2750.0,9.581903736022936,5.814110557988593,0.0,0.0,2.3962353351446673e-05,0.0,0.0,4.099926918736806,-15.0709270738,0.0,0.0,1.7141836392517877,0.0,8.615230289299183e-05,0.0,0.06556046943199052,-0.006671488454426916,0.21760310613602424,0.0,0.0,0.0
2751.0,9.58190030213403,5.81413438046343,0.0,0.0,2.399479133526527e-05,0.0,0.0,4.099950897663332,-15.0709270738,0.0,0.0,1.714183482800098,0.0,8.626895870705189e-05,0.0,0.06556060867655629,-0.006671191622458855,0.21760370965454384,0.0,0.0,0.0
2752.0,9.581896805025067,5.814158219920561,0.0,0.0,2.402297188773237e-05,0.0,0.0,4.099974906900324,-15.0709270738,0.0,0.0,1.7141833130202366,0.0,8.637030834003174e-05,0.0,0.06556074805020863,-0.0066708950069246375,0.21760431469307062,0.0,0.0,0.0
2753.0,9.581893245192585,5.814182072101118,0.0,0.0,2.404688099960765e-05,0.0,0.0,4.099998942183285,-15.0709270738,0.0,0.0,1.7141831299178323,0.0,8.645630140495616e-05,0.0,0.06556088752811166,-0.006670598661712948,0.21760492114580265,0.0,0.0,0.0
2754.0,9.581889623145475,5.814205932735004,0.0,0.0,2.406650540225951e-05,0.0,0.0,4.100022999234079,-15.0709270738,0.0,0.0,1.7141829335009255,0.0,8.652689017676995e-05,0.0,0.06556102708535864,-0.006670302640776796,0.21760552890646132,0.0,0.0,0.0
2755.0,9.581885939404911,5.814229797541643,0.0,0.0,2.4081832571613386e-05,0.0,0.0,4.1000470737616705,-15.0709270738,0.0,0.0,1.714182723779972,0.0,8.658202960654374e-05,0.0,0.0655611666969762,-0.006670006998123992,0.21760613786830935,0.0,0.0,0.0
2756.0,9.581882194504285,5.814253662230724,0.0,0.0,2.4092850731974e-05,0.0,0.0,4.1000711614628775,-15.0709270738,0.0,0.0,1.7141825007678468,0.0,8.662167733522672e-05,0.0,0.06556130633792889,-0.006669711787807425,0.217606747924169,0.0,0.0,0.0
2757.0,9.581878388989134,5.8142775225029615,0.0,0.0,2.4099548859720166e-05,0.0,0.0,4.100095258023115,-15.0709270738,0.0,0.0,1.7141822644798461,0.0,8.664579370694217e-05,0.0,0.06556144598312336,-0.006669417063915453,0.21760735896644076,0.0,0.0,0.0
2758.0,9.581874523417069,5.814301374050845,0.0,0.0,2.41019166868702e-05,0.0,0.0,4.100119359117155,-15.0709270738,0.0,0.0,1.71418201493369,0.0,8.665434178181814e-05,0.0,0.06556158560741293,-0.0066691228805622615,0.21760797088712125,0.0,0.0,0.0
2759.0,9.5818705983577,5.814325212559401,0.0,0.0,2.4099944704521517e-05,0.0,0.0,4.100143460409877,-15.0709270738,0.0,0.0,1.714181752149524,0.0,8.664728734836674e-05,0.0,0.06556172518560188,-0.006668829291878078,0.21760858357782253,0.0,0.0,0.0
2760.0,9.581866614392554,5.814349033706957,0.0,0.0,2.4093624166159422e-05,0.0,0.0,4.100167557557037,-15.0709270738,0.0,0.0,1.7141814761499203,0.0,8.662459893539354e-05,0.0,0.06556186469245003,-0.006668536351999529,0.21760919692979053,0.0,0.0,0.0
2761.0,9.581862572115002,5.814372833165904,0.0,0.0,2.4082947090834605e-05,0.0,0.0,4.100191646206023,-15.0709270738,0.0,0.0,1.7141811869598813,0.0,8.658624782343566e-05,0.0,0.06556200410267701,-0.00666824411505984,0.21760981083392367,0.0,0.0,0.0
2762.0,9.581858472130168,5.814396606603463,0.0,0.0,2.4067906266211166e-05,0.0,0.0,4.100215721996627,-15.0709270738,0.0,0.0,1.7141808846068356,0.0,8.6532208055735e-05,0.0,0.06556214339096696,-0.006667952635179067,0.21761042518079218,0.0,0.0,0.0
2763.0,9.581854315054857,5.814420349682459,0.0,0.0,2.4048495251479733e-05,0.0,0.0,4.100239780561816,-15.0709270738,0.0,0.0,1.7141805691206429,0.0,8.646245644872695e-05,0.0,0.06556228253197277,-0.006667661966454366,0.21761103986065694,0.0,0.0,0.0
2764.0,9.581850101517453,5.814444058062093,0.0,0.0,2.402470838014198e-05,0.0,0.0,4.100263817528503,-15.0709270738,0.0,0.0,1.7141802405335902,0.0,8.637697260206754e-05,0.0,0.06556242150032082,-0.00666737216295013,0.21761165476348854,0.0,0.0,0.0
2765.0,9.581845832157843,5.8144677273987115,0.0,0.0,2.3996540762655983e-05,0.0,0.0,4.1002878285183195,-15.0709270738,0.0,0.0,1.714179898880392,0.0,8.62757389081608e-05,0.0,0.06556256027061531,-0.0066670832786882295,0.2176122697789868,0.0,0.0,0.0
2766.0,9.581841507627315,5.814491353346592,0.0,0.0,2.396398828895253e-05,0.0,0.0,4.1003118091484,-15.0709270738,0.0,0.0,1.714179544198192,0.0,8.615874056122249e-05,0.0,0.06556269881744295,-0.006666795367638104,0.21761288479659968,0.0,0.0,0.0
2767.0,9.581837128588477,5.8145149315587155,0.0,0.0,2.3927047630811082e-05,0.0,0.0,4.100335755032161,-15.0709270738,0.0,0.0,1.7141791765265548,0.0,8.602596556584025e-05,0.0,0.0655628371153773,-0.006666508483707034,0.217613499705543,0.0,0.0,0.0
2768.0,9.581832695715148,5.81453845768755,0.0,0.0,2.3885716244104343e-05,0.0,0.0,4.100359661780077,-15.0709270738,0.0,0.0,1.7141787959074728,0.0,8.587740474506162e-05,0.0,0.0655629751389836,-0.006666222680730152,0.21761411439481973,0.0,0.0,0.0
2769.0,9.581828209692269,5.814561927385832,0.0,0.0,2.3839992370903883e-05,0.0,0.0,4.100383525000478,-15.0709270738,0.0,0.0,1.7141784023853548,0.0,8.571305174798322e-05,0.0,0.06556311286282307,-0.0066659380124606815,0.21761472875323973,0.0,0.0,0.0
2770.0,9.581823671215796,5.814585336307354,0.0,0.0,2.3789875041448414e-05,0.0,0.0,4.1004073403003245,-15.0709270738,0.0,0.0,1.7141779960070291,0.0,8.553290305684653e-05,0.0,0.06556325026145766,-0.006665654532560142,0.2176153426694391,0.0,0.0,0.0
2771.0,9.581819080992604,5.814608680107745,0.0,0.0,2.373536407597346e-05,0.0,0.0,4.100431103286006,-15.0709270738,0.0,0.0,1.714177576821739,0.0,8.5336957993636e-05,0.0,0.06556338730945459,-0.0066653722945882315,0.21761595603190023,0.0,0.0,0.0
2772.0,9.58181443974038,5.814631954445263,0.0,0.0,2.3676460086405855e-05,0.0,0.0,4.100454809564126,-15.0709270738,0.0,0.0,1.7141771448811367,0.0,8.512521872619168e-05,0.0,0.0655635239813909,-0.006665091351993224,0.21761656872897148,0.0,0.0,0.0
2773.0,9.581809748187517,5.814655154981578,0.0,0.0,2.3613164477914753e-05,0.0,0.0,4.100478454742297,-15.0709270738,0.0,0.0,1.714176700239281,0.0,8.489769027380647e-05,0.0,0.06556366025185809,-0.0066648117581019906,0.21761718064888677,0.0,0.0,0.0
2774.0,9.581805007072997,5.814678277382566,0.0,0.0,2.3545479450326675e-05,0.0,0.0,4.100502034429933,-15.0709270738,0.0,0.0,1.7141762429526324,0.0,8.465438051233497e-05,0.0,0.06556379609546677,-0.006664533566110062,0.2176177916797857,0.0,0.0,0.0
2775.0,9.581800217146295,5.814701317319096,0.0,0.0,2.3473407999396692e-05,0.0,0.0,4.100525544239048,-15.0709270738,0.0,0.0,1.714175773080048,0.0,8.439530017878575e-05,0.0,0.06556393148685122,-0.006664256829071888,0.21761840170973373,0.0,0.0,0.0
2776.0,9.581795379167252,5.8147242704678215,0.0,0.0,2.339695391794187e-05,0.0,0.0,4.100548979785047,-15.0709270738,0.0,0.0,1.7141752906827747,0.0,8.412046287541873e-05,0.0,0.06556406640067401,-0.0066639815998909,0.21761901062674166,0.0,0.0,0.0
2777.0,9.581790493905967,5.8147471325119735,0.0,0.0,2.331612179683247e-05,0.0,0.0,4.100572336687528,-15.0709270738,0.0,0.0,1.7141747958244453,0.0,8.382988507333161e-05,0.0,0.0655642008116307,-0.006663707931309687,0.21761961831878626,0.0,0.0,0.0
2778.0,9.581785562142677,5.814769899142151,0.0,0.0,2.3230917025839988e-05,0.0,0.0,4.100595610571081,-15.0709270738,0.0,0.0,1.71417428857107,0.0,8.352358611553227e-05,0.0,0.06556433469445434,-0.006663435875900056,0.2176202246738299,0.0,0.0,0.0
2779.0,9.58178058466764,5.814792566057113,0.0,0.0,2.3141345794344992e-05,0.0,0.0,4.100618797066084,-15.0709270738,0.0,0.0,1.7141737689910288,0.0,8.32015882195071e-05,0.0,0.06556446802392027,-0.006663165486053391,0.2176208295798412,0.0,0.0,0.0
2780.0,9.581775562281011,5.814815128964573,0.0,0.0,2.3047415091900242e-05,0.0,0.0,4.100641891809504,-15.0709270738,0.0,0.0,1.7141732371550686,0.0,8.286391647926993e-05,0.0,0.06556460077485057,-0.006662896813970615,0.21762143292481478,0.0,0.0,0.0
2781.0,9.581770495792718,5.81483758358199,0.0,0.0,2.294913270865368e-05,0.0,0.0,4.100664890445699,-15.0709270738,0.0,0.0,1.714172693136291,0.0,8.251059886690719e-05,0.0,0.06556473292211888,-0.006662629911652493,0.21762203459679186,0.0,0.0,0.0
2782.0,9.581765386022337,5.814859925637361,0.0,0.0,2.284650723562443e-05,0.0,0.0,4.100687788627216,-15.0709270738,0.0,0.0,1.714172137010145,0.0,8.214166623359515e-05,0.0,0.0655648644406549,-0.006662364830889847,0.2176226344838803,0.0,0.0,0.0
2783.0,9.581760233798965,5.814882150870015,0.0,0.0,2.2739548064837224e-05,0.0,0.0,4.100710582015595,-15.0709270738,0.0,0.0,1.71417156885442,0.0,8.175715231010846e-05,0.0,0.06556499530544913,-0.006662101623253716,0.21762323247427517,0.0,0.0,0.0
2784.0,9.581755039961093,5.8149042550314025,0.0,0.0,2.262826538931226e-05,0.0,0.0,4.100733266282169,-15.0709270738,0.0,0.0,1.7141709887492338,0.0,8.135709370680935e-05,0.0,0.06556512549155735,-0.00666184034008567,0.21762382845627867,0.0,0.0,0.0
2785.0,9.581749805356472,5.814926233885887,0.0,0.0,2.251267020291127e-05,0.0,0.0,4.100755837108862,-15.0709270738,0.0,0.0,1.7141703967770257,0.0,8.094152991312007e-05,0.0,0.06556525497410548,-0.006661581032487929,0.21762442231832085,0.0,0.0,0.0
2786.0,9.581744530841974,5.81494808321154,0.0,0.0,2.2392774300037565e-05,0.0,0.0,4.100778290188994,-15.0709270738,0.0,0.0,1.7141697930225464,0.0,8.051050329647084e-05,0.0,0.06556538372829404,-0.006661323751313827,0.21762501394897998,0.0,0.0,0.0
2787.0,9.581739217283465,5.814969798800924,0.0,0.0,2.226859027519067e-05,0.0,0.0,4.100800621228079,-15.0709270738,0.0,0.0,1.7141691775728445,0.0,8.006405910072508e-05,0.0,0.06556551172940281,-0.0066610685471580056,0.2176256032370027,0.0,0.0,0.0
2788.0,9.581733865555666,5.814991376461886,0.0,0.0,2.2140131522378588e-05,0.0,0.0,4.100822825944626,-15.0709270738,0.0,0.0,1.7141685505172592,0.0,7.960224544409323e-05,0.0,0.06556563895279548,-0.006660815470346804,0.21762619007132464,0.0,0.0,0.0
2789.0,9.581728476542011,5.815012812018344,0.0,0.0,2.2007412234382573e-05,0.0,0.0,4.100844900070937,-15.0709270738,0.0,0.0,1.7141679119474071,0.0,7.91251133165165e-05,0.0,0.06556576537392424,-0.006660564570928576,0.2176267743410908,0.0,0.0,0.0
2790.0,9.581723051134507,5.815034101311078,0.0,0.0,2.1870447401875302e-05,0.0,0.0,4.100866839353905,-15.0709270738,0.0,0.0,1.7141672619571722,0.0,7.863271657652376e-05,0.0,0.06556589096833446,-0.0066603158986641015,0.21762735593567578,0.0,0.0,0.0
2791.0,9.58171759023359,5.815055240198504,0.0,0.0,2.1729252812396863e-05,0.0,0.0,4.100888639555813,-15.0709270738,0.0,0.0,1.7141666006426908,0.0,7.812511194757753e-05,0.0,0.06556601571166919,-0.006660069503016994,0.21762793474470457,0.0,0.0,0.0
2792.0,9.581712094747983,5.815076224557471,0.0,0.0,2.1583845049180374e-05,0.0,0.0,4.10091029645513,-15.0709270738,0.0,0.0,1.7141659281023411,0.0,7.760235901387945e-05,0.0,0.06556613957967383,-0.0066598254331442786,0.21762851065807265,0.0,0.0,0.0
2793.0,9.58170656559455,5.815097050284033,0.0,0.0,2.1434241489836942e-05,0.0,0.0,4.100931805847304,-15.0709270738,0.0,0.0,1.714165244436729,0.0,7.706452021567038e-05,0.0,0.0655662625482007,-0.00665958373788661,0.21762908356596658,0.0,0.0,0.0
2794.0,9.58170100369814,5.815117713294234,0.0,0.0,2.1280460304888413e-05,0.0,0.0,4.100953163545558,-15.0709270738,0.0,0.0,1.7141645497486762,0.0,7.651166084398324e-05,0.0,0.06556638459321357,-0.006659344465759193,0.21762965335888418,0.0,0.0,0.0
2795.0,9.581695409991447,5.815138209524887,0.0,0.0,2.1122520456159973e-05,0.0,0.0,4.100974365381683,-15.0709270738,0.0,0.0,1.7141638441432043,0.0,7.594384903489232e-05,0.0,0.06556650569079232,-0.006659107664941877,0.21763021992765536,0.0,0.0,0.0
2796.0,9.581689785414854,5.815158534934348,0.0,0.0,2.0960441695021916e-05,0.0,0.0,4.100995407206824,-15.0709270738,0.0,0.0,1.7141631277275238,0.0,7.536115576322023e-05,0.0,0.06556662581713746,-0.006658873383270245,0.21763078316346207,0.0,0.0,0.0
2797.0,9.581684130916278,5.8151786855032865,0.0,0.0,2.0794244560490468e-05,0.0,0.0,4.101016284892273,-15.0709270738,0.0,0.0,1.7141624006110137,0.0,7.47636548357384e-05,0.0,0.06556674494857455,-0.0066586416682259675,0.2176313429578587,0.0,0.0,0.0
2798.0,9.581678447451017,5.815198657235465,0.0,0.0,2.062395037717666e-05,0.0,0.0,4.101036994330253,-15.0709270738,0.0,0.0,1.7141616629052114,0.0,7.415142288382122e-05,0.0,0.06556686306155897,-0.0066584125669274935,0.2176318992027927,0.0,0.0,0.0
2799.0,9.581672735981591,5.815218446158501,0.0,0.0,2.044958125309329e-05,0.0,0.0,4.101057531434705,-15.0709270738,0.0,0.0,1.714160914723796,0.0,7.352453935559017e-05,0.0,0.06556698013268022,-0.006658186126121013,0.21763245179062468,0.0,0.0,0.0
2800.0,9.581666997477587,5.8152380483246375,0.0,0.0,2.027116007731634e-05,0.0,0.0,4.101077892142067,-15.0709270738,0.0,0.0,1.7141601561825706,0.0,7.288308650753457e-05,0.0,0.06556709613866657,-0.006657962392171007,0.2176330006141486,0.0,0.0,0.0
2801.0,9.581661232915495,5.815257459811503,0.0,0.0,2.0088710517496504e-05,0.0,0.0,4.101098072412056,-15.0709270738,0.0,0.0,1.7141593873994472,0.0,7.222714939559355e-05,0.0,0.06556721105638941,-0.006657741411051174,0.21763354556661219,0.0,0.0,0.0
2802.0,9.58165544327855,5.815276676722877,0.0,0.0,1.9902257017230337e-05,0.0,0.0,4.1011180682284465,-15.0709270738,0.0,0.0,1.7141586084944302,0.0,7.155681586573339e-05,0.0,0.06556732486286786,-0.006657523228335446,0.217634086541737,0.0,0.0,0.0
2803.0,9.581649629556564,5.815295695189438,0.0,0.0,1.9711824793281475e-05,0.0,0.0,4.101137875599841,-15.0709270738,0.0,0.0,1.7141578195895972,0.0,7.087217654398558e-05,0.0,0.06556743753527312,-0.006657307889188682,0.21763462343373868,0.0,0.0,0.0
2804.0,9.58164379274577,5.81531451136953,0.0,0.0,1.9517439832659483e-05,0.0,0.0,4.101157490560445,-15.0709270738,0.0,0.0,1.7141570208090844,0.0,7.017332482597326e-05,0.0,0.06556754905093297,-0.0066570954383578795,0.21763515613734702,0.0,0.0,0.0
2805.0,9.581637933848643,5.815333121449902,0.0,0.0,1.9319128889553618e-05,0.0,0.0,4.101176909170837,-15.0709270738,0.0,0.0,1.7141562122790654,0.0,6.946035686591573e-05,0.0,0.06556765938733614,-0.0066568859201631275,0.21763568454782595,0.0,0.0,0.0
2806.0,9.581632053873745,5.815351521646463,0.0,0.0,1.911691948211796e-05,0.0,0.0,4.101196127518728,-15.0709270738,0.0,0.0,1.7141553941277348,0.0,6.873337156509868e-05,0.0,0.0655677685221367,-0.0066566793784887945,0.21763620856099364,0.0,0.0,0.0
2807.0,9.581626153835549,5.815369708205019,0.0,0.0,1.8910839889117768e-05,0.0,0.0,4.101215141719731,-15.0709270738,0.0,0.0,1.7141545664852877,0.0,6.799247055984529e-05,0.0,0.06556787643315849,-0.006656475856774535,0.21763672807324236,0.0,0.0,0.0
2808.0,9.581620234754267,5.815387677402018,0.0,0.0,1.8700919146427752e-05,0.0,0.0,4.101233947918114,-15.0709270738,0.0,0.0,1.714153729483904,0.0,6.72377582089548e-05,0.0,0.06556798309839948,-0.006656275398006728,0.21763724298155848,0.0,0.0,0.0
2809.0,9.581614297655685,5.815405425545284,0.0,0.0,1.8487187043387073e-05,0.0,0.0,4.101252542287561,-15.0709270738,0.0,0.0,1.7141528832577224,0.0,6.64693415806259e-05,0.0,0.06556808849603597,-0.006656078044709676,0.21763775318354212,0.0,0.0,0.0
2810.0,9.581608343570982,5.815422948974745,0.0,0.0,1.8269674119011803e-05,0.0,0.0,4.101270921031919,-15.0709270738,0.0,0.0,1.7141520279428262,0.0,6.568733043886747e-05,0.0,0.06556819260442709,-0.006655883838936949,0.21763825857742702,0.0,0.0,0.0
2811.0,9.581602373536562,5.815440244063166,0.0,0.0,1.804841165806278e-05,0.0,0.0,4.101289080385945,-15.0709270738,0.0,0.0,1.7141511636772204,0.0,6.48918372293891e-05,0.0,0.06556829540211893,-0.006655692822262874,0.21763875906210034,0.0,0.0,0.0
2812.0,9.581596388593871,5.815457307216867,0.0,0.0,1.7823431686971934e-05,0.0,0.0,4.101307016616056,-15.0709270738,0.0,0.0,1.714150290600811,0.0,6.408297706498281e-05,0.0,0.06556839686784889,-0.0066555050357739315,0.21763925453712174,0.0,0.0,0.0
2813.0,9.581590389789229,5.815474134876445,0.0,0.0,1.7594766969625598e-05,0.0,0.0,4.101324726021062,-15.0709270738,0.0,0.0,1.7141494088553832,0.0,6.326086771039014e-05,0.0,0.06556849698054987,-0.006655320520060487,0.2176397449027436,0.0,0.0,0.0
2814.0,9.581584378173641,5.8154907235174855,0.0,0.0,1.7362451003007053e-05,0.0,0.0,4.101342204932904,-15.0709270738,0.0,0.0,1.7141485185845813,0.0,6.242562956666303e-05,0.0,0.06556859571935449,-0.006655139315208239,0.21764023005993,0.0,0.0,0.0
2815.0,9.581578354802625,5.815507069651272,0.0,0.0,1.7126518012696016e-05,0.0,0.0,4.1013594497173855,-15.0709270738,0.0,0.0,1.714147619933886,0.0,6.157738565501004e-05,0.0,0.06556869306359929,-0.006654961460790129,0.21764070991037615,0.0,0.0,0.0
2816.0,9.58157232073603,5.815523169825488,0.0,0.0,1.6887002948227274e-05,0.0,0.0,4.101376456774897,-15.0709270738,0.0,0.0,1.7141467130505905,0.0,6.071626160013586e-05,0.0,0.06556878899282885,-0.006654786995857906,0.21764118435652774,0.0,0.0,0.0
2817.0,9.58156627703785,5.81553902062492,0.0,0.0,1.664394147831163e-05,0.0,0.0,4.101393222541139,-15.0709270738,0.0,0.0,1.7141457980837806,0.0,5.9842385613085565e-05,0.0,0.06556888348679996,-0.006654615958934226,0.2176416533016,0.0,0.0,0.0
2818.0,9.581560224776045,5.815554618672147,0.0,0.0,1.639736998591489e-05,0.0,0.0,4.101409743487839,-15.0709270738,0.0,0.0,1.7141448751843082,0.0,5.895588847357806e-05,0.0,0.06556897652548564,-0.006654448388004469,0.21764211664959676,0.0,0.0,0.0
2819.0,9.581554165022354,5.815569960628232,0.0,0.0,1.6147325563195997e-05,0.0,0.0,4.10142601612346,-15.0709270738,0.0,0.0,1.7141439445047721,0.0,5.805690351183276e-05,0.0,0.0655690680890793,-0.0066542843205086855,0.21764257430532957,0.0,0.0,0.0
2820.0,9.581548098852114,5.815585043193402,0.0,0.0,1.589384600631081e-05,0.0,0.0,4.101442036993912,-15.0709270738,0.0,0.0,1.7141430061994898,0.0,5.714556658991297e-05,0.0,0.06556915815799869,-0.0066541237933338965,0.21764302617443637,0.0,0.0,0.0
2821.0,9.581542027344065,5.815599863107727,0.0,0.0,1.5636969810075353e-05,0.0,0.0,4.101457802683251,-15.0709270738,0.0,0.0,1.714142060424476,0.0,5.622201608256348e-05,0.0,0.06556924671288997,-0.0066539668428061,0.2176434721634003,0.0,0.0,0.0
2822.0,9.581535951580175,5.81561441715179,0.0,0.0,1.5376736162490796e-05,0.0,0.0,4.1014733098143745,-15.0709270738,0.0,0.0,1.714141107337415,0.0,5.5286392857550756e-05,0.0,0.06556933373463161,-0.006653813504682721,0.21764391217956836,0.0,0.0,0.0
2823.0,9.58152987264544,5.815628702147353,0.0,0.0,1.511318493913441e-05,0.0,0.0,4.101488555049711,-15.0709270738,0.0,0.0,1.714140147097642,0.0,5.4338840255520734e-05,0.0,0.0655694192043384,-0.006653663814144756,0.21764434613116987,0.0,0.0,0.0
2824.0,9.581523791627701,5.815642714958018,0.0,0.0,1.4846356697415172e-05,0.0,0.0,4.101503535091906,-15.0709270738,0.0,0.0,1.7141391798661116,0.0,5.3379504069369624e-05,0.0,0.06556950310336526,-0.006653517805789391,0.21764477392733494,0.0,0.0,0.0
2825.0,9.581517709617453,5.815656452489876,0.0,0.0,1.4576292670690567e-05,0.0,0.0,4.101518246684503,-15.0709270738,0.0,0.0,1.7141382058053738,0.0,5.240853252311515e-05,0.0,0.0655695854133112,-0.0066533755136225226,0.21764519547811273,0.0,0.0,0.0
2826.0,9.58151162770765,5.815669911692161,0.0,0.0,1.4303034762250941e-05,0.0,0.0,4.101532686612613,-15.0709270738,0.0,0.0,1.714137225079548,0.0,5.142607625029116e-05,0.0,0.06556966611602306,-0.00665323697105126,0.21764561069448946,0.0,0.0,0.0
2827.0,9.581505546993522,5.815683089557882,0.0,0.0,1.4026625539173087e-05,0.0,0.0,4.101546851703582,-15.0709270738,0.0,0.0,1.7141362378542997,0.0,5.0432288271871476e-05,0.0,0.06556974519359943,-0.006653102210876796,0.21764601948840667,0.0,0.0,0.0
2828.0,9.581499468572375,5.815695983124464,0.0,0.0,1.3747108226036527e-05,0.0,0.0,4.101560738827654,-15.0709270738,0.0,0.0,1.71413524429681,0.0,4.942732397369971e-05,0.0,0.06556982262839424,-0.006652971265287161,0.21764642177277882,0.0,0.0,0.0
2829.0,9.581493393543395,5.815708589474373,0.0,0.0,1.3464526698511364e-05,0.0,0.0,4.101574344898623,-15.0709270738,0.0,0.0,1.7141342445757504,0.0,4.841134108345672e-05,0.0,0.0655698984030206,-0.006652844165850075,0.21764681746151132,0.0,0.0,0.0
2830.0,9.581487323007464,5.815720905735735,0.0,0.0,1.3178925476814314e-05,0.0,0.0,4.1015876668744795,-15.0709270738,0.0,0.0,1.7141332388612556,0.0,4.7384499647153525e-05,0.0,0.06556997250035444,-0.006652720943506024,0.21764720646951785,0.0,0.0,0.0
2831.0,9.581481258066955,5.815732929082951,0.0,0.0,1.2890349719033826e-05,0.0,0.0,4.101600701758057,-15.0709270738,0.0,0.0,1.7141322273248933,0.0,4.634696200515306e-05,0.0,0.06557004490353815,-0.006652601628561364,0.21764758871273807,0.0,0.0,0.0
2832.0,9.58147519982554,5.815744656737304,0.0,0.0,1.2598845214326692e-05,0.0,0.0,4.1016134465976615,-15.0709270738,0.0,0.0,1.7141312101396426,0.0,4.5298892767729277e-05,0.0,0.06557011559598419,-0.006652486250681516,0.21764796410815473,0.0,0.0,0.0
2833.0,9.581469149388,5.815756085967558,0.0,0.0,1.2304458375986621e-05,0.0,0.0,4.1016258984877005,-15.0709270738,0.0,0.0,1.7141301874798573,0.0,4.4240458790165204e-05,0.0,0.0655701845613786,-0.006652374838884242,0.21764833257381094,0.0,0.0,0.0
2834.0,9.581463107860017,5.81576721409055,0.0,0.0,1.2007236234386875e-05,0.0,0.0,4.101638054569305,-15.0709270738,0.0,0.0,1.714129159521245,0.0,4.317182914739781e-05,0.0,0.06557025178368459,-0.0066522674215331035,0.21764869402882714,0.0,0.0,0.0
2835.0,9.581457076347984,5.815778038471773,0.0,0.0,1.1707226429793289e-05,0.0,0.0,4.1016499120309415,-15.0709270738,0.0,0.0,1.7141281264408317,0.0,4.209317510819594e-05,0.0,0.06557031724714596,-0.006652164026330953,0.21764904839341792,0.0,0.0,0.0
2836.0,9.581451055958803,5.815788556525957,0.0,0.0,1.1404477205055954e-05,0.0,0.0,4.101661468109018,-15.0709270738,0.0,0.0,1.714127088416939,0.0,4.1004670108901605e-05,0.0,0.06557038093629054,-0.006652064680313471,0.21764939558890878,0.0,0.0,0.0
2837.0,9.581445047799692,5.815798765717635,0.0,0.0,1.1099037398174338e-05,0.0,0.0,4.101672720088485,-15.0709270738,0.0,0.0,1.7141260456291505,0.0,3.9906489726715344e-05,0.0,0.06557044283593358,-0.006651969409843098,0.2176497355377524,0.0,0.0,0.0
2838.0,9.58143905297798,5.815808663561705,0.0,0.0,1.0790956434740882e-05,0.0,0.0,4.1016836653034225,-15.0709270738,0.0,0.0,1.7141249982582822,0.0,3.879881165254413e-05,0.0,0.0655705029311811,-0.006651878240602635,0.21765006816354548,0.0,0.0,0.0
2839.0,9.581433072600912,5.815818247623985,0.0,0.0,1.0480284320261966e-05,0.0,0.0,4.101694301137631,-15.0709270738,0.0,0.0,1.714123946486354,0.0,3.7681815663407605e-05,0.0,0.06557056120743318,-0.006651791197589352,0.2176503933910443,0.0,0.0,0.0
2840.0,9.581427107775445,5.815827515521758,0.0,0.0,1.0167071632358846e-05,0.0,0.0,4.101704625025199,-15.0709270738,0.0,0.0,1.7141228904965589,0.0,3.6555683594412106e-05,0.0,0.06557061765038721,-0.00665170830510893,0.21765071114618129,0.0,0.0,0.0
2841.0,9.581421159608052,5.8158364649243115,0.0,0.0,9.851369512845609e-06,0.0,0.0,4.101714634451079,-15.0709270738,0.0,0.0,1.7141218304732329,0.0,3.5420599310281675e-05,0.0,0.06557067224604105,-0.006651629586769792,0.2176510213560804,0.0,0.0,0.0
2842.0,9.58141522920452,5.815845093553463,0.0,0.0,9.533229659695646e-06,0.0,0.0,4.101724326951641,-15.0709270738,0.0,0.0,1.7141207666018223,0.0,3.427674867648769e-05,0.0,0.06557072498069628,-0.006651555065477099,0.21765132394907294,0.0,0.0,0.0
2843.0,9.581409317669747,5.815853399184085,0.0,0.0,9.212704318884095e-06,0.0,0.0,4.101733700115229,-15.0709270738,0.0,0.0,1.7141196990688554,0.0,3.312431952993165e-05,0.0,0.06557077584096123,-0.006651484763427501,0.21765161885471318,0.0,0.0,0.0
2844.0,9.581403426107546,5.8158613796446135,0.0,0.0,8.889846276116867e-06,0.0,0.0,4.101742751582705,-15.0709270738,0.0,0.0,1.7141186280619083,0.0,3.196350164921952e-05,0.0,0.06557082481375404,-0.006651418702103312,0.21765190600379333,0.0,0.0,0.0
2845.0,9.581397555620438,5.815869032817556,0.0,0.0,8.564708848445984e-06,0.0,0.0,4.101751479047981,-15.0709270738,0.0,0.0,1.714117553769575,0.0,3.07944867245265e-05,0.0,0.0655708718863057,-0.006651356902267397,0.21765218532835878,0.0,0.0,0.0
2846.0,9.581391707309455,5.815876356639984,0.0,0.0,8.237345875769277e-06,0.0,0.0,4.101759880258548,-15.0709270738,0.0,0.0,1.7141164763814354,0.0,2.9617468327045226e-05,0.0,0.06557091704616304,-0.006651299383957768,0.217652456761723,0.0,0.0,0.0
2847.0,9.581385882273938,5.815883349104019,0.0,0.0,7.907811712220141e-06,0.0,0.0,4.1017679530159965,-15.0709270738,0.0,0.0,1.7141153960880224,0.0,2.8432641878037983e-05,0.0,0.06557096028119151,-0.006651246166482536,0.2176527202384821,0.0,0.0,0.0
2848.0,9.58138008161133,5.815890008257314,0.0,0.0,7.576161217445407e-06,0.0,0.0,4.101775695176523,-15.0709270738,0.0,0.0,1.714114313080791,0.0,2.7240204617485682e-05,0.0,0.06557100157957822,-0.006651197268414788,0.2176529756945294,0.0,0.0,0.0
2849.0,9.581374306416981,5.815896332203518,0.0,0.0,7.242449747772279e-06,0.0,0.0,4.101783104651434,-15.0709270738,0.0,0.0,1.714113227552084,0.0,2.6040355572337316e-05,0.0,0.06557104092983457,-0.006651152707587871,0.21765322306706975,0.0,0.0,0.0
2850.0,9.581368557783943,5.815902319102737,0.0,0.0,6.906733147268681e-06,0.0,0.0,4.101790179407637,-15.0709270738,0.0,0.0,1.7141121396951,0.0,2.4833295524375287e-05,0.0,0.06557107832079914,-0.006651112501090434,0.21765346229463356,0.0,0.0,0.0
2851.0,9.58136283680277,5.815907967171981,0.0,0.0,6.569067738696956e-06,0.0,0.0,4.101796917468121,-15.0709270738,0.0,0.0,1.7141110497038596,0.0,2.361922697769645e-05,0.0,0.06557111374164025,-0.006651076665261935,0.2176536933170906,0.0,0.0,0.0
2852.0,9.581357144561311,5.815913274685612,0.0,0.0,6.229510314361422e-06,0.0,0.0,4.101803316912437,-15.0709270738,0.0,0.0,1.714109957773175,0.0,2.2398354125810735e-05,0.0,0.06557114718185877,-0.0066510452156879896,0.2176539160756637,0.0,0.0,0.0
2853.0,9.581351482144516,5.81591823997577,0.0,0.0,5.888118126853393e-06,0.0,0.0,4.101809375877157,-15.0709270738,0.0,0.0,1.7141088640986126,0.0,2.117088281837022e-05,0.0,0.06557117863129061,-0.006651018167196154,0.21765413051294233,0.0,0.0,0.0
2854.0,9.58134585063423,5.815922861432795,0.0,0.0,5.5449488796899905e-06,0.0,0.0,4.101815092556333,-15.0709270738,0.0,0.0,1.7141077688764623,0.0,1.9937020527515508e-05,0.0,0.0655712080801092,-0.006650995533851511,0.21765433657289557,0.0,0.0,0.0
2855.0,9.581340251108989,5.815927137505642,0.0,0.0,5.20006071785847e-06,0.0,0.0,4.10182046520194,-15.0709270738,0.0,0.0,1.7141066723037017,0.0,1.869697631388151e-05,0.0,0.06557123551882812,-0.006650977328952548,0.21765453420088526,0.0,0.0,0.0
2856.0,9.581334684643824,5.81593106670228,0.0,0.0,4.853512218253182e-06,0.0,0.0,4.101825492124318,-15.0709270738,0.0,0.0,1.714105574577962,0.0,1.7450960792216366e-05,0.0,0.0655712609383034,-0.006650963565027257,0.21765472334367875,0.0,0.0,0.0
2857.0,9.581329152310056,5.8159346475900895,0.0,0.0,4.505362380019863e-06,0.0,0.0,4.101830171692593,-15.0709270738,0.0,0.0,1.7141044758974964,0.0,1.6199186096666274e-05,0.0,0.06557128432973598,-0.006650954253829167,0.2176549039494614,0.0,0.0,0.0
2858.0,9.5813236551751,5.815937878796241,0.0,0.0,4.155670614802459e-06,0.0,0.0,4.101834502335098,-15.0709270738,0.0,0.0,1.7141033764611429,0.0,1.494186584570902e-05,0.0,0.0655713056846739,-0.006650949406333623,0.2176550759678491,0.0,0.0,0.0
2859.0,9.581318194302256,5.815940759008071,0.0,0.0,3.8044967368948384e-06,0.0,0.0,4.1018384825397805,-15.0709270738,0.0,0.0,1.7141022764682905,0.0,1.3679215106744692e-05,0.0,0.0655713249950147,-0.006650949032734166,0.21765523934989994,0.0,0.0,0.0
2860.0,9.581312770750516,5.815943286973442,0.0,0.0,3.4519009532977205e-06,0.0,0.0,4.101842110854599,-15.0709270738,0.0,0.0,1.7141011761188434,0.0,1.241145036034467e-05,0.0,0.06557134225300748,-0.006650953142439117,0.21765539404812656,0.0,0.0,0.0
2861.0,9.581307385574366,5.8159454615011,0.0,0.0,3.0979438536856556e-06,0.0,0.0,4.101845385887911,-15.0709270738,0.0,0.0,1.7141000756131888,0.0,1.1138789464176355e-05,0.0,0.06557135745125514,-0.006650961744068151,0.21765554001650728,0.0,0.0,0.0
2862.0,9.581302039823576,5.815947281461011,0.0,0.0,2.7426864002831617e-06,0.0,0.0,4.101848306308851,-15.0709270738,0.0,0.0,1.7140989751521607,0.0,9.8614516166004e-06,0.0,0.06557137058271639,-0.0066509748454491174,0.217655677210498,0.0,0.0,0.0
2863.0,9.581296734543011,5.815948745784699,0.0,0.0,2.386189917652655e-06,0.0,0.0,4.101850870847698,-15.0709270738,0.0,0.0,1.7140978749370008,0.0,8.579657319949895e-06,0.0,0.06557138164070779,-0.006650992453615029,0.21765580558704273,0.0,0.0,0.0
2864.0,9.58129147077243,5.815949853465561,0.0,0.0,2.028516082394929e-06,0.0,0.0,4.101853078296232,-15.0709270738,0.0,0.0,1.7140967751693292,0.0,7.293628343494231e-06,0.0,0.06557139061890568,-0.006651014574801009,0.21765592510458517,0.0,0.0,0.0
2865.0,9.581286249546281,5.8159506035591875,0.0,0.0,1.669726912765742e-06,0.0,0.0,4.101854927508081,-15.0709270738,0.0,0.0,1.7140956760511061,0.0,6.003587686100471e-06,0.0,0.06557139751134819,-0.0066510412144416,0.21765603572307862,0.0,0.0,0.0
2866.0,9.581281071893516,5.815950995183654,0.0,0.0,1.3098847582073777e-06,0.0,0.0,4.101856417399059,-15.0709270738,0.0,0.0,1.7140945777845946,0.0,4.709759538588107e-06,0.0,0.06557140231243686,-0.006651072377168096,0.21765613740399697,0.0,0.0,0.0
2867.0,9.581275938837383,5.815951027519816,0.0,0.0,9.490522887989832e-07,0.0,0.0,4.101857546947489,-15.0709270738,0.0,0.0,1.714093480572327,0.0,3.4123692457908957e-06,0.0,0.06557140501693862,-0.006651108066805911,0.2176562301103444,0.0,0.0,0.0
2868.0,9.581270851395235,5.815950699811588,0.0,0.0,5.872924846279491e-07,0.0,0.0,4.101858315194521,-15.0709270738,0.0,0.0,1.714092384617067,0.0,2.1116432683339297e-06,0.0,0.06557140561998735,-0.0066511482863724075,0.21765631380666572,0.0,0.0,0.0
2869.0,9.581265810578335,5.815950011366211,0.0,0.0,2.246686250818055e-07,0.0,0.0,4.101858721244437,-15.0709270738,0.0,0.0,1.7140912901217744,0.0,8.078091441240388e-07,0.0,0.06557140411708567,-0.006651193038074404,0.2176563884590554,0.0,0.0,0.0
2870.0,9.581260817391657,5.815948961554512,0.0,0.0,-1.387557219373248e-07,0.0,0.0,4.101858764264939,-15.0709270738,0.0,0.0,1.7140901972895728,0.0,-4.989045504391303e-07,0.0,0.06557140050410643,-0.006651242323306286,0.21765645403516765,0.0,0.0,0.0
2871.0,9.581255872833694,5.815947549811148,0.0,0.0,-5.02916710868856e-07,0.0,0.0,4.101858443487442,-15.0709270738,0.0,0.0,1.7140891063237058,0.0,-1.8082682395066875e-06,0.0,0.06557139477729415,-0.006651296142647992,0.21765651050422474,0.0,0.0,0.0
2872.0,9.581250977896264,5.8159457756348445,0.0,0.0,-8.677502294272815e-07,0.0,0.0,4.1018577582073386,-15.0709270738,0.0,0.0,1.714088017427506,0.0,-3.1200513871032753e-06,0.0,0.06557138693326672,-0.006651354495863168,0.21765655783702656,0.0,0.0,0.0
2873.0,9.58124613356432,5.815943638588618,0.0,0.0,-1.2331919096061786e-06,0.0,0.0,4.10185670778426,-15.0709270738,0.0,0.0,1.714086930804358,0.0,-4.434022536704062e-06,0.0,0.06557137696901658,-0.006651417381897451,0.21765659600595874,0.0,0.0,0.0
2874.0,9.581241340815755,5.815941138299993,0.0,0.0,-1.59917713874786e-06,0.0,0.0,4.101855291642333,-15.0709270738,0.0,0.0,1.7140858466576603,0.0,-5.749949351048622e-06,0.0,0.06557136488191208,-0.006651484798877144,0.21765662498500116,0.0,0.0,0.0
2875.0,9.581236600621208,5.8159382744612005,0.0,0.0,-1.9656410706853597e-06,0.0,0.0,4.101853509270413,-15.0709270738,0.0,0.0,1.7140847651907878,0.0,-7.067598652215748e-06,0.0,0.06557135066969885,-0.006651556744107584,0.21765664474973584,0.0,0.0,0.0
2876.0,9.581231913943885,5.81593504682937,0.0,0.0,-2.332518636945096e-06,0.0,0.0,4.1018513602223114,-15.0709270738,0.0,0.0,1.7140836866070588,0.0,-8.386736461917269e-06,0.0,0.06557133433050091,-0.006651633214072111,0.21765665527735487,0.0,0.0,0.0
2877.0,9.581227281739356,5.815931455226714,0.0,0.0,-2.6997445580179353e-06,0.0,0.0,4.1018488441170184,-15.0709270738,0.0,0.0,1.7140826111096956,0.0,-9.707128042038654e-06,0.0,0.06557131586282179,-0.006651714204430864,0.21765665654666783,0.0,0.0,0.0
2878.0,9.581222704955376,5.815927499540689,0.0,0.0,-3.067253354688353e-06,0.0,0.0,4.101845960638902,-15.0709270738,0.0,0.0,1.7140815389017874,0.0,-1.1028537935389313e-05,0.0,0.06557129526554564,-0.006651799710019862,0.21765664853810895,0.0,0.0,0.0
2879.0,9.581218184531698,5.815923179724159,0.0,0.0,-3.4349793594252642e-06,0.0,0.0,4.101842709537904,-15.0709270738,0.0,0.0,1.7140804701862544,0.0,-1.2350730006675474e-05,0.0,0.06557127253793828,-0.0066518897248502296,0.21765663123374412,0.0,0.0,0.0
2880.0,9.581213721399878,5.815918495795538,0.0,0.0,-3.802856727828426e-06,0.0,0.0,4.101839090629727,-15.0709270738,0.0,0.0,1.714079405165811,0.0,-1.3673467483673674e-05,0.0,0.06557124767964795,-0.0066519842421075975,0.21765660461727754,0.0,0.0,0.0
2881.0,9.581209316483102,5.815913447838924,0.0,0.0,-4.17081945013576e-06,0.0,0.0,4.101835103795996,-15.0709270738,0.0,0.0,1.7140783440429281,0.0,-1.4996512998624076e-05,0.0,0.06557122069070638,-0.006652083254151439,0.21765656867405808,0.0,0.0,0.0
2882.0,9.581204970695993,5.815908036004226,0.0,0.0,-4.538801362779511e-06,0.0,0.0,4.101830748984428,-15.0709270738,0.0,0.0,1.7140772870197978,0.0,-1.6319628629800186e-05,0.0,0.06557119157152952,-0.006652186752514874,0.21765652339108543,0.0,0.0,0.0
2883.0,9.581200684944431,5.815902260507266,0.0,0.0,-4.906736159994463e-06,0.0,0.0,4.101826026208974,-15.0709270738,0.0,0.0,1.7140762342982923,0.0,-1.7642575943266513e-05,0.0,0.06557116032291821,-0.0066522947279044065,0.2176564687570157,0.0,0.0,0.0
2884.0,9.581196460125375,5.815896121629887,0.0,0.0,-5.274557405482691e-06,0.0,0.0,4.101820935549957,-15.0709270738,0.0,0.0,1.7140751860799304,0.0,-1.8965116034840284e-05,0.0,0.06557112694605886,-0.006652407170199895,0.21765640476216724,0.0,0.0,0.0
2885.0,9.581192297126677,5.815889619720037,0.0,0.0,-5.642198544118343e-06,0.0,0.0,4.101815477154197,-15.0709270738,0.0,0.0,1.7140741425658401,0.0,-2.0287009572197822e-05,0.0,0.06557109144252418,-0.006652524068454596,0.21765633139852564,0.0,0.0,0.0
2886.0,9.581188196826908,5.815882755191846,0.0,0.0,-6.0095929137025436e-06,0.0,0.0,4.101809651235124,-15.0709270738,0.0,0.0,1.7140731039567223,0.0,-2.1608016837161894e-05,0.0,0.0655710538142735,-0.006652645410895455,0.21765624865974886,0.0,0.0,0.0
2887.0,9.581184160095175,5.815875528525687,0.0,0.0,-6.376673756761679e-06,0.0,0.0,4.101803458072878,-15.0709270738,0.0,0.0,1.7140720704528096,0.0,-2.292789776814578e-05,0.0,0.06557101406365337,-0.006652771184923412,0.21765615654117182,0.0,0.0,0.0
2888.0,9.581180187790949,5.815867940268233,0.0,0.0,-6.7433742323876025e-06,0.0,0.0,4.101796898014399,-15.0709270738,0.0,0.0,1.7140710422538339,0.0,-2.4246412002748742e-05,0.0,0.06557097219339791,-0.006652901377114148,0.2176560550398105,0.0,0.0,0.0
2889.0,9.581176280763888,5.815859991032493,0.0,0.0,-7.109627428117971e-06,0.0,0.0,4.101789971473506,-15.0709270738,0.0,0.0,1.7140700195589869,0.0,-2.5563318920496537e-05,0.0,0.06557092820662912,-0.006653035973218521,0.21765594415436648,0.0,0.0,0.0
2890.0,9.581172439853663,5.815851681497845,0.0,0.0,-7.4753663718531635e-06,0.0,0.0,4.10178267893096,-15.0709270738,0.0,0.0,1.7140690025668848,0.0,-2.6878377685714086e-05,0.0,0.06557088210685716,-0.0066531749581635186,0.21765582388523036,0.0,0.0,0.0
2891.0,9.58116866588979,5.815843012410048,0.0,0.0,-7.840524043810571e-06,0.0,0.0,4.10177502093452,-15.0709270738,0.0,0.0,1.7140679914755284,0.0,-2.819134729053325e-05,0.0,0.06557083389798046,-0.0066533183160533416,0.21765569423448536,0.0,0.0,0.0
2892.0,9.581164959691451,5.815833984581251,0.0,0.0,-8.205033388511882e-06,0.0,0.0,4.101766998098982,-15.0709270738,0.0,0.0,1.714066986482269,0.0,-2.9501986598019828e-05,0.0,0.06557078358428593,-0.006653466030170405,0.2176555552059105,0.0,0.0,0.0
2893.0,9.581161322067334,5.815824598889982,0.0,0.0,-8.56882732680218e-06,0.0,0.0,4.101758611106211,-15.0709270738,0.0,0.0,1.714065987783771,0.0,-3.081005438541561e-05,0.0,0.06557073117044895,-0.006653618082976681,0.21765540680498346,0.0,0.0,0.0
2894.0,9.581157753815459,5.815814856281132,0.0,0.0,-8.931838767896923e-06,0.0,0.0,4.10174986070516,-15.0709270738,0.0,0.0,1.7140649955759715,0.0,-3.211530938748131e-05,0.0,0.06557067666153332,-0.006653774456115175,0.21765524903888306,0.0,0.0,0.0
2895.0,9.581154255723012,5.81580475776592,0.0,0.0,-9.294000621458359e-06,0.0,0.0,4.1017407477118715,-15.0709270738,0.0,0.0,1.7140640100540487,0.0,-3.34175103399459e-05,0.0,0.06557062006299122,-0.006653935130411487,0.21765508191649177,0.0,0.0,0.0
2896.0,9.581150828566185,5.815794304421855,0.0,0.0,-9.655245809698656e-06,0.0,0.0,4.101731273009473,-15.0709270738,0.0,0.0,1.7140630314123824,0.0,-3.471641602305259e-05,0.0,0.06557056138066296,-0.006654100085875594,0.21765490544839744,0.0,0.0,0.0
2897.0,9.58114747311001,5.815783497392676,0.0,0.0,-1.0015507279500444e-05,0.0,0.0,4.101721437548159,-15.0709270738,0.0,0.0,1.714062059844517,0.0,-3.601178530516798e-05,0.0,0.06557050062077684,-0.0066542693017036525,0.2176547196468951,0.0,0.0,0.0
2898.0,9.581144190108194,5.815772337888287,0.0,0.0,-1.0374718014565094e-05,0.0,0.0,4.10171124234516,-15.0709270738,0.0,0.0,1.7140610955431272,0.0,-3.730337718649149e-05,0.0,0.06557043778994874,-0.006654442756280174,0.21765452452598832,0.0,0.0,0.0
2899.0,9.58114098030297,5.8157608271846755,0.0,0.0,-1.073281104757336e-05,0.0,0.0,4.101700688484698,-15.0709270738,0.0,0.0,1.7140601386999776,0.0,-3.8590950842809784e-05,0.0,0.06557037289518187,-0.0066546204271801385,0.21765432010139024,0.0,0.0,0.0
2900.0,9.58113784442493,5.815748966623824,0.0,0.0,-1.1089719472368369e-05,0.0,0.0,4.101689777117935,-15.0709270738,0.0,0.0,1.714059189505889,0.0,-3.987426566933198e-05,0.0,0.06557030594386616,-0.0066548022911713245,0.2176541063905243,0.0,0.0,0.0
2901.0,9.581134783192871,5.815736757613603,0.0,0.0,-1.1445376456150349e-05,0.0,0.0,4.101678509462901,-15.0709270738,0.0,0.0,1.7140582481507023,0.0,-4.1153081324567595e-05,0.0,0.06557023694377785,-0.0066549883242169455,0.2176538834125247,0.0,0.0,0.0
2902.0,9.581131797313642,5.81572420162766,0.0,0.0,-1.17997152516832e-05,0.0,0.0,4.101666886804419,-15.0709270738,0.0,0.0,1.7140573148232408,0.0,-4.242715777424759e-05,0.0,0.0655701659030789,-0.006655178501478065,0.21765365118823674,0.0,0.0,0.0
2903.0,9.581128887481993,5.815711300205284,0.0,0.0,-1.2152669209512524e-05,0.0,0.0,4.101654910494011,-15.0709270738,0.0,0.0,1.7140563897112733,0.0,-4.369625533528689e-05,0.0,0.06557009283031622,-0.006655372797316705,0.21765340974021619,0.0,0.0,0.0
2904.0,9.581126054380421,5.815698054951275,0.0,0.0,-1.2504171790190537e-05,0.0,0.0,4.101642581949793,-15.0709270738,0.0,0.0,1.7140554730014816,0.0,-4.496013471977229e-05,0.0,0.06557001773442106,-0.006655571185298442,0.21765315909272928,0.0,0.0,0.0
2905.0,9.581123298679024,5.8156844675357835,0.0,0.0,-1.2854156576508563e-05,0.0,0.0,4.101629902656363,-15.0709270738,0.0,0.0,1.7140545648794205,0.0,-4.6218557078977746e-05,0.0,0.06556994062470817,-0.006655773638195792,0.21765289927175172,0.0,0.0,0.0
2906.0,9.581120621035355,5.8156705396941515,0.0,0.0,-1.3202557285729967e-05,0.0,0.0,4.101616874164668,-15.0709270738,0.0,0.0,1.7140536655294838,0.0,-4.7471284047381895e-05,0.0,0.06556986151087486,-0.006655980127991359,0.21765263030496745,0.0,0.0,0.0
2907.0,9.581118022094271,5.815656273226734,0.0,0.0,-1.3549307781828351e-05,0.0,0.0,4.1016034980918645,-15.0709270738,0.0,0.0,1.7140527751348698,0.0,-4.871807778670467e-05,0.0,0.06556978040300017,-0.006656190625881159,0.21765235222176765,0.0,0.0,0.0
2908.0,9.581115502487801,5.815641669998714,0.0,0.0,-1.3894342087722074e-05,0.0,0.0,4.10158977612117,-15.0709270738,0.0,0.0,1.714051893877544,0.0,-4.995870102993104e-05,0.0,0.0655696973115437,-0.006656405102278329,0.21765206505324852,0.0,0.0,0.0
2909.0,9.581113062834994,5.815626731939895,0.0,0.0,-1.4237594397506215e-05,0.0,0.0,4.10157571000169,-15.0709270738,0.0,0.0,1.7140510219382055,0.0,-5.119291712532589e-05,0.0,0.0655696122473447,-0.006656623526816646,0.2176517688322097,0.0,0.0,0.0
2910.0,9.581110703741789,5.815611461044497,0.0,0.0,-1.4578999088680387e-05,0.0,0.0,4.10156130154825,-15.0709270738,0.0,0.0,1.7140501594962476,0.0,-5.24204900804343e-05,0.0,0.06556952522162075,-0.006656845868354494,0.21765146359315152,0.0,0.0,0.0
2911.0,9.581108425800874,5.815595859370926,0.0,0.0,-1.4918490734367722e-05,0.0,0.0,4.101546552641197,-15.0709270738,0.0,0.0,1.7140493067297289,0.0,-5.364118460605024e-05,0.0,0.06556943624596667,-0.00665707209497883,0.2176511493722726,0.0,0.0,0.0
2912.0,9.581106229591551,5.8155799290415375,0.0,0.0,-1.5256004115525472e-05,0.0,0.0,4.101531465226205,-15.0709270738,0.0,0.0,1.7140484638153328,0.0,-5.485476616015538e-05,0.0,0.06556934533235309,-0.006657302174009241,0.217650826207467,0.0,0.0,0.0
2913.0,9.581104115679608,5.8155636722423925,0.0,0.0,-1.5591474233142058e-05,0.0,0.0,4.101516041314056,-15.0709270738,0.0,0.0,1.7140476309283361,0.0,-5.6061000991809436e-05,0.0,0.06556925249312515,-0.00665753607200241,0.21765049413832063,0.0,0.0,0.0
2914.0,9.581102084617182,5.815547091222992,0.0,0.0,-1.592483632042165e-05,0.0,0.0,4.101500282980418,-15.0709270738,0.0,0.0,1.714046808242574,0.0,-5.7259656184995746e-05,0.0,0.06556915774100107,-0.0066577737547563465,0.21765015320610775,0.0,0.0,0.0
2915.0,9.581100136942638,5.815530188296009,0.0,0.0,-1.6256025854951015e-05,0.0,0.0,4.101484192365603,-15.0709270738,0.0,0.0,1.7140459959304062,0.0,-5.845049970240337e-05,0.0,0.06556906108907065,-0.006658015187315083,0.21764980345378737,0.0,0.0,0.0
2916.0,9.581098273180435,5.815512965836997,0.0,0.0,-1.6584978570849897e-05,0.0,0.0,4.101467771674318,-15.0709270738,0.0,0.0,1.7140451941626793,0.0,-5.963330042914998e-05,0.0,0.06556896255079359,-0.006658260333973362,0.21764944492599853,0.0,0.0,0.0
2917.0,9.581096493841015,5.8154954262841,0.0,0.0,-1.691163047089735e-05,0.0,0.0,4.101451023175403,-15.0709270738,0.0,0.0,1.714044403108697,0.0,-6.080782821641847e-05,0.0,0.06556886213999796,-0.006658509158281561,0.21764907766905622,0.0,0.0,0.0
2918.0,9.581094799420665,5.815477572137741,0.0,0.0,-1.723591783863689e-05,0.0,0.0,4.101433949201557,-15.0709270738,0.0,0.0,1.7140436229361846,0.0,-6.197385392501749e-05,0.0,0.06556875987087839,-0.00665876162305061,0.2176487017309463,0.0,0.0,0.0
2919.0,9.581093190401415,5.815459405960304,0.0,0.0,-1.7557777250456862e-05,0.0,0.0,4.101416552149048,-15.0709270738,0.0,0.0,1.7140428538112564,0.0,-6.313114946885274e-05,0.0,0.06556865575799434,-0.006659017690357219,0.2176483171613204,0.0,0.0,0.0
2920.0,9.581091667250908,5.8154409303757975,0.0,0.0,-1.7877145587641835e-05,0.0,0.0,4.1013988344774175,-15.0709270738,0.0,0.0,1.71404209589838,0.0,-6.427948785829449e-05,0.0,0.0655685498162682,-0.0066592773215491535,0.21764792401149058,0.0,0.0,0.0
2921.0,9.58109023042229,5.815422148069514,0.0,0.0,-1.8193960048394864e-05,0.0,0.0,4.101380798709168,-15.0709270738,0.0,0.0,1.714041349360346,0.0,-6.541864324343989e-05,0.0,0.06556844206098339,-0.006659540477250744,0.21764752233442336,0.0,0.0,0.0
2922.0,9.581088880354105,5.815403061787673,0.0,0.0,-1.8508158159827896e-05,0.0,0.0,4.101362447429441,-15.0709270738,0.0,0.0,1.7140406143582316,0.0,-6.6548390957261e-05,0.0,0.06556833250778232,-0.006659807117368341,0.2176471121847337,0.0,0.0,0.0
2923.0,9.581087617470173,5.815383674337054,0.0,0.0,-1.881967778991921e-05,0.0,0.0,4.10134378328568,-15.0709270738,0.0,0.0,1.7140398910513746,0.0,-6.766850755863419e-05,0.0,0.06556822117266436,-0.006660077201096085,0.21764669361867883,0.0,0.0,0.0
2924.0,9.58108644217949,5.815363988584619,0.0,0.0,-1.9128457159430548e-05,0.0,0.0,4.101324808987285,-15.0709270738,0.0,0.0,1.714039179597334,0.0,-6.877877087522444e-05,0.0,0.06556810807198371,-0.006660350686921904,0.2176462666941512,0.0,0.0,0.0
2925.0,9.581085354876125,5.815344007457116,0.0,0.0,-1.9434434853789056e-05,0.0,0.0,4.101305527305256,-15.0709270738,0.0,0.0,1.71403848015186,0.0,-6.987896004624304e-05,0.0,0.06556799322244716,-0.006660627532633384,0.21764583147067174,0.0,0.0,0.0
2926.0,9.581084355939112,5.815323733940684,0.0,0.0,-1.9737549834927646e-05,0.0,0.0,4.101285941071819,-15.0709270738,0.0,0.0,1.7140377928688642,0.0,-7.09688555650557e-05,0.0,0.0655678766411118,-0.006660907695323889,0.21764538800938235,0.0,0.0,0.0
2927.0,9.581083445732354,5.815303171080432,0.0,0.0,-2.003774145308097e-05,0.0,0.0,4.101266053180045,-15.0709270738,0.0,0.0,1.7140371179003866,0.0,-7.204823932163079e-05,0.0,0.06556775834538277,-0.006661191131398986,0.2176449363730385,0.0,0.0,0.0
2928.0,9.581082624604527,5.8152823219800185,0.0,0.0,-2.033494945853755e-05,0.0,0.0,4.101245866583455,-15.0709270738,0.0,0.0,1.7140364553965632,0.0,-7.311689464482981e-05,0.0,0.06556763835301074,-0.006661477796582688,0.21764447662600106,0.0,0.0,0.0
2929.0,9.58108189288898,5.815261189801214,0.0,0.0,-2.062911401334323e-05,0.0,0.0,4.101225384295616,-15.0709270738,0.0,0.0,1.7140358055055982,0.0,-7.417460634452269e-05,0.0,0.06556751668208952,-0.006661767645924174,0.2176440088342282,0.0,0.0,0.0
2930.0,9.58108125090365,5.815239777763449,0.0,0.0,-2.0920175702954298e-05,0.0,0.0,4.101204609389722,-15.0709270738,0.0,0.0,1.7140351683737274,0.0,-7.522116075352164e-05,0.0,0.06556739335105347,-0.0066620606338044785,0.21764353306526676,0.0,0.0,0.0
2931.0,9.581080698950963,5.815218089143359,0.0,0.0,-2.1208075547841618e-05,0.0,0.0,4.101183544998164,-15.0709270738,0.0,0.0,1.7140345441451954,0.0,-7.62563457693389e-05,0.0,0.06556726837867491,-0.006662356713943066,0.21764304938824355,0.0,0.0,0.0
2932.0,9.581080237317758,5.81519612727431,0.0,0.0,-2.149275501503542e-05,0.0,0.0,4.10116219431209,-15.0709270738,0.0,0.0,1.7140339329622192,0.0,-7.72799508957305e-05,0.0,0.0655671417840614,-0.006662655839405146,0.2176425578738561,0.0,0.0,0.0
2933.0,9.581079866275196,5.815173895545916,0.0,0.0,-2.1774156029619406e-05,0.0,0.0,4.101140560580956,-15.0709270738,0.0,0.0,1.7140333349649604,0.0,-7.829176728405773e-05,0.0,0.06556701358665305,-0.0066629579626085456,0.21764205859436317,0.0,0.0,0.0
2934.0,9.581079586078676,5.815151397403552,0.0,0.0,-2.2052220986161734e-05,0.0,0.0,4.101118647112055,-15.0709270738,0.0,0.0,1.714032750291497,0.0,-7.929158777442113e-05,0.0,0.06556688380621975,-0.006663263035330935,0.21764155162357496,0.0,0.0,0.0
2935.0,9.581079396967764,5.815128636347841,0.0,0.0,-2.2326892760087905e-05,0.0,0.0,4.1010964572700495,-15.0709270738,0.0,0.0,1.7140321790777913,0.0,-8.027920693658523e-05,0.0,0.06556675246285815,-0.006663571008717298,0.2176410370368433,0.0,0.0,0.0
2936.0,9.581079299166108,5.815105615934143,0.0,0.0,-2.2598114718988892e-05,0.0,0.0,4.1010739944764785,-15.0709270738,0.0,0.0,1.7140316214576643,0.0,-8.125442111067016e-05,0.0,0.06556661957698885,-0.006663881833287338,0.2176405149110509,0.0,0.0,0.0
2937.0,9.581079292881372,5.8150823397720295,0.0,0.0,-2.2865830733866475e-05,0.0,0.0,4.101051262209265,-15.0709270738,0.0,0.0,1.7140310775627645,0.0,-8.221702844761681e-05,0.0,0.06556648516935339,-0.006664195458943131,0.21763998532460122,0.0,0.0,0.0
2938.0,9.581079378305159,5.815058811524743,0.0,0.0,-2.3129985190307872e-05,0.0,0.0,4.101028264002203,-15.0709270738,0.0,0.0,1.7140305475225404,0.0,-8.316682894939765e-05,0.0,0.06556634926101108,-0.006664511834976766,0.2176394483574069,0.0,0.0,0.0
2939.0,9.581079555612947,5.815035034908652,0.0,0.0,-2.3390522999594128e-05,0.0,0.0,4.101005003444439,-15.0709270738,0.0,0.0,1.7140300314642127,0.0,-8.410362450898851e-05,0.0,0.065566211873336,-0.006664830910078329,0.21763890409087902,0.0,0.0,0.0
2940.0,9.581079824964021,5.81501101369269,0.0,0.0,-2.3647389609734397e-05,0.0,0.0,4.100981484179942,-15.0709270738,0.0,0.0,1.7140295295127475,0.0,-8.502721895007374e-05,0.0,0.0655660730280137,-0.0066651526323438515,0.2176383526079153,0.0,0.0,0.0
2941.0,9.581080186501413,5.814986751697787,0.0,0.0,-2.3900531016429218e-05,0.0,0.0,4.10095770990696,-15.0709270738,0.0,0.0,1.7140290417908268,0.0,-8.59374180664953e-05,0.0,0.06556593274703804,-0.006665476949283461,0.2176377939928884,0.0,0.0,0.0
2942.0,9.581080640351841,5.814962252796289,0.0,0.0,-2.4149893773954456e-05,0.0,0.0,4.100933684377465,-15.0709270738,0.0,0.0,1.714028568418824,0.0,-8.683402966141607e-05,0.0,0.06556579105270775,-0.0066658038078295095,0.2176372283316338,0.0,0.0,0.0
2943.0,9.581081186625648,5.81493752091137,0.0,0.0,-2.4395425005970564e-05,0.0,0.0,4.100909411396594,-15.0709270738,0.0,0.0,1.7140281095147758,0.0,-8.771686358621428e-05,0.0,0.06556564796762318,-0.006666133154345041,0.21763665571143714,0.0,0.0,0.0
2944.0,9.581081825416753,5.814912560016425,0.0,0.0,-2.463707241624975e-05,0.0,0.0,4.100884894822068,-15.0709270738,0.0,0.0,1.7140276651943571,0.0,-8.858573177908181e-05,0.0,0.06556550351468271,-0.0066664649346322435,0.21763607622102185,0.0,0.0,0.0
2945.0,9.581082556802599,5.814887374134466,0.0,0.0,-2.487478429932013e-05,0.0,0.0,4.10086013856361,-15.0709270738,0.0,0.0,1.714027235570856,0.0,-8.944044830332362e-05,0.0,0.06556535771707943,-0.006666799093941023,0.217635489950536,0.0,0.0,0.0
2946.0,9.581083380844104,5.814861967337497,0.0,0.0,-2.510850955102886e-05,0.0,0.0,4.1008351465823525,-15.0709270738,0.0,0.0,1.7140268207551443,0.0,-9.028082938536518e-05,0.0,0.06556521059829737,-0.006667135576977762,0.21763489699153912,0.0,0.0,0.0
2947.0,9.581084297585614,5.814836343745879,0.0,0.0,-2.533819767901502e-05,0.0,0.0,4.100809922890223,-15.0709270738,0.0,0.0,1.7140264208556566,0.0,-9.110669345243464e-05,0.0,0.06556506218210806,-0.006667474327914064,0.21763429743698845,0.0,0.0,0.0
2948.0,9.58108530705486,5.814810507527698,0.0,0.0,-2.556379881309752e-05,0.0,0.0,4.100784471549333,-15.0709270738,0.0,0.0,1.7140260359783648,0.0,-9.191786116993886e-05,0.0,0.06556491249256668,-0.006667815290395826,0.21763369138122535,0.0,0.0,0.0
2949.0,9.581086409262921,5.814784462898102,0.0,0.0,-2.578526371556859e-05,0.0,0.0,4.100758796671348,-15.0709270738,0.0,0.0,1.7140256662267532,0.0,-9.271415547849918e-05,0.0,0.0655647615540085,-0.006668158407552194,0.21763307891996103,0.0,0.0,0.0
2950.0,9.581087604204185,5.814758214118647,0.0,0.0,-2.600254379139818e-05,0.0,0.0,4.100732902416851,-15.0709270738,0.0,0.0,1.7140253117017954,0.0,-9.349540163066617e-05,0.0,0.0655646093910449,-0.006668503622004773,0.21763246015026227,0.0,0.0,0.0
2951.0,9.581088891856318,5.8147317654966235,0.0,0.0,-2.6215591098342713e-05,0.0,0.0,4.100706792994695,-15.0709270738,0.0,0.0,1.714024972501928,0.0,-9.426142722728954e-05,0.0,0.0655644560285596,-0.006668850875876958,0.21763183517053664,0.0,0.0,0.0
2952.0,9.581090272180225,5.814705121384376,0.0,0.0,-2.6424358356955e-05,0.0,0.0,4.100680472661344,-15.0709270738,0.0,0.0,1.714024648723032,0.0,-9.501206225353226e-05,0.0,0.06556430149170475,-0.006669200110803228,0.21763120408051767,0.0,0.0,0.0
2953.0,9.581091745120032,5.814678286178613,0.0,0.0,-2.6628798960499668e-05,0.0,0.0,4.100653945720207,-15.0709270738,0.0,0.0,1.7140243404584057,0.0,-9.574713911454366e-05,0.0,0.06556414580589695,-0.006669551267938681,0.21763056698124972,0.0,0.0,0.0
2954.0,9.581093310603055,5.814651264319706,0.0,0.0,-2.682886698476421e-05,0.0,0.0,4.100627216520958,-15.0709270738,0.0,0.0,1.7140240477987483,0.0,-9.646649267075686e-05,0.0,0.06556398899681318,-0.006669904287968709,0.21762992397507208,0.0,0.0,0.0
2955.0,9.58109496853978,5.8146240602909804,0.0,0.0,-2.7024517197769435e-05,0.0,0.0,4.10060028945885,-15.0709270738,0.0,0.0,1.7140237708321306,0.0,-9.716996027282324e-05,0.0,0.06556383109038676,-0.006670259111118668,0.21762927516560387,0.0,0.0,0.0
2956.0,9.581096718823842,5.814596678617999,0.0,0.0,-2.721570506937347e-05,0.0,0.0,4.100573168974018,-15.0709270738,0.0,0.0,1.7140235096439813,0.0,-9.78573817961637e-05,0.0,0.0655636721128032,-0.00667061567716358,0.21762862065772753,0.0,0.0,0.0
2957.0,9.58109856133201,5.814569123867831,0.0,0.0,-2.740238678077151e-05,0.0,0.0,4.100545859550772,-15.0709270738,0.0,0.0,1.714023264317059,0.0,-9.85285996751439e-05,0.0,0.06556351209049598,-0.006670973925438264,0.21762796055757277,0.0,0.0,0.0
2958.0,9.581100495924172,5.81454140064832,0.0,0.0,-2.7584519233886683e-05,0.0,0.0,4.1005183657168836,-15.0709270738,0.0,0.0,1.7140230349314365,0.0,-9.91834589368571e-05,0.0,0.06556335105014237,-0.00667133379484719,0.21762729497250008,0.0,0.0,0.0
2959.0,9.58110252244333,5.814513513607334,0.0,0.0,-2.776206006064836e-05,0.0,0.0,4.100490692042855,-15.0709270738,0.0,0.0,1.7140228215644795,0.0,-9.982180723450169e-05,0.0,0.06556318901865904,-0.006671695223874591,0.21762662401108374,0.0,0.0,0.0
2960.0,9.58110464071559,5.814485467432015,0.0,0.0,-2.793496763216044e-05,0.0,0.0,4.100462843141189,-15.0709270738,0.0,0.0,1.714022624290826,0.0,-0.00010044349488036182,0.0,0.06556302602319779,-0.006672058150594823,0.21762594778309505,0.0,0.0,0.0
2961.0,9.581106850550153,5.814457266848014,0.0,0.0,-2.8103201067753998e-05,0.0,0.0,4.100434823665644,-15.0709270738,0.0,0.0,1.7140224431823698,0.0,-0.00010104837487837151,0.0,0.06556286209114108,-0.006672422512682463,0.21762526639948493,0.0,0.0,0.0
2962.0,9.58110915173932,5.814428916618718,0.0,0.0,-2.82667202439258e-05,0.0,0.0,4.100406638310481,-15.0709270738,0.0,0.0,1.7140222783082368,0.0,-0.00010163630295626743,0.0,0.06556269725009765,-0.006672788247422928,0.21762457997236628,0.0,0.0,0.0
2963.0,9.581111544058492,5.814400421544475,0.0,0.0,-2.8425485803156647e-05,0.0,0.0,4.100378291809704,-15.0709270738,0.0,0.0,1.7140221297347713,0.0,-0.00010220713759730842,0.0,0.0655625315278979,-0.006673155291722757,0.21762388861499626,0.0,0.0,0.0
2964.0,9.581114027266178,5.814371786461801,0.0,0.0,-2.8579459162610577e-05,0.0,0.0,4.100349788936284,-15.0709270738,0.0,0.0,1.714021997525517,0.0,-0.00010276074007156599,0.0,0.06556236495258949,-0.006673523582120394,0.21762319244175848,0.0,0.0,0.0
2965.0,9.581116601103998,5.814343016242587,0.0,0.0,-2.8728602522714454e-05,0.0,0.0,4.100321134501387,-15.0709270738,0.0,0.0,1.7140218817411998,0.0,-0.00010329697446678326,0.0,0.06556219755243259,-0.006673893054796667,0.21762249156814448,0.0,0.0,0.0
2966.0,9.581119265296698,5.814314115793292,0.0,0.0,-2.8872878875610385e-05,0.0,0.0,4.100292333353583,-15.0709270738,0.0,0.0,1.7140217824397093,0.0,-0.00010381570771877622,0.0,0.06556202935589532,-0.006674263645585682,0.21762178611073515,0.0,0.0,0.0
2967.0,9.581122019552158,5.814285090054134,0.0,0.0,-2.9012252013486383e-05,0.0,0.0,4.100263390378049,-15.0709270738,0.0,0.0,1.7140216996760849,0.0,-0.00010431680964139558,0.0,0.06556186039164905,-0.006674635289985617,0.21762107618718235,0.0,0.0,0.0
2968.0,9.58112486356142,5.8142559439982655,0.0,0.0,-2.9146686536779034e-05,0.0,0.0,4.100234310495769,-15.0709270738,0.0,0.0,1.7140216335024965,0.0,-0.0001048001529560278,0.0,0.06556169068856359,-0.006675007923169635,0.2176203619161896,0.0,0.0,0.0
2969.0,9.581127796998702,5.814226682630951,0.0,0.0,-2.927614786224734e-05,0.0,0.0,4.100205098662717,-15.0709270738,0.0,0.0,1.7140215839682345,0.0,-0.00010526561332063167,0.0,0.06556152027570247,-0.0066753814799968975,0.21761964341749312,0.0,0.0,0.0
2970.0,9.581130819521418,5.814197310988728,0.0,0.0,-2.9400602230914842e-05,0.0,0.0,4.100175759869039,-15.0709270738,0.0,0.0,1.7140215511196892,0.0,-0.00010571306935830032,0.0,0.06556134918231805,-0.006675755895023727,0.2176189208118421,0.0,0.0,0.0
2971.0,9.581133930770209,5.814167834138565,0.0,0.0,-2.9520016715882657e-05,0.0,0.0,4.100146299138225,-15.0709270738,0.0,0.0,1.7140215350003398,0.0,-0.00010614240268535792,0.0,0.06556117743784674,-0.006676131102514651,0.21761819422097942,0.0,0.0,0.0
2972.0,9.581137130368973,5.814138257177012,0.0,0.0,-2.963435923000642e-05,0.0,0.0,4.100116721526273,-15.0709270738,0.0,0.0,1.7140215356507387,0.0,-0.00010655349793896604,0.0,0.0655610050719039,-0.0066765070364536855,0.21761746376762153,0.0,0.0,0.0
2973.0,9.581140417924896,5.814108585229344,0.0,0.0,-2.9743598533438482e-05,0.0,0.0,4.100087032120845,-15.0709270738,0.0,0.0,1.7140215531084992,0.0,-0.00010694624280424442,0.0,0.06556083211427906,-0.006676883630555672,0.21761672957543837,0.0,0.0,0.0
2974.0,9.58114379302849,5.814078823448698,0.0,0.0,-2.9847704241032126e-05,0.0,0.0,4.100057236040414,-15.0709270738,0.0,0.0,1.7140215874082836,0.0,-0.00010732052804089455,0.0,0.0655606585949308,-0.006677260818277686,0.2176159917690333,0.0,0.0,0.0
2975.0,9.581147255253628,5.814048977015199,0.0,0.0,-2.9946646829609105e-05,0.0,0.0,4.100027338433412,-15.0709270738,0.0,0.0,1.7140216385817872,0.0,-0.00010767624750933066,0.0,0.06556048454398176,-0.006677638532830363,0.21761525047392216,0.0,0.0,0.0
2976.0,9.581150804157588,5.8140190511350855,0.0,0.0,-3.0040397645084666e-05,0.0,0.0,4.099997344477356,-15.0709270738,0.0,0.0,1.7140217066577295,0.0,-0.00010801329819629726,0.0,0.0655603099917135,-0.006678016707189691,0.21761450581651298,0.0,0.0,0.0
2977.0,9.581154439281097,5.813989051039824,0.0,0.0,-3.0128928909452606e-05,0.0,0.0,4.099967259377982,-15.0709270738,0.0,0.0,1.7140217916618425,0.0,-0.00010833158023998226,0.0,0.06556013496856143,-0.00667839527410824,0.2176137579240849,0.0,0.0,0.0
2978.0,9.58115816014838,5.81395898198522,0.0,0.0,-3.0212213727625558e-05,0.0,0.0,4.099937088368362,-15.0709270738,0.0,0.0,1.7140218936168576,0.0,-0.00010863099695460845,0.0,0.06555995950510957,-0.006678774166127166,0.2176130069247669,0.0,0.0,0.0
2979.0,9.581161966267214,5.813928849250518,0.0,0.0,-3.0290226094130227e-05,0.0,0.0,4.09990683670802,-15.0709270738,0.0,0.0,1.7140220125424976,0.0,-0.00010891145485450234,0.0,0.06555978363208544,-0.0066791533155876465,0.21761225294751663,0.0,0.0,0.0
2980.0,9.581165857128976,5.813898658137504,0.0,0.0,-3.036294089965767e-05,0.0,0.0,4.099876509682037,-15.0709270738,0.0,0.0,1.7140221484554665,0.0,-0.00010917286367764067,0.0,0.06555960738035475,-0.006679532654642856,0.2176114961220989,0.0,0.0,0.0
2981.0,9.581169832208703,5.813868413969591,0.0,0.0,-3.04303339374634e-05,0.0,0.0,4.0998461126001535,-15.0709270738,0.0,0.0,1.7140223013694378,0.0,-0.00010941513640865593,0.0,0.06555943078091614,-0.006679912115269748,0.21761073657906385,0.0,0.0,0.0
2982.0,9.581173890965154,5.813838122090911,0.0,0.0,-3.0492381909619494e-05,0.0,0.0,4.099815650795861,-15.0709270738,0.0,0.0,1.71402247129505,0.0,-0.00010963818930130844,0.0,0.06555925386489589,-0.00668029162928091,0.21760997444972527,0.0,0.0,0.0
2983.0,9.581178032840873,5.813807787865388,0.0,0.0,-3.0549062433117936e-05,0.0,0.0,4.099785129625494,-15.0709270738,0.0,0.0,1.7140226582398936,0.0,-0.00010984194190042266,0.0,0.06555907666354253,-0.0066806711283364795,0.2176092098661382,0.0,0.0,0.0
2984.0,9.58118225726225,5.8137774166758165,0.0,0.0,-3.060035404581532e-05,0.0,0.0,4.099754554467309,-15.0709270738,0.0,0.0,1.7140228622085072,0.0,-0.00011002631706325169,0.0,0.06555889920822153,-0.0066810505439563045,0.217608442961077,0.0,0.0,0.0
2985.0,9.581186563639601,5.81374701392293,0.0,0.0,-3.0646236212230525e-05,0.0,0.0,4.099723930720562,-15.0709270738,0.0,0.0,1.7140230832023677,0.0,-0.00011019124098031231,0.0,0.0655587215304098,-0.006681429807531794,0.21760767386801266,0.0,0.0,0.0
2986.0,9.58119095136723,5.813716585024464,0.0,0.0,-3.068668932918479e-05,0.0,0.0,4.099693263804578,-15.0709270738,0.0,0.0,1.7140233212198854,0.0,-0.00011033664319565205,0.0,0.06555854366169037,-0.006681808850338172,0.21760690272109043,0.0,0.0,0.0
2987.0,9.58119541982351,5.8136861354142155,0.0,0.0,-3.072169473128428e-05,0.0,0.0,4.099662559157819,-15.0709270738,0.0,0.0,1.7140235762563965,0.0,-0.00011046245662654891,0.0,0.06555836563374676,-0.00668218760354658,0.21760612965510678,0.0,0.0,0.0
2988.0,9.58119996837096,5.813655670541096,0.0,0.0,-3.075123469624544e-05,0.0,0.0,4.099631822236939,-15.0709270738,0.0,0.0,1.7140238483041577,0.0,-0.00011056861758264463,0.0,0.06555818747835761,-0.0066825659982362035,0.2176053548054867,0.0,0.0,0.0
2989.0,9.581204596356327,5.813625195868183,0.0,0.0,-3.07752924500652e-05,0.0,0.0,4.099601058515841,-15.0709270738,0.0,0.0,1.7140241373523422,0.0,-0.00011065506578451908,0.0,0.06555800922739109,-0.006682943965406571,0.2176045783082604,0.0,0.0,0.0
2990.0,9.581209303110674,5.81359471687176,0.0,0.0,-3.079385217202444e-05,0.0,0.0,4.099570273484726,-15.0709270738,0.0,0.0,1.714024443387034,0.0,-0.00011072174438166411,0.0,0.06555783091279939,-0.006683321435989792,0.2176038003000402,0.0,0.0,0.0
2991.0,9.581214087949459,5.813564239040364,0.0,0.0,-3.0806898999533985e-05,0.0,0.0,4.0995394726491385,-15.0709270738,0.0,0.0,1.7140247663912254,0.0,-0.00011076859996988979,0.0,0.06555765256661303,-0.006683698340862909,0.217603020917997,0.0,0.0,0.0
2992.0,9.581218950172634,5.813533767873813,0.0,0.0,-3.0814419032817824e-05,0.0,0.0,4.099508661529002,-15.0709270738,0.0,0.0,1.7140251063448106,0.0,-0.00011079558260814476,0.0,0.06555747422093536,-0.006684074610860208,0.21760224029983677,0.0,0.0,0.0
2993.0,9.581223889064734,5.813503308882245,0.0,0.0,-3.08163993394327e-05,0.0,0.0,4.099477845657659,-15.0709270738,0.0,0.0,1.7140254632245862,0.0,-0.00011080264583474697,0.0,0.06555729590793685,-0.006684450176785636,0.21760145858377689,0.0,0.0,0.0
2994.0,9.581228903894978,5.813472867585143,0.0,0.0,-3.0812827958619304e-05,0.0,0.0,4.0994470305808965,-15.0709270738,0.0,0.0,1.7140258370042467,0.0,-0.0001107897466830076,0.0,0.0655571176598495,-0.006684824969425088,0.2176006759085221,0.0,0.0,0.0
2995.0,9.58123399391736,5.813442449510362,0.0,0.0,-3.080369390549286e-05,0.0,0.0,4.099416221855977,-15.0709270738,0.0,0.0,1.7140262276543847,0.0,-0.00011075684569627703,0.0,0.0655569395089611,-0.006685198919559016,0.2175998924132409,0.0,0.0,0.0
2996.0,9.581239158370762,5.813412060193144,0.0,0.0,-3.07889871750618e-05,0.0,0.0,4.099385425050656,-15.0709270738,0.0,0.0,1.7140266351424884,0.0,-0.00011070390694237111,0.0,0.06555676148760953,-0.006685571957974784,0.21759910823754097,0.0,0.0,0.0
2997.0,9.581244396479052,5.813381705175144,0.0,0.0,-3.076869874607989e-05,0.0,0.0,4.099354645742204,-15.0709270738,0.0,0.0,1.71402705943294,0.0,-0.00011063089802739798,0.0,0.06555658362817704,-0.0066859440154792005,0.21759832352144517,0.0,0.0,0.0
2998.0,9.581249707451196,5.813351390003437,0.0,0.0,-3.0742820584728515e-05,0.0,0.0,4.099323889516419,-15.0709270738,0.0,0.0,1.7140275004870178,0.0,-0.00011053779010897281,0.0,0.06555640596308454,-0.006686315022911005,0.21759753840536722,0.0,0.0,0.0
2999.0,9.581255090481367,5.813321120229531,0.0,0.0,-3.071134564813094e-05,0.0,0.0,4.099293161966637,-15.0709270738,0.0,0.0,1.7140279582628946,0.0,-0.0001104245579088278,0.0,0.06555622852478576,-0.00668668491115347,0.2175967530300869,0.0,0.0,0.0
3000.0,9.58126054474906,5.813290901408381,0.0,0.0,-3.067426788768973e-05,0.0,0.0,4.099262468692741,-15.0709270738,0.0,0.0,1.71402843271564,0.0,-0.00011029117972478514,0.0,0.0655560513457616,-0.006687053611146868,0.21759596753672586,0.0,0.0,0.0
3001.0,9.58126606941921,5.8132607390973865,0.0,0.0,-3.063158225225977e-05,0.0,0.0,4.099231815300164,-15.0709270738,0.0,0.0,1.7140289237972226,0.0,-0.00011013763744213776,0.0,0.06555587445851416,-0.0066874210539010215,0.2175951820667224,0.0,0.0,0.0
3002.0,9.581271663642308,5.8132306388554,0.0,0.0,-3.058328469114119e-05,0.0,0.0,4.099201207398889,-15.0709270738,0.0,0.0,1.7140294314565105,0.0,-0.00010996391654438191,0.0,0.065555697895561,-0.006687787170508025,0.2175943967618072,0.0,0.0,0.0
3003.0,9.581277326554533,5.813200606241724,0.0,0.0,-3.052937215689961e-05,0.0,0.0,4.09917065060245,-15.0709270738,0.0,0.0,1.7140299556392735,0.0,-0.00010977000612332766,0.0,0.06555552168942938,-0.006688151892154701,0.21759361176397768,0.0,0.0,0.0
3004.0,9.581283057277865,5.813170646815115,0.0,0.0,-3.0469842608014455e-05,0.0,0.0,4.0991401505269245,-15.0709270738,0.0,0.0,1.7140304962881903,0.0,-0.0001095558988885904,0.0,0.0655553458726503,-0.006688515150135216,0.21759282721547368,0.0,0.0,0.0
3005.0,9.581288854920224,5.813140766132775,0.0,0.0,-3.040469501134927e-05,0.0,0.0,4.099109712789928,-15.0709270738,0.0,0.0,1.7140310533428469,0.0,-0.00010932159117644133,0.0,0.06555517047775274,-0.00668887687586385,0.21759204325875184,0.0,0.0,0.0
3006.0,9.581294718575595,5.813110969749349,0.0,0.0,-3.0333929344443665e-05,0.0,0.0,4.0990793430096035,-15.0709270738,0.0,0.0,1.7140316267397457,0.0,-0.00010906708295801594,0.0,0.0655549955372577,-0.00668923700088736,0.2175912600364604,0.0,0.0,0.0
3007.0,9.581300647324165,5.813081263215919,0.0,0.0,-3.0257546597631786e-05,0.0,0.0,4.099049046803611,-15.0709270738,0.0,0.0,1.714032216412308,0.0,-0.00010879237784689761,0.0,0.06555482108367239,-0.006689595456897748,0.21759047769141418,0.0,0.0,0.0
3008.0,9.581306640232455,5.813051652078992,0.0,0.0,-3.017554877597853e-05,0.0,0.0,4.099018829788111,-15.0709270738,0.0,0.0,1.7140328222908812,0.0,-0.0001084974831060453,0.0,0.06555464714948434,-0.006689952175744876,0.21758969636656883,0.0,0.0,0.0
3009.0,9.58131269635347,5.813022141879496,0.0,0.0,-3.0087938901039434e-05,0.0,0.0,4.098988697576754,-15.0709270738,0.0,0.0,1.7140334443027418,0.0,-0.00010818240965408624,0.0,0.06555447376715538,-0.006690307089449052,0.21758891620499551,0.0,0.0,0.0
3010.0,9.581318814726828,5.812992738151763,0.0,0.0,-2.999472101244127e-05,0.0,0.0,4.098958655779658,-15.0709270738,0.0,0.0,1.7140340823721054,0.0,-0.00010784717207096324,0.0,0.06555430096911598,-0.006690660130213605,0.2175881373498555,0.0,0.0,0.0
3011.0,9.581324994378917,5.812963446422523,0.0,0.0,-2.9895900169279785e-05,0.0,0.0,4.098928710002392,-15.0709270738,0.0,0.0,1.714034736420131,0.0,-0.0001074917886029238,0.0,0.06555412878775903,-0.006691011230437582,0.2175873599443741,0.0,0.0,0.0
3012.0,9.581331234323034,5.812934272209888,0.0,0.0,-2.9791482451339373e-05,0.0,0.0,4.098898865844956,-15.0709270738,0.0,0.0,1.714035406364932,0.0,-0.00010711628116686809,0.0,0.0655539572554342,-0.00669136032272824,0.21758658413181547,0.0,0.0,0.0
3013.0,9.581337533559537,5.812905221022342,0.0,0.0,-2.9681474960129545e-05,0.0,0.0,4.098869128900758,-15.0709270738,0.0,0.0,1.7140360921215843,0.0,-0.00010672067535403762,0.0,0.06555378640444182,-0.006691707339913713,0.21758581005545652,0.0,0.0,0.0
3014.0,9.581343891076003,5.812876298357727,0.0,0.0,-2.9565885819739428e-05,0.0,0.0,4.098839504755596,-15.0709270738,0.0,0.0,1.7140367936021308,0.0,-0.00010630500043304873,0.0,0.06555361626702705,-0.006692052215055505,0.21758503785856134,0.0,0.0,0.0
3015.0,9.581350305847378,5.812847509702226,0.0,0.0,-2.94447241775113e-05,0.0,0.0,4.0988099989866305,-15.0709270738,0.0,0.0,1.7140375107155954,0.0,-0.00010586928935227497,0.0,0.06555344687537394,-0.006692394881461117,0.21758426768435507,0.0,0.0,0.0
3016.0,9.581356776836138,5.8128188605293545,0.0,0.0,-2.9318000204528813e-05,0.0,0.0,4.0987806171613625,-15.0709270738,0.0,0.0,1.714038243367992,0.0,-0.00010541357874156228,0.0,0.0655532782615995,-0.006692735272696523,0.21758349967599833,0.0,0.0,0.0
3017.0,9.581363302992447,5.812790356298946,0.0,0.0,-2.918572509592356e-05,0.0,0.0,4.098751364836612,-15.0709270738,0.0,0.0,1.714038991462334,0.0,-0.00010493790891329062,0.0,0.06555311045774771,-0.006693073322598747,0.21758273397656092,0.0,0.0,0.0
3018.0,9.581369883254325,5.812762002456136,0.0,0.0,-2.9047911070996408e-05,0.0,0.0,4.098722247557488,-15.0709270738,0.0,0.0,1.7140397548986481,0.0,-0.00010444232386276868,0.0,0.06555294349578367,-0.00669340896528825,0.21758197072899615,0.0,0.0,0.0
3019.0,9.58137651654781,5.812733804430355,0.0,0.0,-2.8904571373155074e-05,0.0,0.0,4.098693270856372,-15.0709270738,0.0,0.0,1.714040533573983,0.0,-0.00010392687126796764,0.0,0.06555277740758765,-0.006693742135181535,0.21758121007611467,0.0,0.0,0.0
3020.0,9.581383201787126,5.81270576763431,0.0,0.0,-2.8755720269667075e-05,0.0,0.0,4.098664440251889,-15.0709270738,0.0,0.0,1.7140413273824215,0.0,-0.00010339160248859025,0.0,0.06555261222494912,-0.006694072767003539,0.21758045216055827,0.0,0.0,0.0
3021.0,9.581389937874858,5.81267789746298,0.0,0.0,-2.8601373051226604e-05,0.0,0.0,4.098635761247882,-15.0709270738,0.0,0.0,1.714042136215098,0.0,-0.00010283657256447064,0.0,0.06555244797956089,-0.006694400795799929,0.21757969712477404,0.0,0.0,0.0
3022.0,9.581396723702122,5.812650199292604,0.0,0.0,-2.8441546031338174e-05,0.0,0.0,4.098607239332398,-15.0709270738,0.0,0.0,1.7140429599602065,0.0,-0.00010226184021331436,0.0,0.06555228470301314,-0.00669472615694966,0.21757894511098835,0.0,0.0,0.0
3023.0,9.58140355814874,5.81262267847967,0.0,0.0,-2.827625654551095e-05,0.0,0.0,4.098578879976653,-15.0709270738,0.0,0.0,1.7140437985030168,0.0,-0.00010166746782775794,0.0,0.06555212242678755,-0.006695048786177188,0.2175781962611804,0.0,0.0,0.0
3024.0,9.58141044008342,5.812595340359912,0.0,0.0,-2.8105522950272264e-05,0.0,0.0,4.098550688634021,-15.0709270738,0.0,0.0,1.7140446517258905,0.0,-0.00010105352147177715,0.0,0.0655519611822514,-0.006695368619564879,0.21757745071705648,0.0,0.0,0.0
3025.0,9.581417368363939,5.812568190247302,0.0,0.0,-2.7929364621989777e-05,0.0,0.0,4.098522670739008,-15.0709270738,0.0,0.0,1.7140455195082938,0.0,-0.00010042007087640744,0.0,0.06555180100065164,-0.006695685593565162,0.21757670862002343,0.0,0.0,0.0
3026.0,9.581424341837316,5.812541233433049,0.0,0.0,-2.7747801955510968e-05,0.0,0.0,4.098494831706235,-15.0709270738,0.0,0.0,1.7140464017268142,0.0,-9.976718943480684e-05,0.0,0.06555164191310901,-0.006695999645012871,0.21757597011116306,0.0,0.0,0.0
3027.0,9.581431359340012,5.812514475184594,0.0,0.0,-2.7560856362614746e-05,0.0,0.0,4.098467176929418,-15.0709270738,0.0,0.0,1.714047298255176,0.0,-9.909495419664307e-05,0.0,0.0655514839506122,-0.006696310711137354,0.21757523533120537,0.0,0.0,0.0
3028.0,9.581438419698106,5.812487920744614,0.0,0.0,-2.7368550270277484e-05,0.0,0.0,4.098439711780355,-15.0709270738,0.0,0.0,1.7140482089642592,0.0,-9.840344586181318e-05,0.0,0.06555132714401193,-0.006696618729574666,0.21757450442050313,0.0,0.0,0.0
3029.0,9.581445521727487,5.812461575330023,0.0,0.0,-2.7170907118749815e-05,0.0,0.0,4.098412441607908,-15.0709270738,0.0,0.0,1.7140491337221144,0.0,-9.769274877348238e-05,0.0,0.06555117152401521,-0.006696923638379593,0.21757377751900522,0.0,0.0,0.0
3030.0,9.58145266423405,5.812435444130977,0.0,0.0,-2.6967951359450845e-05,0.0,0.0,4.098385371736997,-15.0709270738,0.0,0.0,1.71405007239398,0.0,-9.696295091046618e-05,0.0,0.06555101712117933,-0.006697225376037785,0.21757305476623096,0.0,0.0,0.0
3031.0,9.581459846013887,5.812409532309887,0.0,0.0,-2.675970845267324e-05,0.0,0.0,4.098358507467583,-15.0709270738,0.0,0.0,1.7140510248423046,0.0,-9.621414387893237e-05,0.0,0.06555086396590622,-0.00669752388147761,0.21757233630124373,0.0,0.0,0.0
3032.0,9.581467065853484,5.812383845000424,0.0,0.0,-2.6546204865101025e-05,0.0,0.0,4.098331854073663,-15.0709270738,0.0,0.0,1.7140519909267606,0.0,-9.544642290342919e-05,0.0,0.06555071208843646,-0.006697819094082291,0.2175716222626251,0.0,0.0,0.0
3033.0,9.58147432252992,5.812358387306537,0.0,0.0,-2.6327468067142185e-05,0.0,0.0,4.098305416802267,-15.0709270738,0.0,0.0,1.7140529705042695,0.0,-9.465988681724781e-05,0.0,0.06555056151884373,-0.006698110953701583,0.217570912788449,0.0,0.0,0.0
3034.0,9.581481614811063,5.81233316430147,0.0,0.0,-2.6103526530075766e-05,0.0,0.0,4.098279200872453,-15.0709270738,0.0,0.0,1.7140539634290173,0.0,-9.385463805211746e-05,0.0,0.06555041228702875,-0.0066983994006636766,0.2175702080162554,0.0,0.0,0.0
3035.0,9.581488941455781,5.812308181026784,0.0,0.0,-2.587440972301045e-05,0.0,0.0,4.098253211474308,-15.0709270738,0.0,0.0,1.7140549695524756,0.0,-9.303078262722261e-05,0.0,0.06555026442271376,-0.006698684375786967,0.21756950808302464,0.0,0.0,0.0
3036.0,9.581496301214143,5.812283442491379,0.0,0.0,-2.5640148109657194e-05,0.0,0.0,4.0982274537679535,-15.0709270738,0.0,0.0,1.714055988723426,0.0,-9.218843013755174e-05,0.0,0.06555011795543671,-0.006698965820391714,0.21756881312515153,0.0,0.0,0.0
3037.0,9.581503692827624,5.812258953670528,0.0,0.0,-2.5400773144918015e-05,0.0,0.0,4.09820193288255,-15.0709270738,0.0,0.0,1.714057020787978,0.0,-9.132769374158486e-05,0.0,0.06554997291454548,-0.006699243676311695,0.2175681232784194,0.0,0.0,0.0
3038.0,9.581511115029317,5.812234719504904,0.0,0.0,-2.5156317271285833e-05,0.0,0.0,4.098176653915311,-15.0709270738,0.0,0.0,1.714058065589593,0.0,-9.044869014830187e-05,0.0,0.06554982932919232,-0.0066995178859057675,0.21756743867797468,0.0,0.0,0.0
3039.0,9.581518566544137,5.812210744899619,0.0,0.0,-2.490681391506275e-05,0.0,0.0,4.098151621930513,-15.0709270738,0.0,0.0,1.7140591229691058,0.0,-8.955153960353798e-05,0.0,0.06554968722832807,-0.00669978839206932,0.21756675945830073,0.0,0.0,0.0
3040.0,9.581526046089042,5.812187034723267,0.0,0.0,-2.4652297482389078e-05,0.0,0.0,4.098126841958517,-15.0709270738,0.0,0.0,1.7140601927647499,0.0,-8.863636587565891e-05,0.0,0.0655495466406966,-0.006700055138245689,0.21756608575319253,0.0,0.0,0.0
3041.0,9.581533552373246,5.812163593806968,0.0,0.0,-2.4392803355090272e-05,0.0,0.0,4.0981023189947905,-15.0709270738,0.0,0.0,1.7140612748121775,0.0,-8.770329624058128e-05,0.0,0.06554940759482916,-0.006700318068437572,0.21756541769573107,0.0,0.0,0.0
3042.0,9.58154108409843,5.81214042694342,0.0,0.0,-2.4128367886339248e-05,0.0,0.0,4.098078057998932,-15.0709270738,0.0,0.0,1.7140623689444876,0.0,-8.675246146612966e-05,0.0,0.06554927011903876,-0.006700577127218207,0.2175647554182577,0.0,0.0,0.0
3043.0,9.581548639958964,5.812117538885953,0.0,0.0,-2.385902839613183e-05,0.0,0.0,4.098054063893703,-15.0709270738,0.0,0.0,1.7140634749922503,0.0,-8.578399579572159e-05,0.0,0.06554913424141469,-0.0067008322597425785,0.217564099052349,0.0,0.0,0.0
3044.0,9.58155621864213,5.812094934347592,0.0,0.0,-2.358482316658295e-05,0.0,0.0,4.098030341564064,-15.0709270738,0.0,0.0,1.7140645927835285,0.0,-8.479803693140856e-05,0.0,0.06554899998981692,-0.006701083411758554,0.2175634487287912,0.0,0.0,0.0
3045.0,9.581563818828334,5.812072618000121,0.0,0.0,-2.3305791437035504e-05,0.0,0.0,4.098006895856214,-15.0709270738,0.0,0.0,1.714065722143907,0.0,-8.379472601624362e-05,0.0,0.0655488673918706,-0.006701330529617855,0.217562804577555,0.0,0.0,0.0
3046.0,9.581571439191343,5.812050594473155,0.0,0.0,-2.302197339898925e-05,0.0,0.0,4.097983731576637,-15.0709270738,0.0,0.0,1.7140668628965186,0.0,-8.277420761600204e-05,0.0,0.06554873647496066,-0.0067015735602870136,0.21756216672777068,0.0,0.0,0.0
3047.0,9.581579078398498,5.812028868353218,0.0,0.0,-2.2733410190845402e-05,0.0,0.0,4.09796085349115,-15.0709270738,0.0,0.0,1.7140680148620682,0.0,-8.173662970023993e-05,0.0,0.06554860726622629,-0.006701812451358272,0.21756153530770256,0.0,0.0,0.0
3048.0,9.581586735110944,5.812007444182826,0.0,0.0,-2.2440143892473195e-05,0.0,0.0,4.097938266323962,-15.0709270738,0.0,0.0,1.714069177858864,0.0,-8.068214362271287e-05,0.0,0.06554847979255551,-0.006702047151060153,0.21756091044472461,0.0,0.0,0.0
3049.0,9.581594407983866,5.811986326459573,0.0,0.0,-2.2142217519591463e-05,0.0,0.0,4.0979159747567335,-15.0709270738,0.0,0.0,1.7140703517028397,0.0,-7.961090410112988e-05,0.0,0.06554835408057995,-0.006702277608268414,0.2175602922652953,0.0,0.0,0.0
3050.0,9.581602095666707,5.8119655196352324,0.0,0.0,-2.1839675017971788e-05,0.0,0.0,4.097893983427642,-15.0709270738,0.0,0.0,1.71407153620759,0.0,-7.852306919626643e-05,0.0,0.06554823015666934,-0.006702503772516355,0.21755968089493288,0.0,0.0,0.0
3051.0,9.581609796803408,5.811945028114852,0.0,0.0,-2.1532561257461198e-05,0.0,0.0,4.09787229693046,-15.0709270738,0.0,0.0,1.714072731184392,0.0,-7.741880029042872e-05,0.0,0.06554810804692632,-0.006702725594005421,0.21755907645819095,0.0,0.0,0.0
3052.0,9.581617510032636,5.811924856255867,0.0,0.0,-2.122092202582748e-05,0.0,0.0,4.097850919813628,-15.0709270738,0.0,0.0,1.7140739364422393,0.0,-7.629826206528116e-05,0.0,0.06554798777718107,-0.0067029430236154874,0.2175584790786339,0.0,0.0,0.0
3053.0,9.581625233988023,5.811905008367213,0.0,0.0,-2.090480402242528e-05,0.0,0.0,4.0978298565793425,-15.0709270738,0.0,0.0,1.7140751517878705,0.0,-7.516162247902955e-05,0.0,0.06554786937298623,-0.006703156012915323,0.21755788887881244,0.0,0.0,0.0
3054.0,9.581632967298393,5.8118854887084455,0.0,0.0,-2.058425485168319e-05,0.0,0.0,4.097809111682649,-15.0709270738,0.0,0.0,1.7140763770257967,0.0,-7.400905274296156e-05,0.0,0.06554775285961159,-0.0067033645141725,0.2175573059802397,0.0,0.0,0.0
3055.0,9.581640708588013,5.811866301488873,0.0,0.0,-2.0259323016417657e-05,0.0,0.0,4.097788689530537,-15.0709270738,0.0,0.0,1.714077611958336,0.0,-7.284072729736476e-05,0.0,0.06554763826203897,-0.006703568480363659,0.2175567305033667,0.0,0.0,0.0
3056.0,9.581648456476819,5.811847450866691,0.0,0.0,-1.9930057910967628e-05,0.0,0.0,4.097768594481049,-15.0709270738,0.0,0.0,1.7140788563856422,0.0,-7.165682378680118e-05,0.0,0.06554752560495718,-0.006703767865184396,0.2175561625675589,0.0,0.0,0.0
3057.0,9.58165620958066,5.811828940948124,0.0,0.0,-1.9596509814155983e-05,0.0,0.0,4.097748830842388,-15.0709270738,0.0,0.0,1.7140801101057361,0.0,-7.04575230347593e-05,0.0,0.06554741491275684,-0.006703962623059084,0.21755560229107207,0.0,0.0,0.0
3058.0,9.581663966511538,5.81181077578658,0.0,0.0,-1.9258729882076833e-05,0.0,0.0,4.097729402872042,-15.0709270738,0.0,0.0,1.7140813729145385,0.0,-6.924300901768094e-05,0.0,0.06554730620952545,-0.006704152709150646,0.21755504979102883,0.0,0.0,0.0
3059.0,9.581671725877854,5.811792959381807,0.0,0.0,-1.8916770140710265e-05,0.0,0.0,4.097710314775903,-15.0709270738,0.0,0.0,1.714082644605904,0.0,-6.801346883836837e-05,0.0,0.06554719951904245,-0.006704338079370209,0.21755450518339495,0.0,0.0,0.0
3060.0,9.581679486284647,5.8117754956790595,0.0,0.0,-1.8570683478363106e-05,0.0,0.0,4.09769157070741,-15.0709270738,0.0,0.0,1.714083924971649,0.0,-6.67690926987665e-05,0.0,0.06554709486477411,-0.006704518690386588,0.21755396858295628,0.0,0.0,0.0
3061.0,9.581687246333841,5.811758388568272,0.0,0.0,-1.822052363793993e-05,0.0,0.0,4.097673174766682,-15.0709270738,0.0,0.0,1.7140852138015896,0.0,-6.551007387213572e-05,0.0,0.06554699226986883,-0.006704694499635691,0.21755344010329544,0.0,0.0,0.0
3062.0,9.581695004624486,5.811741641883247,0.0,0.0,-1.7866345209044128e-05,0.0,0.0,4.097655130999673,-15.0709270738,0.0,0.0,1.7140865108835737,0.0,-6.423660867461436e-05,0.0,0.06554689175715225,-0.006704865465329751,0.21755291985676883,0.0,0.0,0.0
3063.0,9.581702759753009,5.811725259400841,0.0,0.0,-1.7508203619909483e-05,0.0,0.0,4.097637443397327,-15.0709270738,0.0,0.0,1.7140878160035147,0.0,-6.294889643617264e-05,0.0,0.06554679334912238,-0.006705031546466539,0.21755240795448383,0.0,0.0,0.0
3064.0,9.581710510313464,5.811709244840169,0.0,0.0,-1.7146155129163223e-05,0.0,0.0,4.097620115894743,-15.0709270738,0.0,0.0,1.7140891289454263,0.0,-6.164713947096164e-05,0.0,0.065546697067945,-0.006705192702838383,0.21755190450627626,0.0,0.0,0.0
3065.0,9.581718254897773,5.811693601861808,0.0,0.0,-1.67802568174246e-05,0.0,0.0,4.097603152370351,-15.0709270738,0.0,0.0,1.714090449491457,0.0,-6.033154304707168e-05,0.0,0.0655466029354488,-0.006705348895041083,0.21755140962068764,0.0,0.0,0.0
3066.0,9.58172599209598,5.811678334067021,0.0,0.0,-1.6410566578734023e-05,0.0,0.0,4.097586556645093,-15.0709270738,0.0,0.0,1.7140917774219275,0.0,-5.900231535568255e-05,0.0,0.06554651097312089,-0.006705500084482674,0.21755092340494323,0.0,0.0,0.0
3067.0,9.581733720496498,5.811663444996977,0.0,0.0,-1.603714311182262e-05,0.0,0.0,4.097570332481612,-15.0709270738,0.0,0.0,1.7140931125153651,0.0,-5.765966747964078e-05,0.0,0.06554642120210218,-0.006705646233392135,0.2175504459649298,0.0,0.0,0.0
3068.0,9.581741438686368,5.811648938131993,0.0,0.0,-1.5660045911212934e-05,0.0,0.0,4.097554483583456,-15.0709270738,0.0,0.0,1.7140944545485377,0.0,-5.63038133614309e-05,0.0,0.06554633364318271,-0.006705787304827779,0.2175499774051737,0.0,0.0,0.0
3069.0,9.581749145251502,5.811634816890775,0.0,0.0,-1.527933525816295e-05,0.0,0.0,4.097539013594282,-15.0709270738,0.0,0.0,1.7140958032964928,0.0,-5.4934969770584345e-05,0.0,0.0655462483167974,-0.0067059232626858895,0.21754951782881923,0.0,0.0,0.0
3070.0,9.581756838776938,5.8116210846296745,0.0,0.0,-1.4895072211447526e-05,0.0,0.0,4.097523926097079,-15.0709270738,0.0,0.0,1.7140971585325957,0.0,-5.355335627050481e-05,0.0,0.0655461652430214,-0.006706054071708711,0.21754906733760715,0.0,0.0,0.0
3071.0,9.581764517847095,5.811607744641953,0.0,0.0,-1.4507318597977997e-05,0.0,0.0,4.09750922461339,-15.0709270738,0.0,0.0,1.7140985200285632,0.0,-5.2159195184712786e-05,0.0,0.06554608444156589,-0.006706179697492806,0.21754862603185332,0.0,0.0,0.0
3072.0,9.581772181046027,5.8115948001570565,0.0,0.0,-1.4116137003268793e-05,0.0,0.0,4.097494912602552,-15.0709270738,0.0,0.0,1.7140998875545046,0.0,-5.0752711562541166e-05,0.0,0.06554600593177363,-0.006706300106496824,0.21754819401042794,0.0,0.0,0.0
3073.0,9.581779826957675,5.811582254339899,0.0,0.0,-1.3721590761742598e-05,0.0,0.0,4.097480993460941,-15.0709270738,0.0,0.0,1.7141012608789579,0.0,-4.933413314425145e-05,0.0,0.06554592973261482,-0.0067064152660495785,0.21754777137073414,0.0,0.0,0.0
3074.0,9.581787454166124,5.811570110290157,0.0,0.0,-1.3323743946884911e-05,0.0,0.0,4.097467470521228,-15.0709270738,0.0,0.0,1.714102639768929,0.0,-4.79036903256096e-05,0.0,0.0655458558626828,-0.006706525144357628,0.21754735820868798,0.0,0.0,0.0
3075.0,9.581795061255859,5.811558371041576,0.0,0.0,-1.2922661361240437e-05,0.0,0.0,4.097454347051646,-15.0709270738,0.0,0.0,1.71410402398993,0.0,-4.646161612189437e-05,0.0,0.06554578434018998,-0.006706629710512807,0.21754695461869764,0.0,0.0,0.0
3076.0,9.581802646812019,5.811547039561281,0.0,0.0,-1.2518408526261152e-05,0.0,0.0,4.0974416262552635,-15.0709270738,0.0,0.0,1.7141054133060178,0.0,-4.50081461313735e-05,0.0,0.06554571518296376,-0.006706728934499792,0.21754656069364325,0.0,0.0,0.0
3077.0,9.581810209420656,5.81153611874911,0.0,0.0,-1.211105167200078e-05,0.0,0.0,4.097429311269274,-15.0709270738,0.0,0.0,1.714106807479836,0.0,-4.35435184982289e-05,0.0,0.0655456484084424,-0.0067068227872032204,0.21754617652485725,0.0,0.0,0.0
3078.0,9.581817747668989,5.8115256114369425,0.0,0.0,-1.170065772666123e-05,0.0,0.0,4.097417405164291,-15.0709270738,0.0,0.0,1.7141082062726518,0.0,-4.2067973874950845e-05,0.0,0.06554558403367126,-0.006706911240414962,0.21754580220210423,0.0,0.0,0.0
3079.0,9.581825260145665,5.81151552038805,0.0,0.0,-1.1287294305992995e-05,0.0,0.0,4.097405910943653,-15.0709270738,0.0,0.0,1.7141096094443968,0.0,-4.0581755384208224e-05,0.0,0.0655455220752987,-0.006706994266841015,0.21754543781356206,0.0,0.0,0.0
3080.0,9.581832745441012,5.811505848296456,0.0,0.0,-1.0871029702547266e-05,0.0,0.0,4.097394831542747,-15.0709270738,0.0,0.0,1.7141110167537086,0.0,-3.9085108580187006e-05,0.0,0.0655454625495724,-0.006707071840108422,0.2175450834458021,0.0,0.0,0.0
3081.0,9.581840202147301,5.811496597786303,0.0,0.0,-1.0451932874785384e-05,0.0,0.0,4.09738416982833,-15.0709270738,0.0,0.0,1.7141124279579731,0.0,-3.7578281409417014e-05,0.0,0.0655454054723355,-0.0067071439347717865,0.21754473918377054,0.0,0.0,0.0
3082.0,9.581847628858998,5.811487771411235,0.0,0.0,-1.0030073436042195e-05,0.0,0.0,4.097373928597874,-15.0709270738,0.0,0.0,1.7141138428133607,0.0,-3.606152417107471e-05,0.0,0.065545350859023,-0.006707210526320048,0.2175444051107697,0.0,0.0,0.0
3083.0,9.58185502417303,5.811479371653787,0.0,0.0,-9.605521643354756e-06,0.0,0.0,4.097364110578916,-15.0709270738,0.0,0.0,1.7141152610748716,0.0,-3.4535089476803144e-05,0.0,0.06554529872465792,-0.0067072715911826175,0.21754408130843936,0.0,0.0,0.0
3084.0,9.58186238668904,5.811471400924792,0.0,0.0,-9.178348386145735e-06,0.0,0.0,4.097354718428416,-15.0709270738,0.0,0.0,1.7141166824963765,0.0,-3.299923221001087e-05,0.0,0.06554524908384804,-0.006707327106735758,0.2175437678567389,0.0,0.0,0.0
3085.0,9.581869715009637,5.811463861562793,0.0,0.0,-8.748625174771657e-06,0.0,0.0,4.097345754732134,-15.0709270738,0.0,0.0,1.714118106830659,0.0,-3.1454209484686204e-05,0.0,0.06554520195078206,-0.006707377051308611,0.21754346483392892,0.0,0.0,0.0
3086.0,9.581877007740667,5.811456755833475,0.0,0.0,-8.31642412893629e-06,0.0,0.0,4.097337222004017,-15.0709270738,0.0,0.0,1.7141195338294573,0.0,-2.9900280603727962e-05,0.0,0.06554515733922647,-0.006707421404189007,0.21754317231655412,0.0,0.0,0.0
3087.0,9.581884263491467,5.811450085929096,0.0,0.0,-7.881817965968168e-06,0.0,0.0,4.097329122685589,-15.0709270738,0.0,0.0,1.7141209632435066,0.0,-2.833770701678912e-05,0.0,0.06554511526252194,-0.006707460145629368,0.21754289037942537,0.0,0.0,0.0
3088.0,9.581891480875118,5.811443853967946,0.0,0.0,-7.44487998896737e-06,0.0,0.0,4.0973214591453635,-15.0709270738,0.0,0.0,1.7141223948225823,0.0,-2.6766752277651743e-05,0.0,0.06554507573358018,-0.006707493256852118,0.21754261909560296,0.0,0.0,0.0
3089.0,9.581898658508708,5.811438061993806,0.0,0.0,-7.005684074822174e-06,0.0,0.0,4.097314233678263,-15.0709270738,0.0,0.0,1.714123828315543,0.0,-2.5187682001135475e-05,0.0,0.06554503876488066,-0.006707520720055246,0.21754235853637974,0.0,0.0,0.0
3090.0,9.581905795013588,5.811432711975428,0.0,0.0,-6.564304662096755e-06,0.0,0.0,4.0973074485050525,-15.0709270738,0.0,0.0,1.7141252634703754,0.0,-2.3600763819543745e-05,0.0,0.06554500436846744,-0.006707542518417459,0.21754210877126434,0.0,0.0,0.0
3091.0,9.581912889015632,5.811427805806016,0.0,0.0,-6.120816738790695e-06,0.0,0.0,4.097301105771781,-15.0709270738,0.0,0.0,1.7141267000342344,0.0,-2.2006267338650555e-05,0.0,0.06554497255594613,-0.0067075586361032835,0.21754186986796514,0.0,0.0,0.0
3092.0,9.58191993914549,5.811423345302732,0.0,0.0,-5.675295829977926e-06,0.0,0.0,4.097295207549243,-15.0709270738,0.0,0.0,1.7141281377534892,0.0,-2.0404464093255135e-05,0.0,0.06554494333848088,-0.006707569058268054,0.2175416418923742,0.0,0.0,0.0
3093.0,9.581926944038848,5.811419332206207,0.0,0.0,-5.227817985319596e-06,0.0,0.0,4.097289755832439,-15.0709270738,0.0,0.0,1.714129576373768,0.0,-1.8795627502284775e-05,0.0,0.06554491672679133,-0.006707573771062611,0.2175414249085516,0.0,0.0,0.0
3094.0,9.581933902336685,5.81141576818007,0.0,0.0,-4.778459766458172e-06,0.0,0.0,4.097284752540069,-15.0709270738,0.0,0.0,1.7141310156400014,0.0,-1.7180032823472068e-05,0.0,0.06554489273114995,-0.006707572761637859,0.21754121897871007,0.0,0.0,0.0
3095.0,9.581940812685525,5.811412654810482,0.0,0.0,-4.327298234292788e-06,0.0,0.0,4.097280199514016,-15.0709270738,0.0,0.0,1.7141324552964665,0.0,-1.5557957107606606e-05,0.0,0.06554487136137908,-0.006707566018149258,0.21754102416319987,0.0,0.0,0.0
3096.0,9.5819476737377,5.811409993605692,0.0,0.0,-3.874410936136989e-06,0.0,0.0,4.0972760985188605,-15.0709270738,0.0,0.0,1.7141338950868317,0.0,-1.3929679152365309e-05,0.0,0.06554485262684831,-0.006707553529760921,0.217540840520494,0.0,0.0,0.0
3097.0,9.581954484151598,5.8114077859956,0.0,0.0,-3.4198758927650184e-06,0.0,0.0,4.097272451241397,-15.0709270738,0.0,0.0,1.7141353347542028,0.0,-1.2295479455743459e-05,0.0,0.06554483653647178,-0.006707535286649899,0.21754066810717393,0.0,0.0,0.0
3098.0,9.581961242591923,5.811406033331336,0.0,0.0,-2.9637715853405094e-06,0.0,0.0,4.097269259290169,-15.0709270738,0.0,0.0,1.714136774041167,0.0,-1.0655640169064383e-05,0.0,0.06554482309870567,-0.006707511280009862,0.21754050697791508,0.0,0.0,0.0
3099.0,9.581967947729943,5.81140473688485,0.0,0.0,-2.506176942240018e-06,0.0,0.0,4.09726652419501,-15.0709270738,0.0,0.0,1.7141382126898392,0.0,-9.01044504961247e-06,0.0,0.06554481232154571,-0.006707481502054954,0.21754035718547332,0.0,0.0,0.0
3100.0,9.581974598243752,5.8114038978485185,0.0,0.0,-2.0471713257665624e-06,0.0,0.0,4.097264247406613,-15.0709270738,0.0,0.0,1.714139650441905,0.0,-7.360179412872206e-06,0.0,0.06554480421252476,-0.006707445946023252,0.2175402187806713,0.0,0.0,0.0
3101.0,9.581981192818514,5.811403517334765,0.0,0.0,-1.5868345187563444e-06,0.0,0.0,4.097262430296094,-15.0709270738,0.0,0.0,1.714141087038671,0.0,-5.705130084384572e-06,0.0,0.06554479877871049,-0.006707404606180217,0.21754009181238526,0.0,0.0,0.0
3102.0,9.581987730146722,5.811403596375687,0.0,0.0,-1.125246711083067e-06,0.0,0.0,4.097261074154581,-15.0709270738,0.0,0.0,1.7141425222211062,0.0,-4.04558535123673e-06,0.0,0.06554479602670311,-0.006707357477821738,0.21753997632753205,0.0,0.0,0.0
3103.0,9.581994208928444,5.811404135922705,0.0,0.0,-6.624884860606432e-07,0.0,0.0,4.097260180192815,-15.0709270738,0.0,0.0,1.7141439557298899,0.0,-2.381834913187808e-06,0.0,0.06554479596263327,-0.006707304557277374,0.21753987237105676,0.0,0.0,0.0
3104.0,9.582000627871576,5.811405136846221,0.0,0.0,-1.9864080674536458e-07,0.0,0.0,4.097259749540764,-15.0709270738,0.0,0.0,1.7141453873054573,0.0,-7.141698334346558e-07,0.0,0.06554479859215988,-0.006707245841912901,0.21753977998592033,0.0,0.0,0.0
3105.0,9.582006985692091,5.811406599935294,0.0,0.0,2.662149978554285e-07,0.0,0.0,4.097259783247247,-15.0709270738,0.0,0.0,1.7141468166880474,0.0,9.57117510957137e-07,0.0,0.06554480392046817,-0.006707181330133163,0.21753969921308774,0.0,0.0,0.0
3106.0,9.582013281114289,5.811408525897324,0.0,0.0,7.319972466777739e-07,0.0,0.0,4.097260282279578,-15.0709270738,0.0,0.0,1.7141482436177462,0.0,2.631733478991463e-06,0.0,0.06554481195226775,-0.006707111021384535,0.21753963009151647,0.0,0.0,0.0
3107.0,9.58201951287104,5.811410915357755,0.0,0.0,1.1986239205752398e-06,0.0,0.0,4.097261247523218,-15.0709270738,0.0,0.0,1.714149667834537,0.0,4.309383215965149e-06,0.0,0.06554482269179074,-0.006707034916157026,0.21753957265814516,0.0,0.0,0.0
3108.0,9.582025679704037,5.811413768859793,0.0,0.0,1.6660126763945395e-06,0.0,0.0,4.0972626797814495,-15.0709270738,0.0,0.0,1.7141510890783431,0.0,5.989770704054786e-06,0.0,0.06554483614279003,-0.006706953015986616,0.2175395269478829,0.0,0.0,0.0
3109.0,9.582031780364035,5.81141708686413,0.0,0.0,2.1340808611337363e-06,0.0,0.0,4.097264579775051,-15.0709270738,0.0,0.0,1.7141525070890786,0.0,7.672598813199107e-06,0.0,0.06554485230853759,-0.006706865323457031,0.21753949299359848,0.0,0.0,0.0
3110.0,9.5820378136111,5.811420869748695,0.0,0.0,2.602745526186258e-06,0.0,0.0,4.097266948142002,-15.0709270738,0.0,0.0,1.7141539216066937,0.0,9.357569352288487e-06,0.0,0.06554487119182291,-0.006706771842201406,0.21753947082611041,0.0,0.0,0.0
3111.0,9.582043778214851,5.811425117808409,0.0,0.0,3.071923441667755e-06,0.0,0.0,4.09726978543719,-15.0709270738,0.0,0.0,1.7141553323712193,0.0,1.104438312065091e-05,0.0,0.06554489279495142,-0.006706672576904021,0.217539460474177,0.0,0.0,0.0
3112.0,9.582049672954701,5.811429831254958,0.0,0.0,3.5415311108258617e-06,0.0,0.0,4.097273092132139,-15.0709270738,0.0,0.0,1.714156739122819,0.0,1.2732739959834657e-05,0.0,0.06554491711974313,-0.006706567533301552,0.21753946196448665,0.0,0.0,0.0
3113.0,9.582055496620098,5.811435010216578,0.0,0.0,4.0114847845249016e-06,0.0,0.0,4.097276868614749,-15.0709270738,0.0,0.0,1.7141581416018292,0.0,1.4422338805659074e-05,0.0,0.0655449441675312,-0.006706456718184289,0.2175394753216492,0.0,0.0,0.0
3114.0,9.582061248010767,5.811440654737864,0.0,0.0,4.481700475808156e-06,0.0,0.0,4.09728111518905,-15.0709270738,0.0,0.0,1.714159539548814,0.0,1.6112877740542857e-05,0.0,0.06554497393916084,-0.006706340139397027,0.21753950056818652,0.0,0.0,0.0
3115.0,9.582066925936942,5.81144676477958,0.0,0.0,4.9520939745345455e-06,0.0,0.0,4.097285832074972,-15.0709270738,0.0,0.0,1.7141609327046083,0.0,1.780405404609859e-05,0.0,0.06554500643498788,-0.006706217805839923,0.21753953772452467,0.0,0.0,0.0
3116.0,9.58207252921961,5.811453340218494,0.0,0.0,5.422580862083008e-06,0.0,0.0,4.0972910194081305,-15.0709270738,0.0,0.0,1.7141623208103631,0.0,1.9495564255969347e-05,0.0,0.06554504165487796,-0.006706089727469208,0.21753958680898539,0.0,0.0,0.0
3117.0,9.582078056690742,5.811460380847222,0.0,0.0,5.893076526128113e-06,0.0,0.0,4.0972966772396235,-15.0709270738,0.0,0.0,1.714163703607598,0.0,2.1187104208920117e-05,0.0,0.06554507959820534,-0.006705955915297407,0.21753964783777874,0.0,0.0,0.0
3118.0,9.582083507193525,5.811467886374091,0.0,0.0,6.3634961754788094e-06,0.0,0.0,4.097302805535846,-15.0709270738,0.0,0.0,1.714165080838245,0.0,2.2878369102154965e-05,0.0,0.06554512026385204,-0.006705816381393739,0.21753972082499534,0.0,0.0,0.0
3119.0,9.5820888795826,5.811475856423016,0.0,0.0,6.833754854984333e-06,0.0,0.0,4.097309404178319,-15.0709270738,0.0,0.0,1.7141664522446964,0.0,2.4569053544874387e-05,0.0,0.06554516365020704,-0.006705671138884053,0.21753980578259993,0.0,0.0,0.0
3120.0,9.582094172724286,5.811484290533387,0.0,0.0,7.3037674604963016e-06,0.0,0.0,4.0973164729635325,-15.0709270738,0.0,0.0,1.7141678175698543,0.0,2.6258851612033464e-05,0.0,0.06554520975516555,-0.006705520201950768,0.21753990272042428,0.0,0.0,0.0
3121.0,9.582099385496816,5.811493188159979,0.0,0.0,7.773448753890972e-06,0.0,0.0,4.097324011602804,-15.0709270738,0.0,0.0,1.7141691765571752,0.0,2.7947456898315113e-05,0.0,0.06554525857612818,-0.006705363585832416,0.21754001164616127,0.0,0.0,0.0
3122.0,9.58210451679056,5.811502548672869,0.0,0.0,8.242713378148991e-06,0.0,0.0,4.097332019722152,-15.0709270738,0.0,0.0,1.7141705289507172,0.0,2.9634562572308814e-05,0.0,0.06554531011000067,-0.006705201306823269,0.21754013256535892,0.0,0.0,0.0
3123.0,9.58210956550825,5.8115123713573755,0.0,0.0,8.711475872485553e-06,0.0,0.0,4.097340496862184,-15.0709270738,0.0,0.0,1.7141718744951913,0.0,3.1319861430869477e-05,0.0,0.06554536435319316,-0.006705033382272435,0.2175402654814147,0.0,0.0,0.0
3124.0,9.582114530565207,5.811522655414009,0.0,0.0,9.17965068753139e-06,0.0,0.0,4.097349442478004,-15.0709270738,0.0,0.0,1.7141732129360054,0.0,3.300304595365788e-05,0.0,0.06554542130161992,-0.00670485983058311,0.21754041039557087,0.0,0.0,0.0
3125.0,9.58211941088956,5.811533399958438,0.0,0.0,9.647152200560963e-06,0.0,0.0,4.097358855939126,-15.0709270738,0.0,0.0,1.7141745440193121,0.0,3.4683808357849706e-05,0.0,0.06554548095069898,-0.006704680671211355,0.21754056730690927,0.0,0.0,0.0
3126.0,9.582124205422465,5.811544604021468,0.0,0.0,1.011389473076824e-05,0.0,0.0,4.097368736529411,-15.0709270738,0.0,0.0,1.7141758674920569,0.0,3.636184065301461e-05,0.0,0.06554554329535205,-0.006704495924664877,0.21754073621234735,0.0,0.0,0.0
3127.0,9.582128913118334,5.811556266549044,0.0,0.0,1.0579792554582238e-05,0.0,0.0,4.097379083447018,-15.0709270738,0.0,0.0,1.7141771831020254,0.0,3.8036834696137126e-05,0.0,0.0655456083300042,-0.006704305612501488,0.21754091710663392,0.0,0.0,0.0
3128.0,9.582133532945036,5.811568386402257,0.0,0.0,1.1044759921023512e-05,0.0,0.0,4.097389895804367,-15.0709270738,0.0,0.0,1.7141784905978898,0.0,3.9708482246783834e-05,0.0,0.06554567604858397,-0.006704109757327464,0.2175411099823457,0.0,0.0,0.0
3129.0,9.582138063884122,5.811580962357376,0.0,0.0,1.1508711067098207e-05,0.0,0.0,4.09740117262812,-15.0709270738,0.0,0.0,1.7141797897292559,0.0,4.1376475022404554e-05,0.0,0.06554574644452339,-0.006703908382795595,0.21754131482988404,0.0,0.0,0.0
3130.0,9.582142504931033,5.8115939931058875,0.0,0.0,1.1971560233224453e-05,0.0,0.0,4.097412912859175,-15.0709270738,0.0,0.0,1.7141810802467123,0.0,4.304050475374879e-05,0.0,0.06554581951075811,-0.006703701513603208,0.21754153163747214,0.0,0.0,0.0
3131.0,9.582146855095315,5.8116074772545545,0.0,0.0,1.2433221678693181e-05,0.0,0.0,4.09742511535268,-15.0709270738,0.0,0.0,1.7141823619018748,0.0,4.470026324040507e-05,0.0,0.06554589523972763,-0.006703489175489907,0.21754176039115267,0.0,0.0,0.0
3132.0,9.58215111340082,5.811621413325492,0.0,0.0,1.2893609697156753e-05,0.0,0.0,4.0974377788780565,-15.0709270738,0.0,0.0,1.7141836344474353,0.0,4.635544240643932e-05,0.0,0.06554597362337565,-0.006703271395235022,0.21754200107478558,0.0,0.0,0.0
3133.0,9.582155278885919,5.811635799756253,0.0,0.0,1.3352638632142048e-05,0.0,0.0,4.0974509021190455,-15.0709270738,0.0,0.0,1.7141848976372076,0.0,4.800573435612033e-05,0.0,0.06554605465315043,-0.006703048200655079,0.2175422536700466,0.0,0.0,0.0
3134.0,9.582159350603701,5.8116506348999355,0.0,0.0,1.381022289259063e-05,0.0,0.0,4.097464483673762,-15.0709270738,0.0,0.0,1.7141861512261736,0.0,4.9650831429741665e-05,0.0,0.06554613832000536,-0.006702819620600861,0.21754251815642567,0.0,0.0,0.0
3135.0,9.58216332762218,5.8116659170253,0.0,0.0,1.4266276968417965e-05,0.0,0.0,4.097478522054768,-15.0709270738,0.0,0.0,1.7141873949705317,0.0,5.129042625951131e-05,0.0,0.06554622461439955,-0.006702585684954493,0.21754279451122654,0.0,0.0,0.0
3136.0,9.582167209024487,5.811681644316907,0.0,0.0,1.4720715446088472e-05,0.0,0.0,4.097493015689165,-15.0709270738,0.0,0.0,1.714188628627742,0.0,5.2924211825497474e-05,0.0,0.06554631352629839,-0.006702346424626068,0.2175430827095659,0.0,0.0,0.0
3137.0,9.582170993909076,5.811697814875266,0.0,0.0,1.517345302421026e-05,0.0,0.0,4.097507962918693,-15.0709270738,0.0,0.0,1.714189851956573,0.0,5.455188151164437e-05,0.0,0.06554640504517455,-0.006702101871550445,0.21754338272437346,0.0,0.0,0.0
3138.0,9.58217468138991,5.8117144267170024,0.0,0.0,1.5624404529138446e-05,0.0,0.0,4.097523361999854,-15.0709270738,0.0,0.0,1.7141910647171485,0.0,5.6173129161818196e-05,0.0,0.06554649916000863,-0.006701852058683386,0.21754369452639205,0.0,0.0,0.0
3139.0,9.58217827059666,5.811731477775041,0.0,0.0,1.607348493058989e-05,0.0,0.0,4.097539211104048,-15.0709270738,0.0,0.0,1.7141922666709926,0.0,5.77876491358934e-05,0.0,0.06554659585929022,-0.006701597019997993,0.21754401808417867,0.0,0.0,0.0
3140.0,9.582181760674896,5.811748965898798,0.0,0.0,1.652060935726531e-05,0.0,0.0,4.097555508317722,-15.0709270738,0.0,0.0,1.714193457581076,0.0,5.939513636586502e-05,0.0,0.06554669513101896,-0.006701336790480614,0.2175443533641053,0.0,0.0,0.0
3141.0,9.582185150786264,5.8117668888543985,0.0,0.0,1.6965693112474815e-05,0.0,0.0,4.097572251642537,-15.0709270738,0.0,0.0,1.714194637211862,0.0,6.099528641197243e-05,0.0,0.0655467969627056,-0.006701071406126635,0.21754470033036033,0.0,0.0,0.0
3142.0,9.582188440108684,5.811785244324903,0.0,0.0,1.7408651689764835e-05,0.0,0.0,4.097589438995552,-15.0709270738,0.0,0.0,1.714195805329351,0.0,6.258779551882787e-05,0.0,0.06554690134137331,-0.0067008009039361965,0.21754505894495074,0.0,0.0,0.0
3143.0,9.582191627836524,5.811804029910549,0.0,0.0,1.784940078854274e-05,0.0,0.0,4.097607068209421,-15.0709270738,0.0,0.0,1.714196961701128,0.0,6.417236067153593e-05,0.0,0.06554700825355893,-0.006700525321909512,0.2175454291677042,0.0,0.0,0.0
3144.0,9.582194713180785,5.811823243129014,0.0,0.0,1.828785632969915e-05,0.0,0.0,4.097625137032607,-15.0709270738,0.0,0.0,1.7141981060964069,0.0,6.574867965180425e-05,0.0,0.06554711768531443,-0.00670024469904229,0.21754581095627162,0.0,0.0,0.0
3145.0,9.582197695369272,5.811842881415687,0.0,0.0,1.872393447122107e-05,0.0,0.0,4.0976436431296115,-15.0709270738,0.0,0.0,1.7141992382860751,0.0,6.731645109402095e-05,0.0,0.0655472296222084,-0.006699959075320602,0.21754620426613058,0.0,0.0,0.0
3146.0,9.582200573646777,5.811862942123957,0.0,0.0,1.9157551623796564e-05,0.0,0.0,4.097662584081218,-15.0709270738,0.0,0.0,1.7142003580427394,0.0,6.887537454130107e-05,0.0,0.06554734404932756,-0.006699668491715896,0.21754660905058842,0.0,0.0,0.0
3147.0,9.582203347275241,5.811883422525521,0.0,0.0,1.9588624466405777e-05,0.0,0.0,4.097681957384753,-15.0709270738,0.0,0.0,1.7142014651407678,0.0,7.042515050148363e-05,0.0,0.06554746095127857,-0.006699372990179683,0.21754702526078634,0.0,0.0,0.0
3148.0,9.582206015533934,5.811904319810703,0.0,0.0,2.001706996189653e-05,0.0,0.0,4.097701760454365,-15.0709270738,0.0,0.0,1.7142025593563384,0.0,7.196548050307294e-05,0.0,0.0655475803121897,-0.006699072613637891,0.21754745284570362,0.0,0.0,0.0
3149.0,9.582208577719612,5.811925631088791,0.0,0.0,2.0442805372541987e-05,0.0,0.0,4.097721990621312,-15.0709270738,0.0,0.0,1.7142036404674785,0.0,7.349606715111507e-05,0.0,0.0655477021157127,-0.006698767405985309,0.21754789175216227,0.0,0.0,0.0
3150.0,9.582211033146686,5.811947353388383,0.0,0.0,2.0865748275576532e-05,0.0,0.0,4.097742645134271,-15.0709270738,0.0,0.0,1.7142047082541128,0.0,7.501661418299591e-05,0.0,0.0655478263450248,-0.0066984574120797225,0.21754834192483213,0.0,0.0,0.0
3151.0,9.582213381147383,5.811969483657764,0.0,0.0,2.1285816578707064e-05,0.0,0.0,4.09776372115966,-15.0709270738,0.0,0.0,1.7142057624981044,0.0,7.65268265241504e-05,0.0,0.0655479529828307,-0.006698142677735719,0.21754880330623622,0.0,0.0,0.0
3152.0,9.582215621071898,5.8119920187652765,0.0,0.0,2.170292853559886e-05,0.0,0.0,4.097785215781975,-15.0709270738,0.0,0.0,1.714206802983301,0.0,7.802641034368046e-05,0.0,0.06554808201136472,-0.006697823249718515,0.2175492758367569,0.0,0.0,0.0
3153.0,9.582217752288555,5.812014955499723,0.0,0.0,2.211700276132885e-05,0.0,0.0,4.09780712600415,-15.0709270738,0.0,0.0,1.7142078294955736,0.0,7.951507310985542e-05,0.0,0.06554821341239297,-0.0066974991757376146,0.21754975945464175,0.0,0.0,0.0
3154.0,9.58221977418396,5.8120382905707775,0.0,0.0,2.2527958247811768e-05,0.0,0.0,4.097829448747914,-15.0709270738,0.0,0.0,1.7142088418228631,0.0,8.099252364551497e-05,0.0,0.06554834716721576,-0.006697170504440048,0.21755025409601036,0.0,0.0,0.0
3155.0,9.582221686163141,5.812062020609411,0.0,0.0,2.2935714379183623e-05,0.0,0.0,4.097852180854189,-15.0709270738,0.0,0.0,1.7142098397552221,0.0,8.245847218331862e-05,0.0,0.06554848325666987,-0.006696837285403587,0.2175507596948617,0.0,0.0,0.0
3156.0,9.582223487649706,5.8120861421683365,0.0,0.0,2.3340190947150913e-05,0.0,0.0,4.09787531908348,-15.0709270738,0.0,0.0,1.7142108230848567,0.0,8.3912630420872e-05,0.0,0.0655486216611311,-0.006696499569129849,0.217551276183081,0.0,0.0,0.0
3157.0,9.582225178085977,5.812110651722463,0.0,0.0,2.3741308166299487e-05,0.0,0.0,4.097898860116295,-15.0709270738,0.0,0.0,1.7142117916061679,0.0,8.535471157570816e-05,0.0,0.06554876236051681,-0.006696157407037093,0.21755180349044817,0.0,0.0,0.0
3158.0,9.582226756933133,5.812135545669371,0.0,0.0,2.4138986689357187e-05,0.0,0.0,4.097922800553575,-15.0709270738,0.0,0.0,1.7142127451157956,0.0,8.678443044010278e-05,0.0,0.06554890533428866,-0.006695810851452891,0.2175523415446456,0.0,0.0,0.0
3159.0,9.582228223671349,5.812160820329794,0.0,0.0,2.4533147622410376e-05,0.0,0.0,4.0979471369171385,-15.0709270738,0.0,0.0,1.7142136834126553,0.0,8.820150343572375e-05,0.0,0.06554905056145524,-0.006695459955606525,0.217552890271267,0.0,0.0,0.0
3160.0,9.582229577799925,5.812186471948128,0.0,0.0,2.49237125400715e-05,0.0,0.0,4.097971865650143,-15.0709270738,0.0,0.0,1.7142146062979853,0.0,8.96056486681049e-05,0.0,0.06554919802057499,-0.006695104773621424,0.21755344959382658,0.0,0.0,0.0
3161.0,9.582230818837418,5.812212496692943,0.0,0.0,2.531060350059235e-05,0.0,0.0,4.097996983117561,-15.0709270738,0.0,0.0,1.7142155135753825,0.0,9.09965859809248e-05,0.0,0.06554934768975904,-0.006694745360507154,0.2175540194337681,0.0,0.0,0.0
3162.0,9.582231946321775,5.812238890657517,0.0,0.0,2.5693743060924073e-05,0.0,0.0,4.098022485606672,-15.0709270738,0.0,0.0,1.7142164050508457,0.0,9.237403701009417e-05,0.0,0.06554949954667433,-0.006694381772151467,0.21755459971047508,0.0,0.0,0.0
3163.0,9.582232959810447,5.8122656498603815,0.0,0.0,2.6073054291718205e-05,0.0,0.0,4.098048369327567,-15.0709270738,0.0,0.0,1.7142172805328144,0.0,9.373772523763193e-05,0.0,0.06554965356854658,-0.006694014065311976,0.21755519034128074,0.0,0.0,0.0
3164.0,9.582233858880517,5.81229277024588,0.0,0.0,2.6448460792266e-05,0.0,0.0,4.098074630413673,-15.0709270738,0.0,0.0,1.714218139832207,0.0,9.508737604531939e-05,0.0,0.06554980973216358,-0.006693642297607813,0.21755579124147878,0.0,0.0,0.0
3165.0,9.582234643128817,5.812320247684747,0.0,0.0,2.681988670537406e-05,0.0,0.0,4.098101264922283,-15.0709270738,0.0,0.0,1.714218982762464,0.0,9.642271676812617e-05,0.0,0.06554996801387838,-0.006693266527511121,0.21755640232433426,0.0,0.0,0.0
3166.0,9.582235312172038,5.812348077974698,0.0,0.0,2.7187256732175492e-05,0.0,0.0,4.098128268835115,-15.0709270738,0.0,0.0,1.7142198091395828,0.0,9.774347674740448e-05,0.0,0.06555012838961267,-0.006692886814338134,0.21755702350109501,0.0,0.0,0.0
3167.0,9.582235865646844,5.812376256841029,0.0,0.0,2.7550496146868275e-05,0.0,0.0,4.098155638058871,-15.0709270738,0.0,0.0,1.714220618782158,0.0,9.904938738382252e-05,0.0,0.0655502908348602,-0.006692503218240359,0.21755765468100347,0.0,0.0,0.0
3168.0,9.582236303209982,5.812404779937241,0.0,0.0,2.7909530811383058e-05,0.0,0.0,4.098183368425819,-15.0709270738,0.0,0.0,1.7142214115114216,0.0,0.00010034018219004433,0.0,0.06555045532469034,-0.006692115800195547,0.21755829577130864,0.0,0.0,0.0
3169.0,9.582236624538378,5.812433642845669,0.0,0.0,2.8264287189977792e-05,0.0,0.0,4.098211455694392,-15.0709270738,0.0,0.0,1.714222187151277,0.0,0.00010161559684314757,0.0,0.0655506218337516,-0.006691724621998296,0.21755894667727904,0.0,0.0,0.0
3170.0,9.582236829329247,5.812462841078129,0.0,0.0,2.861469236375148e-05,0.0,0.0,4.09823989554979,-15.0709270738,0.0,0.0,1.7142229455283386,0.0,0.00010287536923675079,0.0,0.06555079033627544,-0.006691329746250779,0.21755960730221507,0.0,0.0,0.0
3171.0,9.582236917300182,5.812492370076582,0.0,0.0,2.896067404507789e-05,0.0,0.0,4.098268683604614,-15.0709270738,0.0,0.0,1.7142236864719678,0.0,0.00010411923953285392,0.0,0.06555096080607992,-0.006690931236353004,0.2175602775474628,0.0,0.0,0.0
3172.0,9.582236888189255,5.8125222252138045,0.0,0.0,2.9302160591956662e-05,0.0,0.0,4.098297815399494,-15.0709270738,0.0,0.0,1.7142244098143102,0.0,0.00010534695021338213,0.0,0.0655511332165736,-0.006690529156493166,0.2175609573124273,0.0,0.0,0.0
3173.0,9.582236741755104,5.8125524017940835,0.0,0.0,2.963908102228021e-05,0.0,0.0,4.098327286403751,-15.0709270738,0.0,0.0,1.7142251153903327,0.0,0.00010655824613142803,0.0,0.06555130754075952,-0.006690123571637729,0.21756164649458715,0.0,0.0,0.0
3174.0,9.582236477777013,5.812582895053913,0.0,0.0,2.9971365028008012e-05,0.0,0.0,4.098357092016056,-15.0709270738,0.0,0.0,1.7142258030378565,0.0,0.00010775287456216164,0.0,0.06555148375123913,-0.006689714547521292,0.2175623449895082,0.0,0.0,0.0
3175.0,9.58223609605501,5.8126137001627125,0.0,0.0,3.0298942989251125e-05,0.0,0.0,4.098387227565118,-15.0709270738,0.0,0.0,1.7142264725975949,0.0,0.00010893058525341819,0.0,0.06555166182021645,-0.0066893021506364,0.21756305269085907,0.0,0.0,0.0
3176.0,9.582235596409932,5.812644812223559,0.0,0.0,3.062174598826337e-05,0.0,0.0,4.098417688310373,-15.0709270738,0.0,0.0,1.7142271239131865,0.0,0.00011009113047595154,0.0,0.06555184171950222,-0.006688886448223172,0.21756376949042594,0.0,0.0,0.0
3177.0,9.58223497868351,5.812676226273928,0.0,0.0,3.093970582333407e-05,0.0,0.0,4.098448469442698,-15.0709270738,0.0,0.0,1.7142277568312299,0.0,0.00011123426507333442,0.0,0.06555202342051814,-0.006688467508258661,0.2175644952781282,0.0,0.0,0.0
3178.0,9.58223424273844,5.812707937286452,0.0,0.0,3.125275502258117e-05,0.0,0.0,4.098479566085133,-15.0709270738,0.0,0.0,1.7142283712013189,0.0,0.00011235974651150157,0.0,0.06555220689430123,-0.00668804539944623,0.21756522994203442,0.0,0.0,0.0
3179.0,9.582233388458446,5.812739940169687,0.0,0.0,3.156082685764321e-05,0.0,0.0,4.098510973293614,-15.0709270738,0.0,0.0,1.7142289668760728,0.0,0.00011346733492793005,0.0,0.06555239211150828,-0.00668762019120471,0.21756597336837863,0.0,0.0,0.0
3180.0,9.58223241574835,5.8127722297689015,0.0,0.0,3.186385535726313e-05,0.0,0.0,4.098542686057728,-15.0709270738,0.0,0.0,1.7142295437111734,0.0,0.00011455679318043199,0.0,0.06555257904242025,-0.0066871919536572455,0.21756672544157693,0.0,0.0,0.0
3181.0,9.582231324534137,5.812804800866869,0.0,0.0,3.2161775320768205e-05,0.0,0.0,4.098574699301475,-15.0709270738,0.0,0.0,1.714230101565394,0.0,0.00011562788689557456,0.0,0.06555276765694687,-0.006686760757620355,0.21756748604424458,0.0,0.0,0.0
3182.0,9.582230114763004,5.812837648184677,0.0,0.0,3.245452233143797e-05,0.0,0.0,4.098607007884043,-15.0709270738,0.0,0.0,1.7142306403006335,0.0,0.0001166803845166988,0.0,0.06555295792463137,-0.006686326674592402,0.21756825505721322,0.0,0.0,0.0
3183.0,9.582228786403418,5.8128707663825505,0.0,0.0,3.2742032769756824e-05,0.0,0.0,4.098639606600604,-15.0709270738,0.0,0.0,1.7142311597819466,0.0,0.00011771405735152468,0.0,0.06555314981465507,-0.006685889776742324,0.21756903235954894,0.0,0.0,0.0
3184.0,9.58222733944517,5.812904150060687,0.0,0.0,3.302424382655516e-05,0.0,0.0,4.098672490183112,-15.0709270738,0.0,0.0,1.7142316598775746,0.0,0.00011872867961935659,0.0,0.06555334329584228,-0.006685450136897891,0.21756981782856993,0.0,0.0,0.0
3185.0,9.582225773899417,5.812937793760102,0.0,0.0,3.3301093516028355e-05,0.0,0.0,4.098705653301125,-15.0709270738,0.0,0.0,1.7142321404589769,0.0,0.00011972402849785107,0.0,0.0655535383366651,-0.006685007828534095,0.21757061133986538,0.0,0.0,0.0
3186.0,9.582224089798725,5.81297169196349,0.0,0.0,3.357252068863696e-05,0.0,0.0,4.0987390905626295,-15.0709270738,0.0,0.0,1.7142326014008606,0.0,0.00012069988416935855,0.0,0.06555373490524835,-0.006684562925761084,0.21757141276731398,0.0,0.0,0.0
3187.0,9.58222228719711,5.813005839096098,0.0,0.0,3.383846504388333e-05,0.0,0.0,4.098772796514887,-15.0709270738,0.0,0.0,1.7142330425812107,0.0,0.00012165602986682218,0.0,0.06555393296937473,-0.0066841155033123545,0.21757222198310305,0.0,0.0,0.0
3188.0,9.582220366170073,5.813040229526606,0.0,0.0,3.4098867142961194e-05,0.0,0.0,4.098806765645289,-15.0709270738,0.0,0.0,1.7142334638813166,0.0,0.00012259225191922114,0.0,0.06555413249648973,-0.006683665636532332,0.21757303885774829,0.0,0.0,0.0
3189.0,9.58221832681463,5.813074857568027,0.0,0.0,3.4353668421277944e-05,0.0,0.0,4.0988409923822235,-15.0709270738,0.0,0.0,1.7142338651858031,0.0,0.00012350833979655785,0.0,0.06555433345370687,-0.0066832134013643935,0.2175738632601133,0.0,0.0,0.0
3190.0,9.582216169249337,5.8131097174786115,0.0,0.0,3.460281120084491e-05,0.0,0.0,4.098875471095956,-15.0709270738,0.0,0.0,1.7142342463826559,0.0,0.0001244040861543716,0.0,0.06555453580781292,-0.006682758874338168,0.21757469505743,0.0,0.0,0.0
3191.0,9.582213893614322,5.813144803462773,0.0,0.0,3.484623870253295e-05,0.0,0.0,4.0989101960995225,-15.0709270738,0.0,0.0,1.7142346073632506,0.0,0.0001252792868777698,0.0,0.06555473952527327,-0.006682302132557036,0.217575534115319,0.0,0.0,0.0
3192.0,9.582211500071297,5.813180109672014,0.0,0.0,3.508389505819529e-05,0.0,0.0,4.0989451616496355,-15.0709270738,0.0,0.0,1.7142349480223782,0.0,0.00012613374112498298,0.0,0.06555494457223715,-0.0066818432536855515,0.2175763802978104,0.0,0.0,0.0
3193.0,9.582208988803579,5.813215630205872,0.0,0.0,3.5315725322648836e-05,0.0,0.0,4.098980361947598,-15.0709270738,0.0,0.0,1.7142352682582738,0.0,0.00012696725137041276,0.0,0.0655551509145432,-0.006681382315936429,0.2175772334673652,0.0,0.0,0.0
3194.0,9.582206360016098,5.813251359112873,0.0,0.0,3.554167548551497e-05,0.0,0.0,4.0990157911402365,-15.0709270738,0.0,0.0,1.7142355679726364,0.0,0.0001277796234471759,0.0,0.06555535851772493,-0.00668091939805783,0.21757809348489648,0.0,0.0,0.0
3195.0,9.582203613935407,5.813287290391498,0.0,0.0,3.576169248291792e-05,0.0,0.0,4.099051443320837,-15.0709270738,0.0,0.0,1.7142358470706611,0.0,0.000128570666589138,0.0,0.06555556734701627,-0.0066804545793200665,0.2175789602097914,0.0,0.0,0.0
3196.0,9.582200750809692,5.81332341799116,0.0,0.0,3.5975724209035725e-05,0.0,0.0,4.099087312530101,-15.0709270738,0.0,0.0,1.714236105461059,0.0,0.00012934019347241865,0.0,0.06555577736735724,-0.00667998793950253,0.21757983349993337,0.0,0.0,0.0
3197.0,9.582197770908762,5.81335973581319,0.0,0.0,3.618371952750457e-05,0.0,0.0,4.099123392757108,-15.0709270738,0.0,0.0,1.7142363430560819,0.0,0.00013008802025637106,0.0,0.06555598854339964,-0.00667951955888034,0.2175807132117244,0.0,0.0,0.0
3198.0,9.582194674524052,5.813396237711836,0.0,0.0,3.638562828267263e-05,0.0,0.0,4.099159677940291,-15.0709270738,0.0,0.0,1.7142365597715452,0.0,0.00013081396662402214,0.0,0.06555620083951282,-0.006679049518211008,0.21758159920010797,0.0,0.0,0.0
3199.0,9.582191461968618,5.813432917495273,0.0,0.0,3.6581401310698446e-05,0.0,0.0,4.09919616196842,-15.0709270738,0.0,0.0,1.7142367555268532,0.0,0.00013151785582195548,0.0,0.0655564142197895,-0.006678577898720686,0.2175824913185921,0.0,0.0,0.0
3200.0,9.58218813357712,5.813469768926621,0.0,0.0,3.677099045049654e-05,0.0,0.0,4.099232838681605,-15.0709270738,0.0,0.0,1.7142369302450158,0.0,0.00013219951469964643,0.0,0.06555662864805165,-0.0066781047820907435,0.21758338941927252,0.0,0.0,0.0
3201.0,9.582184689705809,5.813506785724974,0.0,0.0,3.695434855452433e-05,0.0,0.0,4.099269701872298,-15.0709270738,0.0,0.0,1.7142370838526766,0.0,0.00013285877374822851,0.0,0.06555684408785648,-0.00667763025044385,0.2175842933528569,0.0,0.0,0.0
3202.0,9.582181130732511,5.813543961566444,0.0,0.0,3.7131429499410254e-05,0.0,0.0,4.099306745286316,-15.0709270738,0.0,0.0,1.7142372162801287,0.0,0.00013349546713869063,0.0,0.06555706050250244,-0.006677154386330139,0.21758520296868816,0.0,0.0,0.0
3203.0,9.5821774570566,5.813581290085205,0.0,0.0,3.7302188196418176e-05,0.0,0.0,4.099343962623869,-15.0709270738,0.0,0.0,1.714237327461336,0.0,0.0001341094327594872,0.0,0.06555727785503525,-0.006676677272713219,0.21758611811476924,0.0,0.0,0.0
3204.0,9.582173669098973,5.813618764874555,0.0,0.0,3.746658060174758e-05,0.0,0.0,4.0993813475406,-15.0709270738,0.0,0.0,1.7142374173339547,0.0,0.0001347005122535598,0.0,0.06555749610825407,-0.0066761989929561005,0.2175870386377877,0.0,0.0,0.0
3205.0,9.582169767302018,5.813656379487985,0.0,0.0,3.762456372667011e-05,0.0,0.0,4.099418893648634,-15.0709270738,0.0,0.0,1.7142374858393508,0.0,0.00013526855105477198,0.0,0.06555771522471772,-0.006675719630806959,0.2175879643831401,0.0,0.0,0.0
3206.0,9.582165752129582,5.813694127440258,0.0,0.0,3.7776095647492793e-05,0.0,0.0,4.09945659451764,-15.0709270738,0.0,0.0,1.7142375329226178,0.0,0.00013581339842372284,0.0,0.06555793516675083,-0.0066752392703850055,0.21758889519495775,0.0,0.0,0.0
3207.0,9.582161624066927,5.813732002208496,0.0,0.0,3.792113551535394e-05,0.0,0.0,4.0994944436758995,-15.0709270738,0.0,0.0,1.7142375585325969,0.0,0.00013633490748296096,0.0,0.06555815589645023,-0.00667475799616582,0.21758983091613182,0.0,0.0,0.0
3208.0,9.582157383620693,5.813769997233277,0.0,0.0,3.805964356584589e-05,0.0,0.0,4.099532434611386,-15.0709270738,0.0,0.0,1.714237562621891,0.0,0.000136832935251577,0.0,0.06555837737569124,-0.006674275892967124,0.21759077138833915,0.0,0.0,0.0
3209.0,9.582153031318848,5.813808105919738,0.0,0.0,3.819158112845922e-05,0.0,0.0,4.099570560772856,-15.0709270738,0.0,0.0,1.714237545146882,0.0,0.00013730734267915703,0.0,0.06555859956613413,-0.006673793045934115,0.2175917164520681,0.0,0.0,0.0
3210.0,9.58214856771064,5.813846321638694,0.0,0.0,3.831691063585406e-05,0.0,0.0,4.099608815570945,-15.0709270738,0.0,0.0,1.7142375060677493,0.0,0.00013775799467911508,0.0,0.06555882242923053,-0.006673309540524766,0.21759266594664506,0.0,0.0,0.0
3211.0,9.582143993366536,5.813884637727759,0.0,0.0,3.843559563294964e-05,0.0,0.0,4.099647192379278,-15.0709270738,0.0,0.0,1.7142374453484814,0.0,0.00013818476016137505,0.0,0.06555904592622995,-0.006672825462495119,0.21759361971026067,0.0,0.0,0.0
3212.0,9.582139308878174,5.813923047492475,0.0,0.0,3.854760078583385e-05,0.0,0.0,4.099685684535584,-15.0709270738,0.0,0.0,1.714237362956891,0.0,0.00013858751206440633,0.0,0.06555927001818637,-0.0066723408978845156,0.21759457757999695,0.0,0.0,0.0
3213.0,9.582134514858293,5.813961544207453,0.0,0.0,3.8652891890487614e-05,0.0,0.0,4.0997242853428215,-15.0709270738,0.0,0.0,1.7142372588646317,0.0,0.00013896612738659628,0.0,0.06555949466596486,-0.006671855933000528,0.2175955393918539,0.0,0.0,0.0
3214.0,9.582129611940667,5.814000121117523,0.0,0.0,3.875143588132875e-05,0.0,0.0,4.099762988070315,-15.0709270738,0.0,0.0,1.7142371330472086,0.0,0.00013932048721697481,0.0,0.06555971983024815,-0.006671370654404055,0.2175965049807772,0.0,0.0,0.0
3215.0,9.582124600780038,5.814038771438884,0.0,0.0,3.884320083956157e-05,0.0,0.0,4.099801785954894,-15.0709270738,0.0,0.0,1.71423698548399,0.0,0.00013965047676524304,0.0,0.06555994547154341,-0.006670885148894287,0.21759747418068548,0.0,0.0,0.0
3216.0,9.582119482052036,5.814077488360271,0.0,0.0,3.8928156001343534e-05,0.0,0.0,4.099840672202049,-15.0709270738,0.0,0.0,1.7142368161582215,0.0,0.00013995598539114543,0.0,0.06556017155018899,-0.00667039950349349,0.21759844682449833,0.0,0.0,0.0
3217.0,9.58211425645311,5.814116265044121,0.0,0.0,3.9006271765758456e-05,0.0,0.0,4.099879639987085,-15.0709270738,0.0,0.0,1.714236625057036,0.0,0.0001402369066331488,0.0,0.06556039802636121,-0.006669913805431776,0.21759942274416397,0.0,0.0,0.0
3218.0,9.582108924700439,5.814155094627757,0.0,0.0,3.9077519702597416e-05,0.0,0.0,4.099918682456292,-15.0709270738,0.0,0.0,1.7142364121714646,0.0,0.00014049313823643133,0.0,0.06556062486008116,-0.006669428142131881,0.21760040177068787,0.0,0.0,0.0
3219.0,9.582103487531846,5.814193970224562,0.0,0.0,3.914187255994503e-05,0.0,0.0,4.099957792728118,-15.0709270738,0.0,0.0,1.7142361774964447,0.0,0.00014072458218017392,0.0,0.06556085201122165,-0.006668942601193745,0.21760138373416094,0.0,0.0,0.0
3220.0,9.582097945705712,5.8142328849251825,0.0,0.0,3.919930427157045e-05,0.0,0.0,4.09999696389435,-15.0709270738,0.0,0.0,1.7142359210308324,0.0,0.00014093114470415123,0.0,0.06556107943951406,-0.006668457270379152,0.21760236846378844,0.0,0.0,0.0
3221.0,9.582092300000879,5.814271831798716,0.0,0.0,3.9249789964117236e-05,0.0,0.0,4.100036189021307,-15.0709270738,0.0,0.0,1.7142356427774086,0.0,0.00014111273633460146,0.0,0.06556130710455535,-0.0066679722375961314,0.21760335578791876,0.0,0.0,0.0
3222.0,9.582086551216554,5.814310803893919,0.0,0.0,3.929330596409658e-05,0.0,0.0,4.100075461151033,-15.0709270738,0.0,0.0,1.714235342742886,0.0,0.00014126927190939072,0.0,0.06556153496581507,-0.0066674875908836195,0.21760434553407265,0.0,0.0,0.0
3223.0,9.582080700172206,5.814349794240419,0.0,0.0,3.932982980467928e-05,0.0,0.0,4.100114773302502,-15.0709270738,0.0,0.0,1.7142350209379176,0.0,0.00014140067060245602,0.0,0.0655617629826423,-0.006667003418395573,0.21760533752897263,0.0,0.0,0.0
3224.0,9.58207474770746,5.814388795849927,0.0,0.0,3.935934023228135e-05,0.0,0.0,4.100154118472824,-15.0709270738,0.0,0.0,1.714234677377103,0.0,0.00014150685594750787,0.0,0.06556199111427287,-0.00666651980838566,0.21760633159857215,0.0,0.0,0.0
3225.0,9.582068694681995,5.814427801717464,0.0,0.0,3.938181721294772e-05,0.0,0.0,4.10019348963847,-15.0709270738,0.0,0.0,1.714234312078994,0.0,0.00014158775586100875,0.0,0.06556221931983634,-0.006666036849191231,0.21760732756808598,0.0,0.0,0.0
3226.0,9.582062541975418,5.814466804822585,0.0,0.0,3.9397241938528635e-05,0.0,0.0,4.100232879756485,-15.0709270738,0.0,0.0,1.7142339250661003,0.0,0.00014164330266440808,0.0,0.06556244755836324,-0.006665554629217807,0.21760832526201968,0.0,0.0,0.0
3227.0,9.582056290487156,5.814505798130613,0.0,0.0,3.9405596832649105e-05,0.0,0.0,4.100272281765722,-15.0709270738,0.0,0.0,1.7142335163648905,0.0,0.00014167343310563508,0.0,0.0655626757887922,-0.006665073236923169,0.21760932450419984,0.0,0.0,0.0
3228.0,9.582049941136335,5.814544774593878,0.0,0.0,3.940686555646675e-05,0.0,0.0,4.100311688588079,-15.0709270738,0.0,0.0,1.714233086005799,0.0,0.00014167808837983221,0.0,0.0655629039699771,-0.006664592760801488,0.2176103251178046,0.0,0.0,0.0
3229.0,9.582043494861653,5.814583727152959,0.0,0.0,3.940103301422125e-05,0.0,0.0,4.100351093129732,-15.0709270738,0.0,0.0,1.7142326340232268,0.0,0.00014165721414934155,0.0,0.06556313206069447,-0.0066641132893676125,0.21761132692539376,0.0,0.0,0.0
3230.0,9.58203695262125,5.814622648737934,0.0,0.0,3.93880853585698e-05,0.0,0.0,4.100390488282389,-15.0709270738,0.0,0.0,1.7142321604555457,0.0,0.00014161076056292316,0.0,0.06556336001965057,-0.006663634911140914,0.21761232974893996,0.0,0.0,0.0
3231.0,9.582030315392581,5.814661532269632,0.0,0.0,3.936800999571022e-05,0.0,0.0,4.100429866924533,-15.0709270738,0.0,0.0,1.7142316653450989,0.0,0.00014153868227421193,0.0,0.06556358780548886,-0.006663157714629539,0.21761333340985917,0.0,0.0,0.0
3232.0,9.582023584172276,5.814700370660884,0.0,0.0,3.934079559028724e-05,0.0,0.0,4.100469221922685,-15.0709270738,0.0,0.0,1.7142311487381994,0.0,0.00014144093845939635,0.0,0.06556381537679716,-0.006662681788314334,0.21761433772904182,0.0,0.0,0.0
3233.0,9.582016759976002,5.814739156817795,0.0,0.0,3.9306432070084076e-05,0.0,0.0,4.100508546132661,-15.0709270738,0.0,0.0,1.7142306106851333,0.0,0.0001413174928341273,0.0,0.0655640426921151,-0.006662207220632849,0.21761534252688405,0.0,0.0,0.0
3234.0,9.582009843838316,5.814777883640995,0.0,0.0,3.92649106304954e-05,0.0,0.0,4.100547832400839,-15.0709270738,0.0,0.0,1.7142300512401567,0.0,0.0001411683136696422,0.0,0.0655642697099415,-0.00666173409996329,0.21761634762331888,0.0,0.0,0.0
3235.0,9.582002836812524,5.81481654402692,0.0,0.0,3.9216223738780594e-05,0.0,0.0,4.100587073565425,-15.0709270738,0.0,0.0,1.714229470461495,0.0,0.00014099337380810088,0.0,0.06556449638874166,-0.006661262514608482,0.21761735283784778,0.0,0.0,0.0
3236.0,9.581995739970527,5.814855130869076,0.0,0.0,3.9160365138098107e-05,0.0,0.0,4.100626262457733,-15.0709270738,0.0,0.0,1.7142288684113431,0.0,0.00014079265067713643,0.0,0.06556472268695492,-0.006660792552779793,0.21761835798957244,0.0,0.0,0.0
3237.0,9.581988554402665,5.814893637059316,0.0,0.0,3.9097329851317696e-05,0.0,0.0,4.100665391903458,-15.0709270738,0.0,0.0,1.7142282451558577,0.0,0.00014056612630360837,0.0,0.06556494856300199,-0.006660324302580983,0.21761936289722625,0.0,0.0,0.0
3238.0,9.581981281217562,5.814932055489118,0.0,0.0,3.902711418461001e-05,0.0,0.0,4.100704454723961,-15.0709270738,0.0,0.0,1.714227600765157,0.0,0.0001403137873265574,0.0,0.06556517397529243,-0.006659857851992176,0.21762036737920637,0.0,0.0,0.0
3239.0,9.581973921541962,5.814970379050865,0.0,0.0,3.89497157308118e-05,0.0,0.0,4.10074344373755,-15.0709270738,0.0,0.0,1.7142269353133148,0.0,0.00014003562500935473,0.0,0.06556539888223216,-0.006659393288853663,0.21762137125360576,0.0,0.0,0.0
3240.0,9.581966476520567,5.81500860063913,0.0,0.0,3.8865133372569006e-05,0.0,0.0,4.100782351760773,-15.0709270738,0.0,0.0,1.714226248878357,0.0,0.00013973163525105435,0.0,0.06556562324223089,-0.006658930700849802,0.21762237433824527,0.0,0.0,0.0
3241.0,9.58195894731586,5.81504671315196,0.0,0.0,3.877336728525019e-05,0.0,0.0,4.100821171609705,-15.0709270738,0.0,0.0,1.7142255415422554,0.0,0.00013940181859692095,0.0,0.06556584701370968,-0.006658470175492884,0.21762337645070595,0.0,0.0,0.0
3242.0,9.581951335107943,5.815084709492164,0.0,0.0,3.8674418939635115e-05,0.0,0.0,4.100859896101244,-15.0709270738,0.0,0.0,1.7142248133909206,0.0,0.00013904618024815097,0.0,0.06556607015510842,-0.006658011800106958,0.21762437740836144,0.0,0.0,0.0
3243.0,9.581943641094353,5.815122582568601,0.0,0.0,3.856829110437611e-05,0.0,0.0,4.100898518054406,-15.0709270738,0.0,0.0,1.7142240645141946,0.0,0.0001386647300707781,0.0,0.06556629262489339,-0.0066575556618117815,0.21762537702841023,0.0,0.0,0.0
3244.0,9.581935866489887,5.815160325297474,0.0,0.0,3.845498784822943e-05,0.0,0.0,4.100937030291631,-15.0709270738,0.0,0.0,1.7142232950058434,0.0,0.00013825748260375316,0.0,0.0655665143815648,-0.006657101847506536,0.2176263751279086,0.0,0.0,0.0
3245.0,9.581928012526417,5.815197930603619,0.0,0.0,3.8334514542056744e-05,0.0,0.0,4.100975425640072,-15.0709270738,0.0,0.0,1.714222504963547,0.0,0.00013782445706619881,0.0,0.06556673538366427,-0.006656650443853815,0.21762737152380318,0.0,0.0,0.0
3246.0,9.581920080452702,5.815235391421801,0.0,0.0,3.820687786059768e-05,0.0,0.0,4.101013696932909,-15.0709270738,0.0,0.0,1.7142216944888924,0.0,0.00013736567736384253,0.0,0.06556695558978251,-0.0066562015372634425,0.21762836603296337,0.0,0.0,0.0
3247.0,9.581912071534205,5.815272700698009,0.0,0.0,3.807208578401008e-05,0.0,0.0,4.101051837010647,-15.0709270738,0.0,0.0,1.7142208636873626,0.0,0.00013688117209461551,0.0,0.0655671749585668,-0.00665575521387643,0.21762935847221468,0.0,0.0,0.0
3248.0,9.581903987052888,5.815309851390749,0.0,0.0,3.7930147599178184e-05,0.0,0.0,4.101089838722426,-15.0709270738,0.0,0.0,1.7142200126683234,0.0,0.0001363709745534185,0.0,0.06556739344872863,-0.006655311559548752,0.2176303486583714,0.0,0.0,0.0
3249.0,9.581895828307026,5.815346836472341,0.0,0.0,3.7781073900787314e-05,0.0,0.0,4.101127694927325,-15.0709270738,0.0,0.0,1.7142191415450156,0.0,0.00013583512273604925,0.0,0.06556761101905115,-0.006654870659835402,0.21763133640826954,0.0,0.0,0.0
3250.0,9.581887596611002,5.815383648930214,0.0,0.0,3.762487659216673e-05,0.0,0.0,4.1011653984956755,-15.0709270738,0.0,0.0,1.7142182504345387,0.0,0.00013527365934229766,0.0,0.06556782762839693,-0.006654432599974239,0.21763232153880013,0.0,0.0,0.0
3251.0,9.581879293295104,5.815420281768205,0.0,0.0,3.746156888589786e-05,0.0,0.0,4.101202942310363,-15.0709270738,0.0,0.0,1.714217339457842,0.0,0.00013468663177819838,0.0,0.06556804323571538,-0.006653997464869971,0.21763330386694216,0.0,0.0,0.0
3252.0,9.581870919705318,5.815456728007849,0.0,0.0,3.729116530418509e-05,0.0,0.0,4.1012403192681415,-15.0709270738,0.0,0.0,1.7142164087397074,0.0,0.00013407409215743073,0.0,0.06556825780005046,-0.006653565339078196,0.21763428320979555,0.0,0.0,0.0
3253.0,9.58186247720312,5.8154929806896805,0.0,0.0,3.7113681678995466e-05,0.0,0.0,4.1012775222809426,-15.0709270738,0.0,0.0,1.714215458408738,0.0,0.0001334360973018889,0.0,0.06556847128054816,-0.006653136306789376,0.2176352593846149,0.0,0.0,0.0
3254.0,9.581853967165262,5.815529032874523,0.0,0.0,3.692913515196e-05,0.0,0.0,4.101314544277185,-15.0709270738,0.0,0.0,1.7142144885973387,0.0,0.0001327727087413959,0.0,0.06556868363646412,-0.006652710451812899,0.21763623220884226,0.0,0.0,0.0
3255.0,9.581845390983553,5.815564877644787,0.0,0.0,3.6737544174040516e-05,0.0,0.0,4.1013513782030815,-15.0709270738,0.0,0.0,1.7142134994417058,0.0,0.0001320839927125754,0.0,0.06556889482717124,-0.006652287857561098,0.2176372015001407,0.0,0.0,0.0
3256.0,9.58183675006464,5.815600508105758,0.0,0.0,3.653892850495502e-05,0.0,0.0,4.101388017023954,-15.0709270738,0.0,0.0,1.7142124910818044,0.0,0.00013137002015685653,0.0,0.06556910481216718,-0.006651868607033526,0.21763816707642755,0.0,0.0,0.0
3257.0,9.581828045829793,5.815635917386891,0.0,0.0,3.6333309212371825e-05,0.0,0.0,4.101424453725535,-15.0709270738,0.0,0.0,1.7142114636613561,0.0,0.0001306308667176476,0.0,0.06556931355108199,-0.006651452782801021,0.2176391287559078,0.0,0.0,0.0
3258.0,9.581819279714667,5.815671098643098,0.0,0.0,3.6120708670864355e-05,0.0,0.0,4.101460681315281,-15.0709270738,0.0,0.0,1.7142104173278172,0.0,0.0001298666127366506,0.0,0.06556952100368561,-0.006651040466989874,0.21764008635710727,0.0,0.0,0.0
3259.0,9.581810453169084,5.815706045056037,0.0,0.0,3.590115056062404e-05,0.0,0.0,4.101496692823673,-15.0709270738,0.0,0.0,1.7142093522323636,0.0,0.00012907734324930643,0.0,0.06556972712989545,-0.006650631741266233,0.21764103969890636,0.0,0.0,0.0
3260.0,9.581801567656791,5.8157407498353955,0.0,0.0,3.567465986594152e-05,0.0,0.0,4.101532481305527,-15.0709270738,0.0,0.0,1.7142082685298687,0.0,0.0001282631479794079,0.0,0.06556993188978391,-0.006650226686820207,0.21764198860057313,0.0,0.0,0.0
3261.0,9.581792624655234,5.8157752062201755,0.0,0.0,3.544126287344523e-05,0.0,0.0,4.1015680398412915,-15.0709270738,0.0,0.0,1.714207166378884,0.0,0.00012742412133284086,0.0,0.06557013524358592,-0.006649825384350425,0.21764293288179687,0.0,0.0,0.0
3262.0,9.581783625655317,5.815809407479972,0.0,0.0,3.5200987170102046e-05,0.0,0.0,4.101603361538356,-15.0709270738,0.0,0.0,1.7142060459416166,0.0,0.00012656036239047075,0.0,0.06557033715170643,-0.006649427914048378,0.21764387236272126,0.0,0.0,0.0
3263.0,9.581774572161159,5.815843346916253,0.0,0.0,3.495386164097985e-05,0.0,0.0,4.101638439532342,-15.0709270738,0.0,0.0,1.7142049073839107,0.0,0.00012567197490017328,0.0,0.06557053757472789,-0.00664903435558277,0.21764480686397808,0.0,0.0,0.0
3264.0,9.581765465689852,5.815877017863632,0.0,0.0,3.4699916466771695e-05,0.0,0.0,4.101673266988408,-15.0709270738,0.0,0.0,1.7142037508752237,0.0,0.0001247590672680089,0.0,0.0655707364734178,-0.006648644788084246,0.21764573620672026,0.0,0.0,0.0
3265.0,9.581756307771217,5.81591041369114,0.0,0.0,3.443918312107969e-05,0.0,0.0,4.101707837102538,-15.0709270738,0.0,0.0,1.714202576588602,0.0,0.00012382175254853326,0.0,0.0655709338087361,-0.006648259290129924,0.21764666021265539,0.0,0.0,0.0
3266.0,9.581747099947549,5.815943527803493,0.0,0.0,3.4171694367462246e-05,0.0,0.0,4.101742143102833,-15.0709270738,0.0,0.0,1.7142013847006599,0.0,0.00012286014843425772,0.0,0.06557112954184262,-0.006647877939728014,0.21764757870407894,0.0,0.0,0.0
3267.0,9.581737843773372,5.815976353642358,0.0,0.0,3.389748425623977e-05,0.0,0.0,4.101776178250805,-15.0709270738,0.0,0.0,1.7142001753915528,0.0,0.0001218743772442414,0.0,0.06557132363410452,-0.0066475008143025704,0.21764849150390758,0.0,0.0,0.0
3268.0,9.581728540815176,5.81600888468761,0.0,0.0,3.361658812106375e-05,0.0,0.0,4.101809935842657,-15.0709270738,0.0,0.0,1.7141989488449534,0.0,0.0001208645659118329,0.0,0.0655715160471037,-0.00664712799067832,0.21764939843571235,0.0,0.0,0.0
3269.0,9.581719192651168,5.8160411144585895,0.0,0.0,3.332904257524511e-05,0.0,0.0,4.101843409210564,-15.0709270738,0.0,0.0,1.7141977052480257,0.0,0.00011983084597154665,0.0,0.06557170674264416,-0.00664675954506562,0.21765029932375182,0.0,0.0,0.0
3270.0,9.581709800871005,5.816073036515353,0.0,0.0,3.3034885507846576e-05,0.0,0.0,4.101876591723953,-15.0709270738,0.0,0.0,1.7141964447913995,0.0,0.00011877335354509092,0.0,0.06557189568275935,-0.006646395553045276,0.21765119399300537,0.0,0.0,0.0
3271.0,9.581700367075536,5.81610464445992,0.0,0.0,3.273415607953515e-05,0.0,0.0,4.101909476790778,-15.0709270738,0.0,0.0,1.7141951676691418,0.0,0.00011769222932653369,0.0,0.0655720828297195,-0.006646036089553678,0.21765208226920602,0.0,0.0,0.0
3272.0,9.581690892876534,5.8161359319375165,0.0,0.0,3.2426894718195614e-05,0.0,0.0,4.101942057858787,-15.0709270738,0.0,0.0,1.7141938740787293,0.0,0.00011658761856660885,0.0,0.06557226814603893,-0.0066456812288679945,0.21765296397887357,0.0,0.0,0.0
3273.0,9.581681379896427,5.816166892637806,0.0,0.0,3.2113143114308316e-05,0.0,0.0,4.101974328416786,-15.0709270738,0.0,0.0,1.7141925642210198,0.0,0.00011545967105617533,0.0,0.0655724515944833,-0.006645331044591238,0.2176538389493476,0.0,0.0,0.0
3274.0,9.581671829768034,5.816197520296128,0.0,0.0,3.179294421608835e-05,0.0,0.0,4.102006281995903,-15.0709270738,0.0,0.0,1.7141912383002245,0.0,0.00011430854110881812,0.0,0.06557263313807686,-0.006644985609637666,0.21765470700882,0.0,0.0,0.0
3275.0,9.581662244134282,5.816227808694715,0.0,0.0,3.146634222438726e-05,0.0,0.0,4.10203791217084,-15.0709270738,0.0,0.0,1.7141898965238749,0.0,0.00011313438754259531,0.0,0.06557281274010966,-0.0066446449962182935,0.2176555679863681,0.0,0.0,0.0
3276.0,9.581652624647942,5.816257751663922,0.0,0.0,3.113338258735923e-05,0.0,0.0,4.102069212561124,-15.0709270738,0.0,0.0,1.714188539102798,0.0,0.00011193737366093816,0.0,0.06557299036414475,-0.006644309275826127,0.21765642171198718,0.0,0.0,0.0
3277.0,9.581642972971345,5.816287343083429,0.0,0.0,3.079411199488966e-05,0.0,0.0,4.10210017683235,-15.0709270738,0.0,0.0,1.7141871662510795,0.0,0.00011071766723269678,0.0,0.06557316597402528,-0.0066439785192219936,0.21765726801662294,0.0,0.0,0.0
3278.0,9.5816332907761,5.816316576883458,0.0,0.0,3.0448578372789105e-05,0.0,0.0,4.102130798697424,-15.0709270738,0.0,0.0,1.7141857781860343,0.0,0.00010947544047134168,0.0,0.06557333953388161,-0.00664365279642018,0.21765810673220415,0.0,0.0,0.0
3279.0,9.581623579742818,5.816345447045966,0.0,0.0,3.009683087675182e-05,0.0,0.0,4.102161071917791,-15.0709270738,0.0,0.0,1.7141843751281751,0.0,0.0001082108700133188,0.0,0.06557351100813844,-0.006643332176674205,0.21765893769167488,0.0,0.0,0.0
3280.0,9.581613841560825,5.816373947605843,0.0,0.0,2.9738919886079106e-05,0.0,0.0,4.102190990304665,-15.0709270738,0.0,0.0,1.714182957301178,0.0,0.00010692413689555822,0.0,0.06557368036152175,-0.006643016728462722,0.21765976072902693,0.0,0.0,0.0
3281.0,9.581604077927878,5.816402072652098,0.0,0.0,2.937489699716908e-05,0.0,0.0,4.10222054772025,-15.0709270738,0.0,0.0,1.7141815249318482,0.0,0.00010561542653214314,0.0,0.06557384755906588,-0.006642706519475641,0.21766057567933164,0.0,0.0,0.0
3282.0,9.581594290549868,5.816429816329036,0.0,0.0,2.9004815016774713e-05,0.0,0.0,4.102249738078949,-15.0709270738,0.0,0.0,1.7141800782500871,0.0,0.00010428492869014453,0.0,0.06557401256612042,-0.006642401616600124,0.21766138237877214,0.0,0.0,0.0
3283.0,9.58158448114054,5.816457172837432,0.0,0.0,2.8628727955024386e-05,0.0,0.0,4.102278555348576,-15.0709270738,0.0,0.0,1.714178617488856,0.0,0.0001029328374646018,0.0,0.06557417534835713,-0.006642102085906987,0.21766218066467521,0.0,0.0,0.0
3284.0,9.581574651421196,5.816484136435697,0.0,0.0,2.824669101821746e-05,0.0,0.0,4.102306993551554,-15.0709270738,0.0,0.0,1.714177142884143,0.0,0.00010155935125269371,0.0,0.06557433587177686,-0.006641807992636917,0.217662970375543,0.0,0.0,0.0
3285.0,9.581564803120399,5.816510701441031,0.0,0.0,2.7858760601384616e-05,0.0,0.0,4.102335046766107,-15.0709270738,0.0,0.0,1.714175654674924,0.0,0.00010016467272706295,0.0,0.06557449410271629,-0.006641519401187082,0.2176637513510843,0.0,0.0,0.0
3286.0,9.581554937973678,5.81653686223057,0.0,0.0,2.7464994280617986e-05,0.0,0.0,4.102362709127443,-15.0709270738,0.0,0.0,1.7141741531031265,0.0,9.874900880831217e-05,0.0,0.06557465000785473,-0.0066412363750977255,0.2176645234322465,0.0,0.0,0.0
3287.0,9.58154505772323,5.81656261324253,0.0,0.0,2.7065450805173e-05,0.0,0.0,4.102389974828937,-15.0709270738,0.0,0.0,1.7141726384135927,0.0,9.731257063667853e-05,0.0,0.0655748035542209,-0.006640958977038869,0.2176652864612464,0.0,0.0,0.0
3288.0,9.58153516411762,5.816587948977337,0.0,0.0,2.6660190089342022e-05,0.0,0.0,4.102416838123294,-15.0709270738,0.0,0.0,1.7141711108540427,0.0,9.585557354288683e-05,0.0,0.06557495470919955,-0.006640687268797171,0.21766604028160172,0.0,0.0,0.0
3289.0,9.581525258911475,5.8166128639987456,0.0,0.0,2.624927320410265e-05,0.0,0.0,4.102443293323713,-15.0709270738,0.0,0.0,1.7141695706750326,0.0,9.437823701819156e-05,0.0,0.0655751034405381,-0.006640421311263009,0.2176667847381616,0.0,0.0,0.0
3290.0,9.581515343865187,5.816637352934957,0.0,0.0,2.583276236853444e-05,0.0,0.0,4.102469334805039,-15.0709270738,0.0,0.0,1.714168018129918,0.0,9.288078468358534e-05,0.0,0.06557524971635323,-0.006640161164417541,0.21766751967713777,0.0,0.0,0.0
3291.0,9.581505420744602,5.816661410479719,0.0,0.0,2.5410720941014744e-05,0.0,0.0,4.1024949570049065,-15.0709270738,0.0,0.0,1.714166453474813,0.0,9.136344425821226e-05,0.0,0.0655753935051374,-0.00663990688732001,0.21766824494613496,0.0,0.0,0.0
3292.0,9.581495491320716,5.816685031393424,0.0,0.0,2.4983213410189417e-05,0.0,0.0,4.102520154424874,-15.0709270738,0.0,0.0,1.7141648769685505,0.0,8.982644752697059e-05,0.0,0.06557553477576529,-0.006639658538095172,0.21766896039418115,0.0,0.0,0.0
3293.0,9.581485557369366,5.81670821050419,0.0,0.0,2.4550305385720496e-05,0.0,0.0,4.10254492163155,-15.0709270738,0.0,0.0,1.7141632888726406,0.0,8.827003030731253e-05,0.0,0.06557567349750029,-0.0066394161739208035,0.21766966587175812,0.0,0.0,0.0
3294.0,9.581475620670918,5.816730942708937,0.0,0.0,2.411206358881098e-05,0.0,0.0,4.102569253257709,-15.0709270738,0.0,0.0,1.7141616894512284,0.0,8.669443241524142e-05,0.0,0.06557580964000076,-0.006639179851015489,0.21767036123083114,0.0,0.0,0.0
3295.0,9.581465683009961,5.8167532229744525,0.0,0.0,2.3668555842511735e-05,0.0,0.0,4.102593144003399,-15.0709270738,0.0,0.0,1.7141600789710534,0.0,8.50998976305243e-05,0.0,0.06557594317332638,-0.00663894962462637,0.21767104632487894,0.0,0.0,0.0
3296.0,9.581455746174985,5.816775046338445,0.0,0.0,2.321985106180541e-05,0.0,0.0,4.102616588637037,-15.0709270738,0.0,0.0,1.7141584577014077,0.0,8.348667366110146e-05,0.0,0.06557607406794447,-0.006638725549017205,0.21767172100892332,0.0,0.0,0.0
3297.0,9.581445811958075,5.816796407910587,0.0,0.0,2.276601924347702e-05,0.0,0.0,4.102639581996498,-15.0709270738,0.0,0.0,1.7141568259140891,0.0,8.185501210672768e-05,0.0,0.065576202294736,-0.0066385076774564955,0.2176723851395584,0.0,0.0,0.0
3298.0,9.581435882154592,5.81681730287355,0.0,0.0,2.2307131455763164e-05,0.0,0.0,4.102662118990189,-15.0709270738,0.0,0.0,1.7141551838833609,0.0,8.02051684218161e-05,0.0,0.06557632782500183,-0.00663829606220577,0.21767303857497994,0.0,0.0,0.0
3299.0,9.581425958562855,5.816837726484023,0.0,0.0,2.184325982778954e-05,0.0,0.0,4.102684194598117,-15.0709270738,0.0,0.0,1.7141535318859056,0.0,7.853740187751962e-05,0.0,0.06557645063046875,-0.006638090754508094,0.21767368117501415,0.0,0.0,0.0
3300.0,9.581416042983825,5.8168576740737254,0.0,0.0,2.1374477538793457e-05,0.0,0.0,4.102705803872945,-15.0709270738,0.0,0.0,1.71415187020078,0.0,7.68519755230378e-05,0.0,0.06557657068329548,-0.0066378918045767316,0.2176743128011463,0.0,0.0,0.0
3301.0,9.581406137220787,5.816877141050407,0.0,0.0,2.0900858807133803e-05,0.0,0.0,4.102726941941036,-15.0709270738,0.0,0.0,1.7141501991093708,0.0,7.514915614615781e-05,0.0,0.0655766879560785,-0.006637699261583724,0.21767493331654947,0.0,0.0,0.0
3302.0,9.581396243079025,5.816896122898834,0.0,0.0,2.042247887909065e-05,0.0,0.0,4.102747604003484,-15.0709270738,0.0,0.0,1.7141485188953505,0.0,7.342921423303777e-05,0.0,0.06557680242185808,-0.006637513173649107,0.2176755425861125,0.0,0.0,0.0
3303.0,9.581386362365507,5.816914615181766,0.0,0.0,1.9939414017457572e-05,0.0,0.0,4.1027677853371385,-15.0709270738,0.0,0.0,1.7141468298446272,0.0,7.169242392724309e-05,0.0,0.06557691405412391,-0.006637333587829863,0.21767614047646805,0.0,0.0,0.0
3304.0,9.581376496888556,5.816932613540918,0.0,0.0,1.9451741489922462e-05,0.0,0.0,4.102787481295619,-15.0709270738,0.0,0.0,1.7141451322452994,0.0,6.99390629880206e-05,0.0,0.06557702282682094,-0.0066371605501091835,0.21767672685602024,0.0,0.0,0.0
3305.0,9.581366648457532,5.816950113697915,0.0,0.0,1.895953955724729e-05,0.0,0.0,4.102806687310306,-15.0709270738,0.0,0.0,1.7141434263876096,0.0,6.816941274784827e-05,0.0,0.06557712871435498,-0.006636994105386054,0.21767730159497234,0.0,0.0,0.0
3306.0,9.581356818882508,5.81696711145523,0.0,0.0,1.846288746123901e-05,0.0,0.0,4.102825398891334,-15.0709270738,0.0,0.0,1.7141417125638956,0.0,6.638375806923212e-05,0.0,0.06557723169159828,-0.0066368342974647415,0.21767786456535354,0.0,0.0,0.0
3307.0,9.581347009973939,5.816983602697108,0.0,0.0,1.7961865412521867e-05,0.0,0.0,4.1028436116285665,-15.0709270738,0.0,0.0,1.7141399910685413,0.0,6.458238730078741e-05,0.0,0.06557733173389504,-0.0066366811690447,0.21767841564104629,0.0,0.0,0.0
3308.0,9.581337223542347,5.8169995833904835,0.0,0.0,1.745655457810677e-05,0.0,0.0,4.102861321192553,-15.0709270738,0.0,0.0,1.7141382621979302,0.0,6.276559223258825e-05,0.0,0.06557742881706691,-0.006636534761710486,0.2176789546978125,0.0,0.0,0.0
3309.0,9.581327461397983,5.81701504958588,0.0,0.0,1.694703706876429e-05,0.0,0.0,4.102878523335487,-15.0709270738,0.0,0.0,1.7141365262503925,0.0,6.093366805080948e-05,0.0,0.06557752291741825,-0.0066363951159219975,0.21767948161332043,0.0,0.0,0.0
3310.0,9.581317725350509,5.817029997418297,0.0,0.0,1.6433395926196207e-05,0.0,0.0,4.102895213892136,-15.0709270738,0.0,0.0,1.7141347835261609,0.0,5.908691329164214e-05,0.0,0.06557761401174149,-0.006636262271004681,0.21767999626717,0.0,0.0,0.0
3311.0,9.581308017208666,5.8170444231080864,0.0,0.0,1.5915715110017903e-05,0.0,0.0,4.102911388780772,-15.0709270738,0.0,0.0,1.7141330343273147,0.0,5.722562979452702e-05,0.0,0.06557770207732233,-0.00663613626514023,0.21768049854091936,0.0,0.0,0.0
3312.0,9.58129833877995,5.8170583229618105,0.0,0.0,1.5394079484543254e-05,0.0,0.0,4.102927044004077,-15.0709270738,0.0,0.0,1.7141312789577334,0.0,5.535012265467616e-05,0.0,0.06557778709194483,-0.006636017135357164,0.2176809883181099,0.0,0.0,0.0
3313.0,9.581288691870279,5.81707169337309,0.0,0.0,1.48685748053807e-05,0.0,0.0,4.102942175650047,-15.0709270738,0.0,0.0,1.714129517723043,0.0,5.346070017491339e-05,0.0,0.06557786903389652,-0.006635904917521793,0.2176814654842914,0.0,0.0,0.0
3314.0,9.581279078283666,5.817084530823437,0.0,0.0,1.4339287705837469e-05,0.0,0.0,4.102956779892872,-15.0709270738,0.0,0.0,1.7141277509305652,0.0,5.1557673816823106e-05,0.0,0.06557794788197335,-0.006635799646329321,0.21768192992704705,0.0,0.0,0.0
3315.0,9.58126949982189,5.817096831883076,0.0,0.0,1.3806305683141798e-05,0.0,0.0,4.102970852993808,-15.0709270738,0.0,0.0,1.7141259788892675,0.0,4.964135815124255e-05,0.0,0.06557802361548454,-0.006635701355295079,0.21768238153601788,0.0,0.0,0.0
3316.0,9.581259958284166,5.817108593211745,0.0,0.0,1.3269717084473899e-05,0.0,0.0,4.102984391302036,-15.0709270738,0.0,0.0,1.7141242019097085,0.0,4.7712070808064354e-05,0.0,0.06557809621425749,-0.006635610076746068,0.21768282020292717,0.0,0.0,0.0
3317.0,9.581250455466819,5.817119811559488,0.0,0.0,1.2729611092819542e-05,0.0,0.0,4.102997391255503,-15.0709270738,0.0,0.0,1.714122420303985,0.0,4.577013242539926e-05,0.0,0.06557816565864236,-0.006635525841812595,0.21768324582160398,0.0,0.0,0.0
3318.0,9.581240993162949,5.817130483767431,0.0,0.0,1.2186077712639038e-05,0.0,0.0,4.10300984938175,-15.0709270738,0.0,0.0,1.7141206343856812,0.0,4.381586659807286e-05,0.0,0.06557823192951684,-0.006635448680420139,0.21768365828800723,0.0,0.0,0.0
3319.0,9.581231573162103,5.8171406067685405,0.0,0.0,1.1639207755360954e-05,0.0,0.0,4.103021762298727,-15.0709270738,0.0,0.0,1.7141188444698132,0.0,4.184959982549009e-05,0.0,0.06557829500829068,-0.006635378621281482,0.21768405750024827,0.0,0.0,0.0
3320.0,9.581222197249947,5.817150177588372,0.0,0.0,1.108909282469646e-05,0.0,0.0,4.103033126715594,-15.0709270738,0.0,0.0,1.7141170508727779,0.0,3.987166145885253e-05,0.0,0.06557835487691012,-0.006635315691888979,0.21768444335861448,0.0,0.0,0.0
3321.0,9.581212867207931,5.8171591933458,0.0,0.0,1.0535825301782669e-05,0.0,0.0,4.103043939433504,-15.0709270738,0.0,0.0,1.7141152539122961,0.0,3.78823836477587e-05,0.0,0.06557841151786224,-0.0066352599185069555,0.21768481576559134,0.0,0.0,0.0
3322.0,9.581203584812966,5.8171676512537305,0.0,0.0,9.979498330152964e-06,0.0,0.0,4.103054197346373,-15.0709270738,0.0,0.0,1.7141134539073573,0.0,3.5882101286179984e-05,0.0,0.06557846491417937,-0.0066352113261645,0.21768517462588477,0.0,0.0,0.0
3323.0,9.581194351837091,5.817175548619806,0.0,0.0,9.42020580053695e-06,0.0,0.0,4.103063897441637,-15.0709270738,0.0,0.0,1.714111651178169,0.0,3.387115195782179e-05,0.0,0.06557851504944323,-0.006635169938648308,0.21768551984644302,0.0,0.0,0.0
3324.0,9.581185170047139,5.817182882847087,0.0,0.0,8.85804233549748e-06,0.0,0.0,4.103073036800988,-15.0709270738,0.0,0.0,1.7141098460460986,0.0,3.1849875880896565e-05,0.0,0.06557856190778902,-0.0066351357784957266,0.2176858513364781,0.0,0.0,0.0
3325.0,9.581176041204415,5.8171896514347186,0.0,0.0,8.293103273896383e-06,0.0,0.0,4.103081612601102,-15.0709270738,0.0,0.0,1.7141080388336167,0.0,2.981861585227865e-05,0.0,0.06557860547390945,-0.006635108866988301,0.217686169007487,0.0,0.0,0.0
3326.0,9.581166967064364,5.817195851978587,0.0,0.0,7.7254846552061e-06,0.0,0.0,4.103089622114343,-15.0709270738,0.0,0.0,1.7141062298642442,0.0,2.7777717191102816e-05,0.0,0.06557864573305872,-0.006635089224144991,0.21768647277327224,0.0,0.0,0.0
3327.0,9.581157949376243,5.8172014821719555,0.0,0.0,7.155283203656883e-06,0.0,0.0,4.103097062709461,-15.0709270738,0.0,0.0,1.7141044194624948,0.0,2.5727527681769133e-05,0.0,0.06557868267105632,-0.006635076868716117,0.2176867625499625,0.0,0.0,0.0
3328.0,9.581148989882788,5.817206539806082,0.0,0.0,6.582596312227673e-06,0.0,0.0,4.103103931852263,-15.0709270738,0.0,0.0,1.7141026079538193,0.0,2.3668397516383635e-05,0.0,0.06557871627429081,-0.00663507181817731,0.21768703825603247,0.0,0.0,0.0
3329.0,9.581140090319893,5.817211022770826,0.0,0.0,6.007522026482425e-06,0.0,0.0,4.10311022710628,-15.0709270738,0.0,0.0,1.714100795664546,0.0,2.160067923664079e-05,0.0,0.06557874652972337,-0.006635074088723561,0.21768729981232257,0.0,0.0,0.0
3330.0,9.581131252416283,5.817214929055233,0.0,0.0,5.43015902825668e-06,0.0,0.0,4.103115946133404,-15.0709270738,0.0,0.0,1.7140989829218283,0.0,1.9524727675165226e-05,0.0,0.06557877342489149,-0.006635083695263777,0.21768754714205815,0.0,0.0,0.0
3331.0,9.58112247789318,5.817218256748108,0.0,0.0,4.850606619193036e-06,0.0,0.0,4.103121086694525,-15.0709270738,0.0,0.0,1.7140971700535825,0.0,1.744089989630786e-05,0.0,0.06557879694791231,-0.006635100651415274,0.2176877801708683,0.0,0.0,0.0
3332.0,9.581113768463986,5.8172210040385695,0.0,0.0,4.268964704130402e-06,0.0,0.0,4.103125646650134,-15.0709270738,0.0,0.0,1.7140953573884357,0.0,1.5349555136413907e-05,0.0,0.06557881708748611,-0.006635124969498668,0.2176879988268044,0.0,0.0,0.0
3333.0,9.581105125833952,5.817223169216586,0.0,0.0,3.6853337743499745e-06,0.0,0.0,4.103129623960922,-15.0709270738,0.0,0.0,1.7140935452556638,0.0,1.3251054743573318e-05,0.0,0.06557883383289942,-0.006635156660532965,0.21768820304035819,0.0,0.0,0.0
3334.0,9.581096551699854,5.8172247506734935,0.0,0.0,3.0998148906796647e-06,0.0,0.0,4.103133016688359,-15.0709270738,0.0,0.0,1.7140917339851347,0.0,1.1145762116860027e-05,0.0,0.06557884717402829,-0.006635195734230728,0.21768839274447926,0.0,0.0,0.0
3335.0,9.581088047749674,5.817225746902502,0.0,0.0,2.5125096664588972e-06,0.0,0.0,4.103135822995251,-15.0709270738,0.0,0.0,1.7140899239072516,0.0,9.034042645066659e-06,0.0,0.06557885710134131,-0.00663524219899371,0.2176885678745925,0.0,0.0,0.0
3336.0,9.581079615662272,5.817226156499179,0.0,0.0,1.923520250370995e-06,0.0,0.0,4.1031380411462886,-15.0709270738,0.0,0.0,1.7140881153528902,0.0,6.916263644960886e-06,0.0,0.06557886360590261,-0.006635296061908602,0.21768872836861486,0.0,0.0,0.0
3337.0,9.58107125710707,5.817225978161918,0.0,0.0,1.3329493091401766e-06,0.0,0.0,4.103139669508571,-15.0709270738,0.0,0.0,1.7140863086533473,0.0,4.792794299052558e-06,0.0,0.06557886667937465,-0.006635357328742861,0.2176888741669718,0.0,0.0,0.0
3338.0,9.581062973743725,5.81722521069239,0.0,0.0,7.409000100996042e-07,0.0,0.0,4.103140706552115,-15.0709270738,0.0,0.0,1.714084504140275,0.0,2.6640055928948833e-06,0.0,0.06557886631402111,-0.006635426003941,0.21768900521261333,0.0,0.0,0.0
3339.0,9.581054767221815,5.8172238529959746,0.0,0.0,1.4747600363188028e-07,0.0,0.0,4.10314115085035,-15.0709270738,0.0,0.0,1.7140827021456246,0.0,5.302702519246182e-07,0.0,0.06557886250270936,-0.006635502090621026,0.2176891214510294,0.0,0.0,0.0
3340.0,9.581046639180517,5.817221904082174,0.0,0.0,-4.4721859451373505e-07,0.0,0.0,4.103141001080587,-15.0709270738,0.0,0.0,1.7140809030015873,0.0,-1.608037322143328e-06,0.0,0.0655788552389132,-0.006635585590571119,0.21768922283026537,0.0,0.0,0.0
3341.0,9.581038591248292,5.817219363065016,0.0,0.0,-1.0430792210273938e-06,0.0,0.0,4.1031402560244805,-15.0709270738,0.0,0.0,1.7140791070405355,0.0,-3.750541115366904e-06,0.0,0.0655788445167152,-0.006635676504246402,0.2176893093009366,0.0,0.0,0.0
3342.0,9.58103062504257,5.817216229163424,0.0,0.0,-1.640000882958825e-06,0.0,0.0,4.103138914568462,-15.0709270738,0.0,0.0,1.7140773145949622,0.0,-5.896863566040474e-06,0.0,0.06557883033080905,-0.006635774830766175,0.21768938081624273,0.0,0.0,0.0
3343.0,9.581022742169434,5.817212501701587,0.0,0.0,-2.2378781757575633e-06,0.0,0.0,4.1031369757041665,-15.0709270738,0.0,0.0,1.714075525997421,0.0,-8.046625629592382e-06,0.0,0.06557881267650187,-0.00663588056791127,0.21768943733198154,0.0,0.0,0.0
3344.0,9.581014944223305,5.817208180109296,0.0,0.0,-2.8366053014224405e-06,0.0,0.0,4.103134438528829,-15.0709270738,0.0,0.0,1.7140737415804672,0.0,-1.019944684387766e-05,0.0,0.06557879154971627,-0.0066359937121216045,0.2176894788065625,0.0,0.0,0.0
3345.0,9.581007232786636,5.817203263922272,0.0,0.0,-3.436076086760805e-06,0.0,0.0,4.103131302245673,-15.0709270738,0.0,0.0,1.7140719616765985,0.0,-1.235494539486753e-05,0.0,0.06557876694699243,-0.0066361142584940025,0.2176895052010196,0.0,0.0,0.0
3346.0,9.580999609429593,5.817197752782467,0.0,0.0,-4.03618400175316e-06,0.0,0.0,4.103127566164275,-15.0709270738,0.0,0.0,1.7140701866181915,0.0,-1.451273818272022e-05,0.0,0.06557873886548994,-0.00663624220078031,0.217689516479024,0.0,0.0,0.0
3347.0,9.580992075709759,5.817191646438359,0.0,0.0,-4.636822178023889e-06,0.0,0.0,4.103123229700913,-15.0709270738,0.0,0.0,1.7140684167374465,0.0,-1.6672440888235428e-05,0.0,0.06557870730298974,-0.006636377531385754,0.21768951260689592,0.0,0.0,0.0
3348.0,9.580984633171813,5.8171849447452155,0.0,0.0,-5.237883427407959e-06,0.0,0.0,4.103118292378892,-15.0709270738,0.0,0.0,1.7140666523663235,0.0,-1.88336680396561e-05,0.0,0.06557867225789574,-0.006636520241367266,0.2176894935536168,0.0,0.0,0.0
3349.0,9.580977283347234,5.817177647665344,0.0,0.0,-5.839260260616095e-06,0.0,0.0,4.10311275382886,-15.0709270738,0.0,0.0,1.7140648938364835,0.0,-2.099603307982647e-05,0.0,0.06557863372923638,-0.006636670320432664,0.21768945929083972,0.0,0.0,0.0
3350.0,9.580970027753997,5.817169755268324,0.0,0.0,-6.440844905995267e-06,0.0,0.0,4.103106613789097,-15.0709270738,0.0,0.0,1.714063141479227,0.0,-2.315914843369492e-05,0.0,0.06557859171666622,-0.006636827756939245,0.2176894097929008,0.0,0.0,0.0
3351.0,9.580962867896268,5.8171612677312226,0.0,0.0,-7.042529328376815e-06,0.0,0.0,4.103099872105787,-15.0709270738,0.0,0.0,1.7140613956254356,0.0,-2.5322625576134113e-05,0.0,0.06557854622046722,-0.006636992537893349,0.2176893450368291,0.0,0.0,0.0
3352.0,9.580955805264104,5.817152185338782,0.0,0.0,-7.644205248010997e-06,0.0,0.0,4.1030925287332725,-15.0709270738,0.0,0.0,1.7140596566055093,0.0,-2.7486075100073974e-05,0.0,0.06557849724155013,-0.006637164648949798,0.21768926500235647,0.0,0.0,0.0
3353.0,9.580948841333159,5.817142508483598,0.0,0.0,-8.24576415959103e-06,0.0,0.0,4.103084583734291,-15.0709270738,0.0,0.0,1.7140579247493068,0.0,-2.9649106784958477e-05,0.0,0.06557844478145543,-0.006637344074411564,0.21768916967192697,0.0,0.0,0.0
3354.0,9.580941977564382,5.817132237666275,0.0,0.0,-8.847097351349899e-06,0.0,0.0,4.103076037280191,-15.0709270738,0.0,0.0,1.714056200386084,0.0,-3.181132966546618e-05,0.0,0.06557838884235465,-0.006637530797229951,0.21768905903070568,0.0,0.0,0.0
3355.0,9.580935215403732,5.817121373495562,0.0,0.0,-9.448095924242077e-06,0.0,0.0,4.103066889651126,-15.0709270738,0.0,0.0,1.7140544838444356,0.0,-3.3972352100538016e-05,0.0,0.06557832942705105,-0.006637724799004666,0.2176889330665871,0.0,0.0,0.0
3356.0,9.580928556281876,5.8171099166884686,0.0,0.0,-1.004865081119477e-05,0.0,0.0,4.103057141236236,-15.0709270738,0.0,0.0,1.7140527754522328,0.0,-3.6131781842657046e-05,0.0,0.06557826653898066,-0.006637926059984381,0.217688791770203,0.0,0.0,0.0
3357.0,9.580922001613905,5.817097868070364,0.0,0.0,-1.0648652796430962e-05,0.0,0.0,4.103046792533803,-15.0709270738,0.0,0.0,1.7140510755365614,0.0,-3.8289226107388365e-05,0.0,0.06557820018221279,-0.006638134559067491,0.21768863513492998,0.0,0.0,0.0
3358.0,9.580915552799047,5.817085228575057,0.0,0.0,-1.1247992534859948e-05,0.0,0.0,4.103035844151391,-15.0709270738,0.0,0.0,1.7140493844236664,0.0,-4.044429164316345e-05,0.0,0.06557813036145074,-0.006638350273803023,0.21768846315689636,0.0,0.0,0.0
3359.0,9.58090921122038,5.81707199924485,0.0,0.0,-1.1846560571532244e-05,0.0,0.0,4.103024296805966,-15.0709270738,0.0,0.0,1.7140477024388838,0.0,-4.259658480129798e-05,0.0,0.0655780570820323,-0.0066385731803919185,0.21768827583498868,0.0,0.0,0.0
3360.0,9.580902978244549,5.817058181230584,0.0,0.0,-1.2444247361154215e-05,0.0,0.0,4.103012151323996,-15.0709270738,0.0,0.0,1.714046029906588,0.0,-4.474571160622604e-05,0.0,0.06557798034993004,-0.006638803253688458,0.21768807317085764,0.0,0.0,0.0
3361.0,9.580896855221486,5.817043775791654,0.0,0.0,-1.3040943287661483e-05,0.0,0.0,4.102999408641531,-15.0709270738,0.0,0.0,1.714044367150123,0.0,-4.689127782594758e-05,0.0,0.06557790017175161,-0.00663904046720204,0.21768785516892364,0.0,0.0,0.0
3362.0,9.580890843484132,5.817028784296014,0.0,0.0,-1.3636538683846332e-05,0.0,0.0,4.102986069804264,-15.0709270738,0.0,0.0,1.7140427144917503,0.0,-4.9032889042671635e-05,0.0,0.06557781655473988,-0.006639284793099096,0.21768762183638185,0.0,0.0,0.0
3363.0,9.580884944348162,5.817013208220157,0.0,0.0,-1.4230923851032807e-05,0.0,0.0,4.1029721359675735,-15.0709270738,0.0,0.0,1.7140410722525834,0.0,-5.117015072363286e-05,0.0,0.06557772950677296,-0.006639536202205282,0.2176873731832067,0.0,0.0,0.0
3364.0,9.580879159111708,5.81699704914907,0.0,0.0,-1.482398907880079e-05,0.0,0.0,4.102957608396542,-15.0709270738,0.0,0.0,1.7140394407525283,0.0,-5.330266829208559e-05,0.0,0.06557763903636411,-0.006639794664007978,0.21768710922215584,0.0,0.0,0.0
3365.0,9.580873489055096,5.816980308776187,0.0,0.0,-1.5415624664753267e-05,0.0,0.0,4.102942488465963,-15.0709270738,0.0,0.0,1.7140378203102236,0.0,-5.543004719845499e-05,0.0,0.06557754515266156,-0.006640060146658966,0.2176868299687738,0.0,0.0,0.0
3366.0,9.580867935440567,5.816962988903301,0.0,0.0,-1.600572093432604e-05,0.0,0.0,4.102926777660318,-15.0709270738,0.0,0.0,1.7140362112429823,0.0,-5.755189299164227e-05,0.0,0.06557744786544817,-0.006640332616977357,0.21768653544139516,0.0,0.0,0.0
3367.0,9.580862499512026,5.816945091440471,0.0,0.0,-1.6594168260628714e-05,0.0,0.0,4.102910477573743,-15.0709270738,0.0,0.0,1.714034613866728,0.0,-5.966781139044377e-05,0.0,0.06557734718514095,-0.0066406120404528535,0.21768622566114662,0.0,0.0,0.0
3368.0,9.580857182494768,5.816926618405903,0.0,0.0,-1.71808570843227e-05,0.0,0.0,4.102893589909965,-15.0709270738,0.0,0.0,1.7140330284959377,0.0,-6.17774083551047e-05,0.0,0.06557724312279065,-0.0066408983812491496,0.21768590065194954,0.0,0.0,0.0
3369.0,9.580851985595222,5.816907571925816,0.0,0.0,-1.7765677933528617e-05,0.0,0.0,4.102876116482233,-15.0709270738,0.0,0.0,1.7140314554435827,0.0,-6.388029015897983e-05,0.0,0.06557713569008096,-0.0066411916022075385,0.21768556044052145,0.0,0.0,0.0
3370.0,9.580846910000696,5.816887954234279,0.0,0.0,-1.834852144375674e-05,0.0,0.0,4.1028580592132124,-15.0709270738,0.0,0.0,1.7140298950210662,0.0,-6.597606346027856e-05,0.0,0.06557702489932779,-0.006641491664851021,0.2176852050563768,0.0,0.0,0.0
3371.0,9.580841956879123,5.816867767673039,0.0,0.0,-1.8929278377862958e-05,0.0,0.0,4.102839420134872,-15.0709270738,0.0,0.0,1.714028347538167,0.0,-6.806433537390271e-05,0.0,0.06557691076347837,-0.006641798529388315,0.21768483453182771,0.0,0.0,0.0
3372.0,9.580837127378805,5.816847014691326,0.0,0.0,-1.950783964602281e-05,0.0,0.0,4.102820201388347,-15.0709270738,0.0,0.0,1.7140268133029783,0.0,-7.014471354335076e-05,0.0,0.06557679329611023,-0.006642112154718438,0.21768444890198407,0.0,0.0,0.0
3373.0,9.580832422628173,5.816825697845628,0.0,0.0,-2.0084096325719383e-05,0.0,0.0,4.102800405223778,-15.0709270738,0.0,0.0,1.7140252926218498,0.0,-7.221680621267296e-05,0.0,0.06557667251143008,-0.006642432498435186,0.217684048204753,0.0,0.0,0.0
3374.0,9.580827843735536,5.816803819799467,0.0,0.0,-2.0657939681743623e-05,0.0,0.0,4.102780034000139,-15.0709270738,0.0,0.0,1.714023785799328,0.0,-7.428022229847222e-05,0.0,0.0655765484242726,-0.006642759516832228,0.2176836324808379,0.0,0.0,0.0
3375.0,9.58082339178884,5.81678138332313,0.0,0.0,-2.1229261186204185e-05,0.0,0.0,4.102759090185034,-15.0709270738,0.0,0.0,1.714022293138096,0.0,-7.633457146194027e-05,0.0,0.06557642105009902,-0.006643093164908201,0.2176832017737369,0.0,0.0,0.0
3376.0,9.580819067855435,5.816758391293407,0.0,0.0,-2.1797952538539915e-05,0.0,0.0,4.102737576354486,-15.0709270738,0.0,0.0,1.7140208149389204,0.0,-7.837946418090432e-05,0.0,0.06557629040499567,-0.006643433396372092,0.21768275612974103,0.0,0.0,0.0
3377.0,9.580814872981833,5.816734846693281,0.0,0.0,-2.236390568553502e-05,0.0,0.0,4.102715495192695,-15.0709270738,0.0,0.0,1.7140193515005864,0.0,-8.04145118218842e-05,0.0,0.06557615650567244,-0.006643780163648902,0.21768229559793167,0.0,0.0,0.0
3378.0,9.58081080819348,5.816710752611626,0.0,0.0,-2.2927012841327678e-05,0.0,0.0,4.102692849491782,-15.0709270738,0.0,0.0,1.714017903119844,0.0,-8.243932671212686e-05,0.0,0.06557601936946097,-0.006644133417885584,0.21768182023017754,0.0,0.0,0.0
3379.0,9.580806874494522,5.816686112242862,0.0,0.0,-2.3487166507417365e-05,0.0,0.0,4.102669642151512,-15.0709270738,0.0,0.0,1.7140164700913498,0.0,-8.445352221163708e-05,0.0,0.06557587901431297,-0.006644493108957067,0.21768133008113122,0.0,0.0,0.0
3380.0,9.580803072867589,5.816660928886606,0.0,0.0,-2.404425949265987e-05,0.0,0.0,4.102645876178998,-15.0709270738,0.0,0.0,1.714015052707608,0.0,-8.645671278516428e-05,0.0,0.0655757354587981,-0.006644859185472807,0.21768082520822507,0.0,0.0,0.0
3381.0,9.580799404273561,5.816635205947294,0.0,0.0,-2.4598184933248122e-05,0.0,0.0,4.102621554688379,-15.0709270738,0.0,0.0,1.7140136512589148,0.0,-8.844851407413954e-05,0.0,0.06557558872210215,-0.006645231594783224,0.21768030567166688,0.0,0.0,0.0
3382.0,9.580795869651363,5.816608946933789,0.0,0.0,-2.514883631267547e-05,0.0,0.0,4.102596680900489,-15.0709270738,0.0,0.0,1.7140122660332997,0.0,-9.042854296854951e-05,0.0,0.06557543882402461,-0.006645610282986672,0.21767977153443457,0.0,0.0,0.0
3383.0,9.580792469917736,5.816582155458966,0.0,0.0,-2.5696107481680636e-05,0.0,0.0,4.102571258142495,-15.0709270738,0.0,0.0,1.714010897316471,0.0,-9.23964176787454e-05,0.0,0.0655752857849766,-0.006645995194936527,0.21767922286227098,0.0,0.0,0.0
3384.0,9.580789205967035,5.8165548352392795,0.0,0.0,-2.6239892678165193e-05,0.0,0.0,4.102545289847521,-15.0709270738,0.0,0.0,1.7140095453917583,0.0,-9.435175780715338e-05,0.0,0.06557512962597839,-0.006646386274248517,0.21767865972367753,0.0,0.0,0.0
3385.0,9.58078607867102,5.816526990094308,0.0,0.0,-2.6780086547084387e-05,0.0,0.0,4.102518779554253,-15.0709270738,0.0,0.0,1.7140082105400554,0.0,-9.629418441988951e-05,0.0,0.06557497036865685,-0.006646783463308256,0.21767808218990775,0.0,0.0,0.0
3386.0,9.580783088878645,5.816498623946284,0.0,0.0,-2.73165841603057e-05,0.0,0.0,4.102491730906518,-15.0709270738,0.0,0.0,1.714006893039766,0.0,-9.822332011825921e-05,0.0,0.0655748080352429,-0.00664718670327917,0.21767749033496026,0.0,0.0,0.0
3387.0,9.580780237415869,5.8164697408196,0.0,0.0,-2.7849281036432736e-05,0.0,0.0,4.10246414765285,-15.0709270738,0.0,0.0,1.7140055931667497,0.0,-0.00010013878911013197,0.0,0.06557464264856869,-0.006647595934110448,0.21767688423557116,0.0,0.0,0.0
3388.0,9.580777525085448,5.816440344840297,0.0,0.0,-2.8378073160587558e-05,0.0,0.0,4.102436033646034,-15.0709270738,0.0,0.0,1.7140043111942624,0.0,-0.0001020402172811671,0.0,0.0655744742320648,-0.006648011094545381,0.21767626397120582,0.0,0.0,0.0
3389.0,9.580774952666747,5.8164104402355346,0.0,0.0,-2.8902857004154205e-05,0.0,0.0,4.102407392842628,-15.0709270738,0.0,0.0,1.7140030473929064,0.0,-0.00010392723226589983,0.0,0.06557430280975725,-0.006648432122129788,0.21767562962405057,0.0,0.0,0.0
3390.0,9.58077252091555,5.81638003133304,0.0,0.0,-2.9423529544470993e-05,0.0,0.0,4.102378229302467,-15.0709270738,0.0,0.0,1.7140018020305732,0.0,-0.00010579946351864338,0.0,0.0655741284062644,-0.0066488589532210235,0.21767498127900323,0.0,0.0,0.0
3391.0,9.580770230563875,5.8163491225605375,0.0,0.0,-2.993998828447656e-05,0.0,0.0,4.102348547188146,-15.0709270738,0.0,0.0,1.714000575372392,0.0,-0.00010765654238422464,0.0,0.06557395104679381,-0.006649291522996648,0.21767431902366374,0.0,0.0,0.0
3392.0,9.580768082319793,5.81631771844516,0.0,0.0,-3.0452131272300802e-05,0.0,0.0,4.102318350764488,-15.0709270738,0.0,0.0,1.713999367680672,0.0,-0.00010949810216852153,0.0,0.06557377075713883,-0.0066497297654639215,0.21767364294832392,0.0,0.0,0.0
3393.0,9.580766076867247,5.816285823612842,0.0,0.0,-3.095985712079548e-05,0.0,0.0,4.102287644397987,-15.0709270738,0.0,0.0,1.7139981792148546,0.0,-0.00011132377820878332,0.0,0.06557358756367523,-0.006650173613469035,0.21767295314595686,0.0,0.0,0.0
3394.0,9.580764214865884,5.816253442787689,0.0,0.0,-3.146306502701015e-05,0.0,0.0,4.102256432556233,-15.0709270738,0.0,0.0,1.7139970102314557,0.0,-0.00011313320794375408,0.0,0.06557340149335775,-0.006650622998706959,0.21767224971220578,0.0,0.0,0.0
3395.0,9.580762496950877,5.816220580791336,0.0,0.0,-3.196165479159753e-05,0.0,0.0,4.10222471980732,-15.0709270738,0.0,0.0,1.7139958609840162,0.0,-0.00011492603098354212,0.0,0.06557321257371627,-0.006651077851731288,0.21767153274537238,0.0,0.0,0.0
3396.0,9.58076092373277,5.81618724254228,0.0,0.0,-3.2455526838152016e-05,0.0,0.0,4.10219251081923,-15.0709270738,0.0,0.0,1.7139947317230497,0.0,-0.00011670188917924859,0.0,0.06557302083285223,-0.00665153810196438,0.2176708023464048,0.0,0.0,0.0
3397.0,9.580759495797308,5.816153433055193,0.0,0.0,-3.2944582232478045e-05,0.0,0.0,4.102159810359202,-15.0709270738,0.0,0.0,1.713993622695991,0.0,-0.00011846042669234328,0.0,0.06557282629943462,-0.006652003677707699,0.21767005861888472,0.0,0.0,0.0
3398.0,9.58075821370528,5.816119157440226,0.0,0.0,-3.342872270178142e-05,0.0,0.0,4.102126623293081,-15.0709270738,0.0,0.0,1.7139925341471445,0.0,-0.0001202012900637632,0.0,0.06557262900269609,-0.006652474506152431,0.21766930166901435,0.0,0.0,0.0
3399.0,9.580757077992375,5.816084420902278,0.0,0.0,-3.390785065377978e-05,0.0,0.0,4.102092954584646,-15.0709270738,0.0,0.0,1.7139914663176326,0.0,-0.00012192412828271933,0.0,0.06557242897242882,-0.006652950513390293,0.2176685316056029,0.0,0.0,0.0
3400.0,9.58075608916902,5.816049228740267,0.0,0.0,-3.438186919573455e-05,0.0,0.0,4.102058809294919,-15.0709270738,0.0,0.0,1.7139904194453486,0.0,-0.00012362859285522092,0.0,0.06557222623898032,-0.006653431624424486,0.21766774854005216,0.0,0.0,0.0
3401.0,9.580755247720244,5.8160135863463625,0.0,0.0,-3.485068215339015e-05,0.0,0.0,4.102024192581458,-15.0709270738,0.0,0.0,1.713989393764905,0.0,-0.000125314337872265,0.0,0.06557202083324916,-0.006653917763181097,0.2176669525863421,0.0,0.0,0.0
3402.0,9.580754554105534,5.815977499205212,0.0,0.0,-3.5314194089828744e-05,0.0,0.0,4.1019891096976275,-15.0709270738,0.0,0.0,1.713988389507584,0.0,-0.00012698102007772192,0.0,0.06557181278668052,-0.006654408852520402,0.21766614386101546,0.0,0.0,0.0
3403.0,9.5807540087587,5.815940972893144,0.0,0.0,-3.577231032422956e-05,0.0,0.0,4.101953565991854,-15.0709270738,0.0,0.0,1.71398740690129,0.0,-0.00012862829893587623,0.0,0.06557160213126162,-0.006654904814248658,0.21766532248316245,0.0,0.0,0.0
3404.0,9.580753612087744,5.815904013077359,0.0,0.0,-3.622493695052901e-05,0.0,0.0,4.101917566906858,-15.0709270738,0.0,0.0,1.7139864461705017,0.0,-0.00013025583669861056,0.0,0.06557138889951716,-0.006655405569129899,0.21766448857440418,0.0,0.0,0.0
3405.0,9.58075336447473,5.815866625515092,0.0,0.0,-3.6671980855980945e-05,0.0,0.0,4.101881117978869,-15.0709270738,0.0,0.0,1.713985507536223,0.0,-0.00013186329847222902,0.0,0.0655711731245046,-0.0066559110368981655,0.21766364225887652,0.0,0.0,0.0
3406.0,9.580753266275659,5.815828816052764,0.0,0.0,-3.711334973961431e-05,0.0,0.0,4.101844224836829,-15.0709270738,0.0,0.0,1.7139845912159348,0.0,-0.00013345035228391053,0.0,0.06557095483980921,-0.006656421136269741,0.21766278366321257,0.0,0.0,0.0
3407.0,9.58075331782036,5.815790590625118,0.0,0.0,-3.754895213058127e-05,0.0,0.0,4.101806893201564,-15.0709270738,0.0,0.0,1.7139836974235543,0.0,-0.00013501666914776724,0.0,0.06557073407953917,-0.0066569357849556865,0.21766191291652529,0.0,0.0,0.0
3408.0,9.580753519412365,5.815751955254332,0.0,0.0,-3.79786974063921e-05,0.0,0.0,4.10176912888495,-15.0709270738,0.0,0.0,1.7139828263693824,0.0,-0.0001365619231304947,0.0,0.06557051087832061,-0.00665745489967462,0.21766103015038935,0.0,0.0,0.0
3409.0,9.580753871328804,5.815712916049113,0.0,0.0,-3.8402495811038496e-05,0.0,0.0,4.101730937789052,-15.0709270738,0.0,0.0,1.713981978260061,0.0,-0.00013808579141661923,0.0,0.06557028527129224,-0.006657978396165595,0.21766013549882257,0.0,0.0,0.0
3410.0,9.5807543738203,5.81567347920378,0.0,0.0,-3.8820258472996056e-05,0.0,0.0,4.101692325905252,-15.0709270738,0.0,0.0,1.713981153298528,0.0,-0.0001395879543733096,0.0,0.06557005729410033,-0.006658506189201344,0.21765922909826674,0.0,0.0,0.0
3411.0,9.580755027110865,5.815633650997327,0.0,0.0,-3.923189742310585e-05,0.0,0.0,4.101653299313353,-15.0709270738,0.0,0.0,1.7139803516839738,0.0,-0.00014106809561475258,0.0,0.06556982698289314,-0.006659038192601524,0.21765831108756856,0.0,0.0,0.0
3412.0,9.58075583139781,5.815593437792465,0.0,0.0,-3.9637325612328496e-05,0.0,0.0,4.10161386418067,-15.0709270738,0.0,0.0,1.7139795736117955,0.0,-0.00014252590206606828,0.0,0.06556959437431556,-0.006659574319246256,0.21765738160795894,0.0,0.0,0.0
3413.0,9.580756786851648,5.815552846034652,0.0,0.0,-4.003645692937179e-05,0.0,0.0,4.101574026761097,-15.0709270738,0.0,0.0,1.7139788192735557,0.0,-0.00014396106402676968,0.0,0.06556935950550355,-0.006660114481089968,0.21765644080303315,0.0,0.0,0.0
3414.0,9.580757893616012,5.815511882251103,0.0,0.0,-4.042920621818382e-05,0.0,0.0,4.1015337933941645,-15.0709270738,0.0,0.0,1.7139780888569387,0.0,-0.00014537327523373637,0.0,0.06556912241407842,-0.006660658589175333,0.2176554888187294,0.0,0.0,0.0
3415.0,9.580759151807564,5.815470553049784,0.0,0.0,-4.081548929531057e-05,0.0,0.0,4.101493170504075,-15.0709270738,0.0,0.0,1.7139773825457087,0.0,-0.00014676223292369968,0.0,0.06556888313814108,-0.006661206553647256,0.21765452580330794,0.0,0.0,0.0
3416.0,9.58076056151593,5.81542886511839,0.0,0.0,-4.119522296711596e-05,0.0,0.0,4.1014521645987205,-15.0709270738,0.0,0.0,1.7139767005196695,0.0,-0.00014812763789523133,0.0,0.06556864171626614,-0.006661758283767347,0.21765355190732866,0.0,0.0,0.0
3417.0,9.580762122803616,5.815386825223306,0.0,0.0,-4.156832504685655e-05,0.0,0.0,4.101410782268683,-15.0709270738,0.0,0.0,1.7139760429546227,0.0,-0.00014946919457020752,0.0,0.06556839818749603,-0.006662313687928412,0.21765256728362908,0.0,0.0,0.0
3418.0,9.580763835705948,5.815344440208552,0.0,0.0,-4.193471437161212e-05,0.0,0.0,4.101369030186223,-15.0709270738,0.0,0.0,1.7139754100223286,0.0,-0.00015078661105475313,0.0,0.06556815259133489,-0.006662872673669065,0.21765157208730163,0.0,0.0,0.0
3419.0,9.580765700231003,5.815301716994709,0.0,0.0,-4.2294310819064936e-05,0.0,0.0,4.101326915104244,-15.0709270738,0.0,0.0,1.7139748018904646,0.0,-0.00015207959919963978,0.0,0.06556790496774242,-0.006663435147688732,0.21765056647566994,0.0,0.0,0.0
3420.0,9.580767716359555,5.815258662577834,0.0,0.0,-4.264703532412834e-05,0.0,0.0,4.101284443855245,-15.0709270738,0.0,0.0,1.7139742187225897,0.0,-0.00015334787466014007,0.0,0.06556765535712757,-0.006664001015862633,0.21764955060826582,0.0,0.0,0.0
3421.0,9.580769884045015,5.8152152840283575,0.0,0.0,-4.2992809895417154e-05,0.0,0.0,4.101241623350253,-15.0709270738,0.0,0.0,1.7139736606781044,0.0,-0.00015459115695531115,0.0,0.06556740380034227,-0.006664570183257071,0.21764852464680462,0.0,0.0,0.0
3422.0,9.580772203213389,5.8151715884899575,0.0,0.0,-4.33315576315601e-05,0.0,0.0,4.101198460577745,-15.0709270738,0.0,0.0,1.7139731279122126,0.0,-0.00015580916952670788,0.0,0.065567150338675,-0.00666514255414484,0.21764748875516063,0.0,0.0,0.0
3423.0,9.580774673763232,5.815127583178433,0.0,0.0,-4.366320273734917e-05,0.0,0.0,4.101154962602546,-15.0709270738,0.0,0.0,1.7139726205758867,0.0,-0.00015700163979650778,0.0,0.06556689501384413,-0.006665718032020845,0.21764644309934242,0.0,0.0,0.0
3424.0,9.580777295565603,5.815083275380549,0.0,0.0,-4.398767053972175e-05,0.0,0.0,4.101111136564717,-15.0709270738,0.0,0.0,1.7139721388158318,0.0,-0.0001581682992250321,0.0,0.06556663786799152,-0.006666296519617851,0.21764538784746706,0.0,0.0,0.0
3425.0,9.580780068464042,5.815038672452872,0.0,0.0,-4.4304887503576626e-05,0.0,0.0,4.101066989678426,-15.0709270738,0.0,0.0,1.7139716827744467,0.0,-0.00015930888336766785,0.0,0.06556637894367558,-0.006666877918922426,0.21764432316973448,0.0,0.0,0.0
3426.0,9.580782992274527,5.81499378182059,0.0,0.0,-4.461478124741255e-05,0.0,0.0,4.1010225292307965,-15.0709270738,0.0,0.0,1.7139712525897934,0.0,-0.00016042313193114874,0.0,0.06556611828386458,-0.006667462131191154,0.21764324923840056,0.0,0.0,0.0
3427.0,9.580786066785459,5.814948610976315,0.0,0.0,-4.491728055879745e-05,0.0,0.0,4.100977762580754,-15.0709270738,0.0,0.0,1.7139708483955607,0.0,-0.0001615107888292255,0.0,0.06556585593192973,-0.0066680490569667045,0.21764216622775126,0.0,0.0,0.0
3428.0,9.58078929175764,5.814903167478877,0.0,0.0,-4.521231540965328e-05,0.0,0.0,4.1009326971578455,-15.0709270738,0.0,0.0,1.7139704703210317,0.0,-0.00016257160223767046,0.0,0.06556559193163827,-0.006668638596094484,0.2176410743140747,0.0,0.0,0.0
3429.0,9.580792666924257,5.814857458952097,0.0,0.0,-4.549981697136326e-05,0.0,0.0,4.100887340461045,-15.0709270738,0.0,0.0,1.7139701184910514,0.0,-0.00016360532464864124,0.0,0.06556532632714629,-0.0066692306477391244,0.21763997367563387,0.0,0.0,0.0
3430.0,9.580796191990872,5.814811493083548,0.0,0.0,-4.577971762969046e-05,0.0,0.0,4.100841700057551,-15.0709270738,0.0,0.0,1.7139697930259965,0.0,-0.00016461171292436348,0.0,0.06556505916299167,-0.006669825110401206,0.21763886449263858,0.0,0.0,0.0
3431.0,9.58079986663542,5.8147652776233025,0.0,0.0,-4.605195099951057e-05,0.0,0.0,4.100795783581563,-15.0709270738,0.0,0.0,1.7139694940417396,0.0,-0.00016559052835014303,0.0,0.06556479048408682,-0.006670421881934299,0.21763774694721721,0.0,0.0,0.0
3432.0,9.580803690508203,5.814718820382668,0.0,0.0,-4.631645193935346e-05,0.0,0.0,4.100749598733043,-15.0709270738,0.0,0.0,1.7139692216496245,0.0,-0.00016654153668668793,0.0,0.06556452033571133,-0.0066710208595619075,0.21763662122338745,0.0,0.0,0.0
3433.0,9.580807663231901,5.8146721292329016,0.0,0.0,-4.657315656575085e-05,0.0,0.0,4.100703153276469,-15.0709270738,0.0,0.0,1.7139689759564325,0.0,-0.00016746450822173047,0.0,0.06556424876350467,-0.006671621939894748,0.21763548750702738,0.0,0.0,0.0
3434.0,9.580811784401583,5.8146252121039215,0.0,0.0,-4.6822002267384834e-05,0.0,0.0,4.100656455039567,-15.0709270738,0.0,0.0,1.7139687570643547,0.0,-0.0001683592178209309,0.0,0.06556397581345856,-0.006672225018948125,0.2176343459858459,0.0,0.0,0.0
3435.0,9.580816053584712,5.814578076982998,0.0,0.0,-4.7062927719038476e-05,0.0,0.0,4.100609511912031,-15.0709270738,0.0,0.0,1.7139685650709664,0.0,-0.00016922544497806647,0.0,0.06556370153190957,-0.006672829992159249,0.21763319684935267,0.0,0.0,0.0
3436.0,9.580820470321179,5.81453073191343,0.0,0.0,-4.729587289534138e-05,0.0,0.0,4.100562331844235,-15.0709270738,0.0,0.0,1.713968400069195,0.0,-0.00017006297386448055,0.0,0.06556342596553141,-0.006673436754405251,0.2176320402888274,0.0,0.0,0.0
3437.0,9.580825034123315,5.814483184993218,0.0,0.0,-4.752077908431421e-05,0.0,0.0,4.100514922845918,-15.0709270738,0.0,0.0,1.7139682621472998,0.0,-0.00017087159337780613,0.0,0.0655631491613272,-0.006674045200020559,0.21763087649728952,0.0,0.0,0.0
3438.0,9.580829744475931,5.814435444373713,0.0,0.0,-4.773758890069616e-05,0.0,0.0,4.100467292984872,-15.0709270738,0.0,0.0,1.7139681513888414,0.0,-0.00017165109718990626,0.0,0.06556287116662171,-0.006674655222815087,0.2176297056694666,0.0,0.0,0.0
3439.0,9.580834600836347,5.814387518258261,0.0,0.0,-4.7946246299067816e-05,0.0,0.0,4.100419450385604,-15.0709270738,0.0,0.0,1.7139680678726572,0.0,-0.00017240128379407565,0.0,0.06556259202905353,-0.006675266716092129,0.21762852800176313,0.0,0.0,0.0
3440.0,9.580839602634436,5.814339414900831,0.0,0.0,-4.8146696586757226e-05,0.0,0.0,4.100371403227992,-15.0709270738,0.0,0.0,1.713968011672839,0.0,-0.00017312195655146007,0.0,0.06556231179656705,-0.006675879572666646,0.21762734369222853,0.0,0.0,0.0
3441.0,9.580844749272664,5.8142911426046355,0.0,0.0,-4.833888643652684e-05,0.0,0.0,4.100323159745925,-15.0709270738,0.0,0.0,1.7139679828587102,0.0,-0.00017381292373668512,0.0,0.06556203051740456,-0.006676493684883475,0.21762615294052473,0.0,0.0,0.0
3442.0,9.580850040126148,5.814242709720732,0.0,0.0,-4.8522763899045494e-05,0.0,0.0,4.100274728225931,-15.0709270738,0.0,0.0,1.7139679814948012,0.0,-0.00017447399858270906,0.0,0.06556174824009808,-0.006677108944635898,0.21762495594789363,0.0,0.0,0.0
3443.0,9.5808554745427,5.814194124646621,0.0,0.0,-4.8698278415131e-05,0.0,0.0,4.100226117005792,-15.0709270738,0.0,0.0,1.7139680076408288,0.0,-0.0001751049993248477,0.0,0.06556146501346129,-0.006677725243383961,0.21762375291712424,0.0,0.0,0.0
3444.0,9.5808610518429,5.814145395824826,0.0,0.0,-4.886538082777318e-05,0.0,0.0,4.100177334473151,-15.0709270738,0.0,0.0,1.7139680613516752,0.0,-0.00017570574924400745,0.0,0.06556118088658122,-0.006678342472173304,0.21762254405251907,0.0,0.0,0.0
3445.0,9.580866771320151,5.814096531741471,0.0,0.0,-4.902402339392639e-05,0.0,0.0,4.100128389064101,-15.0709270738,0.0,0.0,1.7139681426773699,0.0,-0.000176276076709086,0.0,0.06556089590881013,-0.0066789605216539955,0.21762132955986083,0.0,0.0,0.0
3446.0,9.580872632240753,5.814047540924832,0.0,0.0,-4.917415979607065e-05,0.0,0.0,4.100079289261767,-15.0709270738,0.0,0.0,1.713968251663065,0.0,-0.00017681581521853854,0.0,0.06556061012975697,-0.006679579282099141,0.21762010964637793,0.0,0.0,0.0
3447.0,9.58087863384398,5.813998431943896,0.0,0.0,-4.931574515354286e-05,0.0,0.0,4.100030043594873,-15.0709270738,0.0,0.0,1.7139683883490235,0.0,-0.0001773248034411139,0.0,0.06556032359927912,-0.006680198643424215,0.21761888452071063,0.0,0.0,0.0
3448.0,9.580884775342158,5.813949213406899,0.0,0.0,-4.944873603362837e-05,0.0,0.0,4.099980660636302,-15.0709270738,0.0,0.0,1.7139685527705977,0.0,-0.00017780288525572638,0.0,0.06556003636747383,-0.006680818495205909,0.21761765439287598,0.0,0.0,0.0
3449.0,9.58089105592075,5.813899893959853,0.0,0.0,-4.957309046241698e-05,0.0,0.0,4.099931149001639,-15.0709270738,0.0,0.0,1.7139687449582137,0.0,-0.00017824990979047736,0.0,0.06555974848466976,-0.006681438726701475,0.21761641947423316,0.0,0.0,0.0
3450.0,9.580897474738448,5.813850482285068,0.0,0.0,-4.9688767935417536e-05,0.0,0.0,4.099881517347712,-15.0709270738,0.0,0.0,1.7139689649373562,0.0,-0.00017866573146080604,0.0,0.06555946000141832,-0.006682059226867876,0.21761517997744792,0.0,0.0,0.0
3451.0,9.580904030927266,5.813800987099664,0.0,0.0,-4.979572942792975e-05,0.0,0.0,4.099831774371112,-15.0709270738,0.0,0.0,1.7139692127285517,0.0,-0.0001790502100067641,0.0,0.0655591709684851,-0.006682679884381398,0.21761393611645694,0.0,0.0,0.0
3452.0,9.580910723592645,5.8137514171540685,0.0,0.0,-4.989393740517102e-05,0.0,0.0,4.099781928806712,-15.0709270738,0.0,0.0,1.7139694883473569,0.0,-0.00017940321052940672,0.0,0.06555888143684102,-0.006683300587656843,0.21761268810643214,0.0,0.0,0.0
3453.0,9.58091755181355,5.813701781230511,0.0,0.0,-4.9983355832154756e-05,0.0,0.0,4.099731989426169,-15.0709270738,0.0,0.0,1.7139697918043426,0.0,-0.00017972460352628667,0.0,0.06555859145765376,-0.006683921224867384,0.21761143616374434,0.0,0.0,0.0
3454.0,9.580924514642593,5.813652088141508,0.0,0.0,-5.006395018331822e-05,0.0,0.0,4.099681965036423,-15.0709270738,0.0,0.0,1.713970123105085,0.0,-0.00018001426492604523,0.0,0.06555830108227881,-0.006684541683964054,0.21761018050592668,0.0,0.0,0.0
3455.0,9.580931611106132,5.81360234672833,0.0,0.0,-5.0135687451900025e-05,0.0,0.0,4.09963186447818,-15.0709270738,0.0,0.0,1.7139704822501498,0.0,-0.0001802720761220997,0.0,0.0655580103622506,-0.006685161852695451,0.2176089213516379,0.0,0.0,0.0
3456.0,9.580938840204405,5.813552565859477,0.0,0.0,-5.019853615906124e-05,0.0,0.0,4.09958169662439,-15.0709270738,0.0,0.0,1.7139708692350872,0.0,-0.00018049792400540626,0.0,0.0655577193492737,-0.006685781618627679,0.21760765892062522,0.0,0.0,0.0
3457.0,9.58094620091165,5.813502754429129,0.0,0.0,-5.02524663627513e-05,0.0,0.0,4.099531470378714,-15.0709270738,0.0,0.0,1.713971284050415,0.0,-0.00018069170099630188,0.0,0.0655574280952137,-0.006686400869164083,0.21760639343368715,0.0,0.0,0.0
3458.0,9.580953692176235,5.813452921355598,0.0,0.0,-5.0297449666313e-05,0.0,0.0,4.099481194673982,-15.0709270738,0.0,0.0,1.7139717266816161,0.0,-0.00018085330507540564,0.0,0.0655571366520883,-0.006687019491565471,0.21760512511263547,0.0,0.0,0.0
3459.0,9.580961312920792,5.813403075579774,0.0,0.0,-5.033345922683033e-05,0.0,0.0,4.099430878470646,-15.0709270738,0.0,0.0,1.7139721971091273,0.0,-0.00018098263981359219,0.0,0.06555684507205822,-0.006687637372969735,0.2176038541802578,0.0,0.0,0.0
3460.0,9.580969062042358,5.813353226063555,0.0,0.0,-5.0360469763209234e-05,0.0,0.0,4.09938053075522,-15.0709270738,0.0,0.0,1.7139726953083345,0.0,-0.0001810796144010018,0.0,0.06555655340741806,-0.006688254400412277,0.21760258086027925,0.0,0.0,0.0
3461.0,9.580976938412523,5.813303381788279,0.0,0.0,-5.0378457563996456e-05,0.0,0.0,4.099330160538716,-15.0709270738,0.0,0.0,1.7139732212495629,0.0,-0.00018114414367510632,0.0,0.06555626171058719,-0.006688870460846014,0.21760130537732408,0.0,0.0,0.0
3462.0,9.580984940877574,5.813253551753142,0.0,0.0,-5.038740049493075e-05,0.0,0.0,4.099279776855067,-15.0709270738,0.0,0.0,1.7139737748980757,0.0,-0.0001811761481478092,0.0,0.06555597003410056,-0.006689485441161644,0.21760002795687694,0.0,0.0,0.0
3463.0,9.580993068258657,5.813203744973617,0.0,0.0,-5.038727800622425e-05,0.0,0.0,4.09922938875955,-15.0709270738,0.0,0.0,1.7139743562140666,0.0,-0.0001811755540315733,0.0,0.06555567843059942,-0.00669009922820786,0.21759874882524421,0.0,0.0,0.0
3464.0,9.581001319351927,5.813153970479857,0.0,0.0,-5.037807113957332e-05,0.0,0.0,4.099179005327198,-15.0709270738,0.0,0.0,1.7139749651526595,0.0,-0.00018114229326457234,0.0,0.06555538695282209,-0.006690711708811581,0.2175974682095148,0.0,0.0,0.0
3465.0,9.58100969292872,5.8131042373151045,0.0,0.0,-5.035976253489921e-05,0.0,0.0,4.099128635651201,-15.0709270738,0.0,0.0,1.7139756016639032,0.0,-0.00018107630353486845,0.0,0.0655550956535947,-0.006691322769798461,0.21759618633752087,0.0,0.0,0.0
3466.0,9.581018187735722,5.813054554534081,0.0,0.0,-5.03323364368125e-05,0.0,0.0,4.09907828884131,-15.0709270738,0.0,0.0,1.7139762656927706,0.0,-0.00018097752830359404,0.0,0.06555480458582172,-0.006691932298013237,0.21759490343779825,0.0,0.0,0.0
3467.0,9.581026802495137,5.813004931201383,0.0,0.0,-5.0295778700801105e-05,0.0,0.0,4.099027974022225,-15.0709270738,0.0,0.0,1.7139769571791579,0.0,-0.00018084591682713622,0.0,0.06555451380247669,-0.0066925401803401285,0.21759361973954655,0.0,0.0,0.0
3468.0,9.581035535904869,5.812955376389868,0.0,0.0,-5.025007679914265e-05,0.0,0.0,4.098977700331982,-15.0709270738,0.0,0.0,1.713977676057886,0.0,-0.00018068142417832829,0.0,0.06555422335659278,-0.0066931463037232936,0.21759233547258977,0.0,0.0,0.0
3469.0,9.581044386638709,5.812905899179036,0.0,0.0,-5.0195219826535647e-05,0.0,0.0,4.098927476920335,-15.0709270738,0.0,0.0,1.713978422258701,0.0,-0.00018048401126662692,0.0,0.06555393330125336,-0.006693750555187367,0.21759105086733543,0.0,0.0,0.0
3470.0,9.581053353346519,5.812856508653403,0.0,0.0,-5.013119850545015e-05,0.0,0.0,4.098877312947129,-15.0709270738,0.0,0.0,1.7139791957062736,0.0,-0.00018025364485727818,0.0,0.06555364368958251,-0.006694352821858013,0.2175897661547347,0.0,0.0,0.0
3471.0,9.581062434654426,5.8128072139008795,0.0,0.0,-5.0058005191198004e-05,0.0,0.0,4.098827217580673,-15.0709270738,0.0,0.0,1.713979996320207,0.0,-0.00017999029758947307,0.0,0.06555335457473555,-0.006694952990982467,0.21758848156624191,0.0,0.0,0.0
3472.0,9.581071629165018,5.812758024011133,0.0,0.0,-4.9975633876715536e-05,0.0,0.0,4.098777199996098,-15.0709270738,0.0,0.0,1.7139808240150352,0.0,-0.0001796939479934659,0.0,0.06555306600988947,-0.006695550949950044,0.21758719733377346,0.0,0.0,0.0
3473.0,9.58108093545755,5.812708948073958,0.0,0.0,-4.9884080197064605e-05,0.0,0.0,4.098727269373725,-15.0709270738,0.0,0.0,1.7139816787002324,0.0,-0.00017936458050667824,0.0,0.0655527780482335,-0.006696146586312804,0.2175859136896675,0.0,0.0,0.0
3474.0,9.581090352088147,5.812659995177634,0.0,0.0,-4.978334143364471e-05,0.0,0.0,4.098677434897416,-15.0709270738,0.0,0.0,1.7139825602802174,0.0,-0.00017900218548876095,0.0,0.06555249074295942,-0.006696739787806216,0.21758463086664243,0.0,0.0,0.0
3475.0,9.581099877590018,5.8126111744072855,0.0,0.0,-4.967341651811655e-05,0.0,0.0,4.098627705752927,-15.0709270738,0.0,0.0,1.7139834686543587,0.0,-0.0001786067592356165,0.0,0.06555220414725205,-0.0066973304423696145,0.2175833490977561,0.0,0.0,0.0
3476.0,9.581109510473672,5.812562494843236,0.0,0.0,-4.955430603603874e-05,0.0,0.0,4.098578091126254,-15.0709270738,0.0,0.0,1.7139844037169825,0.0,-0.00017817830399238771,0.0,0.06555191831427959,-0.006697918438166944,0.2175820686163642,0.0,0.0,0.0
3477.0,9.581119249227136,5.812513965559364,0.0,0.0,-4.942601223021031e-05,0.0,0.0,4.098528600201981,-15.0709270738,0.0,0.0,1.7139853653573827,0.0,-0.0001777168279653858,0.0,0.06555163329718408,-0.006698503663607372,0.21758078965607897,0.0,0.0,0.0
3478.0,9.581129092316184,5.8124655956214495,0.0,0.0,-4.928853900372455e-05,0.0,0.0,4.098479242161619,-15.0709270738,0.0,0.0,1.7139863534598305,0.0,-0.00017722234533297906,0.0,0.06555134914907164,-0.0066990860073658925,0.21757951245072765,0.0,0.0,0.0
3479.0,9.581139038184563,5.812417394085524,0.0,0.0,-4.9141891922728196e-05,0.0,0.0,4.098430026181943,-15.0709270738,0.0,0.0,1.7139873679035809,0.0,-0.00017669487625541908,0.0,0.06555106592300297,-0.006699665358403925,0.21757823723431058,0.0,0.0,0.0
3480.0,9.58114908525423,5.812369369996221,0.0,0.0,-4.8986078218886956e-05,0.0,0.0,4.098380961433333,-15.0709270738,0.0,0.0,1.713988408562888,0.0,-0.0001761344468836096,0.0,0.06555078367198355,-0.0067002416059899345,0.21757696424095951,0.0,0.0,0.0
3481.0,9.581159231925586,5.8123215323851145,0.0,0.0,-4.88211067915553e-05,0.0,0.0,4.098332057078099,-15.0709270738,0.0,0.0,1.7139894753070157,0.0,-0.0001755410893668094,0.0,0.06555050244895406,-0.0067008146397201235,0.2175756937048957,0.0,0.0,0.0
3482.0,9.581169476577724,5.81227389026907,0.0,0.0,-4.864698820965166e-05,0.0,0.0,4.09828332226882,-15.0709270738,0.0,0.0,1.7139905680002503,0.0,-0.00017491484185927443,0.0,0.06555022230678065,-0.006701384349538861,0.21757442586038755,0.0,0.0,0.0
3483.0,9.581179817568676,5.812226452648586,0.0,0.0,-4.846373471323493e-05,0.0,0.0,4.098234766146669,-15.0709270738,0.0,0.0,1.7139916865019167,0.0,-0.0001742557485258236,0.0,0.06554994329824525,-0.006701950625759345,0.21757316094170887,0.0,0.0,0.0
3484.0,9.58119025323566,5.812179228506134,0.0,0.0,-4.827136021478255e-05,0.0,0.0,4.098186397839746,-15.0709270738,0.0,0.0,1.7139928306663883,0.0,-0.0001735638595463299,0.0,0.06554966547603593,-0.006702513359084186,0.2175718991830964,0.0,0.0,0.0
3485.0,9.581200781895337,5.812132226804508,0.0,0.0,-4.806988030017182e-05,0.0,0.0,4.098138226461398,-15.0709270738,0.0,0.0,1.71399400034311,0.0,-0.00017283923111914275,0.0,0.06554938889273715,-0.006703072440625735,0.21757064081870753,0.0,0.0,0.0
3486.0,9.581211401844074,5.81208545648516,0.0,0.0,-4.785931222935952e-05,0.0,0.0,4.09809026110855,-15.0709270738,0.0,0.0,1.7139951953766097,0.0,-0.00017208192546342351,0.0,0.06554911360082008,-0.006703627761926748,0.21756938608257803,0.0,0.0,0.0
3487.0,9.58122211135821,5.812038926466548,0.0,0.0,-4.763967493676293e-05,0.0,0.0,4.098042510860031,-15.0709270738,0.0,0.0,1.713996415606517,0.0,-0.00017129201082040593,0.0,0.06554883965263289,-0.006704179214980774,0.21756813520857926,0.0,0.0,0.0
3488.0,9.581232908694314,5.811992645642482,0.0,0.0,-4.7410989031338986e-05,0.0,0.0,4.097994984774899,-15.0709270738,0.0,0.0,1.7139976608675829,0.0,-0.00017046956145356953,0.0,0.06554856710039107,-0.006704726692252527,0.21756688843037614,0.0,0.0,0.0
3489.0,9.581243792089472,5.811946622880462,0.0,0.0,-4.717327679636051e-05,0.0,0.0,4.097947691890764,-15.0709270738,0.0,0.0,1.713998930989698,0.0,-0.00016961465764772223,0.0,0.06554829599616774,-0.006705270086698301,0.21756564598138417,0.0,0.0,0.0
3490.0,9.581254759761551,5.8119008670200305,0.0,0.0,-4.692656218889173e-05,0.0,0.0,4.0979006412221155,-15.0709270738,0.0,0.0,1.714000225797915,0.0,-0.00016872738570700035,0.0,0.06554802639188397,-0.006705809291786255,0.21756440809472705,0.0,0.0,0.0
3491.0,9.581265809909485,5.81185538687112,0.0,0.0,-4.667087083896261e-05,0.0,0.0,4.097853841758652,-15.0709270738,0.0,0.0,1.7140015451124677,0.0,-0.00016780783795178428,0.0,0.06554775833929904,-0.006706344201516695,0.2175631750031938,0.0,0.0,0.0
3492.0,9.581276940713563,5.811810191212399,0.0,0.0,-4.640623004843508e-05,0.0,0.0,4.097807302463603,-15.0709270738,0.0,0.0,1.7140028887487961,0.0,-0.00016685611271450486,0.0,0.06554749189000089,-0.006706874710442304,0.21756194693919645,0.0,0.0,0.0
3493.0,9.58128815033571,5.811765288789628,0.0,0.0,-4.6132668789569235e-05,0.0,0.0,4.097761032272063,-15.0709270738,0.0,0.0,1.7140042565175655,0.0,-0.0001658723143343701,0.0,0.06554722709539632,-0.0067074007136882635,0.21756072413472693,0.0,0.0,0.0
3494.0,9.581299436919789,5.811720688314013,0.0,0.0,-4.5850217703287055e-05,0.0,0.0,4.097715040089318,-15.0709270738,0.0,0.0,1.7140056482246955,0.0,-0.00016485655315100269,0.0,0.06554696400670144,-0.0067079221069723804,0.2175595068213147,0.0,0.0,0.0
3495.0,9.581310798591884,5.811676398460561,0.0,0.0,-4.5558909097124545e-05,0.0,0.0,4.097669334789181,-15.0709270738,0.0,0.0,1.7140070636713798,0.0,-0.0001638089454969567,0.0,0.065546702674932,-0.006708438786625123,0.21755829522998382,0.0,0.0,0.0
3496.0,9.581322233460616,5.811632427866442,0.0,0.0,-4.525877694288967e-05,0.0,0.0,4.097623925212325,-15.0709270738,0.0,0.0,1.7140085026541172,0.0,-0.00016272961368917496,0.0,0.06554644315089381,-0.006708950649609566,0.2175570895912103,0.0,0.0,0.0
3497.0,9.581333739617437,5.811588785129354,0.0,0.0,-4.494985687400572e-05,0.0,0.0,4.097578820164619,-15.0709270738,0.0,0.0,1.7140099649647347,0.0,-0.00016161868601931474,0.0,0.06554618548517305,-0.006709457593541288,0.21755589013487941,0.0,0.0,0.0
3498.0,9.581345315136936,5.811545478805887,0.0,0.0,-4.4632186182554924e-05,0.0,0.0,4.09753402841547,-15.0709270738,0.0,0.0,1.7140114503904167,0.0,-0.00016047629674299473,0.0,0.06554592972812681,-0.006709959516708178,0.217554697090243,0.0,0.0,0.0
3499.0,9.58135695807716,5.8115025174099,0.0,0.0,-4.430580381601762e-05,0.0,0.0,4.097489558696164,-15.0709270738,0.0,0.0,1.7140129587137354,0.0,-0.00015930258606794675,0.0,0.06554567592987344,-0.0067104563180902105,0.21755351068587672,0.0,0.0,0.0
3500.0,9.581368666479923,5.811459909410891,0.0,0.0,-4.3970750373702574e-05,0.0,0.0,4.097445419698215,-15.0709270738,0.0,0.0,1.7140144897126754,0.0,-0.00015809770014105613,0.0,0.06554542414028307,-0.006710947897378999,0.21755233114963762,0.0,0.0,0.0
3501.0,9.581380438371124,5.811417663232381,0.0,0.0,-4.3627068102874645e-05,0.0,0.0,4.097401620071712,-15.0709270738,0.0,0.0,1.7140160431606688,0.0,-0.00015686179103431363,0.0,0.06554517440896807,-0.006711434154997531,0.2175511587086213,0.0,0.0,0.0
3502.0,9.581392271761068,5.811375787250299,0.0,0.0,-4.3274800894577504e-05,0.0,0.0,4.097358168423674,-15.0709270738,0.0,0.0,1.7140176188266247,0.0,-0.0001555950167296701,0.0,0.06554492678527357,-0.006711914992119455,0.2175499935891196,0.0,0.0,0.0
3503.0,9.581404164644798,5.811334289791371,0.0,0.0,-4.2913994279150976e-05,0.0,0.0,4.09731507331641,-15.0709270738,0.0,0.0,1.714019216474961,0.0,-0.00015429754110279285,0.0,0.06554468131826803,-0.0067123903106885985,0.217548836016578,0.0,0.0,0.0
3504.0,9.58141611500242,5.8112931791315185,0.0,0.0,-4.2544695421444285e-05,0.0,0.0,4.097272343265881,-15.0709270738,0.0,0.0,1.7140208358656377,0.0,-0.00015296953390572844,0.0,0.06554443805673377,-0.006712860013438154,0.21754768621555315,0.0,0.0,0.0
3505.0,9.581428120799435,5.811252463494258,0.0,0.0,-4.21669531157231e-05,0.0,0.0,4.097229986740068,-15.0709270738,0.0,0.0,1.7140224767541898,0.0,-0.00015161117074846434,0.0,0.06554419704915762,-0.006713324003909962,0.2175465444096705,0.0,0.0,0.0
3506.0,9.581440179987077,5.81121215104911,0.0,0.0,-4.178081778027429e-05,0.0,0.0,4.0971880121573445,-15.0709270738,0.0,0.0,1.7140241388917659,0.0,-0.00015022263307940318,0.0,0.06554395834372152,-0.006713782186473435,0.21754541082158235,0.0,0.0,0.0
3507.0,9.581452290502646,5.811172249910016,0.0,0.0,-4.138634145170536e-05,0.0,0.0,4.097146427884857,-15.0709270738,0.0,0.0,1.7140258220251594,0.0,-0.0001488041081647398,0.0,0.06554372198829328,-0.006714234466344657,0.21754428567292527,0.0,0.0,0.0
3508.0,9.581464450269864,5.811132768133755,0.0,0.0,-4.098357777894206e-05,0.0,0.0,4.097105242236907,-15.0709270738,0.0,0.0,1.7140275258968476,0.0,-0.00014735578906675253,0.0,0.06554348803041715,-0.006714680749605198,0.2175431691842782,0.0,0.0,0.0
3509.0,9.581476657199206,5.811093713718372,0.0,0.0,-4.0572582016922095e-05,0.0,0.0,4.097064463473346,-15.0709270738,0.0,0.0,1.7140292502450256,0.0,-0.00014587787462100234,0.0,0.06554325651730472,-0.006715120943220798,0.2175420615751204,0.0,0.0,0.0
3510.0,9.581488909188254,5.8110550946016195,0.0,0.0,-4.015341101998524e-05,0.0,0.0,4.097024099797969,-15.0709270738,0.0,0.0,1.7140309948036503,0.0,-0.00014437056941244049,0.0,0.0655430274958256,-0.006715554955060099,0.21754096306378973,0.0,0.0,0.0
3511.0,9.581501204122054,5.811016918659395,0.0,0.0,-3.972612323496436e-05,0.0,0.0,4.09698415935692,-15.0709270738,0.0,0.0,1.7140327593024756,0.0,-0.00014283408375044115,0.0,0.06554280101249839,-0.006715982693912909,0.21753987386744073,0.0,0.0,0.0
3512.0,9.581513539873463,5.810979193704193,0.0,0.0,-3.929077869397259e-05,0.0,0.0,4.096944650237102,-15.0709270738,0.0,0.0,1.7140345434670907,0.0,-0.00014126863364274196,0.0,0.06554257711348137,-0.006716404069508852,0.21753879420200298,0.0,0.0,0.0
3513.0,9.581525914303509,5.810941927483563,0.0,0.0,-3.884743900689112e-05,0.0,0.0,4.096905580464598,-15.0709270738,0.0,0.0,1.7140363470189657,0.0,-0.00013967444076830858,0.0,0.06554235584456358,-0.006716818992535456,0.21753772428213974,0.0,0.0,0.0
3514.0,9.581538325261754,5.8109051276785815,0.0,0.0,-3.839616735355664e-05,0.0,0.0,4.096866958003094,-15.0709270738,0.0,0.0,1.7140381696754874,0.0,-0.00013805173244912016,0.0,0.06554213725115575,-0.006717227374656104,0.21753666432120655,0.0,0.0,0.0
3515.0,9.581550770586656,5.810868801902324,0.0,0.0,-3.793702847565064e-05,0.0,0.0,4.096828790752316,-15.0709270738,0.0,0.0,1.7140400111500078,0.0,-0.0001364007416208832,0.0,0.0655419213782813,-0.00671762912852833,0.21753561453120995,0.0,0.0,0.0
3516.0,9.581563248105933,5.810832957698353,0.0,0.0,-3.7470088668289466e-05,0.0,0.0,4.09679108654647,-15.0709270738,0.0,0.0,1.714041871151883,0.0,-0.00013472170680267064,0.0,0.06554170827056743,-0.006718024167821343,0.21753457512276658,0.0,0.0,0.0
3517.0,9.581575755636937,5.810797602539211,0.0,0.0,-3.6995415771316864e-05,0.0,0.0,4.096753853152693,-15.0709270738,0.0,0.0,1.7140437493865184,0.0,-0.0001330148720654919,0.0,0.06554149797223628,-0.006718412407233837,0.21753354630506216,0.0,0.0,0.0
3518.0,9.581588290987021,5.810762743824928,0.0,0.0,-3.651307916030155e-05,0.0,0.0,4.096717098269515,-15.0709270738,0.0,0.0,1.7140456455554132,0.0,-0.00013128048699980323,0.0,0.06554129052709604,-0.006718793762511471,0.2175325282858108,0.0,0.0,0.0
3519.0,9.581600851953914,5.810728388881532,0.0,0.0,-3.602314973723717e-05,0.0,0.0,4.096680829525327,-15.0709270738,0.0,0.0,1.7140475593562057,0.0,-0.0001295188066819494,0.0,0.06554108597853223,-0.006719168150464319,0.2175315212712145,0.0,0.0,0.0
3520.0,9.581613436326098,5.810694544959578,0.0,0.0,-3.552569992095146e-05,0.0,0.0,4.096645054476856,-15.0709270738,0.0,0.0,1.7140494904827221,0.0,-0.00012773009163956063,0.0,0.06554088436949898,-0.006719535488983935,0.217530525465923,0.0,0.0,0.0
3521.0,9.581626041883187,5.810661219232678,0.0,0.0,-3.50208036372188e-05,0.0,0.0,4.096609780607658,-15.0709270738,0.0,0.0,1.7140514386250203,0.0,-0.00012591460781588454,0.0,0.06554068574251047,-0.006719895697060607,0.21752954107299333,0.0,0.0,0.0
3522.0,9.58163866639631,5.810628418796052,0.0,0.0,-3.450853630858275e-05,0.0,0.0,4.0965750153266125,-15.0709270738,0.0,0.0,1.71405340346944,0.0,-0.00012407262653307664,0.0,0.06554049013963217,-0.006720248694800063,0.21752856829384992,0.0,0.0,0.0
3523.0,9.581651307628496,5.810596150665086,0.0,0.0,-3.398897484388647e-05,0.0,0.0,4.096540765966435,-15.0709270738,0.0,0.0,1.7140553846986508,0.0,-0.00012220442445444167,0.0,0.06554029760247251,-0.0067205944034402915,0.2175276073282451,0.0,0.0,0.0
3524.0,9.581663963335053,5.810564421773893,0.0,0.0,-3.3462197627514816e-05,0.0,0.0,4.096507039782192,-15.0709270738,0.0,0.0,1.7140573819917018,0.0,-0.00012031028354564048,0.0,0.06554010817217426,-0.006720932745368169,0.21752665837421942,0.0,0.0,0.0
3525.0,9.581676631263964,5.8105332389739015,0.0,0.0,-3.2928284508348095e-05,0.0,0.0,4.0964738439498305,-15.0709270738,0.0,0.0,1.714059395024071,0.0,-0.00011839049103486084,0.0,0.06553992188940629,-0.006721263644135736,0.21752572162806233,0.0,0.0,0.0
3526.0,9.581689309156275,5.810502609032443,0.0,0.0,-3.23873167884295e-05,0.0,0.0,4.096441185564724,-15.0709270738,0.0,0.0,1.7140614234677187,0.0,-0.00011644533937196136,0.0,0.06553973879435511,-0.006721587024476408,0.21752479728427326,0.0,0.0,0.0
3527.0,9.581701994746485,5.810472538631357,0.0,0.0,-3.1839377211344935e-05,0.0,0.0,4.096409071640221,-15.0709270738,0.0,0.0,1.7140634669911359,0.0,-0.0001144751261865825,0.0,0.06553955892671673,-0.006721902812321157,0.21752388553552277,0.0,0.0,0.0
3528.0,9.581714685762947,5.81044303436561,0.0,0.0,-3.128454995032318e-05,0.0,0.0,4.096377509106212,-15.0709270738,0.0,0.0,1.7140655252593984,0.0,-0.0001124801542452542,0.0,0.06553938232568839,-0.006722210934814177,0.21752298657261382,0.0,0.0,0.0
3529.0,9.581727379928257,5.810414102741922,0.0,0.0,-3.072292059604851e-05,0.0,0.0,4.096346504807701,-15.0709270738,0.0,0.0,1.7140675979342213,0.0,-0.00011046073140747154,0.0,0.06553920902996054,-0.006722511320328667,0.21752210058444382,0.0,0.0,0.0
3530.0,9.581740074959656,5.810385750177412,0.0,0.0,-3.0154576144198986e-05,0.0,0.0,4.096316065503401,-15.0709270738,0.0,0.0,1.714069684674011,0.0,-0.0001084171705807861,0.0,0.0655390390777087,-0.006722803898482288,0.21752122775796617,0.0,0.0,0.0
3531.0,9.581752768569434,5.8103579829982515,0.0,0.0,-2.957960498270005e-05,0.0,0.0,4.096286197864331,-15.0709270738,0.0,0.0,1.7140717851339202,0.0,-0.00010634978967487565,0.0,0.06553887250658563,-0.006723088600152458,0.21752036827815296,0.0,0.0,0.0
3532.0,9.581765458465322,5.810330807438337,0.0,0.0,-2.89980968787033e-05,0.0,0.0,4.096256908472432,-15.0709270738,0.0,0.0,1.7140738989659052,0.0,-0.00010425891155462833,0.0,0.06553870935371336,-0.006723365357491365,0.2175195223279571,0.0,0.0,0.0
3533.0,9.581778142350904,5.81030422963797,0.0,0.0,-2.8410142965291936e-05,0.0,0.0,4.096228203819192,-15.0709270738,0.0,0.0,1.7140760258187786,0.0,-0.00010214486399224585,0.0,0.06553854965567539,-0.006723634103940959,0.21751869008827523,0.0,0.0,0.0
3534.0,9.581790817926024,5.810278255642557,0.0,0.0,-2.781583572790799e-05,0.0,0.0,4.096200090304291,-15.0709270738,0.0,0.0,1.7140781653382664,0.0,-0.0001000079796183491,0.0,0.065538393448509,-0.006723894774247632,0.21751787173791082,0.0,0.0,0.0
3535.0,9.581803482887183,5.81025289140132,0.0,0.0,-2.721526899051187e-05,0.0,0.0,4.0961725742342505,-15.0709270738,0.0,0.0,1.7140803171670695,0.0,-9.784859587212356e-05,0.0,0.0655382407676976,-0.00672414730447668,0.21751706745353766,0.0,0.0,0.0
3536.0,9.581816134927957,5.810228142766025,0.0,0.0,-2.6608537901470056e-05,0.0,0.0,4.096145661821108,-15.0709270738,0.0,0.0,1.714082480944917,0.0,-9.56670549504899e-05,0.0,0.0655380916481632,-0.006724391632026511,0.21751627740966345,0.0,0.0,0.0
3537.0,9.5818287717394,5.810204015489721,0.0,0.0,-2.599573891917564e-05,0.0,0.0,4.096119359181094,-15.0709270738,0.0,0.0,1.7140846563086276,0.0,-9.346370375631647e-05,0.0,0.06553794612425891,-0.006724627695642929,0.2175155017785938,0.0,0.0,0.0
3538.0,9.581841391010457,5.810180515225498,0.0,0.0,-2.5376969797401888e-05,0.0,0.0,4.096093672333331,-15.0709270738,0.0,0.0,1.7140868428921667,0.0,-9.12388938456747e-05,0.0,0.06553780422976158,-0.006724855435432692,0.21751474073039662,0.0,0.0,0.0
3539.0,9.58185399042838,5.8101576475252585,0.0,0.0,-2.475232957039386e-05,0.0,0.0,4.096068607198548,-15.0709270738,0.0,0.0,1.7140890403267104,0.0,-8.899298137415531e-05,0.0,0.06553766599786448,-0.006725074792877442,0.21751399443286673,0.0,0.0,0.0
3540.0,9.581866567679135,5.810135417838506,0.0,0.0,-2.412191853769765e-05,0.0,0.0,4.096044169597806,-15.0709270738,0.0,0.0,1.7140912482406998,0.0,-8.672632704224394e-05,0.0,0.06553753146117013,-0.006725285710846976,0.21751326305149093,0.0,0.0,0.0
3541.0,9.581879120447823,5.810113831511148,0.0,0.0,-2.348583824873004e-05,0.0,0.0,4.096020365251238,-15.0709270738,0.0,0.0,1.7140934662599099,0.0,-8.443929603976639e-05,0.0,0.06553740065168318,-0.006725488133612428,0.2175125467494134,0.0,0.0,0.0
3542.0,9.581891646419088,5.810092893784317,0.0,0.0,-2.284419148709103e-05,0.0,0.0,4.0959971997768125,-15.0709270738,0.0,0.0,1.7140956940075043,0.0,-8.213225798941219e-05,0.0,0.06553727360080336,-0.006725682006859329,0.21751184568740106,0.0,0.0,0.0
3543.0,9.58190414327754,5.810072609793204,0.0,0.0,-2.219708225462178e-05,0.0,0.0,4.095974678689101,-15.0709270738,0.0,0.0,1.714097931104103,0.0,-7.980558688934601e-05,0.0,0.06553715033931863,-0.006725867277700304,0.21751116002381018,0.0,0.0,0.0
3544.0,9.581916608708172,5.810052984565914,0.0,0.0,-2.1544615755209153e-05,0.0,0.0,4.095952807398072,-15.0709270738,0.0,0.0,1.7141001771678415,0.0,-7.745966105491081e-05,0.0,0.06553703089739826,-0.006726043894687575,0.21751048991455224,0.0,0.0,0.0
3545.0,9.581929040396771,5.810034023022334,0.0,0.0,-2.0886898378342763e-05,0.0,0.0,4.095931591207896,-15.0709270738,0.0,0.0,1.714102431814438,0.0,-7.509486305944432e-05,0.0,0.06553691530458616,-0.006726211807825372,0.21750983551306102,0.0,0.0,0.0
3546.0,9.581941436030348,5.810015729973022,0.0,0.0,-2.0224037682420194e-05,0.0,0.0,4.095911035315768,-15.0709270738,0.0,0.0,1.7141046946572542,0.0,-7.27115796741934e-05,0.0,0.0655368035897942,-0.006726370968581752,0.21750919697025986,0.0,0.0,0.0
3547.0,9.581953793297549,5.8099981101181095,0.0,0.0,-1.9556142377810863e-05,0.0,0.0,4.095891144810747,-15.0709270738,0.0,0.0,1.7141069653073622,0.0,-7.031020180736364e-05,0.0,0.06553669578129577,-0.00672652132990062,0.21750857443452876,0.0,0.0,0.0
3548.0,9.581966109889077,5.809981168046223,0.0,0.0,-1.888332230967607e-05,0.0,0.0,4.095871924672613,-15.0709270738,0.0,0.0,1.7141092433736098,0.0,-6.789112444229584e-05,0.0,0.06553659190671925,-0.006726662846213163,0.2175079680516728,0.0,0.0,0.0
3549.0,9.581978383498116,5.809964908233425,0.0,0.0,-1.820568844054584e-05,0.0,0.0,4.09585337977074,-15.0709270738,0.0,0.0,1.714111528462685,0.0,-6.545474657477111e-05,0.0,0.0655364919930417,-0.006726795473449315,0.21750737796489028,0.0,0.0,0.0
3550.0,9.58199061182075,5.809949335042173,0.0,0.0,-1.752335283266479e-05,0.0,0.0,4.09583551486299,-15.0709270738,0.0,0.0,1.7141138201791835,0.0,-6.300147114948927e-05,0.0,0.06553639606658272,-0.006726919169048676,0.2175068043147414,0.0,0.0,0.0
3551.0,9.582002792556382,5.8099344527202925,0.0,0.0,-1.683642863009647e-05,0.0,0.0,4.095818334594618,-15.0709270738,0.0,0.0,1.7141161181256743,0.0,-6.053170499568194e-05,0.0,0.06553630415299819,-0.006727033891971462,0.21750624723911746,0.0,0.0,0.0
3552.0,9.582014923408162,5.809920265399974,0.0,0.0,-1.6145030040600872e-05,0.0,0.0,4.095801843497203,-15.0709270738,0.0,0.0,1.7141184219027705,0.0,-5.804585876191377e-05,0.0,0.0655362162772744,-0.006727139602709042,0.21750570687321055,0.0,0.0,0.0
3553.0,9.582027002083402,5.809906777096784,0.0,0.0,-1.54492723172788e-05,0.0,0.0,4.095786045987593,-15.0709270738,0.0,0.0,1.7141207311091913,0.0,-5.55443468500489e-05,0.0,0.06553613246372206,-0.006727236263294273,0.21750518334948332,0.0,0.0,0.0
3554.0,9.582039026294003,5.809893991708701,0.0,0.0,-1.4749271739994146e-05,0.0,0.0,4.095770946366865,-15.0709270738,0.0,0.0,1.714123045341836,0.0,-5.302758734842248e-05,0.0,0.0655360527359705,-0.006727323837311491,0.21750467679763946,0.0,0.0,0.0
3555.0,9.582050993756878,5.809881913015162,0.0,0.0,-1.404514559656704e-05,0.0,0.0,4.095756548819312,-15.0709270738,0.0,0.0,1.7141253641958496,0.0,-5.049600196419193e-05,0.0,0.06553597711696206,-0.006727402289906537,0.21750418734459476,0.0,0.0,0.0
3556.0,9.58206290219437,5.80987054467614,0.0,0.0,-1.3337012163752103e-05,0.0,0.0,4.095742857411445,-15.0709270738,0.0,0.0,1.7141276872646944,0.0,-4.7950015954919264e-05,0.0,0.06553590562894646,-0.006727471587796033,0.21750371511444813,0.0,0.0,0.0
3557.0,9.582074749334675,5.809859890231226,0.0,0.0,-1.262499068799535e-05,0.0,0.0,4.09572987609101,-15.0709270738,0.0,0.0,1.714130014140216,0.0,-4.5390058059361203e-05,0.0,0.06553583829347535,-0.0067275316992768674,0.21750326022845345,0.0,0.0,0.0
3558.0,9.582086532912268,5.809849953098747,0.0,0.0,-1.1909201365977235e-05,0.0,0.0,4.095717608686028,-15.0709270738,0.0,0.0,1.714132344412719,0.0,-4.281656042749413e-05,0.0,0.065535775131397,-0.006727582594235171,0.21750282280499195,0.0,0.0,0.0
3559.0,9.582098250668322,5.809840736574893,0.0,0.0,-1.1189765324945542e-05,0.0,0.0,4.09570605890386,-15.0709270738,0.0,0.0,1.7141346776710327,0.0,-4.022995854978709e-05,0.0,0.065535716162851,-0.006727624244155017,0.2175024029595445,0.0,0.0,0.0
3560.0,9.582109900351128,5.809832243832864,0.0,0.0,-1.0466804602836932e-05,0.0,0.0,4.095695230330281,-15.0709270738,0.0,0.0,1.714137013502583,0.0,-3.763069118571883e-05,0.0,0.06553566140726323,-0.0067276566221269735,0.21750200080466503,0.0,0.0,0.0
3561.0,9.582121479716522,5.8098244779220485,0.0,0.0,-9.740442128197353e-06,0.0,0.0,4.095685126428582,-15.0709270738,0.0,0.0,1.7141393514934666,0.0,-3.501920029157531e-05,0.0,0.06553561088334081,-0.006727679702856301,0.21750161644995403,0.0,0.0,0.0
3562.0,9.582132986528295,5.809817441767207,0.0,0.0,-9.01080169989555e-06,0.0,0.0,4.095675750538686,-15.0709270738,0.0,0.0,1.7141416912285203,0.0,-3.239593094750721e-05,0.0,0.06553556460906729,-0.006727693462670867,0.21750125000203258,0.0,0.0,0.0
3563.0,9.582144418558624,5.809811138167689,0.0,0.0,-8.278007966640966e-06,0.0,0.0,4.095667105876293,-15.0709270738,0.0,0.0,1.7141440322913954,0.0,-2.976133128388797e-05,0.0,0.06553552260169779,-0.006727697879528857,0.21750090156451696,0.0,0.0,0.0
3564.0,9.582155773588486,5.809805569796663,0.0,0.0,-7.542186406304592e-06,0.0,0.0,4.095659195532037,-15.0709270738,0.0,0.0,1.714146374264626,0.0,-2.7115852406967118e-05,0.0,0.06553548487775443,-0.00672769293302615,0.21750057123799366,0.0,0.0,0.0
3565.0,9.582167049408078,5.809800739200376,0.0,0.0,-6.80346330504886e-06,0.0,0.0,4.095652022470669,-15.0709270738,0.0,0.0,1.7141487167297065,0.0,-2.4459948323840964e-05,0.0,0.0655354514530219,-0.0067276786044033615,0.21750025911999504,0.0,0.0,0.0
3566.0,9.582178243817234,5.809796648797421,0.0,0.0,-6.061965736265539e-06,0.0,0.0,4.095645589530258,-15.0709270738,0.0,0.0,1.714151059267163,0.0,-2.1794075866736824e-05,0.0,0.06553542234254295,-0.006727654876552788,0.21749996530497517,0.0,0.0,0.0
3567.0,9.582189354625843,5.80979330087804,0.0,0.0,-5.317821539331086e-06,0.0,0.0,4.095639899421414,-15.0709270738,0.0,0.0,1.7141534014566258,0.0,-1.911869461664477e-05,0.0,0.0655353975606141,-0.006727621734024872,0.21749968988428647,0.0,0.0,0.0
3568.0,9.582200379654266,5.809790697603441,0.0,0.0,-4.571159298180284e-06,0.0,0.0,4.095634954726536,-15.0709270738,0.0,0.0,1.7141557428769056,0.0,-1.6434266826299942e-05,0.0,0.06553537712078168,-0.006727579163034472,0.21749943294615687,0.0,0.0,0.0
3569.0,9.582211316733748,5.809788841005139,0.0,0.0,-3.822108319696127e-06,0.0,0.0,4.095630757899071,-15.0709270738,0.0,0.0,1.7141580831060672,0.0,-1.3741257342508075e-05,0.0,0.06553536103583768,-0.006727527151466864,0.21749919457566708,0.0,0.0,0.0
3570.0,9.582222163706836,5.809787732984315,0.0,0.0,-3.0707986119304547e-06,0.0,0.0,4.095627311262813,-15.0709270738,0.0,0.0,1.7141604217215018,0.0,-1.104013352786638e-05,0.0,0.06553534931781586,-0.006727465688883369,0.21749897485472902,0.0,0.0,0.0
3571.0,9.58223291842779,5.809787375311206,0.0,0.0,-2.317360862151059e-06,0.0,0.0,4.095624617011202,-15.0709270738,0.0,0.0,1.714162758300004,0.0,-8.33136518186438e-06,0.0,0.06553534197798809,-0.0067273947665268535,0.21749877386206423,0.0,0.0,0.0
3572.0,9.582243578762995,5.809787769624508,0.0,0.0,-1.5619264147185051e-06,0.0,0.0,4.095622677206662,-15.0709270738,0.0,0.0,1.7141650924178462,0.0,-5.615424461376384e-06,0.0,0.06553533902686062,-0.00672731437732671,0.21749859167318308,0.0,0.0,0.0
3573.0,9.582254142591372,5.809788917430807,0.0,0.0,-8.046272488016168e-07,0.0,0.0,4.095621493779952,-15.0709270738,0.0,0.0,1.7141674236508546,0.0,-2.892785800577756e-06,0.0,0.06553534047417071,-0.006727224515903754,0.21749842836036443,0.0,0.0,0.0
3574.0,9.582264607804785,5.80979082010403,0.0,0.0,-4.5595955928556774e-08,0.0,0.0,4.095621068529547,-15.0709270738,0.0,0.0,1.7141697515744827,0.0,-1.6392583027391825e-07,0.0,0.06553534632888314,-0.006727125178574711,0.21749828399263588,0.0,0.0,0.0
3575.0,9.58227497230845,5.809793478884918,0.0,0.0,7.150342826140062e-07,0.0,0.0,4.095621403121029,-15.0709270738,0.0,0.0,1.714172075763889,0.0,2.570676703312996e-06,0.0,0.065535356599187,-0.006727016363356417,0.21749815863575436,0.0,0.0,0.0
3576.0,9.582285234021343,5.809796894880531,0.0,0.0,1.4771297185393904e-06,0.0,0.0,4.0956224990865175,-15.0709270738,0.0,0.0,1.7141743957940134,0.0,5.310541020320524e-06,0.0,0.06553537129249272,-0.006726898069969775,0.2174980523521878,0.0,0.0,0.0
3577.0,9.5822953908766,5.809801069063758,0.0,0.0,2.24055605946691e-06,0.0,0.0,4.095624357824107,-15.0709270738,0.0,0.0,1.7141767112396504,0.0,8.055184389548846e-06,0.0,0.06553539041542894,-0.006726770299843365,0.21749796520109665,0.0,0.0,0.0
3578.0,9.582305440821925,5.809806002272868,0.0,0.0,3.005178491976078e-06,0.0,0.0,4.0956269805973395,-15.0709270738,0.0,0.0,1.7141790216755286,0.0,1.080412221129279e-05,0.0,0.06553541397383977,-0.006726633056116829,0.21749789723831653,0.0,0.0,0.0
3579.0,9.582315381819981,5.809811695211077,0.0,0.0,3.770861704797549e-06,0.0,0.0,4.095630368534691,-15.0709270738,0.0,0.0,1.7141813266763863,0.0,1.3556868100661736e-05,0.0,0.0655354419727821,-0.0067264863436437144,0.217497848516341,0.0,0.0,0.0
3580.0,9.582325211848804,5.809818148446134,0.0,0.0,4.537469912147415e-06,0.0,0.0,4.095634522629086,-15.0709270738,0.0,0.0,1.7141836258170482,0.0,1.631293397141121e-05,0.0,0.06553547441652299,-0.006726330168994404,0.21749781908430532,0.0,0.0,0.0
3581.0,9.582334928902188,5.809825362409939,0.0,0.0,5.3048668771934435e-06,0.0,0.0,4.095639443737439,-15.0709270738,0.0,0.0,1.7141859186725004,0.0,1.907183012024517e-05,0.0,0.0655355113085373,-0.006726164540458393,0.21749780898797058,0.0,0.0,0.0
3582.0,9.582344530990087,5.80983333739818,0.0,0.0,6.0729159356511665e-06,0.0,0.0,4.095645132580209,-15.0709270738,0.0,0.0,1.7141882048179706,0.0,2.1833065311581538e-05,0.0,0.06553555265150535,-0.006725989468046548,0.21749781826970815,0.0,0.0,0.0
3583.0,9.582354016138998,5.809842073569992,0.0,0.0,6.841480019507475e-06,0.0,0.0,4.0956515897409895,-15.0709270738,0.0,0.0,1.714190483829002,0.0,2.4596146862772485e-05,0.0,0.06553559844731086,-0.006725804963492704,0.21749784696848515,0.0,0.0,0.0
3584.0,9.582363382392368,5.809851570947646,0.0,0.0,7.610421680864397e-06,0.0,0.0,4.095658815666112,-15.0709270738,0.0,0.0,1.714192755281534,0.0,2.7360580729753327e-05,0.0,0.06553564869703886,-0.006725611040255333,0.21749789511985046,0.0,0.0,0.0
3585.0,9.582372627810967,5.809861829416255,0.0,0.0,8.379603115901782e-06,0.0,0.0,4.09566681066428,-15.0709270738,0.0,0.0,1.7141950187519752,0.0,3.012587159311534e-05,0.0,0.06553570340097385,-0.006725407713518733,0.2174979627559208,0.0,0.0,0.0
3586.0,9.582381750473285,5.809872848723512,0.0,0.0,9.148886188957146e-06,0.0,0.0,4.095675574906227,-15.0709270738,0.0,0.0,1.7141972738172857,0.0,3.2891522944596386e-05,0.0,0.06553576255859814,-0.0067251950001938066,0.21749804990536797,0.0,0.0,0.0
3587.0,9.582390748475909,5.809884628479443,0.0,0.0,9.918132456710836e-06,0.0,0.0,4.095685108424393,-15.0709270738,0.0,0.0,1.7141995200550504,0.0,3.565703717394669e-05,0.0,0.06553582616859012,-0.006724972918918687,0.21749815659340663,0.0,0.0,0.0
3588.0,9.582399619933911,5.80989716815619,0.0,0.0,1.0687203192479032e-05,0.0,0.0,4.095695411112632,-15.0709270738,0.0,0.0,1.7142017570435577,0.0,3.842191565617902e-05,0.0,0.06553589422882299,-0.006724741490059083,0.21749828284178216,0.0,0.0,0.0
3589.0,9.582408362981221,5.809910467087819,0.0,0.0,1.145595941061065e-05,0.0,0.0,4.095706482725941,-15.0709270738,0.0,0.0,1.7142039843618786,0.0,4.118565883918909e-05,0.0,0.0655359667363633,-0.006724500735708128,0.21749842866875985,0.0,0.0,0.0
3590.0,9.582416975771006,5.809924524470151,0.0,0.0,1.2224261890978708e-05,0.0,0.0,4.095718322880209,-15.0709270738,0.0,0.0,1.714206201589942,0.0,4.394776633171221e-05,0.0,0.06553604368746993,-0.006724250679686045,0.21749859408911415,0.0,0.0,0.0
3591.0,9.582425456476043,5.809939339360615,0.0,0.0,1.2991971203565964e-05,0.0,0.0,4.095730931052002,-15.0709270738,0.0,0.0,1.7142084083086129,0.0,4.6707736991615846e-05,0.0,0.06553612507759296,-0.00672399134753951,0.21749877911411866,0.0,0.0,0.0
3592.0,9.582433803289094,5.80995491067813,0.0,0.0,1.375894773314123e-05,0.0,0.0,4.095744306578357,-15.0709270738,0.0,0.0,1.7142106040997724,0.0,4.9465069014514896e-05,0.0,0.06553621090137285,-0.0067237227665406935,0.21749898375153698,0.0,0.0,0.0
3593.0,9.582442014423265,5.8099712372030075,0.0,0.0,1.452505170401939e-05,0.0,0.0,4.095758448656617,-15.0709270738,0.0,0.0,1.7142127885463907,0.0,5.22192600226848e-05,0.0,0.06553630115263971,-0.006723444965685915,0.21749920800561373,0.0,0.0,0.0
3594.0,9.582450088112381,5.8099883175768845,0.0,0.0,1.5290143204900393e-05,0.0,0.0,4.095773356344276,-15.0709270738,0.0,0.0,1.7142149612326083,0.0,5.496980715425575e-05,0.0,0.06553639582441274,-0.006723157975694047,0.21749945187706654,0.0,0.0,0.0
3595.0,9.582458022611345,5.810006150302675,0.0,0.0,1.605408221378949e-05,0.0,0.0,4.095789028558864,-15.0709270738,0.0,0.0,1.7142171217438111,0.0,5.771620715269578e-05,0.0,0.0655364949088997,-0.006722861829004584,0.21749971536307872,0.0,0.0,0.0
3596.0,9.582465816196493,5.810024733744549,0.0,0.0,1.6816728622983728e-05,0.0,0.0,4.095805464077838,-15.0709270738,0.0,0.0,1.7142192696667111,0.0,6.045795645652945e-05,0.0,0.06553659839749677,-0.006722556559775494,0.21749999845729207,0.0,0.0,0.0
3597.0,9.582473467165954,5.810044066127938,0.0,0.0,1.7577942264131797e-05,0.0,0.0,4.09582266153852,-15.0709270738,0.0,0.0,1.7142214045894182,0.0,6.319455128931723e-05,0.0,0.06553670628078825,-0.00672224220388061,0.2175003011498008,0.0,0.0,0.0
3598.0,9.582480973840006,5.810064145539565,0.0,0.0,1.8337582933351283e-05,0.0,0.0,4.095840619438042,-15.0709270738,0.0,0.0,1.7142235261015228,0.0,6.59254877498387e-05,0.0,0.06553681854854661,-0.00672191879890667,0.21750062342714577,0.0,0.0,0.0
3599.0,9.582488334561418,5.8100849699274955,0.0,0.0,1.909551041641062e-05,0.0,0.0,4.095859336133325,-15.0709270738,0.0,0.0,1.7142256337941708,0.0,6.865026190250558e-05,0.0,0.06553693518973266,-0.006721586384150366,0.21750096527230978,0.0,0.0,0.0
3600.0,9.582495547695803,5.810106537101219,0.0,0.0,1.9851584513960586e-05,0.0,0.0,4.095878809841079,-15.0709270738,0.0,0.0,1.7142277272601394,0.0,7.136836986795042e-05,0.0,0.06553705619249585,-0.00672124500061462,0.21750132666471278,0.0,0.0,0.0
3601.0,9.582502611631956,5.810128844731754,0.0,0.0,2.0605665066821378e-05,0.0,0.0,4.095899038637837,-15.0709270738,0.0,0.0,1.7142298060939165,0.0,7.407930791381255e-05,0.0,0.06553718154417466,-0.006720894691004953,0.21750170758020848,0.0,0.0,0.0
3602.0,9.582509524782198,5.810151890351774,0.0,0.0,2.1357611981308927e-05,0.0,0.0,4.0959200204599995,-15.0709270738,0.0,0.0,1.7142318698917745,0.0,7.678257254566267e-05,0.0,0.06553731123129719,-0.006720535499725261,0.21750210799108094,0.0,0.0,0.0
3603.0,9.582516285582711,5.810175671355768,0.0,0.0,2.2107285254609498e-05,0.0,0.0,4.095941753103918,-15.0709270738,0.0,0.0,1.7142339182518507,0.0,7.947766059809882e-05,0.0,0.06553744523958194,-0.006720167472873448,0.2175025278660425,0.0,0.0,0.0
3604.0,9.582522892493868,5.810200185000215,0.0,0.0,2.2854545000184486e-05,0.0,0.0,4.095964234225997,-15.0709270738,0.0,0.0,1.714235950774218,0.0,8.21640693259486e-05,0.0,0.06553758355393861,-0.006719790658236621,0.2175029671702314,0.0,0.0,0.0
3605.0,9.582529344000562,5.810225428403792,0.0,0.0,2.35992514732128e-05,0.0,0.0,4.095987461342825,-15.0709270738,0.0,0.0,1.714237967060967,0.0,8.484129649560438e-05,0.0,0.0655377261584692,-0.006719405105286055,0.21750342586521118,0.0,0.0,0.0
3606.0,9.582535638612534,5.810251398547604,0.0,0.0,2.43412650960573e-05,0.0,0.0,4.096011431831325,-15.0709270738,0.0,0.0,1.7142399667162787,0.0,8.750884047644302e-05,0.0,0.06553787303646917,-0.0067190108651718206,0.21750390390896968,0.0,0.0,0.0
3607.0,9.582541774864689,5.810278092275438,0.0,0.0,2.508044648375726e-05,0.0,0.0,4.096036142928937,-15.0709270738,0.0,0.0,1.7142419493465013,0.0,9.0166200332337e-05,0.0,0.06553802417042871,-0.006718607990717093,0.2175044012559194,0.0,0.0,0.0
3608.0,9.58254775131742,5.810305506294048,0.0,0.0,2.581665646953763e-05,0.0,0.0,4.096061591733823,-15.0709270738,0.0,0.0,1.7142439145602255,0.0,9.281287591322442e-05,0.0,0.06553817954203427,-0.006718196536412077,0.21750491785689796,0.0,0.0,0.0
3609.0,9.58255356655692,5.810333637173457,0.0,0.0,2.654975613033392e-05,0.0,0.0,4.096087775205098,-15.0709270738,0.0,0.0,1.714245861968359,0.0,9.544836794673302e-05,0.0,0.06553833913217012,-0.0067177765584078425,0.21750545365916993,0.0,0.0,0.0
3610.0,9.582559219195483,5.810362481347291,0.0,0.0,2.7279606812324863e-05,0.0,0.0,4.096114690163088,-15.0709270738,0.0,0.0,1.7142477911842038,0.0,9.807217812983078e-05,0.0,0.06553850292092023,-0.006717348114509525,0.2175060086064283,0.0,0.0,0.0
3611.0,9.58256470787182,5.810392035113135,0.0,0.0,2.8006070156473932e-05,0.0,0.0,4.096142333289607,-15.0709270738,0.0,0.0,1.7142497018235279,0.0,0.00010068380922050672,0.0,0.06553867088756998,-0.006716911264169512,0.21750658263879757,0.0,0.0,0.0
3612.0,9.582570031251354,5.810422294632913,0.0,0.0,2.872900812406607e-05,0.0,0.0,4.096170701128272,-15.0709270738,0.0,0.0,1.714251593504641,0.0,0.00010328276512943292,0.0,0.06553884301060846,-0.0067164660684801425,0.21750717569283695,0.0,0.0,0.0
3613.0,9.58257518802652,5.8104532559333,0.0,0.0,2.9448283022244506e-05,0.0,0.0,4.096199790084828,-15.0709270738,0.0,0.0,1.714253465848472,0.0,0.00010586855101162558,0.0,0.06553901926773045,-0.006716012590166132,0.2175077877015444,0.0,0.0,0.0
3614.0,9.582580176917059,5.8104849149061515,0.0,0.0,3.0163757529537632e-05,0.0,0.0,4.096229596427515,-15.0709270738,0.0,0.0,1.7142553184786369,0.0,0.00010844067335806917,0.0,0.06553919963583899,-0.006715550893576658,0.21750841859436087,0.0,0.0,0.0
3615.0,9.582584996670299,5.81051726730896,0.0,0.0,3.0875294721371736e-05,0.0,0.0,4.096260116287444,-15.0709270738,0.0,0.0,1.714257151021516,0.0,0.00011099864008728841,0.0,0.06553938409104768,-0.006715081044677301,0.21750906829717634,0.0,0.0,0.0
3616.0,9.582589646061447,5.810550308765339,0.0,0.0,3.158275809556782e-05,0.0,0.0,4.096291345659013,-15.0709270738,0.0,0.0,1.7142589631063254,0.0,0.00011354196063686212,0.0,0.06553957260868351,-0.006714603111041495,0.21750973673233487,0.0,0.0,0.0
3617.0,9.582594123893866,5.810584034765533,0.0,0.0,3.228601159781354e-05,0.0,0.0,4.096323280400339,-15.0709270738,0.0,0.0,1.7142607543651938,0.0,0.00011607014605484666,0.0,0.06553976516328956,-0.006714117161841629,0.21751042381864183,0.0,0.0,0.0
3618.0,9.58259842899935,5.810618440666949,0.0,0.0,3.2984919647110094e-05,0.0,0.0,4.096355916233719,-15.0709270738,0.0,0.0,1.71426252443323,0.0,0.00011858270909110845,0.0,0.06553996172862792,-0.006713623267840085,0.21751112947137088,0.0,0.0,0.0
3619.0,9.582602560238396,5.810653521694712,0.0,0.0,3.3679347161186544e-05,0.0,0.0,4.0963892487461155,-15.0709270738,0.0,0.0,1.7142642729485962,0.0,0.00012107916428853872,0.0,0.06554016227768286,-0.0067131215013797735,0.2175118536022717,0.0,0.0,0.0
3620.0,9.582606516500466,5.810689272942252,0.0,0.0,3.436915958187665e-05,0.0,0.0,4.096423273389671,-15.0709270738,0.0,0.0,1.7142659995525813,0.0,0.000123559028074133,0.0,0.06554036678266406,-0.006712611936374374,0.21751259611957882,0.0,0.0,0.0
3621.0,9.582610296704251,5.810725689371911,0.0,0.0,3.5054222900457295e-05,0.0,0.0,4.096457985482239,-15.0709270738,0.0,0.0,1.7142677038896723,0.0,0.00012602181884993177,0.0,0.0655405752150099,-0.006712094648298403,0.2175133569280206,0.0,0.0,0.0
3622.0,9.582613899797929,5.810762765815575,0.0,0.0,3.573440368293763e-05,0.0,0.0,4.096493380207953,-15.0709270738,0.0,0.0,1.714269385607622,0.0,0.00012846705708378388,0.0,0.06554078754539114,-0.006711569714176857,0.21751413592882912,0.0,0.0,0.0
3623.0,9.582617324759413,5.8108004969753315,0.0,0.0,3.640956909530186e-05,0.0,0.0,4.0965294526178075,-15.0709270738,0.0,0.0,1.714271044357524,0.0,0.00013089426539994288,0.0,0.06554100374371444,-0.006711037212574489,0.2175149330197506,0.0,0.0,0.0
3624.0,9.582620570596605,5.810838877424153,0.0,0.0,3.7079586928694504e-05,0.0,0.0,4.096566197630276,-15.0709270738,0.0,0.0,1.7142726797938774,0.0,0.00013330296866945622,0.0,0.06554122377912631,-0.006710497223585105,0.21751574809505672,0.0,0.0,0.0
3625.0,9.582623636347629,5.810877901606604,0.0,0.0,3.774432562454687e-05,0.0,0.0,4.096603610031945,-15.0709270738,0.0,0.0,1.7142742915746592,0.0,0.00013569269410034345,0.0,0.06554144762001701,-0.0067099498288201165,0.2175165810455561,0.0,0.0,0.0
3626.0,9.582626521081073,5.810917563839573,0.0,0.0,3.840365429963839e-05,0.0,0.0,4.096641684478177,-15.0709270738,0.0,0.0,1.714275879361396,0.0,0.0001380629713275402,0.0,0.0655416752340247,-0.006709395111397218,0.217517431758607,0.0,0.0,0.0
3627.0,9.582629223896221,5.810957858313028,0.0,0.0,3.905744277109181e-05,0.0,0.0,4.096680415493801,-15.0709270738,0.0,0.0,1.7142774428192267,0.0,0.0001404133325026043,0.0,0.0655419065880396,-0.006708833155928379,0.21751830011813017,0.0,0.0,0.0
3628.0,9.582631743923281,5.810998779090798,0.0,0.0,3.970556158129118e-05,0.0,0.0,4.096719797473824,-15.0709270738,0.0,0.0,1.7142789816169737,0.0,0.00014274331238314488,0.0,0.06554214164820854,-0.006708264048507925,0.21751918600462283,0.0,0.0,0.0
3629.0,9.582634080323603,5.811040320111378,0.0,0.0,4.0347882022724516e-05,0.0,0.0,4.096759824684166,-15.0709270738,0.0,0.0,1.7142804954272117,0.0,0.00014505244842198133,0.0,0.0655423803799394,-0.006707687876700008,0.2175200892951728,0.0,0.0,0.0
3630.0,9.5826362322899,5.811082475188758,0.0,0.0,4.098427616274192e-05,0.0,0.0,4.096800491262426,-15.0709270738,0.0,0.0,1.7142819839263321,0.0,0.0001473402808559983,0.0,0.06554262274790579,-0.006707104729525931,0.2175210098634736,0.0,0.0,0.0
3631.0,9.582638199046459,5.811125238013279,0.0,0.0,4.161461686822895e-05,0.0,0.0,4.0968417912186705,-15.0709270738,0.0,0.0,1.7142834467946084,0.0,0.0001496063527946973,0.0,0.06554286871605192,-0.00670651469745126,0.21752194757984022,0.0,0.0,0.0
3632.0,9.582639979849342,5.811168602152506,0.0,0.0,4.223877783018379e-05,0.0,0.0,4.096883718436239,-15.0709270738,0.0,0.0,1.7142848837162665,0.0,0.00015185021030840286,0.0,0.06554311824759756,-0.006705917872372472,0.21752290231122506,0.0,0.0,0.0
3633.0,9.582641573986596,5.811212561052134,0.0,0.0,4.285663358820105e-05,0.0,0.0,4.096926266672587,-15.0709270738,0.0,0.0,1.714286294379547,0.0,0.00015407140251613374,0.0,0.06554337130504315,-0.006705314347603436,0.21752387392123534,0.0,0.0,0.0
3634.0,9.582642980778441,5.8112571080369095,0.0,0.0,4.346805955485567e-05,0.0,0.0,4.096969429560142,-15.0709270738,0.0,0.0,1.7142876784767678,0.0,0.0001562694816731168,0.0,0.065543627850175,-0.006704704217861512,0.2175248622701503,0.0,0.0,0.0
3635.0,9.582644199577466,5.811302236311585,0.0,0.0,4.407293203997555e-05,0.0,0.0,4.097013200607193,-15.0709270738,0.0,0.0,1.7142890357043923,0.0,0.00015844400325790096,0.0,0.06554388784407078,-0.0067040875792535315,0.21752586721493958,0.0,0.0,0.0
3636.0,9.582645229768806,5.8113479389618865,0.0,0.0,4.467112827480896e-05,0.0,0.0,4.097057573198795,-15.0709270738,0.0,0.0,1.714290365763092,0.0,0.00016059452605909498,0.0,0.06554415124710493,-0.0067034645292613215,0.21752688860928207,0.0,0.0,0.0
3637.0,9.58264607077033,5.811394208955512,0.0,0.0,4.52625264360752e-05,0.0,0.0,4.097102540597707,-15.0709270738,0.0,0.0,1.7142916683578058,0.0,0.0001627206122616863,0.0,0.06554441801895441,-0.006702835166727081,0.21752792630358525,0.0,0.0,0.0
3638.0,9.582646722032813,5.811441039143153,0.0,0.0,4.584700566989438e-05,0.0,0.0,4.097148095945347,-15.0709270738,0.0,0.0,1.7142929431978065,0.0,0.0001648218275329271,0.0,0.06554468811860446,-0.0067021995918384175,0.2175289801450055,0.0,0.0,0.0
3639.0,9.582647183040097,5.811488422259533,0.0,0.0,4.642444611559618e-05,0.0,0.0,4.097194232262773,-15.0709270738,0.0,0.0,1.7142941899967603,0.0,0.0001668977411077868,0.0,0.0655449615043546,-0.0067015579061130565,0.2175300499774685,0.0,0.0,0.0
3640.0,9.582647453309262,5.811536350924476,0.0,0.0,4.699472892939664e-05,0.0,0.0,4.097240942451689,-15.0709270738,0.0,0.0,1.714295408472787,0.0,0.00016894792587393177,0.0,0.06554523813382458,-0.006700910212383407,0.21753113564169113,0.0,0.0,0.0
3641.0,9.582647532390778,5.811584817643998,0.0,0.0,4.755773630794399e-05,0.0,0.0,4.097288219295475,-15.0709270738,0.0,0.0,1.7142965983485228,0.0,0.0001709719584562362,0.0,0.06554551796396078,-0.006700256614780797,0.2175322369752028,0.0,0.0,0.0
3642.0,9.582647419868662,5.811633814811413,0.0,0.0,4.8113351511726646e-05,0.0,0.0,4.097336055460235,-15.0709270738,0.0,0.0,1.7142977593511777,0.0,0.00017296941930079908,0.0,0.06554580095104237,-0.006699597218719405,0.21753335381236855,0.0,0.0,0.0
3643.0,9.582647115360617,5.81168333470847,0.0,0.0,4.8661458888337886e-05,0.0,0.0,4.097384443495877,-15.0709270738,0.0,0.0,1.714298891212593,0.0,0.00017493989275844832,0.0,0.0655460870506879,-0.0066989321308799366,0.21753448598441205,0.0,0.0,0.0
3644.0,9.58264661851817,5.811733369506514,0.0,0.0,4.920194389559518e-05,0.0,0.0,4.09743337583721,-15.0709270738,0.0,0.0,1.7142999936693037,0.0,0.00017688296716772433,0.0,0.06554637621786187,-0.0066982614591931805,0.21753563331943945,0.0,0.0,0.0
3645.0,9.58264592902682,5.811783911267655,0.0,0.0,4.973469312450727e-05,0.0,0.0,4.0974828448050635,-15.0709270738,0.0,0.0,1.7143010664625917,0.0,0.00017879823493731847,0.0,0.0655466684068815,-0.006697585312823023,0.21753679564246386,0.0,0.0,0.0
3646.0,9.582645046606144,5.81183495194598,0.0,0.0,5.025959432208658e-05,0.0,0.0,4.0975328426074356,-15.0709270738,0.0,0.0,1.7143021093385444,0.0,0.00018068529262795795,0.0,0.06554696357142359,-0.006696903802149462,0.21753797277543035,0.0,0.0,0.0
3647.0,9.582643971009942,5.811886483388769,0.0,0.0,5.077653641400119e-05,0.0,0.0,4.097583361340659,-15.0709270738,0.0,0.0,1.7143031220481104,0.0,0.00018254374103371626,0.0,0.06554726166453147,-0.006696217038751243,0.21753916453724167,0.0,0.0,0.0
3648.0,9.582642702026336,5.811938497337744,0.0,0.0,5.128540952706183e-05,0.0,0.0,4.0976343929905905,-15.0709270738,0.0,0.0,1.7143041043471534,0.0,0.00018437318526273326,0.0,0.06554756263862226,-0.006695525135388292,0.2175403707437844,0.0,0.0,0.0
3649.0,9.582641239477889,5.811990985430333,0.0,0.0,5.178610501154197e-05,0.0,0.0,4.0976859294338235,-15.0709270738,0.0,0.0,1.7143050559965092,0.0,0.0001861732348173377,0.0,0.06554786644549401,-0.006694828205983924,0.21754159120795596,0.0,0.0,0.0
3650.0,9.582639583221708,5.81204393920096,0.0,0.0,5.227851546332321e-05,0.0,0.0,4.097737962438922,-15.0709270738,0.0,0.0,1.7143059767620379,0.0,0.00018794350367354478,0.0,0.06554817303633315,-0.006694126365606512,0.217542825739692,0.0,0.0,0.0
3651.0,9.582637733149538,5.812097350082353,0.0,0.0,5.276253474586291e-05,0.0,0.0,4.097790483667679,-15.0709270738,0.0,0.0,1.714306866414674,0.0,0.00018968361035991726,0.0,0.06554848236172198,-0.0066934197304515525,0.21754407414599428,0.0,0.0,0.0
3652.0,9.58263568918786,5.812151209406876,0.0,0.0,5.323805801198054e-05,0.0,0.0,4.097843484676393,-15.0709270738,0.0,0.0,1.7143077247304825,0.0,0.00019139317803577773,0.0,0.06554879437164628,-0.00669270841782274,0.21754533623095956,0.0,0.0,0.0
3653.0,9.582633451297975,5.812205508407879,0.0,0.0,5.370498172545856e-05,0.0,0.0,4.097896956917171,-15.0709270738,0.0,0.0,1.7143085514907082,0.0,0.00019307183456875786,0.0,0.06554910901550318,-0.006691992546113343,0.21754661179580864,0.0,0.0,0.0
3654.0,9.58263101947608,5.812260238221071,0.0,0.0,5.416320368245218e-05,0.0,0.0,4.097950891739244,-15.0709270738,0.0,0.0,1.7143093464818264,0.0,0.0001947192126116628,0.0,0.06554942624210888,-0.006691272234787077,0.21754790063891621,0.0,0.0,0.0
3655.0,9.58262839375335,5.81231538988591,0.0,0.0,5.461262303270384e-05,0.0,0.0,4.098005280390319,-15.0709270738,0.0,0.0,1.7143101094955915,0.0,0.0001963349496786376,0.0,0.06554974599970681,-0.006690547604358915,0.2175492025558411,0.0,0.0,0.0
3656.0,9.582625574195996,5.8123709543470214,0.0,0.0,5.5053140300559415e-05,0.0,0.0,4.098060114017934,-15.0709270738,0.0,0.0,1.7143108403290874,0.0,0.00019791868822062364,0.0,0.06555006823597564,-0.0066898187763754224,0.21755051733935754,0.0,0.0,0.0
3657.0,9.582622560905337,5.812426922455623,0.0,0.0,5.548465740578314e-05,0.0,0.0,4.098115383670851,-15.0709270738,0.0,0.0,1.7143115387847727,0.0,0.00019947007570009538,0.0,0.06555039289803756,-0.006689085873395173,0.21755184477948614,0.0,0.0,0.0
3658.0,9.582619354017845,5.812483284970985,0.0,0.0,5.590707768416014e-05,0.0,0.0,4.098171080300454,-15.0709270738,0.0,0.0,1.7143122046705308,0.0,0.00020098876466503654,0.0,0.06555071993246671,-0.0066883490189687395,0.21755318466352652,0.0,0.0,0.0
3659.0,9.582615953705204,5.812540032561897,0.0,0.0,5.632030590789438e-05,0.0,0.0,4.098227194762184,-15.0709270738,0.0,0.0,1.7143128377997137,0.0,0.0002024744128221848,0.0,0.06555104928529752,-0.006687608337618417,0.2175545367760895,0.0,0.0,0.0
3660.0,9.582612360174343,5.812597155808163,0.0,0.0,5.6724248305787215e-05,0.0,0.0,4.098283717816978,-15.0709270738,0.0,0.0,1.7143134379911853,0.0,0.00020392668310949152,0.0,0.06555138090203344,-0.006686863954817976,0.21755590089913043,0.0,0.0,0.0
3661.0,9.582608573667478,5.81265464520211,0.0,0.0,5.711881258319236e-05,0.0,0.0,4.098340640132738,-15.0709270738,0.0,0.0,1.7143140050693715,0.0,0.00020534524376778106,0.0,0.06555171472765553,-0.006686115996971928,0.217557276811983,0.0,0.0,0.0
3662.0,9.582604594462145,5.812712491150119,0.0,0.0,5.750390794175616e-05,0.0,0.0,4.09839795228582,-15.0709270738,0.0,0.0,1.7143145388642989,0.0,0.00020672976841164243,0.0,0.06555205070663137,-0.006685364591394738,0.21755866429139342,0.0,0.0,0.0
3663.0,9.582600422871218,5.812770683974174,0.0,0.0,5.787944509892452e-05,0.0,0.0,4.098455644762537,-15.0709270738,0.0,0.0,1.7143150392116366,0.0,0.0002080799360994859,0.0,0.06555238878292394,-0.006684609866289826,0.21756006311155512,0.0,0.0,0.0
3664.0,9.582596059242928,5.812829213913427,0.0,0.0,5.824533630721763e-05,0.0,0.0,4.098513707960684,-15.0709270738,0.0,0.0,1.7143155059527428,0.0,0.00020939543140276908,0.0,0.06555272890000063,-0.006683851950728223,0.21756147304414425,0.0,0.0,0.0
3665.0,9.582591503960876,5.812888071125785,0.0,0.0,5.860149537327221e-05,0.0,0.0,4.098572132191086,-15.0709270738,0.0,0.0,1.714315938934699,0.0,0.0002106759444743905,0.0,0.06555307100084248,-0.006683090974627284,0.21756289385835553,0.0,0.0,0.0
3666.0,9.582586757444037,5.812947245689512,0.0,0.0,5.894783767664052e-05,0.0,0.0,4.0986309076791585,-15.0709270738,0.0,0.0,1.7143163380103532,0.0,0.0002119211711162142,0.0,0.06555341502795334,-0.006682327068728941,0.21756432532093842,0.0,0.0,0.0
3667.0,9.58258182014676,5.81300672760485,0.0,0.0,5.9284280188350233e-05,0.0,0.0,4.098690024566491,-15.0709270738,0.0,0.0,1.7143167030383593,0.0,0.00021313081284573748,0.0,0.06555376092336926,-0.0066815603645778154,0.21756576719623427,0.0,0.0,0.0
3668.0,9.582576692558758,5.813066506795658,0.0,0.0,5.961074148921289e-05,0.0,0.0,4.098749472912447,-15.0709270738,0.0,0.0,1.7143170338832112,0.0,0.00021430457696186,0.0,0.065554108628668,-0.006680790994499378,0.21756721924621378,0.0,0.0,0.0
3669.0,9.582571375205093,5.8131265731110675,0.0,0.0,5.992714178788264e-05,0.0,0.0,4.098809242695784,-15.0709270738,0.0,0.0,1.714317330415284,0.0,0.00021544217660975903,0.0,0.06555445808497856,-0.006680019091577574,0.21756868123051454,0.0,0.0,0.0
3670.0,9.582565868646157,5.813186916327155,0.0,0.0,6.023340293866196e-05,0.0,0.0,4.098869323816288,-15.0709270738,0.0,0.0,1.7143175925108665,0.0,0.00021654333084485965,0.0,0.06555480923299076,-0.006679244789632499,0.21757015290647988,0.0,0.0,0.0
3671.0,9.582560173477644,5.813247526148628,0.0,0.0,6.052944845904562e-05,0.0,0.0,4.098929706096432,-15.0709270738,0.0,0.0,1.7143178200521962,0.0,0.00021760776469586826,0.0,0.06555516201296518,-0.0066784682231977865,0.21757163402919738,0.0,0.0,0.0
3672.0,9.582554290330517,5.813308392210537,0.0,0.0,6.081520354700451e-05,0.0,0.0,4.098990379283043,-15.0709270738,0.0,0.0,1.7143180129274942,0.0,0.00021863520922687542,0.0,0.06555551636474287,-0.0066776895274979625,0.2175731243515387,0.0,0.0,0.0
3673.0,9.582548219870969,5.813369504079991,0.0,0.0,6.109059509800118e-05,0.0,0.0,4.099051333048995,-15.0709270738,0.0,0.0,1.714318171030996,0.0,0.00021962540159849874,0.0,0.06555587222775539,-0.006676908838425311,0.21757462362419905,0.0,0.0,0.0
3674.0,9.582541962800374,5.813430851257898,0.0,0.0,6.135555172173806e-05,0.0,0.0,4.099112556994911,-15.0709270738,0.0,0.0,1.7143182942629869,0.0,0.00022057808512806925,0.0,0.06555622954103485,-0.006676126292517029,0.21757613159573785,0.0,0.0,0.0
3675.0,9.582535519855236,5.81349242318072,0.0,0.0,6.161000375863193e-05,0.0,0.0,4.09917404065089,-15.0709270738,0.0,0.0,1.7143183825298296,0.0,0.00022149300934883823,0.0,0.06555658824322405,-0.006675342026931777,0.21757764801261942,0.0,0.0,0.0
3676.0,9.582528891807128,5.813554209222236,0.0,0.0,6.185388329601091e-05,0.0,0.0,4.0992357734782425,-15.0709270738,0.0,0.0,1.7143184357439933,0.0,0.00022236993006819156,0.0,0.06555694827258673,-0.006674556179426347,0.21757917261925422,0.0,0.0,0.0
3677.0,9.582522079462628,5.81361619869533,0.0,0.0,6.208712418402936e-05,0.0,0.0,4.099297744871246,-15.0709270738,0.0,0.0,1.7143184538240837,0.0,0.00022320860942485378,0.0,0.06555730956701787,-0.006673768888332099,0.21758070515804068,0.0,0.0,0.0
3678.0,9.582515083663242,5.81367838085379,0.0,0.0,6.230966205130304e-05,0.0,0.0,4.099359944158917,-15.0709270738,0.0,0.0,1.7143184366948727,0.0,0.00022400881594509227,0.0,0.06555767206405413,-0.006672980292531189,0.2175822453694074,0.0,0.0,0.0
3679.0,9.582507905285336,5.8137407448941145,0.0,0.0,6.252143432025415e-05,0.0,0.0,4.099422360606796,-15.0709270738,0.0,0.0,1.7143183842873189,0.0,0.00022477032459788205,0.0,0.06555803570088437,-0.006672190531432698,0.21758379299185582,0.0,0.0,0.0
3680.0,9.582500545240038,5.813803279957347,0.0,0.0,6.272238022216605e-05,0.0,0.0,4.099484983418749,-15.0709270738,0.0,0.0,1.7143182965385986,0.0,0.0002254929168490325,0.0,0.0655584004143602,-0.006671399744948625,0.21758534776200306,0.0,0.0,0.0
3681.0,9.582493004473154,5.813865975130912,0.0,0.0,6.2912440811944e-05,0.0,0.0,4.099547801738782,-15.0709270738,0.0,0.0,1.7143181733921296,0.0,0.00022617638071426187,0.0,0.06555876614100667,-0.006670608073469683,0.2175869094146257,0.0,0.0,0.0
3682.0,9.582485283965067,5.813928819450469,0.0,0.0,6.309155898258222e-05,0.0,0.0,4.099610804652879,-15.0709270738,0.0,0.0,1.7143180147975903,0.0,0.00022682051081122028,0.0,0.06555913281703306,-0.006669815657841083,0.21758847768270367,0.0,0.0,0.0
3683.0,9.582477384730634,5.813991801901783,0.0,0.0,6.325967947932353e-05,0.0,0.0,4.099673981190835,-15.0709270738,0.0,0.0,1.7143178207109475,0.0,0.00022742510841041304,0.0,0.06555950037834361,-0.006669022639337954,0.21759005229746448,0.0,0.0,0.0
3684.0,9.582469307819073,5.814054911422602,0.0,0.0,6.341674891352176e-05,0.0,0.0,4.099737320328129,-15.0709270738,0.0,0.0,1.7143175910944732,0.0,0.00022798998148505987,0.0,0.06555986876054856,-0.006668229159640937,0.2175916329884279,0.0,0.0,0.0
3685.0,9.582461054313848,5.8141181369045505,0.0,0.0,6.356271577619412e-05,0.0,0.0,4.099800810987785,-15.0709270738,0.0,0.0,1.7143173259167659,0.0,0.00022851494475984422,0.0,0.06556023789897503,-0.006667435360811366,0.21759321948345148,0.0,0.0,0.0
3686.0,9.582452625332541,5.814181467195035,0.0,0.0,6.369753045126448e-05,0.0,0.0,4.099864442042264,-15.0709270738,0.0,0.0,1.7143170251527708,0.0,0.00022899981975855682,0.0,0.06556060772867812,-0.006666641385266556,0.21759481150877563,0.0,0.0,0.0
3687.0,9.58244402202673,5.814244891099163,0.0,0.0,6.382114522849432e-05,0.0,0.0,4.0999282023153665,-15.0709270738,0.0,0.0,1.7143166887837964,0.0,0.00022944443485062044,0.0,0.06556097818445208,-0.006665847375754805,0.21759640878906988,0.0,0.0,0.0
3688.0,9.582435245581838,5.814308397381668,0.0,0.0,6.393351431609602e-05,0.0,0.0,4.099992080584137,-15.0709270738,0.0,0.0,1.7143163167975306,0.0,0.00022984862529647844,0.0,0.06556134920084145,-0.006665053475330335,0.21759801104747906,0.0,0.0,0.0
3689.0,9.582426297217006,5.814371974768853,0.0,0.0,6.403459385302867e-05,0.0,0.0,4.100056065580794,-15.0709270738,0.0,0.0,1.714315909188059,0.0,0.00023021223329184562,0.0,0.06556172071215233,-0.006664259827328239,0.21759961800567013,0.0,0.0,0.0
3690.0,9.582417178184935,5.81443561195054,0.0,0.0,6.412434192097364e-05,0.0,0.0,4.100120145994665,-15.0709270738,0.0,0.0,1.7143154659558748,0.0,0.00023053510801081386,0.0,0.0655620926524638,-0.006663466575339186,0.21760122938387882,0.0,0.0,0.0
3691.0,9.582407889771726,5.814499297582033,0.0,0.0,6.420271855598216e-05,0.0,0.0,4.100184310474136,-15.0709270738,0.0,0.0,1.7143149871078975,0.0,0.0002308171056477826,0.0,0.0655624649556392,-0.006662673863183977,0.21760284490095766,0.0,0.0,0.0
3692.0,9.582398433296728,5.814563020286092,0.0,0.0,6.426968575979733e-05,0.0,0.0,4.100248547628611,-15.0709270738,0.0,0.0,1.714314472657481,0.0,0.00023105808945822373,0.0,0.06556283755533775,-0.00666188183488825,0.2176044642744233,0.0,0.0,0.0
3693.0,9.582388810112361,5.814626768654909,0.0,0.0,6.432520751084563e-05,0.0,0.0,4.100312846030482,-15.0709270738,0.0,0.0,1.7143139226244273,0.0,0.0002312579297982637,0.0,0.06556321038502591,-0.006661090634656808,0.21760608722050467,0.0,0.0,0.0
3694.0,9.582379021603945,5.814690531252107,0.0,0.0,6.436924977489684e-05,0.0,0.0,4.100377194217114,-15.0709270738,0.0,0.0,1.7143133370349926,0.0,0.00023141650416307757,0.0,0.06556358337798907,-0.0066603004068481325,0.21760771345419144,0.0,0.0,0.0
3695.0,9.582369069189518,5.814754296614737,0.0,0.0,6.440178051538532e-05,0.0,0.0,4.100441580692835,-15.0709270738,0.0,0.0,1.7143127159219018,0.0,0.00023153369722407052,0.0,0.06556395646734318,-0.006659511295948536,0.2176093426892829,0.0,0.0,0.0
3696.0,9.582358954319648,5.814818053255291,0.0,0.0,6.442276970339656e-05,0.0,0.0,4.1005059939309385,-15.0709270738,0.0,0.0,1.7143120593243522,0.0,0.0002316094008648612,0.0,0.06556432958604642,-0.006658723446546527,0.21761097463843684,0.0,0.0,0.0
3697.0,9.58234867847724,5.814881789663718,0.0,0.0,6.44321893273135e-05,0.0,0.0,4.100570422375698,-15.0709270738,0.0,0.0,1.71431136728802,0.0,0.00023164351421604582,0.0,0.06556470266691097,-0.006657937003306719,0.21761260901321897,0.0,0.0,0.0
3698.0,9.582338243177336,5.814945494309455,0.0,0.0,6.443001340211491e-05,0.0,0.0,4.100634854444388,-15.0709270738,0.0,0.0,1.7143106398650678,0.0,0.0002316359436887164,0.0,0.06556507564261482,-0.006657152110944212,0.21761424552415273,0.0,0.0,0.0
3699.0,9.582327649966906,5.81500915564346,0.0,0.0,6.441621797833512e-05,0.0,0.0,4.100699278529313,-15.0709270738,0.0,0.0,1.7143098771141467,0.0,0.00023158660300676623,0.0,0.06556544844571358,-0.006656368914198393,0.21761588388076922,0.0,0.0,0.0
3700.0,9.582316900424638,5.815072762100254,0.0,0.0,6.439078115066967e-05,0.0,0.0,4.100763682999853,-15.0709270738,0.0,0.0,1.714309079100401,0.0,0.0002314954132379267,0.0,0.06556582100865241,-0.006655587557806902,0.21761752379165725,0.0,0.0,0.0
3701.0,9.582305996160722,5.815136302099973,0.0,0.0,6.435368306623477e-05,0.0,0.0,4.100828056204506,-15.0709270738,0.0,0.0,1.7143082458954675,0.0,0.00023136230282356382,0.0,0.06556619326377798,-0.006654808186479608,0.21761916496451422,0.0,0.0,0.0
3702.0,9.582294938816618,5.815199764050425,0.0,0.0,6.430490593247346e-05,0.0,0.0,4.100892386472946,-15.0709270738,0.0,0.0,1.7143073775774793,0.0,0.00023118720760720955,0.0,0.06556656514335041,-0.006654030944872477,0.21762080710619663,0.0,0.0,0.0
3703.0,9.582283730064834,5.815263136349153,0.0,0.0,6.42444340247076e-05,0.0,0.0,4.100956662118089,-15.0709270738,0.0,0.0,1.7143064742310639,0.0,0.00023097007086182392,0.0,0.06556693657955531,-0.006653255977561237,0.2176224499227712,0.0,0.0,0.0
3704.0,9.582272371608681,5.815326407385505,0.0,0.0,6.417225369333212e-05,0.0,0.0,4.101020871438164,-15.0709270738,0.0,0.0,1.7143055359473403,0.0,0.00023071084331577517,0.0,0.06556730750451589,-0.0066524834290152685,0.21762409311956635,0.0,0.0,0.0
3705.0,9.582260865182036,5.815389565542708,0.0,0.0,6.4088353370651e-05,0.0,0.0,4.101085002718789,-15.0709270738,0.0,0.0,1.7143045628239193,0.0,0.00023040948317753658,0.0,0.06556767785030501,-0.006651713443571211,0.21762573640122354,0.0,0.0,0.0
3706.0,9.582249212549087,5.815452599199954,0.0,0.0,6.399272357735411e-05,0.0,0.0,4.101149044235059,-15.0709270738,0.0,0.0,1.7143035549648955,0.0,0.0002300659561590959,0.0,0.06556804754895731,-0.006650946165406846,0.21762737947174918,0.0,0.0,0.0
3707.0,9.582237415504084,5.8155154967344815,0.0,0.0,6.38853569286278e-05,0.0,0.0,4.101212984253635,-15.0709270738,0.0,0.0,1.7143025124808462,0.0,0.00022968023549805252,0.0,0.06556841653248145,-0.006650181738514546,0.21762902203456652,0.0,0.0,0.0
3708.0,9.582225475871073,5.815578246523667,0.0,0.0,6.376624813990539e-05,0.0,0.0,4.101276811034846,-15.0709270738,0.0,0.0,1.7143014354888209,0.0,0.00022925230197842376,0.0,0.0655687847328722,-0.006649420306675022,0.217630663792568,0.0,0.0,0.0
3709.0,9.582213395503635,5.815640836947123,0.0,0.0,6.363539403224882e-05,0.0,0.0,4.101340512834786,-15.0709270738,0.0,0.0,1.7143003241123376,0.0,0.00022878214395012953,0.0,0.06556915208212277,-0.006648662013430978,0.21763230444816756,0.0,0.0,0.0
3710.0,9.582201176284604,5.8157032563887965,0.0,0.0,6.349279353736137e-05,0.0,0.0,4.101404077907425,-15.0709270738,0.0,0.0,1.7142991784813715,0.0,0.00022826975734715392,0.0,0.06556951851223704,-0.006647907002060693,0.21763394370335334,0.0,0.0,0.0
3711.0,9.582188820125799,5.81576549323907,0.0,0.0,6.333844770223257e-05,0.0,0.0,4.101467494506724,-15.0709270738,0.0,0.0,1.714297998732346,0.0,0.00022771514570438887,0.0,0.06556988395524176,-0.0066471554155516505,0.21763558125974047,0.0,0.0,0.0
3712.0,9.582176328967732,5.81582753589687,0.0,0.0,6.317235969341185e-05,0.0,0.0,4.101530750888748,-15.0709270738,0.0,0.0,1.7142967850081217,0.0,0.0002271183201731465,0.0,0.06557024834319894,-0.006646407396574003,0.21763721681862405,0.0,0.0,0.0
3713.0,9.582163704779319,5.8158893727717755,0.0,0.0,6.2994534800907e-05,0.0,0.0,4.101593835313793,-15.0709270738,0.0,0.0,1.714295537457983,0.0,0.0002264792995353262,0.0,0.06557061160821816,-0.006645663087454359,0.21763885008103218,0.0,0.0,0.0
3714.0,9.582150949557589,5.815950992286131,0.0,0.0,6.280498044170789e-05,0.0,0.0,4.101656736048504,-15.0709270738,0.0,0.0,1.7142942562376273,0.0,0.0002257981102162383,0.0,0.06557097368246884,-0.0066449226301493886,0.21764048074777956,0.0,0.0,0.0
3715.0,9.582138065327372,5.816012382877159,0.0,0.0,6.26037061629413e-05,0.0,0.0,4.1017194413680125,-15.0709270738,0.0,0.0,1.7142929415091466,0.0,0.00022507478629610464,0.0,0.06557133449819265,-0.006644186166219299,0.2176421085195207,0.0,0.0,0.0
3716.0,9.582125054141006,5.8160735329990745,0.0,0.0,6.23907236446368e-05,0.0,0.0,4.10178193955806,-15.0709270738,0.0,0.0,1.7142915934410148,0.0,0.00022430936952016415,0.0,0.0655716939877159,-0.006643453836801538,0.2176437330968037,0.0,0.0,0.0
3717.0,9.58211191807801,5.816134431125206,0.0,0.0,6.216604670212295e-05,0.0,0.0,4.101844218917137,-15.0709270738,0.0,0.0,1.714290212208069,0.0,0.000223501909307453,0.0,0.06557205208346178,-0.006642725782584499,0.21764535418012393,0.0,0.0,0.0
3718.0,9.582098659244773,5.816195065750109,0.0,0.0,6.19296912880405e-05,0.0,0.0,4.101906267758617,-15.0709270738,0.0,0.0,1.7142887979914923,0.0,0.00022265246275821052,0.0,0.06557240871796298,-0.006642002143781203,0.21764697146997758,0.0,0.0,0.0
3719.0,9.582085279774232,5.816255425391689,0.0,0.0,6.168167549397614e-05,0.0,0.0,4.101968074412896,-15.0709270738,0.0,0.0,1.7142873509787933,0.0,0.00022176109465992403,0.0,0.0655727638238738,-0.006641283060102893,0.21764858466691644,0.0,0.0,0.0
3720.0,9.582071781825533,5.816315498593318,0.0,0.0,6.142201955171034e-05,0.0,0.0,4.102029627229531,-15.0709270738,0.0,0.0,1.7142858713637867,0.0,0.00022082787749198984,0.0,0.06557311733398274,-0.006640568670732927,0.21765019347160103,0.0,0.0,0.0
3721.0,9.582058167583709,5.816375273925954,0.0,0.0,6.115074583408596e-05,0.0,0.0,4.102090914579383,-15.0709270738,0.0,0.0,1.7142843593465704,0.0,0.00021985289142901227,0.0,0.06557346918122486,-0.006639859114300498,0.2176517975848554,0.0,0.0,0.0
3722.0,9.58204443925933,5.8164347399902585,0.0,0.0,6.086787885549044e-05,0.0,0.0,4.102151924856755,-15.0709270738,0.0,0.0,1.7142828151335037,0.0,0.00021883622434271777,0.0,0.06557381929869416,-0.0066391545288544546,0.21765339670772127,0.0,0.0,0.0
3723.0,9.582030599088158,5.8164938854187165,0.0,0.0,6.057344527195554e-05,0.0,0.0,4.102212646481535,-15.0709270738,0.0,0.0,1.7142812389371818,0.0,0.00021777797180249533,0.0,0.0655741676196559,-0.006638455051837244,0.21765499054151222,0.0,0.0,0.0
3724.0,9.582016649330804,5.81655269887775,0.0,0.0,6.026747388086773e-05,0.0,0.0,4.102273067901339,-15.0709270738,0.0,0.0,1.714279630976411,0.0,0.00021667823707454043,0.0,0.06557451407755913,-0.006637760820058791,0.21765657878786807,0.0,0.0,0.0
3725.0,9.582002592272362,5.816611169069834,0.0,0.0,5.994999562029247e-05,0.0,0.0,4.10233317759365,-15.0709270738,0.0,0.0,1.7142779914761839,0.0,0.0002155371311196126,0.0,0.06557485860604897,-0.006637071969670477,0.21765816114880962,0.0,0.0,0.0
3726.0,9.581988430222056,5.816669284735608,0.0,0.0,5.962104356791318e-05,0.0,0.0,4.102392964067959,-15.0709270738,0.0,0.0,1.7142763206676488,0.0,0.00021435477258941027,0.0,0.06557520113897905,-0.006636388636139273,0.2176597373267929,0.0,0.0,0.0
3727.0,9.581974165512868,5.8167270346559885,0.0,0.0,5.928065293958155e-05,0.0,0.0,4.102452415867903,-15.0709270738,0.0,0.0,1.7142746187880853,0.0,0.0002131312878215505,0.0,0.06557554161042378,-0.006635710954221816,0.21766130702476383,0.0,0.0,0.0
3728.0,9.58195980050117,5.816784407654274,0.0,0.0,5.892886108747752e-05,0.0,0.0,4.1025115215734065,-15.0709270738,0.0,0.0,1.7142728860808676,0.0,0.00021186681083314702,0.0,0.0655758799546908,-0.00663503905793858,0.2176628699462125,0.0,0.0,0.0
3729.0,9.581945337566347,5.816841392598249,0.0,0.0,5.856570749788174e-05,0.0,0.0,4.1025702698028095,-15.0709270738,0.0,0.0,1.7142711227954397,0.0,0.00021056148331299702,0.0,0.06557621610633323,-0.006634373080548331,0.21766442579522838,0.0,0.0,0.0
3730.0,9.581930779110415,5.816897978402287,0.0,0.0,5.819123378855771e-05,0.0,0.0,4.1026286492150055,-15.0709270738,0.0,0.0,1.7142693291872817,0.0,0.00020921545461236659,0.0,0.06557655000016205,-0.006633713154522158,0.21766597427655415,0.0,0.0,0.0
3731.0,9.581916127557632,5.816954154029444,0.0,0.0,5.780548370574383e-05,0.0,0.0,4.102686648511572,-15.0709270738,0.0,0.0,1.7142675055178724,0.0,0.00020782888173437496,0.0,0.06557688157125834,-0.006633059411518316,0.21766751509564092,0.0,0.0,0.0
3732.0,9.581901385354115,5.817009908493553,0.0,0.0,5.740850312075628e-05,0.0,0.0,4.102744256438893,-15.0709270738,0.0,0.0,1.7142656520546602,0.0,0.0002064019293219812,0.0,0.06557721075498557,-0.006632411982356437,0.21766904795870226,0.0,0.0,0.0
3733.0,9.581886554967436,5.81706523086131,0.0,0.0,5.7000340026200484e-05,0.0,0.0,4.102801461790286,-15.0709270738,0.0,0.0,1.7142637690710236,0.0,0.00020493476964456508,0.0,0.06557753748700189,-0.006631770996992414,0.21767057257276937,0.0,0.0,0.0
3734.0,9.581871638886229,5.817120110254357,0.0,0.0,5.658104453179199e-05,0.0,0.0,4.1028582534081215,-15.0709270738,0.0,0.0,1.7142618568462353,0.0,0.0002034275825831044,0.0,0.06557786170327225,-0.006631136584492936,0.217672088645745,0.0,0.0,0.0
3735.0,9.581856639619776,5.8171745358513585,0.0,0.0,5.6150668859786556e-05,0.0,0.0,4.102914620185934,-15.0709270738,0.0,0.0,1.7142599156654246,0.0,0.00020188055561394904,0.0,0.06557818334008067,-0.006630508873010574,0.21767359588645824,0.0,0.0,0.0
3736.0,9.581841559697606,5.817228496890074,0.0,0.0,5.570926734002038e-05,0.0,0.0,4.102970551070535,-15.0709270738,0.0,0.0,1.714257945819539,0.0,0.00020029388379119367,0.0,0.06557850233404236,-0.00662988798975854,0.21767509400471902,0.0,0.0,0.0
3737.0,9.581826401669076,5.817281982669419,0.0,0.0,5.525689640455908e-05,0.0,0.0,4.103026035064119,-15.0709270738,0.0,0.0,1.7142559476053005,0.0,0.0001986677697276449,0.0,0.06557881862211587,-0.006629274060985832,0.21767658271137214,0.0,0.0,0.0
3738.0,9.581811168102954,5.817334982551528,0.0,0.0,5.479361458195503e-05,0.0,0.0,4.103081061226359,-15.0709270738,0.0,0.0,1.7142539213251693,0.0,0.00019700242357438083,0.0,0.06557913214161518,-0.00662866721195246,0.2176780617183519,0.0,0.0,0.0
3739.0,9.581795861586997,5.8173874859638,0.0,0.0,5.431948249111729e-05,0.0,0.0,4.103135618676504,-15.0709270738,0.0,0.0,1.7142518672872962,0.0,0.00019529806299891817,0.0,0.06557944283022163,-0.006628067566904802,0.21767953073873625,0.0,0.0,0.0
3740.0,9.581780484727522,5.817439482400947,0.0,0.0,5.3834562834787504e-05,0.0,0.0,4.103189696595463,-15.0709270738,0.0,0.0,1.7142497858054844,0.0,0.00019355491316196325,0.0,0.06557975062599616,-0.006627475249050954,0.21768098948680067,0.0,0.0,0.0
3741.0,9.581765040148975,5.817490961427025,0.0,0.0,5.333892039262958e-05,0.0,0.0,4.103243284227888,-15.0709270738,0.0,0.0,1.714247677199137,0.0,0.0001917732066927744,0.0,0.06558005546739104,-0.006626890380536488,0.2176824376780724,0.0,0.0,0.0
3742.0,9.581749530493497,5.817541912677466,0.0,0.0,5.2832622013929186e-05,0.0,0.0,4.103296370884246,-15.0709270738,0.0,0.0,1.71424554179322,0.0,0.00018995318366312163,0.0,0.06558035729326193,-0.006626313082419941,0.21768387502938447,0.0,0.0,0.0
3743.0,9.58173395842048,5.817592325861092,0.0,0.0,5.2315736609902025e-05,0.0,0.0,4.1033489459428845,-15.0709270738,0.0,0.0,1.7142433799182077,0.0,0.00018809509155983962,0.0,0.06558065604287971,-0.00662574347464899,0.21768530125892904,0.0,0.0,0.0
3744.0,9.581718326606131,5.81764219076213,0.0,0.0,5.1788335145616174e-05,0.0,0.0,4.10340099885209,-15.0709270738,0.0,0.0,1.7142411919100402,0.0,0.0001861991852559929,0.0,0.06558095165594227,-0.006625181676036221,0.21768671608631157,0.0,0.0,0.0
3745.0,9.581702637743016,5.817691497242207,0.0,0.0,5.125049063152754e-05,0.0,0.0,4.103452519132136,-15.0709270738,0.0,0.0,1.714238978110071,0.0,0.0001842657269806495,0.0,0.06558124407258634,-0.0066246278042355194,0.21768811923260392,0.0,0.0,0.0
3746.0,9.581686894539613,5.817740235242346,0.0,0.0,5.0702278114625435e-05,0.0,0.0,4.103503496377329,-15.0709270738,0.0,0.0,1.7142367388650168,0.0,0.00018229498628725258,0.0,0.06558153323339916,-0.006624081975718246,0.21768951042039802,0.0,0.0,0.0
3747.0,9.581671099719859,5.817788394784944,0.0,0.0,5.014377466919402e-05,0.0,0.0,4.103553920258034,-15.0709270738,0.0,0.0,1.7142344745269096,0.0,0.00018028724002060976,0.0,0.06558181907943017,-0.006623544305749823,0.21769088937385875,0.0,0.0,0.0
3748.0,9.581655256022682,5.81783596597574,0.0,0.0,4.957505938718887e-05,0.0,0.0,4.1036037805227,-15.0709270738,0.0,0.0,1.7142321854530396,0.0,0.0001782427722824986,0.0,0.06558210155220258,-0.00662301490836642,0.21769225581877738,0.0,0.0,0.0
3749.0,9.581639366201548,5.81788293900578,0.0,0.0,4.8996213368225204e-05,0.0,0.0,4.1036530669998745,-15.0709270738,0.0,0.0,1.7142298720059053,0.0,0.00017616187439587394,0.0,0.06558238059372491,-0.00662249389635175,0.217693609482624,0.0,0.0,0.0
3750.0,9.58162343302399,5.817929304153359,0.0,0.0,4.840731970918919e-05,0.0,0.0,4.103701769600201,-15.0709270738,0.0,0.0,1.7142275345531575,0.0,0.00017404484486771964,0.0,0.06558265614650252,-0.006621981381214143,0.21769495009460038,0.0,0.0,0.0
3751.0,9.58160745927114,5.817975051785962,0.0,0.0,4.7808463493461514e-05,0.0,0.0,4.1037498783184185,-15.0709270738,0.0,0.0,1.7142251734675433,0.0,0.00017189198935050451,0.0,0.06558292815354894,-0.006621477473163745,0.21769627738569253,0.0,0.0,0.0
3752.0,9.581591447737253,5.818020172362185,0.0,0.0,4.71997317797603e-05,0.0,0.0,4.103797383235334,-15.0709270738,0.0,0.0,1.7142227891268504,0.0,0.0001697036206022684,0.0,0.06558319655839726,-0.0066209822810898294,0.2176975910887226,0.0,0.0,0.0
3753.0,9.581575401229232,5.818064656433649,0.0,0.0,4.658121359060591e-05,0.0,0.0,4.1038442745197985,-15.0709270738,0.0,0.0,1.7142203819138508,0.0,0.0001674800584453473,0.0,0.06558346130511139,-0.006620495912538507,0.2176988909384014,0.0,0.0,0.0
3754.0,9.58155932256615,5.818108494646899,0.0,0.0,4.5952999900405716e-05,0.0,0.0,4.10389054243066,-15.0709270738,0.0,0.0,1.7142179522162388,0.0,0.00016522162972372993,0.0,0.06558372233829732,-0.006620018473690439,0.21770017667137953,0.0,0.0,0.0
3755.0,9.581543214578764,5.8181516777452895,0.0,0.0,4.5315183623162806e-05,0.0,0.0,4.103936177318715,-15.0709270738,0.0,0.0,1.7142155004265742,0.0,0.00016292866825906084,0.0,0.0655839796031141,-0.006619550069338745,0.21770144802629976,0.0,0.0,0.0
3756.0,9.58152708010903,5.8181941965708575,0.0,0.0,4.466785959980406e-05,0.0,0.0,4.103981169628637,-15.0709270738,0.0,0.0,1.7142130269422209,0.0,0.00016060151480527254,0.0,0.06558423304528507,-0.006619090802867364,0.2177027047438475,0.0,0.0,0.0
3757.0,9.581510922009615,5.818236042066181,0.0,0.0,4.4011124585140614e-05,0.0,0.0,4.104025509900897,-15.0709270738,0.0,0.0,1.7142105321652847,0.0,0.00015824051700189388,0.0,0.06558448261110872,-0.006618640776229229,0.21770394656680248,0.0,0.0,0.0
3758.0,9.581494743143404,5.818277205276226,0.0,0.0,4.334507723444934e-05,0.0,0.0,4.104069188773674,-15.0709270738,0.0,0.0,1.7142080165025524,0.0,0.00015584602932599355,0.0,0.06558472824746958,-0.006618200089925086,0.21770517324008914,0.0,0.0,0.0
3759.0,9.581478546383005,5.818317677350172,0.0,0.0,4.266981808968568e-05,0.0,0.0,4.1041121969847465,-15.0709270738,0.0,0.0,1.7142054803654254,0.0,0.00015341841304279552,0.0,0.0655849699018491,-0.006617768842982069,0.21770638451082736,0.0,0.0,0.0
3760.0,9.58146233461025,5.81835744954323,0.0,0.0,4.1985449565326344e-05,0.0,0.0,4.104154525373373,-15.0709270738,0.0,0.0,1.7142029241698573,0.0,0.00015095803615496116,0.0,0.06558520752233632,-0.006617347132932994,0.2177075801283823,0.0,0.0,0.0
3761.0,9.5814461107157,5.818396513218443,0.0,0.0,4.129207593384372e-05,0.0,0.0,4.104196164882154,-15.0709270738,0.0,0.0,1.7142003483362886,0.0,0.00014846527335054434,0.0,0.06558544105763853,-0.00661693505579547,0.2177087598444149,0.0,0.0,0.0
3762.0,9.58142987759813,5.818434859848468,0.0,0.0,4.058980331081424e-05,0.0,0.0,4.104237106558889,-15.0709270738,0.0,0.0,1.7141977532895787,0.0,0.00014594050594962774,0.0,0.0655856704570918,-0.006616532706051392,0.217709923412931,0.0,0.0,0.0
3763.0,9.581413638164038,5.818472481017346,0.0,0.0,3.9878739639662675e-05,0.0,0.0,4.104277341558406,-15.0709270738,0.0,0.0,1.7141951394589396,0.0,0.00014338412184964673,0.0,0.06558589567067143,-0.006616140176626775,0.21771107059033068,0.0,0.0,0.0
3764.0,9.58139739532713,5.818509368422252,0.0,0.0,3.915899467604372e-05,0.0,0.0,4.104316861144384,-15.0709270738,0.0,0.0,1.7141925072778683,0.0,0.0001407965154694064,0.0,0.0655861166490024,-0.006615757558871629,0.2177122011354573,0.0,0.0,0.0
3765.0,9.581381152007808,5.818545513875233,0.0,0.0,3.8430679971864164e-05,0.0,0.0,4.104355656691158,-15.0709270738,0.0,0.0,1.714189857184075,0.0,0.00013817808769180272,0.0,0.0655863333433695,-0.006615384942540159,0.21771331480964634,0.0,0.0,0.0
3766.0,9.581364911132658,5.818580909304922,0.0,0.0,3.7693908858946056e-05,0.0,0.0,4.104393719685506,-15.0709270738,0.0,0.0,1.714187189619416,0.0,0.00013552924580524962,0.0,0.06558654570572761,-0.006615022415771374,0.21771441137677314,0.0,0.0,0.0
3767.0,9.58134867563394,5.818615546758241,0.0,0.0,3.6948796432335066e-05,0.0,0.0,4.104431041728419,-15.0709270738,0.0,0.0,1.714184505029822,0.0,0.00013285040344382666,0.0,0.06558675368871174,-0.006614670065069578,0.2177154906033012,0.0,0.0,0.0
3768.0,9.581332448449068,5.818649418402083,0.0,0.0,3.6195459533254556e-05,0.0,0.0,4.10446761453686,-15.0709270738,0.0,0.0,1.7141818038652232,0.0,0.00013014198052614914,0.0,0.06558695724564699,-0.006614327975285467,0.2177165522583297,0.0,0.0,0.0
3769.0,9.581316232520086,5.818682516524979,0.0,0.0,3.543401673170662e-05,0.0,0.0,4.104503429945499,-15.0709270738,0.0,0.0,1.7141790865794801,0.0,0.00012740440319296539,0.0,0.06558715633055842,-0.0066139962295974075,0.2177175961136405,0.0,0.0,0.0
3770.0,9.581300030793159,5.81871483353874,0.0,0.0,3.466458830872818e-05,0.0,0.0,4.104538479908431,-15.0709270738,0.0,0.0,1.7141763536303092,0.0,0.00012463810374350922,0.0,0.06558735089818082,-0.006613674909492717,0.21771862194374517,0.0,0.0,0.0
3771.0,9.581283846218039,5.8187463619800885,0.0,0.0,3.388729623829645e-05,0.0,0.0,4.104572756500882,-15.0709270738,0.0,0.0,1.714173605479207,0.0,0.00012184352057058827,0.0,0.06558754090396839,-0.006613364094749594,0.21771962952593107,0.0,0.0,0.0
3772.0,9.581267681747546,5.818777094512265,0.0,0.0,3.3102264168893055e-05,0.0,0.0,4.104606251920889,-15.0709270738,0.0,0.0,1.7141708425913764,0.0,0.00011902109809444036,0.0,0.06558772630410423,-0.006613063863419075,0.21772061864030762,0.0,0.0,0.0
3773.0,9.581251540337044,5.8188070239266185,0.0,0.0,3.230961740472646e-05,0.0,0.0,4.10463895849097,-15.0709270738,0.0,0.0,1.7141680654356488,0.0,0.0001161712866953571,0.0,0.0655879070555098,-0.0066127742918072885,0.21772158906985178,0.0,0.0,0.0
3774.0,9.581235424943909,5.818836143144173,0.0,0.0,3.150948288661407e-05,0.0,0.0,4.104670868659763,-15.0709270738,0.0,0.0,1.7141652744844098,0.0,0.00011329454264507958,0.0,0.06558808311585429,-0.006612495454458106,0.21772254060045326,0.0,0.0,0.0
3775.0,9.581219338527001,5.818864445217179,0.0,0.0,3.0701989172529886e-05,0.0,0.0,4.10470197500366,-15.0709270738,0.0,0.0,1.7141624702135188,0.0,0.00011039132803698667,0.0,0.06558825444356373,-0.006612227424135947,0.21772347302095907,0.0,0.0,0.0
3776.0,9.581203284046138,5.818891923330643,0.0,0.0,2.9887266417819653e-05,0.0,0.0,4.104732270228411,-15.0709270738,0.0,0.0,1.7141596531022323,0.0,0.00010746211071508343,0.0,0.06558842099783013,-0.006611970271808945,0.21772438612321798,0.0,0.0,0.0
3777.0,9.58118726446156,5.818918570803832,0.0,0.0,2.9065446355083042e-05,0.0,0.0,4.104761747170709,-15.0709270738,0.0,0.0,1.7141568236331226,0.0,0.00010450736420178733,0.0,0.06558858273862052,-0.00661172406663231,0.2177252797021244,0.0,0.0,0.0
3778.0,9.581171282733397,5.818944381091763,0.0,0.0,2.8236662273733154e-05,0.0,0.0,4.104790398799764,-15.0709270738,0.0,0.0,1.7141539822919984,0.0,0.00010152756762454956,0.0,0.06558873962668564,-0.006611488875932159,0.21772615355566166,0.0,0.0,0.0
3779.0,9.581155341821136,5.81896934778667,0.0,0.0,2.740104899922364e-05,0.0,0.0,4.104818218218842,-15.0709270738,0.0,0.0,1.7141511295678278,0.0,9.852320564127608e-05,0.0,0.0655888916235688,-0.006611264765189362,0.21772700748494492,0.0,0.0,0.0
3780.0,9.581139444683087,5.818993464619444,0.0,0.0,2.6558742871964507e-05,0.0,0.0,4.104845198666795,-15.0709270738,0.0,0.0,1.714148265952649,0.0,9.549476836462439e-05,0.0,0.06558903869161445,-0.006611051798024056,0.2177278412942637,0.0,0.0,0.0
3781.0,9.581123594275844,5.819016725461059,0.0,0.0,2.5709881725911804e-05,0.0,0.0,4.104871333519563,-15.0709270738,0.0,0.0,1.7141453919414955,0.0,9.24427512851226e-05,0.0,0.06558918079397662,-0.006610850036180171,0.2177286547911238,0.0,0.0,0.0
3782.0,9.581107793553755,5.819039124323968,0.0,0.0,2.4854604866845544e-05,0.0,0.0,4.10489661629166,-15.0709270738,0.0,0.0,1.7141425080323085,0.0,8.936765519316199e-05,0.0,0.06558931789462727,-0.0066106595395102885,0.21772944778628883,0.0,0.0,0.0
3783.0,9.581092045468376,5.819060655363485,0.0,0.0,2.3993053050336658e-05,0.0,0.0,4.104921040637628,-15.0709270738,0.0,0.0,1.7141396147258563,0.0,8.626998609986646e-05,0.0,0.0655894499583646,-0.00661048036596093,0.21773022009382098,0.0,0.0,0.0
3784.0,9.58107635296794,5.819081312879133,0.0,0.0,2.3125368459403897e-05,0.0,0.0,4.104944600353487,-15.0709270738,0.0,0.0,1.7141367125256464,0.0,8.315025515684146e-05,0.0,0.06558957695082099,-0.0066103125715582245,0.21773097153112195,0.0,0.0,0.0
3785.0,9.581060718996818,5.81910109131598,0.0,0.0,2.2251694681866262e-05,0.0,0.0,4.104967289378137,-15.0709270738,0.0,0.0,1.7141338019378436,0.0,8.00089785748228e-05,0.0,0.06558969883847107,-0.006610156210393528,0.21773170191897226,0.0,0.0,0.0
3786.0,9.58104514649498,5.819119985265946,0.0,0.0,2.137217668739299e-05,0.0,0.0,4.1049891017947635,-15.0709270738,0.0,0.0,1.7141308834711824,0.0,7.684667754123231e-05,0.0,0.06558981558863945,-0.006610011334609811,0.2177324110815712,0.0,0.0,0.0
3787.0,9.581029638397448,5.819137989469083,0.0,0.0,2.0486960804257668e-05,0.0,0.0,4.105010031832201,-15.0709270738,0.0,0.0,1.7141279576368822,0.0,7.366387813666412e-05,0.0,0.06558992716950851,-0.0066098779943881275,0.2177330988465755,0.0,0.0,0.0
3788.0,9.581014197633772,5.819155098814841,0.0,0.0,1.9596194695795273e-05,0.0,0.0,4.105030073866282,-15.0709270738,0.0,0.0,1.714125024948559,0.0,7.04611112502969e-05,0.0,0.06559003355012583,-0.0066097562379343056,0.21773376504513764,0.0,0.0,0.0
3789.0,9.580998827127477,5.819171308343299,0.0,0.0,1.8700027336570823e-05,0.0,0.0,4.105049222421161,-15.0709270738,0.0,0.0,1.7141220859221384,0.0,6.723891249426343e-05,0.0,0.06559013470041163,-0.0066096461114662775,0.21773440951194384,0.0,0.0,0.0
3790.0,9.580983529795532,5.819186613246377,0.0,0.0,1.779860898825835e-05,0.0,0.0,4.105067472170611,-15.0709270738,0.0,0.0,1.7141191410757664,0.0,6.399782211697276e-05,0.0,0.06559023059116606,-0.00660954765920152,0.21773503208525108,0.0,0.0,0.0
3791.0,9.580968308547806,5.819201008869024,0.0,0.0,1.689209117523754e-05,0.0,0.0,4.105084817939302,-15.0709270738,0.0,0.0,1.7141161909297224,0.0,6.0738384915411244e-05,0.0,0.06559032119407632,-0.00660946092334487,0.21773563260692397,0.0,0.0,0.0
3792.0,9.580953166286532,5.819214490710376,0.0,0.0,1.5980626659912177e-05,0.0,0.0,4.1051012547040475,-15.0709270738,0.0,0.0,1.7141132360063285,0.0,5.746115014643733e-05,0.0,0.06559040648172354,-0.0066093859440766595,0.2177362109224707,0.0,0.0,0.0
3793.0,9.580938105905766,5.819227054424894,0.0,0.0,1.5064369417750164e-05,0.0,0.0,4.1051167775950335,-15.0709270738,0.0,0.0,1.7141102768298602,0.0,5.416667143706915e-05,0.0,0.0655904864275897,-0.006609322759541236,0.2177367668810786,0.0,0.0,0.0
3794.0,9.580923130290849,5.819238695823472,0.0,0.0,1.4143474612053548e-05,0.0,0.0,4.105131381897016,-15.0709270738,0.0,0.0,1.7141073139264558,0.0,5.085550669379533e-05,0.0,0.06559056100606432,-0.006609271405835934,0.21773730033564925,0.0,0.0,0.0
3795.0,9.580908242317866,5.819249410874526,0.0,0.0,1.3218098568459285e-05,0.0,0.0,4.105145063050499,-15.0709270738,0.0,0.0,1.7141043478240263,0.0,4.75282180109115e-05,0.0,0.06559063019245089,-0.006609231917000052,0.2177378111428326,0.0,0.0,0.0
3796.0,9.580893444853118,5.819259195705045,0.0,0.0,1.2288398749178242e-05,0.0,0.0,4.105157816652882,-15.0709270738,0.0,0.0,1.7141013790521624,0.0,4.4185371577909295e-05,0.0,0.06559069396297333,-0.006609204325004545,0.2177382991630607,0.0,0.0,0.0
3797.0,9.580878740752572,5.819268046601627,0.0,0.0,1.135453372697339e-05,0.0,0.0,4.105169638459585,-15.0709270738,0.0,0.0,1.7140984081420418,0.0,4.0827537585921654e-05,0.0,0.06559075229478217,-0.006609188659741944,0.21773876426058109,0.0,0.0,0.0
3798.0,9.580864132861336,5.819275960011484,0.0,0.0,1.0416663158880928e-05,0.0,0.0,4.105180524385143,-15.0709270738,0.0,0.0,1.7140954356263407,0.0,3.745529013323726e-05,0.0,0.06559080516596066,-0.006609184949016439,0.21773920630348895,0.0,0.0,0.0
3799.0,9.58084962401312,5.819282932543418,0.0,0.0,9.474947759682319e-06,0.0,0.0,4.105190470504281,-15.0709270738,0.0,0.0,1.7140924620391367,0.0,3.406920712991341e-05,0.0,0.06559085255553063,-0.0066091932185347035,0.21773962516375928,0.0,0.0,0.0
3800.0,9.580835217029694,5.819288960968774,0.0,0.0,8.529549275129255e-06,0.0,0.0,4.105199473052957,-15.0709270738,0.0,0.0,1.7140894879158175,0.0,3.066987020149395e-05,0.0,0.06559089444345827,-0.006609213491896679,0.217740020717278,0.0,0.0,0.0
3801.0,9.58082091472037,5.819294042222364,0.0,0.0,7.580630454923256e-06,0.0,0.0,4.105207528429376,-15.0709270738,0.0,0.0,1.7140865137929877,0.0,2.7257864591838925e-05,0.0,0.06559093081065977,-0.006609245790587026,0.2177403928438725,0.0,0.0,0.0
3802.0,9.580806719881455,5.819298173403359,0.0,0.0,6.628355025460777e-06,0.0,0.0,4.105214633194986,-15.0709270738,0.0,0.0,1.7140835402083727,0.0,2.383377906510457e-05,0.0,0.0655909616390067,-0.00660929013396673,0.21774074142734184,0.0,0.0,0.0
3803.0,9.580792635295731,5.819301351776163,0.0,0.0,5.672887662340487e-06,0.0,0.0,4.1052207840754384,-15.0709270738,0.0,0.0,1.7140805677007247,0.0,2.039820580686197e-05,0.0,0.0655909869113313,-0.00660934653926519,0.2177410663554858,0.0,0.0,0.0
3804.0,9.580778663731921,5.819303574771251,0.0,0.0,4.714393962643185e-06,0.0,0.0,4.105225977961522,-15.0709270738,0.0,0.0,1.7140775968097284,0.0,1.695174032439188e-05,0.0,0.06559100661143166,-0.006609415021572709,0.21774136752013373,0.0,0.0,0.0
3805.0,9.580764807944158,5.819304839985979,0.0,0.0,3.753040416987563e-06,0.0,0.0,4.105230211910072,-15.0709270738,0.0,0.0,1.714074628075907,0.0,1.3494981346167195e-05,0.0,0.06559102072407658,-0.006609495593833087,0.21774164481717245,0.0,0.0,0.0
3806.0,9.580751070671464,5.819305145185372,0.0,0.0,2.788994381362473e-06,0.0,0.0,4.1052334831448505,-15.0709270738,0.0,0.0,1.7140716620405216,0.0,1.0028530720525588e-05,0.0,0.06559102923501038,-0.006609588266837121,0.2177418981465734,0.0,0.0,0.0
3807.0,9.580737454637223,5.819304488302875,0.0,0.0,1.8224240487479844e-06,0.0,0.0,4.105235789057394,-15.0709270738,0.0,0.0,1.7140686992454812,0.0,6.5529933135763335e-06,0.0,0.0655910321309576,-0.006609693049215784,0.2177421274124196,0.0,0.0,0.0
3808.0,9.580723962548655,5.819302867441084,0.0,0.0,8.534984205214211e-07,0.0,0.0,4.1052371272078405,-15.0709270738,0.0,0.0,1.7140657402332433,0.0,3.068976906327776e-06,0.0,0.06559102939962735,-0.006609809947434403,0.21774233252293151,0.0,0.0,0.0
3809.0,9.580710597096298,5.819300280872438,0.0,0.0,-1.1761272234161996e-07,0.0,0.0,4.105237495325722,-15.0709270738,0.0,0.0,1.7140627855467168,0.0,-4.229079089286766e-07,0.0,0.06559102102971767,-0.006609938965786821,0.21774251339049194,0.0,0.0,0.0
3810.0,9.580697360953488,5.819296727039892,0.0,0.0,-1.090738848268125e-06,0.0,0.0,4.105236891310727,-15.0709270738,0.0,0.0,1.7140598357291648,0.0,-3.922047832966648e-06,0.0,0.0655910070109196,-0.006610080106390165,0.21774266993167105,0.0,0.0,0.0
3811.0,9.580684256775841,5.819292204557552,0.0,0.0,-2.0657087042829647e-06,0.0,0.0,4.105235313233441,-15.0709270738,0.0,0.0,1.7140568913241108,0.0,-7.427826964678265e-06,0.0,0.06559098733392116,-0.006610233369179833,0.21774280206725005,0.0,0.0,0.0
3812.0,9.580671287200738,5.819286712211288,0.0,0.0,-3.042350345399639e-06,0.0,0.0,4.10523275933605,-15.0709270738,0.0,0.0,1.714053952875238,0.0,-1.0939626906836552e-05,0.0,0.06559096199041112,-0.006610398751904931,0.21774290972224425,0.0,0.0,0.0
3813.0,9.58065845484681,5.819280248959311,0.0,0.0,-4.020491164195382e-06,0.0,0.0,4.105229228033018,-15.0709270738,0.0,0.0,1.7140510209262931,0.0,-1.4456826872526848e-05,0.0,0.06559093097308258,-0.00661057625012422,0.21774299282592557,0.0,0.0,0.0
3814.0,9.580645762313432,5.819272813932722,0.0,0.0,-4.9999579205697764e-06,0.0,0.0,4.105224717911736,-15.0709270738,0.0,0.0,1.7140480960209858,0.0,-1.7978803792244172e-05,0.0,0.06559089427563644,-0.006610765857202147,0.21774305131184435,0.0,0.0,0.0
3815.0,9.58063321218021,5.819264406436035,0.0,0.0,-5.980576771678081e-06,0.0,0.0,4.105219227733139,-15.0709270738,0.0,0.0,1.7140451787028956,0.0,-2.1504932421624838e-05,0.0,0.06559085189278457,-0.006610967564305598,0.21774308511785015,0.0,0.0,0.0
3816.0,9.580620807006476,5.819255025947662,0.0,0.0,-6.962173302040717e-06,0.0,0.0,4.1052127564322936,-15.0709270738,0.0,0.0,1.7140422695153683,0.0,-2.5034585449817458e-05,0.0,0.06559080382025301,-0.006611181360400786,0.21774309418611204,0.0,0.0,0.0
3817.0,9.580608549330785,5.819244672120377,0.0,0.0,-7.944572553814612e-06,0.0,0.0,4.1052053031189555,-15.0709270738,0.0,0.0,1.714039369001422,0.0,-2.8567133608441916e-05,0.0,0.06559075005478482,-0.00661140723225076,0.21774307846313823,0.0,0.0,0.0
3818.0,9.58059644167042,5.819233344781742,0.0,0.0,-8.927599057229913e-06,0.0,0.0,4.105196867078097,-15.0709270738,0.0,0.0,1.7140364777036456,0.0,-3.210194578114876e-05,0.0,0.0655906905941427,-0.0066116451644129964,0.21774303789979477,0.0,0.0,0.0
3819.0,9.58058448652088,5.819221043934503,0.0,0.0,-9.911076861180983e-06,0.0,0.0,4.105187447770403,-15.0709270738,0.0,0.0,1.7140335961641,0.0,-3.563838911373925e-05,0.0,0.06559062543711172,-0.006611895139237767,0.2177429724513235,0.0,0.0,0.0
3820.0,9.580572686355406,5.819207769756961,0.0,0.0,-1.0894829563972025e-05,0.0,0.0,4.105177044832737,-15.0709270738,0.0,0.0,1.714030724924224,0.0,-3.917582912484705e-05,0.0,0.0655905545835016,-0.006612157136866539,0.2177428820773596,0.0,0.0,0.0
3821.0,9.580561043624469,5.819193522603306,0.0,0.0,-1.1878680344203053e-05,0.0,0.0,4.105165658078578,-15.0709270738,0.0,0.0,1.714027864524728,0.0,-4.271362981713031e-05,0.0,0.06559047803414884,-0.006612431135231064,0.21774276674194776,0.0,0.0,0.0
3822.0,9.58054956075529,5.819178303003922,0.0,0.0,-1.2862451991802987e-05,0.0,0.0,4.105153287498422,-15.0709270738,0.0,0.0,1.7140250155055003,0.0,-4.625115378899829e-05,0.0,0.06559039579091884,-0.00661271711005261,0.21774262641355807,0.0,0.0,0.0
3823.0,9.58053824015136,5.819162111665664,0.0,0.0,-1.3845966939195632e-05,0.0,0.0,4.1051399332601575,-15.0709270738,0.0,0.0,1.7140221784055063,0.0,-4.978776234682131e-05,0.0,0.06559030785670761,-0.006613015034841824,0.2177424610651012,0.0,0.0,0.0
3824.0,9.580527084191948,5.819144949472095,0.0,0.0,-1.4829047292593213e-05,0.0,0.0,4.1051255957094055,-15.0709270738,0.0,0.0,1.7140193537626898,0.0,-5.332281561760481e-05,0.0,0.06559021423544352,-0.00661332488089883,0.21774227067394225,0.0,0.0,0.0
3825.0,9.580516095231623,5.819126817483705,0.0,0.0,-1.5811514863419095e-05,0.0,0.0,4.105110275369831,-15.0709270738,0.0,0.0,1.7140165421138747,0.0,-5.685567266213322e-05,0.0,0.06559011493208869,-0.006613646617313743,0.2177420552219147,0.0,0.0,0.0
3826.0,9.580505275599785,5.819107716938085,0.0,0.0,-1.679319119984712e-05,0.0,0.0,4.105093972943421,-15.0709270738,0.0,0.0,1.7140137439946637,0.0,-6.0385691588538355e-05,0.0,0.06559000995264029,-0.006613980210967749,0.21774181469533255,0.0,0.0,0.0
3827.0,9.58049462760019,5.8190876492500765,0.0,0.0,-1.777389761845604e-05,0.0,0.0,4.105076689310735,-15.0709270738,0.0,0.0,1.7140109599393414,0.0,-6.391222966628684e-05,0.0,0.06558989930413164,-0.006614325626534287,0.21774154908500262,0.0,0.0,0.0
3828.0,9.58048415351048,5.819066616011891,0.0,0.0,-1.875345523599097e-05,0.0,0.0,4.105058425531117,-15.0709270738,0.0,0.0,1.714008190480774,0.0,-6.743464344055734e-05,0.0,0.06558978299463313,-0.006614682826480922,0.21774125838623543,0.0,0.0,0.0
3829.0,9.580473855581713,5.81904461899319,0.0,0.0,-1.9731685001229003e-05,0.0,0.0,4.105039182842879,-15.0709270738,0.0,0.0,1.7140054361503108,0.0,-7.095228884699725e-05,0.0,0.06558966103325287,-0.006615051771071495,0.21774094259885557,0.0,0.0,0.0
3830.0,9.58046373603792,5.819021660141145,0.0,0.0,-2.070840772694193e-05,0.0,0.0,4.1050189626634594,-15.0709270738,0.0,0.0,1.7140026974776852,0.0,-7.446452132683338e-05,0.0,0.06558953343013729,-0.006615432418368608,0.21774060172721132,0.0,0.0,0.0
3831.0,9.580453797075629,5.81899774158045,0.0,0.0,-2.1683444121950176e-05,0.0,0.0,4.104997766589535,-15.0709270738,0.0,0.0,1.713999974990915,0.0,-7.797069594231527e-05,0.0,0.06558940019647155,-0.006615824724236663,0.2177402357801832,0.0,0.0,0.0
3832.0,9.580444040863421,5.818972865613319,0.0,0.0,-2.265661482326198e-05,0.0,0.0,4.1049755963971135,-15.0709270738,0.0,0.0,1.7139972692162058,0.0,-8.14701674924696e-05,0.0,0.06558926134447957,-0.006616228642345179,0.21773984477119207,0.0,0.0,0.0
3833.0,9.58043446954148,5.818947034719438,0.0,0.0,-2.362774042829606e-05,0.0,0.0,4.104952454041587,-15.0709270738,0.0,0.0,1.7139945806778503,0.0,-8.496229062915936e-05,0.0,0.06558911688742404,-0.006616644124172538,0.2177394287182062,0.0,0.0,0.0
3834.0,9.580425085221147,5.81892025155589,0.0,0.0,-2.459664152717562e-05,0.0,0.0,4.104928341657759,-15.0709270738,0.0,0.0,1.713991909898131,0.0,-8.844641997340355e-05,0.0,0.06558896683960634,-0.006617071119010248,0.2177389876437475,0.0,0.0,0.0
3835.0,9.580415889984485,5.8188925189570515,0.0,0.0,-2.5563138735094636e-05,0.0,0.0,4.104903261559831,-15.0709270738,0.0,0.0,1.7139892573972206,0.0,-9.19219102319614e-05,0.0,0.06558881121636596,-0.006617509573967423,0.21773852157489712,0.0,0.0,0.0
3836.0,9.580406885883836,5.818863839934449,0.0,0.0,-2.6527052724744176e-05,0.0,0.0,4.104877216241363,-15.0709270738,0.0,0.0,1.7139866236930859,0.0,-9.538811631413602e-05,0.0,0.06558865003408003,-0.006617959433975779,0.21773803054330015,0.0,0.0,0.0
3837.0,9.58039807494139,5.818834217676589,0.0,0.0,-2.748820425879754e-05,0.0,0.0,4.104850208375201,-15.0709270738,0.0,0.0,1.7139840093013872,0.0,-9.884439344879399e-05,0.0,0.06558848331016251,-0.0066184206417950475,0.21773751458516952,0.0,0.0,0.0
3838.0,9.580389459148767,5.818803655548753,0.0,0.0,-2.8446414222451432e-05,0.0,0.0,4.1048222408133705,-15.0709270738,0.0,0.0,1.7139814147353825,0.0,-0.00010229009730158972,0.0,0.0655883110630632,-0.006618893138018764,0.21773697374128897,0.0,0.0,0.0
3839.0,9.580381040466582,5.8187721570927655,0.0,0.0,-2.9401503656005694e-05,0.0,0.0,4.104793316586935,-15.0709270738,0.0,0.0,1.7139788405058303,0.0,-0.00010572458409233241,0.0,0.06558813331226666,-0.00661937686108037,0.2177364080570155,0.0,0.0,0.0
3840.0,9.580372820824035,5.818739726026719,0.0,0.0,-3.0353293787490255e-05,0.0,0.0,4.104763438905828,-15.0709270738,0.0,0.0,1.7139762871208903,0.0,-0.00010914721071252614,0.0,0.06558795007829077,-0.006619871747259906,0.21773581758228056,0.0,0.0,0.0
3841.0,9.580364802118497,5.818706366244675,0.0,0.0,-3.130160606532096e-05,0.0,0.0,4.1047326111586475,-15.0709270738,0.0,0.0,1.7139737550860277,0.0,-0.00011255733484301712,0.0,0.0655877613826853,-0.006620377730690949,0.21773520237159075,0.0,0.0,0.0
3842.0,9.580356986215103,5.818672081816335,0.0,0.0,-3.224626219098913e-05,0.0,0.0,4.104700836912418,-15.0709270738,0.0,0.0,1.7139712449039175,0.0,-0.00011595431507176549,0.0,0.06558756724803007,-0.0066208947433679805,0.2177345624840278,0.0,0.0,0.0
3843.0,9.580349374946342,5.818636876986669,0.0,0.0,-3.318708415176969e-05,0.0,0.0,4.104668119912324,-15.0709270738,0.0,0.0,1.713968757074345,0.0,-0.00011933751101168682,0.0,0.06558736769793319,-0.00662142271515434,0.21773389798324716,0.0,0.0,0.0
3844.0,9.580341970111668,5.818600756175518,0.0,0.0,-3.412389425344974e-05,0.0,0.0,4.104634464081404,-15.0709270738,0.0,0.0,1.7139662920941134,0.0,-0.00012270628341856999,0.0,0.06558716275702882,-0.006621961573790108,0.2177332089374765,0.0,0.0,0.0
3845.0,9.580334773477103,5.818563723977166,0.0,0.0,-3.505651515306454e-05,0.0,0.0,4.104599873520222,-15.0709270738,0.0,0.0,1.7139638504569445,0.0,-0.00012605999430902453,0.0,0.06558695245097496,-0.006622511244901097,0.21773249541951273,0.0,0.0,0.0
3846.0,9.580327786774848,5.818525785159878,0.0,0.0,-3.598476989164285e-05,0.0,0.0,4.1045643525064905,-15.0709270738,0.0,0.0,1.7139614326533872,0.0,-0.0001293980070784639,0.0,0.0655867368064509,-0.00662307165200747,0.2177317575067186,0.0,0.0,0.0
3847.0,9.580321011702905,5.8184869446653975,0.0,0.0,-3.690848192694648e-05,0.0,0.0,4.104527905494678,-15.0709270738,0.0,0.0,1.7139590391707191,0.0,-0.00013271968661907055,0.0,0.06558651585115471,-0.006623642716533443,0.2177309952810184,0.0,0.0,0.0
3848.0,9.580314449924693,5.818447207608427,0.0,0.0,-3.782747516620748e-05,0.0,0.0,4.104490537115574,-15.0709270738,0.0,0.0,1.7139566704928528,0.0,-0.00013602439943775452,0.0,0.06558628961380016,-0.00662422435781683,0.2177302088288926,0.0,0.0,0.0
3849.0,9.580308103068681,5.818406579276063,0.0,0.0,-3.874157399885039e-05,0.0,0.0,4.104452252175821,-15.0709270738,0.0,0.0,1.7139543271002422,0.0,-0.0001393115137740605,0.0,0.06558605812411383,-0.006624816493119454,0.2177293982413719,0.0,0.0,0.0
3850.0,9.580301972728023,5.818365065127206,0.0,0.0,-3.96506033291964e-05,0.0,0.0,4.1044130556574165,-15.0709270738,0.0,0.0,1.7139520094697893,0.0,-0.00014258039971801155,0.0,0.06558582141283181,-0.006625419037637567,0.2177285636140306,0.0,0.0,0.0
3851.0,9.580296060460194,5.818322670791933,0.0,0.0,-4.0554388609142016e-05,0.0,0.0,4.104372952717186,-15.0709270738,0.0,0.0,1.7139497180747476,0.0,-0.0001458304293278628,0.0,0.06558557951169633,-0.006626031904512886,0.21772770504697833,0.0,0.0,0.0
3852.0,9.580290367786636,5.8182794020708455,0.0,0.0,-4.1452755870810586e-05,0.0,0.0,4.1043319486862115,-15.0709270738,0.0,0.0,1.713947453384634,0.0,-0.00014906097674775916,0.0,0.06558533245345208,-0.0066266550048439815,0.21772682264485224,0.0,0.0,0.0
3853.0,9.580284896192412,5.818235264934375,0.0,0.0,-4.2345531759161676e-05,0.0,0.0,4.104290049069243,-15.0709270738,0.0,0.0,1.7139452158651327,0.0,-0.0001522714183252428,0.0,0.06558508027184237,-0.006627288247698038,0.21772591651680706,0.0,0.0,0.0
3854.0,9.580279647125856,5.818190265522067,0.0,0.0,-4.323254356456304e-05,0.0,0.0,4.104247259544062,-15.0709270738,0.0,0.0,1.7139430059780052,0.0,-0.00015546113272862702,0.0,0.0655848230016053,-0.006627931540123019,0.2177249867765052,0.0,0.0,0.0
3855.0,9.580274621998244,5.818144410141823,0.0,0.0,-4.411361925531157e-05,0.0,0.0,4.104203585960826,-15.0709270738,0.0,0.0,1.7139408241809972,0.0,-0.000158629501064188,0.0,0.06558456067846943,-0.006628584787160122,0.2177240335421056,0.0,0.0,0.0
3856.0,9.580269822183455,5.81809770526912,0.0,0.0,-4.49885875100994e-05,0.0,0.0,4.104159034341371,-15.0709270738,0.0,0.0,1.7139386709277495,0.0,-0.0001617759069931596,0.0,0.06558429333914945,-0.0066292478918569125,0.217723056936252,0.0,0.0,0.0
3857.0,9.58026524901765,5.8180501575461925,0.0,0.0,-4.5857277750420657e-05,0.0,0.0,4.1041136108784855,-15.0709270738,0.0,0.0,1.713936546667707,0.0,-0.00016489973684851586,0.0,0.06558402102134168,-0.006629920755280419,0.21772205708605996,0.0,0.0,0.0
3858.0,9.580260903798951,5.818001773781179,0.0,0.0,-4.671952017291358e-05,0.0,0.0,4.104067321935152,-15.0709270738,0.0,0.0,1.7139344518460273,0.0,-0.0001680003797515209,0.0,0.06558374376371927,-0.006630603276531047,0.21772103412310367,0.0,0.0,0.0
3859.0,9.580256787787128,5.8179525609472496,0.0,0.0,-4.757514578162431e-05,0.0,0.0,4.104020174043754,-15.0709270738,0.0,0.0,1.7139323869034957,0.0,-0.00017107722772799805,0.0,0.06558346160592725,-0.006631295352756486,0.21771998818340127,0.0,0.0,0.0
3860.0,9.580252902203293,5.817902526181687,0.0,0.0,-4.842398642019861e-05,0.0,0.0,4.103972173905255,-15.0709270738,0.0,0.0,1.7139303522764315,0.0,-0.00017412967582433898,0.0,0.0655831745885775,-0.0066319968791662826,0.21771891940739987,0.0,0.0,0.0
3861.0,9.580249248229597,5.817851676784946,0.0,0.0,-4.926587480398581e-05,0.0,0.0,4.103923328388342,-15.0709270738,0.0,0.0,1.7139283483966041,0.0,-0.000177157122223198,0.0,0.06558288275324341,-0.006632707749046729,0.21771782793995936,0.0,0.0,0.0
3862.0,9.58024582700894,5.81780002021968,0.0,0.0,-5.0100644552052984e-05,0.0,0.0,4.103873644528536,-15.0709270738,0.0,0.0,1.7139263756911438,0.0,-0.00018015896835886223,0.0,0.06558258614245438,-0.006633427853775978,0.21771671393033576,0.0,0.0,0.0
3863.0,9.580242639644677,5.817747564109731,0.0,0.0,-5.092813021910122e-05,0.0,0.0,4.103823129527276,-15.0709270738,0.0,0.0,1.713924434582455,0.0,-0.00018313461903227005,0.0,0.06558228479969017,-0.006634157082839723,0.2177155775321632,0.0,0.0,0.0
3864.0,9.580239687200345,5.817694316239093,0.0,0.0,-5.174816732728323e-05,0.0,0.0,4.1037717907509625,-15.0709270738,0.0,0.0,1.7139225254881305,0.0,-0.0001860834825256733,0.0,0.06558197876937504,-0.006634895323847229,0.2177144189034356,0.0,0.0,0.0
3865.0,9.58023697069938,5.817640284550846,0.0,0.0,-5.2560592397908687e-05,0.0,0.0,4.103719635729979,-15.0709270738,0.0,0.0,1.7139206488208671,0.0,-0.00018900497071689534,0.0,0.06558166809687174,-0.006635642462547539,0.21771323820648747,0.0,0.0,0.0
3866.0,9.580234491124854,5.817585477146053,0.0,0.0,-5.3365242983036986e-05,0.0,0.0,4.103666672157674,-15.0709270738,0.0,0.0,1.7139188049883787,0.0,-0.00019189849919318275,0.0,0.06558135282847524,-0.006636398382846298,0.2177120356079733,0.0,0.0,0.0
3867.0,9.580232249419211,5.817529902282632,0.0,0.0,-5.416195769695014e-05,0.0,0.0,4.103612907889316,-15.0709270738,0.0,0.0,1.7139169943933164,0.0,-0.0001947634873646251,0.0,0.06558103301140643,-0.0066371629668229015,0.21771081127884712,0.0,0.0,0.0
3868.0,9.580230246484016,5.817473568374195,0.0,0.0,-5.495057624749918e-05,0.0,0.0,4.103558350941014,-15.0709270738,0.0,0.0,1.7139152174331818,0.0,-0.00019759935857711805,0.0,0.06558070869380545,-0.006637936094747762,0.21770956539434028,0.0,0.0,0.0
3869.0,9.5802284831797,5.817416483988855,0.0,0.0,-5.573093946731419e-05,0.0,0.0,4.103503009488611,-15.0709270738,0.0,0.0,1.7139134745002442,0.0,-0.00020040554022483442,0.0,0.06558037992472494,-0.006638717645100295,0.21770829813393877,0.0,0.0,0.0
3870.0,9.580226960325332,5.817358657848003,0.0,0.0,-5.6502889344886365e-05,0.0,0.0,4.10344689186654,-15.0709270738,0.0,0.0,1.7139117659814636,0.0,-0.00020318146386223338,0.0,0.0655800467541232,-0.006639507494587013,0.21770700968136028,0.0,0.0,0.0
3871.0,9.58022567869837,5.81730009882506,0.0,0.0,-5.726626905549379e-05,0.0,0.0,4.103390006566657,-15.0709270738,0.0,0.0,1.713910092258403,0.0,-0.00020592656531550528,0.0,0.06557970923285694,-0.006640305518160125,0.21770570022452934,0.0,0.0,0.0
3872.0,9.580224639034444,5.8172408159441895,0.0,0.0,-5.8020922991986785e-05,0.0,0.0,4.103332362237034,-15.0709270738,0.0,0.0,1.7139084537071554,0.0,-0.00020864028479350967,0.0,0.06557936741267407,-0.006641111589036325,0.21770436995555262,0.0,0.0,0.0
3873.0,9.580223842027133,5.817180818378991,0.0,0.0,-5.8766696795411896e-05,0.0,0.0,4.103273967680731,-15.0709270738,0.0,0.0,1.71390685069826,0.0,-0.00021132206699813,0.0,0.06557902134620627,-0.006641925578716137,0.2177030190706929,0.0,0.0,0.0
3874.0,9.580223288327751,5.817120115451153,0.0,0.0,-5.950343738547703e-05,0.0,0.0,4.103214831854529,-15.0709270738,0.0,0.0,1.713905283596624,0.0,-0.000213971361234055,0.0,0.06557867108696121,-0.006642747357003431,0.21770164777034245,0.0,0.0,0.0
3875.0,9.580222978545144,5.817058716629085,0.0,0.0,-6.023099299084839e-05,0.0,0.0,4.103154963867636,-15.0709270738,0.0,0.0,1.713903752761449,0.0,-0.00021658762151795247,0.0,0.06557831668931487,-0.006643576792025457,0.2177002562589955,0.0,0.0,0.0
3876.0,9.580222913245489,5.816996631526517,0.0,0.0,-6.094921317927322e-05,0.0,0.0,4.103094372980368,-15.0709270738,0.0,0.0,1.713902258546149,0.0,-0.00021917030668701297,0.0,0.06557795820850351,-0.006644413750252959,0.21769884474522003,0.0,0.0,0.0
3877.0,9.580223092952105,5.8169338699010655,0.0,0.0,-6.165794888752339e-05,0.0,0.0,4.1030330686027865,-15.0709270738,0.0,0.0,1.713900801298279,0.0,-0.0002217188805068467,0.0,0.06557759570061547,-0.006645258096520987,0.21769741344162863,0.0,0.0,0.0
3878.0,9.580223518145267,5.81687044165278,0.0,0.0,-6.2357052451157e-05,0.0,0.0,4.102971060293323,-15.0709270738,0.0,0.0,1.7138993813594565,0.0,-0.00022423281177872255,0.0,0.0655772292225829,-0.0066461096940497455,0.21769596256484852,0.0,0.0,0.0
3879.0,9.580224189262033,5.816806356822652,0.0,0.0,-6.304637763408408e-05,0.0,0.0,4.102908357757361,-15.0709270738,0.0,0.0,1.7138979990652912,0.0,-0.00022671157444609892,0.0,0.06557685883217314,-0.00664696840446595,0.21769449233549126,0.0,0.0,0.0
3880.0,9.58022510669607,5.8167416255911,0.0,0.0,-6.372577965794095e-05,0.0,0.0,4.1028449708457915,-15.0709270738,0.0,0.0,1.7138966547453087,0.0,-0.00022915464770046276,0.0,0.06557648458798024,-0.006647834087824336,0.21769300297812083,0.0,0.0,0.0
3881.0,9.580226270797493,5.816676258276426,0.0,0.0,-6.439511523125772e-05,0.0,0.0,4.1027809095535455,-15.0709270738,0.0,0.0,1.7138953487228807,0.0,-0.0002315615160864212,0.0,0.06557610654941591,-0.006648706602629811,0.2176914947212218,0.0,0.0,0.0
3882.0,9.580227681872717,5.8166102653332405,0.0,0.0,-6.505424257842281e-05,0.0,0.0,4.102716184018088,-15.0709270738,0.0,0.0,1.7138940813151526,0.0,-0.00023393166960605866,0.0,0.0655757247767007,-0.006649585805859559,0.2176899677971661,0.0,0.0,0.0
3883.0,9.580229340184303,5.816543657350865,0.0,0.0,-6.570302146842908e-05,0.0,0.0,4.102650804517891,-15.0709270738,0.0,0.0,1.7138928528329735,0.0,-0.0002362646038225049,0.0,0.06557533933085474,-0.006650471552985718,0.2176884224421793,0.0,0.0,0.0
3884.0,9.580231245950822,5.8164764450517,0.0,0.0,-6.634131324340545e-05,0.0,0.0,4.102584781470873,-15.0709270738,0.0,0.0,1.713891663580827,0.0,-0.0002385598199627268,0.0,0.06557495027368834,-0.006651363697998319,0.21768685889630623,0.0,0.0,0.0
3885.0,9.580233399346723,5.816408639289575,0.0,0.0,-6.69689808469188e-05,0.0,0.0,4.1025181254328125,-15.0709270738,0.0,0.0,1.7138905138567626,0.0,-0.00024081682501948988,0.0,0.06557455766779265,-0.006652262093428521,0.2176852774033755,0.0,0.0,0.0
3886.0,9.58023580050221,5.816340251048062,0.0,0.0,-6.758588885205e-05,0.0,0.0,4.102450847095731,-15.0709270738,0.0,0.0,1.7138894039523311,0.0,-0.00024303513185250283,0.0,0.0655741615765299,-0.006653166590372073,0.21768367821096352,0.0,0.0,0.0
3887.0,9.580238449503126,5.816271291438766,0.0,0.0,-6.819190348923033e-05,0.0,0.0,4.10238295728625,-15.0709270738,0.0,0.0,1.7138883341525162,0.0,-0.000245214259288695,0.0,0.0655737620640236,-0.006654077038513284,0.21768206157035772,0.0,0.0,0.0
3888.0,9.580241346390842,5.81620177169959,0.0,0.0,-6.87868926738391e-05,0.0,0.0,4.102314466963922,-15.0709270738,0.0,0.0,1.7138873047356675,0.0,-0.00024735373222163095,0.0,0.06557335919514858,-0.00665499328614913,0.21768042773651886,0.0,0.0,0.0
3889.0,9.58024449116216,5.816131703192972,0.0,0.0,-6.937072603355249e-05,0.0,0.0,4.10224538721953,-15.0709270738,0.0,0.0,1.7138863159734417,0.0,-0.0002494530817100242,0.0,0.06557295303552087,-0.0066559151802136896,0.217678776968043,0.0,0.0,0.0
3890.0,9.58024788376922,5.816061097404096,0.0,0.0,-6.99432749354424e-05,0.0,0.0,4.102175729273361,-15.0709270738,0.0,0.0,1.713885368130735,0.0,-0.00025151184507534764,0.0,0.06557254365148737,-0.006656842566302945,0.21767710952712221,0.0,0.0,0.0
3891.0,9.580251524119408,5.815989965939076,0.0,0.0,-7.050441251281219e-05,0.0,0.0,4.102105504473454,-15.0709270738,0.0,0.0,1.7138844614656223,0.0,-0.00025352956599849146,0.0,0.0655721311101155,-0.0066577752886998465,0.21767542567950493,0.0,0.0,0.0
3892.0,9.580255412075289,5.81591832052312,0.0,0.0,-7.105401369177763e-05,0.0,0.0,4.102034724293822,-15.0709270738,0.0,0.0,1.713883596229298,0.0,-0.0002555057946154998,0.0,0.06557171547918253,-0.006658713190399582,0.21767372569445556,0.0,0.0,0.0
3893.0,9.580259547454531,5.815846172998658,0.0,0.0,-7.159195521757051e-05,0.0,0.0,4.101963400332642,-15.0709270738,0.0,0.0,1.7138827726660155,0.0,-0.0002574400876123038,0.0,0.0655712968271648,-0.006659656113135237,0.21767200984471302,0.0,0.0,0.0
3894.0,9.580263930029849,5.815773535323456,0.0,0.0,-7.211811568057302e-05,0.0,0.0,4.101891544310428,-15.0709270738,0.0,0.0,1.7138819910130279,0.0,-0.0002593320083184806,0.0,0.06557087522322697,-0.0066606038974037635,0.21767027840644904,0.0,0.0,0.0
3895.0,9.580268559528944,5.815700419568699,0.0,0.0,-7.263237554207425e-05,0.0,0.0,4.101819168068169,-15.0709270738,0.0,0.0,1.7138812515005304,0.0,-0.0002611811268000079,0.0,0.06557045073721089,-0.006661556382492023,0.21766853165922545,0.0,0.0,0.0
3896.0,9.580273435634465,5.815626837917054,0.0,0.0,-7.31346171597386e-05,0.0,0.0,4.101746283565446,-15.0709270738,0.0,0.0,1.7138805543516078,0.0,-0.0002629870199509748,0.0,0.06557002343962443,-0.006662513406503326,0.21766676988595102,0.0,0.0,0.0
3897.0,9.58027855798397,5.815552802660698,0.0,0.0,-7.362472481278517e-05,0.0,0.0,4.1016729028785255,-15.0709270738,0.0,0.0,1.7138798997821727,0.0,-0.00026474927158424836,0.0,0.06556959340163016,-0.006663474806384212,0.21766499337283698,0.0,0.0,0.0
3898.0,9.580283926169892,5.815478326199339,0.0,0.0,-7.410258472687525e-05,0.0,0.0,4.1015990381984215,-15.0709270738,0.0,0.0,1.7138792880009177,0.0,-0.0002664674725210834,0.0,0.0655691606950339,-0.00666444041795132,0.2176632024093529,0.0,0.0,0.0
3899.0,9.580289539739525,5.815403421038201,0.0,0.0,-7.456808509869802e-05,0.0,0.0,4.101524701828941,-15.0709270738,0.0,0.0,1.7138787192092595,0.0,-0.0002681412206796405,0.0,0.06556872539227308,-0.006665410075918657,0.21766139728818085,0.0,0.0,0.0
3900.0,9.580295398195002,5.815328099785986,0.0,0.0,-7.502111612025017e-05,0.0,0.0,4.101449906184697,-15.0709270738,0.0,0.0,1.713878193601289,0.0,-0.00026977012116239686,0.0,0.06556828756640504,-0.006666383613925131,0.21765957830516952,0.0,0.0,0.0
3901.0,9.5803015009933,5.815252375152822,0.0,0.0,-7.546157000280913e-05,0.0,0.0,4.101374663789103,-15.0709270738,0.0,0.0,1.7138777113637191,0.0,-0.00027135378634244846,0.0,0.06556784729109506,-0.0066673608645623494,0.2176577457592875,0.0,0.0,0.0
3902.0,9.580307847546235,5.8151762599481795,0.0,0.0,-7.588934100058681e-05,0.0,0.0,4.101298987272342,-15.0709270738,0.0,0.0,1.7138772726758376,0.0,-0.00027289183594865675,0.0,0.0655674046406045,-0.006668341659402527,0.21765589995257573,0.0,0.0,0.0
3903.0,9.580314437220478,5.81509976707877,0.0,0.0,-7.630432543406807e-05,0.0,0.0,4.101222889369312,-15.0709270738,0.0,0.0,1.713876877709458,0.0,-0.0002743838971496536,0.0,0.06556695968977848,-0.00666932582902674,0.21765404119009968,0.0,0.0,0.0
3904.0,9.58032126933757,5.815022909546422,0.0,0.0,-7.670642171302125e-05,0.0,0.0,4.101146382917548,-15.0709270738,0.0,0.0,1.7138765266288738,0.0,-0.00027582960463666165,0.0,0.06556651251403371,-0.006670313203053446,0.21765216977990043,0.0,0.0,0.0
3905.0,9.580328343173955,5.814945700445932,0.0,0.0,-7.70955303591793e-05,0.0,0.0,4.101069480855121,-15.0709270738,0.0,0.0,1.7138762195908113,0.0,-0.00027722860070512114,0.0,0.06556606318934607,-0.006671303610167212,0.2176502860329455,0.0,0.0,0.0
3906.0,9.580335657961008,5.814868152962902,0.0,0.0,-7.74715540285896e-05,0.0,0.0,4.100992196218513,-15.0709270738,0.0,0.0,1.7138759567443884,0.0,-0.0002785805353351195,0.0,0.06556561179223798,-0.006672296878147549,0.2176483902630787,0.0,0.0,0.0
3907.0,9.580343212885087,5.814790280371547,0.0,0.0,-7.783439753362188e-05,0.0,0.0,4.100914542140476,-15.0709270738,0.0,0.0,1.7138757382310708,0.0,-0.00027988506627058316,0.0,0.06556515839976591,-0.00667329283389817,0.2176464827869697,0.0,0.0,0.0
3908.0,9.580351007087575,5.81471209603249,0.0,0.0,-7.818396786463297e-05,0.0,0.0,4.100836531847862,-15.0709270738,0.0,0.0,1.7138755641846277,0.0,-0.00028114185909722847,0.0,0.06556470308950743,-0.006674291303476368,0.2176445639240629,0.0,0.0,0.0
3909.0,9.580359039664955,5.814633613390529,0.0,0.0,-7.852017421128444e-05,0.0,0.0,4.100758178659433,-15.0709270738,0.0,0.0,1.7138754347310963,0.0,-0.0002823505873192566,0.0,0.06556424593954843,-0.006675292112122547,0.21764263399652517,0.0,0.0,0.0
3910.0,9.580367309668864,5.814554845972394,0.0,0.0,-7.884292798350574e-05,0.0,0.0,4.100679495983655,-15.0709270738,0.0,0.0,1.7138753499887383,0.0,-0.0002835109324347663,0.0,0.06556378702846999,-0.00667629508429006,0.21764069332919397,0.0,0.0,0.0
3911.0,9.580375816106173,5.814475807384472,0.0,0.0,-7.915214283210142e-05,0.0,0.0,4.100600497316465,-15.0709270738,0.0,0.0,1.7138753100680066,0.0,-0.00028462258400987914,0.0,0.06556332643533536,-0.0066773000436751995,0.21763874224952412,0.0,0.0,0.0
3912.0,9.580384557939079,5.814396511310525,0.0,0.0,-7.944773466899499e-05,0.0,0.0,4.10052119623902,-15.0709270738,0.0,0.0,1.7138753150715047,0.0,-0.0002856852397515505,0.0,0.06556286423967657,-0.006678306813247437,0.21763678108753404,0.0,0.0,0.0
3913.0,9.58039353408519,5.814316971509381,0.0,0.0,-7.972962168710853e-05,0.0,0.0,4.100441606415425,-15.0709270738,0.0,0.0,1.7138753650939558,0.0,-0.0002866986055790623,0.0,0.06556240052148121,-0.006679315215279813,0.21763481017575187,0.0,0.0,0.0
3914.0,9.580402743417627,5.814237201812612,0.0,0.0,-7.999772437986905e-05,0.0,0.0,4.100361741590446,-15.0709270738,0.0,0.0,1.713875460222166,0.0,-0.0002876623956941675,0.0,0.06556193536117888,-0.0066803250713794865,0.2176328298491605,0.0,0.0,0.0
3915.0,9.580412184765141,5.81415721612219,0.0,0.0,-8.02519655603432e-05,0.0,0.0,4.100281615587195,-15.0709270738,0.0,0.0,1.7138756005349949,0.0,-0.0002885763326498878,0.0,0.06556146883962755,-0.00668133620251854,0.21763084044514253,0.0,0.0,0.0
3916.0,9.580421856912219,5.814077028408127,0.0,0.0,-8.049227037999029e-05,0.0,0.0,4.100201242304805,-15.0709270738,0.0,0.0,1.7138757861033218,0.0,-0.00028944014741793357,0.0,0.06556100103809998,-0.0066823484290648855,0.21762884230342416,0.0,0.0,0.0
3917.0,9.58043175859922,5.813996652706098,0.0,0.0,-8.071856634703255e-05,0.0,0.0,4.100120635716079,-15.0709270738,0.0,0.0,1.7138760169900182,0.0,-0.0002902535794547378,0.0,0.06556053203826986,-0.006683361570813451,0.21762683576601904,0.0,0.0,0.0
3918.0,9.5804418885225,5.813916103115047,0.0,0.0,-8.093078334443921e-05,0.0,0.0,4.100039809865128,-15.0709270738,0.0,0.0,1.7138762932499194,0.0,-0.00029101637676609375,0.0,0.06556006192219796,-0.006684375447017457,0.21762482117717102,0.0,0.0,0.0
3919.0,9.580452245334564,5.81383539379478,0.0,0.0,-8.11288536475183e-05,0.0,0.0,4.099958778864982,-15.0709270738,0.0,0.0,1.7138766149297977,0.0,-0.000291728295970375,0.0,0.06555959077231807,-0.006685389876419784,0.21762279888329722,0.0,0.0,0.0
3920.0,9.580462827644208,5.813754538963533,0.0,0.0,-8.131271194111325e-05,0.0,0.0,4.099877556895196,-15.0709270738,0.0,0.0,1.7138769820683368,0.0,-0.00029238910236032507,0.0,0.06555911867142297,-0.0066864046772846936,0.21762076923292978,0.0,0.0,0.0
3921.0,9.580473634016682,5.813673552895534,0.0,0.0,-8.148229533639953e-05,0.0,0.0,4.099796158199426,-15.0709270738,0.0,0.0,1.713877394696108,0.0,-0.00029299856996340193,0.0,0.0655586457026503,-0.006687419667429542,0.21761873257665731,0.0,0.0,0.0
3922.0,9.580484662973857,5.813592449918546,0.0,0.0,-8.163754338727908e-05,0.0,0.0,4.099714597082999,-15.0709270738,0.0,0.0,1.7138778528355472,0.0,-0.0002935564816006677,0.0,0.06555817194946809,-0.0066884346642566705,0.21761668926706615,0.0,0.0,0.0
3923.0,9.580495912994396,5.813511244411392,0.0,0.0,-8.177839810636876e-05,0.0,0.0,4.099632887910457,-15.0709270738,0.0,0.0,1.7138783565009348,0.0,-0.00029406262894421126,0.0,0.06555769749566061,-0.00668944948478549,0.21761463965868094,0.0,0.0,0.0
3924.0,9.58050738251394,5.8134299508014715,0.0,0.0,-8.1904803980575e-05,0.0,0.0,4.099551045103095,-15.0709270738,0.0,0.0,1.713878905698376,0.0,-0.0002945168125730739,0.0,0.06555722242531381,-0.006690463945684566,0.21761258410790457,0.0,0.0,0.0
3925.0,9.580519069925298,5.81334858356226,0.0,0.0,-8.201670798625755e-05,0.0,0.0,4.09946908313648,-15.0709270738,0.0,0.0,1.7138795004257803,0.0,-0.0002949188420276902,0.0,0.06555674682280081,-0.006691477863304179,0.217610522972958,0.0,0.0,0.0
3926.0,9.58053097357865,5.813267157210796,0.0,0.0,-8.211405960397323e-05,0.0,0.0,4.099387016537947,-15.0709270738,0.0,0.0,1.713880140672849,0.0,-0.00029526853586281084,0.0,0.06555627077276725,-0.006692491053708408,0.21760845661381933,0.0,0.0,0.0
3927.0,9.580543091781749,5.813185686305152,0.0,0.0,-8.219681083279936e-05,0.0,0.0,4.099304859884096,-15.0709270738,0.0,0.0,1.7138808264210557,0.0,-0.00029556572169890574,0.0,0.06555579436011667,-0.0066935033327080035,0.21760638539216254,0.0,0.0,0.0
3928.0,9.580555422800138,5.813104185441896,0.0,0.0,-8.22649162042317e-05,0.0,0.0,4.099222627798262,-15.0709270738,0.0,0.0,1.7138815576436333,0.0,-0.00029581023627202953,0.0,0.06555531766999563,-0.00669451451589291,0.21760430967129582,0.0,0.0,0.0
3929.0,9.580567964857375,5.813022669253541,0.0,0.0,-8.231833279565474e-05,0.0,0.0,4.099140334947976,-15.0709270738,0.0,0.0,1.7138823343055645,0.0,-0.00029600192548214166,0.0,0.06555484078777894,-0.006695524418665014,0.2176022298160995,0.0,0.0,0.0
3930.0,9.580580716135264,5.81294115240598,0.0,0.0,-8.235702024338116e-05,0.0,0.0,4.099057996042414,-15.0709270738,0.0,0.0,1.7138831563635657,0.0,-0.0002961406444398693,0.0,0.06555436379905473,-0.0066965328562711285,0.21760014619296342,0.0,0.0,0.0
3931.0,9.580593674774093,5.8128596495959135,0.0,0.0,-8.238094075525293e-05,0.0,0.0,4.09897562582983,-15.0709270738,0.0,0.0,1.7138840237660835,0.0,-0.00029622625751168636,0.0,0.06555388678960943,-0.00669753964383589,0.217598059169724,0.0,0.0,0.0
3932.0,9.580606838872884,5.812778175548261,0.0,0.0,-8.23900591228108e-05,0.0,0.0,4.098893239094981,-15.0709270738,0.0,0.0,1.7138849364532804,0.0,-0.00029625863836353297,0.0,0.06555340984541269,-0.006698544596394865,0.21759596911560108,0.0,0.0,0.0
3933.0,9.580620206489645,5.812696745013566,0.0,0.0,-8.238434273301691e-05,0.0,0.0,4.098810850656533,-15.0709270738,0.0,0.0,1.7138858943570332,0.0,-0.00029623767000282045,0.0,0.06555293305260237,-0.006699547528927666,0.21759387640113398,0.0,0.0,0.0
3934.0,9.580633775641637,5.81261537276539,0.0,0.0,-8.236376157953581e-05,0.0,0.0,4.0987284753644655,-15.0709270738,0.0,0.0,1.7138868974009247,0.0,-0.00029616324481884077,0.0,0.06555245649746921,-0.006700548256391242,0.21759178139811763,0.0,0.0,0.0
3935.0,9.580647544305641,5.812534073597697,0.0,0.0,-8.232828827356924e-05,0.0,0.0,4.098646128097454,-15.0709270738,0.0,0.0,1.7138879455002431,0.0,-0.0002960352646215643,0.0,0.06555198026644168,-0.006701546593753077,0.21758968447953786,0.0,0.0,0.0
3936.0,9.580661510418244,5.812452862322228,0.0,0.0,-8.227789805424128e-05,0.0,0.0,4.0985638237602515,-15.0709270738,0.0,0.0,1.7138890385619767,0.0,-0.00029585364067881295,0.0,0.06555150444607068,-0.006702542356024729,0.2175875860195069,0.0,0.0,0.0
3937.0,9.580675671876115,5.812371753765867,0.0,0.0,-8.221256879852737e-05,0.0,0.0,4.098481577281054,-15.0709270738,0.0,0.0,1.7138901764848136,0.0,-0.0002956182937517865,0.0,0.06555102912301411,-0.006703535358295001,0.21758548639319808,0.0,0.0,0.0
3938.0,9.580690026536312,5.812290762768001,0.0,0.0,-8.213228103073314e-05,0.0,0.0,4.0983994036088545,-15.0709270738,0.0,0.0,1.7138913591591463,0.0,-0.00029532915412896257,0.0,0.06555055438402155,-0.006704525415763746,0.2175833859767805,0.0,0.0,0.0
3939.0,9.580704572216572,5.812209904177867,0.0,0.0,-8.203701793151096e-05,0.0,0.0,4.098317317710799,-15.0709270738,0.0,0.0,1.7138925864670682,0.0,-0.00029498616165832725,0.0,0.06555008031591876,-0.006705512343775144,0.21758128514735303,0.0,0.0,0.0
3940.0,9.580719306695634,5.8121291928519,0.0,0.0,-8.192676534641956e-05,0.0,0.0,4.098235334569517,-15.0709270738,0.0,0.0,1.7138938582823835,0.0,-0.00029458926577795595,0.0,0.06554960700559222,-0.00670649595785143,0.21757918428287848,0.0,0.0,0.0
3941.0,9.580734227713547,5.812048643651066,0.0,0.0,-8.180151179401808e-05,0.0,0.0,4.098153469180458,-15.0709270738,0.0,0.0,1.7138951744706077,0.0,-0.0002941384255449132,0.0,0.06554913453997352,-0.006707476073726404,0.21757708376211715,0.0,0.0,0.0
3942.0,9.580749332971997,5.81196827143819,0.0,0.0,-8.166124847349569e-05,0.0,0.0,4.0980717365492145,-15.0709270738,0.0,0.0,1.7138965348889759,0.0,-0.000293633609662476,0.0,0.06554866300602384,-0.006708452507379226,0.21757498396456004,0.0,0.0,0.0
3943.0,9.580764620134646,5.8118880910752875,0.0,0.0,-8.150596927183329e-05,0.0,0.0,4.097990151688835,-15.0709270738,0.0,0.0,1.7138979393864524,0.0,-0.0002930747965056672,0.0,0.06554819249071829,-0.006709425075067915,0.21757288527036212,0.0,0.0,0.0
3944.0,9.580780086827467,5.811808117420875,0.0,0.0,-8.133567077049674e-05,0.0,0.0,4.097908729617134,-15.0709270738,0.0,0.0,1.7138993878037407,0.0,-0.0002924619741450989,0.0,0.06554772308103028,-0.006710393593363215,0.21757078806027508,0.0,0.0,0.0
3945.0,9.580795730639089,5.811728365327288,0.0,0.0,-8.11503522516544e-05,0.0,0.0,4.097827485353997,-15.0709270738,0.0,0.0,1.7139008799732913,0.0,-0.00029179514036909864,0.0,0.06554725486391584,-0.006711357879182145,0.2175686927155798,0.0,0.0,0.0
3946.0,9.580811549121163,5.811648849637991,0.0,0.0,-8.095001570392521e-05,0.0,0.0,4.097746433918671,-15.0709270738,0.0,0.0,1.7139024157193203,0.0,-0.00029107430270414105,0.0,0.06554678792629783,-0.006712317749821797,0.21756659961801894,0.0,0.0,0.0
3947.0,9.580827539788716,5.811569585184879,0.0,0.0,-8.073466582764584e-05,0.0,0.0,4.097665590327062,-15.0709270738,0.0,0.0,1.7139039948578167,0.0,-0.0002902994784335441,0.0,0.06554632235505028,-0.006713273022993141,0.21756450914972864,0.0,0.0,0.0
3948.0,9.580843700120523,5.811490586785583,0.0,0.0,-8.050431003966487e-05,0.0,0.0,4.0975849695890165,-15.0709270738,0.0,0.0,1.7139056171965663,0.0,-0.0002894706946144593,0.0,0.06554585823698263,-0.006714223516854495,0.21756242169317086,0.0,0.0,0.0
3949.0,9.580860027559488,5.811411869240766,0.0,0.0,-8.025895847765154e-05,0.0,0.0,4.097504586705604,-15.0709270738,0.0,0.0,1.7139072825351622,0.0,-0.0002885879880931105,0.0,0.06554539565882381,-0.0067151690500455025,0.21756033763106472,0.0,0.0,0.0
3950.0,9.580876519513026,5.811333447331422,0.0,0.0,-7.999862400392748e-05,0.0,0.0,4.097424456666395,-15.0709270738,0.0,0.0,1.7139089906650273,0.0,-0.0002876514055183106,0.0,0.06554493470720657,-0.006716109441720644,0.21755825734631828,0.0,0.0,0.0
3951.0,9.580893173353454,5.811255335816166,0.0,0.0,-7.972332220881274e-05,0.0,0.0,4.097344594446733,-15.0709270738,0.0,0.0,1.7139107413694328,0.0,-0.00028666100335322857,0.0,0.06554447546865162,-0.006717044511582906,0.21755618122195966,0.0,0.0,0.0
3952.0,9.580909986418394,5.811177549428531,0.0,0.0,-7.943307141348675e-05,0.0,0.0,4.097265015005007,-15.0709270738,0.0,0.0,1.7139125344235238,0.0,-0.00028561684788540483,0.0,0.06554401802955179,-0.0067179740799175325,0.2175541096410683,0.0,0.0,0.0
3953.0,9.580926956011176,5.811100102874256,0.0,0.0,-7.912789267236382e-05,0.0,0.0,4.097185733279918,-15.0709270738,0.0,0.0,1.7139143695943382,0.0,-0.0002845190152350175,0.0,0.06554356247615613,-0.006718897967625481,0.21755204298670605,0.0,0.0,0.0
3954.0,9.580944079401252,5.8110230108285785,0.0,0.0,-7.88078097749805e-05,0.0,0.0,4.097106764187745,-15.0709270738,0.0,0.0,1.7139162466408333,0.0,-0.00028336759136138746,0.0,0.06554310889455411,-0.006719815996257081,0.21754998164184777,0.0,0.0,0.0
3955.0,9.580961353824618,5.810946287933524,0.0,0.0,-7.847284924739359e-05,0.0,0.0,4.097028122619609,-15.0709270738,0.0,0.0,1.713918165313915,0.0,-0.0002821626720677195,0.0,0.0655426573706598,-0.006720727988045502,0.21754792598931244,0.0,0.0,0.0
3956.0,9.58097877648424,5.810869948795197,0.0,0.0,-7.812304035308712e-05,0.0,0.0,4.096949823438736,-15.0709270738,0.0,0.0,1.713920125356461,0.0,-0.0002809043630040733,0.0,0.06554220799019592,-0.006721633765940177,0.21754587641169354,0.0,0.0,0.0
3957.0,9.580996344550488,5.810794007981076,0.0,0.0,-7.775841509339012e-05,0.0,0.0,4.096871881477721,-15.0709270738,0.0,0.0,1.7139221265033546,0.0,-0.0002795927796685711,0.0,0.06554176083867808,-0.006722533153640298,0.21754383329128962,0.0,0.0,0.0
3958.0,9.581014055161575,5.810718480017299,0.0,0.0,-7.737900820739796e-05,0.0,0.0,4.096794311535788,-15.0709270738,0.0,0.0,1.713924168481511,0.0,-0.0002782280474068155,0.0,0.06554131600139879,-0.006723425975628083,0.21754179701003484,0.0,0.0,0.0
3959.0,9.581031905424009,5.810643379385968,0.0,0.0,-7.698485717140376e-05,0.0,0.0,4.096717128376054,-15.0709270738,0.0,0.0,1.713926251009914,0.0,-0.00027681030140954213,0.0,0.06554087356341178,-0.006724312057201989,0.21753976794942906,0.0,0.0,0.0
3960.0,9.581049892413043,5.810568720522438,0.0,0.0,-7.657600219783366e-05,0.0,0.0,4.096640346722789,-15.0709270738,0.0,0.0,1.7139283737996491,0.0,-0.0002753396867084849,0.0,0.06554043360951607,-0.006725191224510027,0.2175377464904685,0.0,0.0,0.0
3961.0,9.58106801317314,5.810494517812624,0.0,0.0,-7.615248623368537e-05,0.0,0.0,4.096563981258686,-15.0709270738,0.0,0.0,1.7139305365539386,0.0,-0.0002738163581704503,0.0,0.06553999622424014,-0.006726063304582683,0.21753573301357565,0.0,0.0,0.0
3962.0,9.581086264718435,5.810420785590299,0.0,0.0,-7.571435495847302e-05,0.0,0.0,4.096488046622122,-15.0709270738,0.0,0.0,1.713932738968177,0.0,-0.0002722404804896148,0.0,0.06553956149182617,-0.006726928125366086,0.2175337278985297,0.0,0.0,0.0
3963.0,9.581104644033214,5.810347538134403,0.0,0.0,-7.52616567816744e-05,0.0,0.0,4.096412557404433,-15.0709270738,0.0,0.0,1.7139349807299702,0.0,-0.00027061222817802833,0.0,0.06553912949621421,-0.006727785515754842,0.21753173152439653,0.0,0.0,0.0
3964.0,9.581123148072392,5.810274789666355,0.0,0.0,-7.47944428396808e-05,0.0,0.0,4.096337528147178,-15.0709270738,0.0,0.0,1.7139372615191775,0.0,-0.0002689317855543271,0.0,0.06553870032102647,-0.006728635305624897,0.21752974426945887,0.0,0.0,0.0
3965.0,9.581141773761997,5.81020255434737,0.0,0.0,-7.43127669922479e-05,0.0,0.0,4.096262973339419,-15.0709270738,0.0,0.0,1.713939581007951,0.0,-0.0002671993467306493,0.0,0.06553827404955151,-0.006729477325866096,0.21752776651114658,0.0,0.0,0.0
3966.0,9.581160517999669,5.810130846275778,0.0,0.0,-7.381668581845288e-05,0.0,0.0,4.096188907414999,-15.0709270738,0.0,0.0,1.7139419388607795,0.0,-0.0002654151155977731,0.0,0.06553785076472854,-0.0067303114084149435,0.21752579862596663,0.0,0.0,0.0
3967.0,9.581179377655152,5.810059679484353,0.0,0.0,-7.330625861214688e-05,0.0,0.0,4.096115344749823,-15.0709270738,0.0,0.0,1.7139443347345305,0.0,-0.0002635793058084373,0.0,0.06553743054913183,-0.006731137386287028,0.21752384098943345,0.0,0.0,0.0
3968.0,9.581198349570803,5.809989067937646,0.0,0.0,-7.278154737691461e-05,0.0,0.0,4.096042299659147,-15.0709270738,0.0,0.0,1.7139467682784986,0.0,-0.00026169214075888805,0.0,0.0655370134849549,-0.006731955093609215,0.21752189397599897,0.0,0.0,0.0
3969.0,9.581217430562104,5.809919025529325,0.0,0.0,-7.224261682053172e-05,0.0,0.0,4.095969786394872,-15.0709270738,0.0,0.0,1.713949239134453,0.0,-0.0002597538535686179,0.0,0.06553659965399505,-0.006732764365652066,0.21751995795898293,0.0,0.0,0.0
3970.0,9.581236617418172,5.809849566079524,0.0,0.0,-7.168953434892524e-05,0.0,0.0,4.095897819142841,-15.0709270738,0.0,0.0,1.7139517469366838,0.0,-0.0002577646870583161,0.0,0.06553618913763772,-0.006733565038861786,0.2175180333105032,0.0,0.0,0.0
3971.0,9.581255906902294,5.809780703332198,0.0,0.0,-7.112237005963487e-05,0.0,0.0,4.095826412020143,-15.0709270738,0.0,0.0,1.7139542913120547,0.0,-0.00025572489372602323,0.0,0.06553578201684093,-0.006734356950892084,0.21751612040140625,0.0,0.0,0.0
3972.0,9.581275295752443,5.809712450952482,0.0,0.0,-7.054119673477496e-05,0.0,0.0,4.09575557907243,-15.0709270738,0.0,0.0,1.7139568718800522,0.0,-0.00025363473572148854,0.0,0.06553537837211983,-0.006735139940636112,0.21751421960119743,0.0,0.0,0.0
3973.0,9.58129478068182,5.809644822524071,0.0,0.0,-6.994608983350019e-05,0.0,0.0,4.095685334271229,-15.0709270738,0.0,0.0,1.7139594882528417,0.0,-0.0002514944848187426,0.0,0.0655349782835313,-0.006735913848257946,0.21751233127797176,0.0,0.0,0.0
3974.0,9.58131435837939,5.809577831546594,0.0,0.0,-6.933712748397309e-05,0.0,0.0,4.095615691511275,-15.0709270738,0.0,0.0,1.7139621400353189,0.0,-0.0002493044223868779,0.0,0.0655345818306585,-0.006736678515224109,0.2175104557983443,0.0,0.0,0.0
3975.0,9.581334025510428,5.809511491433011,0.0,0.0,-6.871439047483134e-05,0.0,0.0,4.095546664607844,-15.0709270738,0.0,0.0,1.7139648268251673,0.0,-0.0002470648393590298,0.0,0.06553418909259548,-0.0067374337843347926,0.2175085935273813,0.0,0.0,0.0
3976.0,9.581353778717073,5.8094458155070114,0.0,0.0,-6.807796224616279e-05,0.0,0.0,4.095478267294095,-15.0709270738,0.0,0.0,1.7139675482129162,0.0,-0.00024477603619958786,0.0,0.06553380014793206,-0.0067381794997549704,0.21750674482853083,0.0,0.0,0.0
3977.0,9.581373614618881,5.809380817000425,0.0,0.0,-6.742792887998079e-05,0.0,0.0,4.095410513218427,-15.0709270738,0.0,0.0,1.7139703037819976,0.0,-0.0002424383228696104,0.0,0.06553341507473845,-0.006738915507045376,0.21750491006355419,0.0,0.0,0.0
3978.0,9.581393529813386,5.809316509050646,0.0,0.0,-6.676437909020451e-05,0.0,0.0,4.095343415941839,-15.0709270738,0.0,0.0,1.713973093108807,0.0,-0.00024005201879045906,0.0,0.0655330339505502,-0.006739641653193212,0.21750308959245673,0.0,0.0,0.0
3979.0,9.581413520876668,5.809252904698072,0.0,0.0,-6.608740421214605e-05,0.0,0.0,4.095276988935305,-15.0709270738,0.0,0.0,1.7139759157627665,0.0,-0.00023761745280566075,0.0,0.06553265685235304,-0.00674035778664267,0.21750128377341965,0.0,0.0,0.0
3980.0,9.581433584363921,5.8091900168835435,0.0,0.0,-6.539709819150308e-05,0.0,0.0,4.095211245577158,-15.0709270738,0.0,0.0,1.7139787713063859,0.0,-0.0002351349631409928,0.0,0.0655322838565679,-0.006741063757325347,0.2174994929627314,0.0,0.0,0.0
3981.0,9.581453716810039,5.80912785844581,0.0,0.0,-6.469355757285664e-05,0.0,0.0,4.095146199150483,-15.0709270738,0.0,0.0,1.7139816592953263,0.0,-0.00023260489736278892,0.0,0.06553191503903587,-0.006741759416690238,0.21749771751471952,0.0,0.0,0.0
3982.0,9.581473914730186,5.809066442118999,0.0,0.0,-6.397688148768147e-05,0.0,0.0,4.095081862840529,-15.0709270738,0.0,0.0,1.7139845792784696,0.0,-0.00023002761233449455,0.0,0.06553155047500347,-0.00674244461773385,0.2174959577816828,0.0,0.0,0.0
3983.0,9.581494174620389,5.809005780530104,0.0,0.0,-6.324717164185925e-05,0.0,0.0,4.0950182497321235,-15.0709270738,0.0,0.0,1.7139875307979802,0.0,-0.00022740347417143594,0.0,0.06553119023910768,-0.006743119215029847,0.21749421411382316,0.0,0.0,0.0
3984.0,9.581514492958126,5.808945886196485,0.0,0.0,-6.25045323027095e-05,0.0,0.0,4.094955372807105,-15.0709270738,0.0,0.0,1.7139905133893798,0.0,-0.0002247328581938568,0.0,0.06553083440536134,-0.006743783064758466,0.21749248685917855,0.0,0.0,0.0
3985.0,9.581534866202926,5.808886771523381,0.0,0.0,-6.174907028552835e-05,0.0,0.0,4.094893244941772,-15.0709270738,0.0,0.0,1.7139935265816097,0.0,-0.00022201614887818738,0.0,0.06553048304713839,-0.0067444360247358726,0.2174907763635554,0.0,0.0,0.0
3986.0,9.581555290796961,5.808828448801445,0.0,0.0,-6.098089493963977e-05,0.0,0.0,4.094831878904338,-15.0709270738,0.0,0.0,1.7139965698971071,0.0,-0.00021925373980656262,0.0,0.06553013623715943,-0.006745077954443193,0.2174890829704617,0.0,0.0,0.0
3987.0,9.581575763165661,5.808770930204283,0.0,0.0,-6.0200118133965974e-05,0.0,0.0,4.0947712873524065,-15.0709270738,0.0,0.0,1.713999642851877,0.0,-0.00021644603361461426,0.0,0.06552979404747716,-0.00674570871505524,0.21748740702104033,0.0,0.0,0.0
3988.0,9.581596279718314,5.808714227786022,0.0,0.0,-5.9406854242110676e-05,0.0,0.0,4.094711482830459,-15.0709270738,0.0,0.0,1.7140027449555628,0.0,-0.0002135934419375139,0.0,0.06552945654946205,-0.006746328169469143,0.21748574885400243,0.0,0.0,0.0
3989.0,9.58161683684868,5.808658353478883,0.0,0.0,-5.8601220126961117e-05,0.0,0.0,4.094652477767357,-15.0709270738,0.0,0.0,1.7140058757115257,0.0,-0.00021069638535428875,0.0,0.06552912381378795,-0.006746936182332575,0.2174841088055614,0.0,0.0,0.0
3990.0,9.581637430935615,5.808603319090778,0.0,0.0,-5.77833351248117e-05,0.0,0.0,4.094594284473861,-15.0709270738,0.0,0.0,1.7140090346169172,0.0,-0.00020775529333042026,0.0,0.0655287959104181,-0.006747532620071814,0.21748248720936714,0.0,0.0,0.0
3991.0,9.581658058343685,5.808549136302925,0.0,0.0,-5.6953321029007646e-05,0.0,0.0,4.094536915140166,-15.0709270738,0.0,0.0,1.7140122211627586,0.0,-0.00020477060415872097,0.0,0.06552847290859082,-0.006748117350919541,0.21748088439644028,0.0,0.0,0.0
3992.0,9.581678715423793,5.80849581666747,0.0,0.0,-5.6111302073114025e-05,0.0,0.0,4.09448038183345,-15.0709270738,0.0,0.0,1.7140154348340202,0.0,-0.00020174276489850777,0.0,0.06552815487680562,-0.006748690244942374,0.21747930069510724,0.0,0.0,0.0
3993.0,9.581699398513809,5.808443371605146,0.0,0.0,-5.525740491360828e-05,0.0,0.0,4.094424696495447,-15.0709270738,0.0,0.0,1.714018675109699,0.0,-0.0001986722313130665,0.0,0.06552784188280933,-0.006749251174067994,0.21747773643093538,0.0,0.0,0.0
3994.0,9.5817201039392,5.808391812402932,0.0,0.0,-5.4391758612105996e-05,0.0,0.0,4.09436987094003,-15.0709270738,0.0,0.0,1.714021941462902,0.0,-0.00019555946780544173,0.0,0.06552753399358227,-0.006749800012112228,0.2174761919266684,0.0,0.0,0.0
3995.0,9.581740828013668,5.808341150211743,0.0,0.0,-5.351449461711126e-05,0.0,0.0,4.094315916850814,-15.0709270738,0.0,0.0,1.7140252333609292,0.0,-0.0001924049473525223,0.0,0.06552723127532456,-0.00675033663480569,0.21747466750216254,0.0,0.0,0.0
3996.0,9.581761567039793,5.808291396044138,0.0,0.0,-5.2625746745301294e-05,0.0,0.0,4.094262845778781,-15.0709270738,0.0,0.0,1.7140285502653567,0.0,-0.0001892091514374562,0.0,0.06552693379344265,-0.006750860919820162,0.21747316347432244,0.0,0.0,0.0
3997.0,9.581782317309667,5.80824256077204,0.0,0.0,-5.1725651162347835e-05,0.0,0.0,4.09421066913992,-15.0709270738,0.0,0.0,1.7140318916321204,0.0,-0.0001859725699804054,0.0,0.0655266416125358,-0.006751372746794673,0.21747168015703844,0.0,0.0,0.0
3998.0,9.581803075105547,5.808194655124492,0.0,0.0,-5.081434636327523e-05,0.0,0.0,4.094159398212887,-15.0709270738,0.0,0.0,1.7140352569116049,0.0,-0.00018269570126763942,0.0,0.0655263547963827,-0.006751871997361283,0.21747021786112308,0.0,0.0,0.0
3999.0,9.581823836700504,5.808147689685416,0.0,0.0,-4.989197315235804e-05,0.0,0.0,4.0941090441366885,-15.0709270738,0.0,0.0,1.7140386455487278,0.0,-0.00017937905187897872,0.0,0.06552607340792846,-0.0067523585551706455,0.2174687768942491,0.0,0.0,0.0
4000.0,9.581844598359073,5.808101674891409,0.0,0.0,-4.895867462256197e-05,0.0,0.0,4.09405961790838,-15.0709270738,0.0,0.0,1.714042056983029,0.0,-0.00017602313661360162,0.0,0.06552579750927129,-0.006752832305917111,0.2174673575608872,0.0,0.0,0.0
4001.0,9.581865356337909,5.808056621029552,0.0,0.0,-4.801459613452968e-05,0.0,0.0,4.094011130380788,-15.0709270738,0.0,0.0,1.7140454906487639,0.0,-0.00017262847841422068,0.0,0.0655255271616497,-0.0067532931373636,0.21746596016224465,0.0,0.0,0.0
4002.0,9.581886106886447,5.808012538235243,0.0,0.0,-4.7059885295116855e-05,0.0,0.0,4.093963592260253,-15.0709270738,0.0,0.0,1.71404894597499,0.0,-0.00016919560828964762,0.0,0.0655252624254296,-0.006753740939366162,0.2174645849962039,0.0,0.0,0.0
4003.0,9.581906846247561,5.807969436490056,0.0,0.0,-4.609469193547622e-05,0.0,0.0,4.093917014104395,-15.0709270738,0.0,0.0,1.7140524223856604,0.0,-0.00016572506523573948,0.0,0.0655250033600916,-0.00675417560389828,0.21746323235726217,0.0,0.0,0.0
4004.0,9.581927570658225,5.807927325619618,0.0,0.0,-4.511916808870089e-05,0.0,0.0,4.093871406319901,-15.0709270738,0.0,0.0,1.7140559192997165,0.0,-0.0001622173961547666,0.0,0.06552475002421848,-0.006754597025074499,0.21746190253647124,0.0,0.0,0.0
4005.0,9.581948276350186,5.807886215291516,0.0,0.0,-4.41334679670198e-05,0.0,0.0,4.0938267791603336,-15.0709270738,0.0,0.0,1.7140594361311825,0.0,-0.0001586731557731764,0.0,0.06552450247548276,-0.00675500509917433,0.21746059582137778,0.0,0.0,0.0
4006.0,9.581968959550625,5.8078461150132235,0.0,0.0,-4.31377479385584e-05,0.0,0.0,4.09378314272396,-15.0709270738,0.0,0.0,1.7140629722892635,0.0,-0.00015509290655780122,0.0,0.06552426077063432,-0.0067553997246651565,0.2174593124959642,0.0,0.0,0.0
4007.0,9.581989616482831,5.807807034130049,0.0,0.0,-4.213216650366039e-05,0.0,0.0,4.093740506951615,-15.0709270738,0.0,0.0,1.714066527178434,0.0,-0.00015147721863049477,0.0,0.06552402496548836,-0.006755780802225275,0.21745805284058994,0.0,0.0,0.0
4008.0,9.582010243366875,5.80776898182312,0.0,0.0,-4.1116884270778844e-05,0.0,0.0,4.093698881624576,-15.0709270738,0.0,0.0,1.714070100198544,0.0,-0.0001478266696812273,0.0,0.0655237951149133,-0.006756148234766335,0.21745681713193366,0.0,0.0,0.0
4009.0,9.582030836420282,5.8077319671073795,0.0,0.0,-4.009206393193545e-05,0.0,0.0,4.093658276362466,-15.0709270738,0.0,0.0,1.7140736907449137,0.0,-0.00014414184487963552,0.0,0.06552357127281898,-0.006756501927455541,0.2174556056429352,0.0,0.0,0.0
4010.0,9.582051391858705,5.807695998829617,0.0,0.0,-3.905787023775628e-05,0.0,0.0,4.093618700621186,-15.0709270738,0.0,0.0,1.714077298208431,0.0,-0.00014042333678505753,0.0,0.06552335349214491,-0.006756841787737458,0.21745441864273912,0.0,0.0,0.0
4011.0,9.582071905896614,5.807661085666525,0.0,0.0,-3.801446997208605e-05,0.0,0.0,4.093580163690869,-15.0709270738,0.0,0.0,1.7140809219756559,0.0,-0.0001366717452550595,0.0,0.06552314182484874,-0.006757167725355354,0.21745325639663782,0.0,0.0,0.0
4012.0,9.582092374747962,5.807627236122775,0.0,0.0,-3.69620319261817e-05,0.0,0.0,4.0935426746938575,-15.0709270738,0.0,0.0,1.7140845614289173,0.0,-0.00013288767735245845,0.0,0.06552293632189478,-0.006757479652372458,0.21745211916601598,0.0,0.0,0.0
4013.0,9.582112794626878,5.80759445852913,0.0,0.0,-3.5900726872493e-05,0.0,0.0,4.093506242582708,-15.0709270738,0.0,0.0,1.714088215946422,0.0,-0.0001290717472508675,0.0,0.0655227370332428,-0.006757777483192395,0.2174510072082952,0.0,0.0,0.0
4014.0,9.582133161748345,5.80756276104058,0.0,0.0,-3.4830727538031905e-05,0.0,0.0,4.093470876138228,-15.0709270738,0.0,0.0,1.714091884902352,0.0,-0.00012522457613877114,0.0,0.06552254400783691,-0.0067580611345797875,0.21744992077687914,0.0,0.0,0.0
4015.0,9.582153472328883,5.807532151634501,0.0,0.0,-3.375220857733545e-05,0.0,0.0,4.093436583967529,-15.0709270738,0.0,0.0,1.7140955676669716,0.0,-0.00012134679212214743,0.0,0.06552235729359462,-0.006758330525679909,0.21744886012109982,0.0,0.0,0.0
4016.0,9.582173722587239,5.80750263810885,0.0,0.0,-3.2665346545025016e-05,0.0,0.0,4.093403374502118,-15.0709270738,0.0,0.0,1.714099263606732,0.0,-0.00011743903012564765,0.0,0.06552217693739609,-0.006758585578038476,0.21744782548616398,0.0,0.0,0.0
4017.0,9.582193908745069,5.807474228080385,0.0,0.0,-3.1570319867968116e-05,0.0,0.0,4.093371255996008,-15.0709270738,0.0,0.0,1.714102972084377,0.0,-0.00011350193179235493,0.0,0.06552200298507348,-0.006758826215620642,0.2174468171131001,0.0,0.0,0.0
4018.0,9.582214027027627,5.8074469289829125,0.0,0.0,-3.0467308817046525e-05,0.0,0.0,4.0933402365238605,-15.0709270738,0.0,0.0,1.714106692459052,0.0,-0.00010953614538213725,0.0,0.06552183548140049,-0.006759052364829821,0.2174458352387067,0.0,0.0,0.0
4019.0,9.582234073664454,5.807420748065567,0.0,0.0,-2.935649547852942e-05,0.0,0.0,4.093310323979156,-15.0709270738,0.0,0.0,1.7141104240864111,0.0,-0.00010554232566858842,0.0,0.06552167447008214,-0.006759263954526043,0.2174448800955004,0.0,0.0,0.0
4020.0,9.58225404489007,5.807395692391118,0.0,0.0,-2.8238063725067916e-05,0.0,0.0,4.093281526072395,-15.0709270738,0.0,0.0,1.7141141663187236,0.0,-0.00010152113383461752,0.0,0.06552151999374464,-0.0067594609160438884,0.21744395191166527,0.0,0.0,0.0
4021.0,9.582273936944656,5.807371768834307,0.0,0.0,-2.711219918630264e-05,0.0,0.0,4.0932538503293205,-15.0709270738,0.0,0.0,1.7141179185049866,0.0,-9.747323736665581e-05,0.0,0.0655213720939254,-0.006759643183210151,0.21744305091100274,0.0,0.0,0.0
4022.0,9.582293746074754,5.8073489840802175,0.0,0.0,-2.59790892190961e-05,0.0,0.0,4.093227304089184,-15.0709270738,0.0,0.0,1.7141216799910337,0.0,-9.339930994752441e-05,0.0,0.06552123081106338,-0.006759810692360729,0.2174421773128818,0.0,0.0,0.0
4023.0,9.582313468533947,5.807327344622673,0.0,0.0,-2.4838922877392272e-05,0.0,0.0,4.093201894503026,-15.0709270738,0.0,0.0,1.7141254501196475,0.0,-8.930003134797076e-05,0.0,0.06552109618448941,-0.006759963382357639,0.2174413313321907,0.0,0.0,0.0
4024.0,9.582333100583556,5.80730685676267,0.0,0.0,-2.369189088170993e-05,0.0,0.0,4.093177628531999,-15.0709270738,0.0,0.0,1.7141292282306715,0.0,-8.517608731689803e-05,0.0,0.06552096825241686,-0.006760101194605128,0.2174405131792885,0.0,0.0,0.0
4025.0,9.582352638493331,5.807287526606835,0.0,0.0,-2.253818558827107e-05,0.0,0.0,4.093154512945713,-15.0709270738,0.0,0.0,1.7141330136611224,0.0,-8.102816947029211e-05,0.0,0.0655208470519324,-0.0067602240730655905,0.21743972305995768,0.0,0.0,0.0
4026.0,9.582372078542138,5.807269360065921,0.0,0.0,-2.137800095777243e-05,0.0,0.0,4.0931325543206185,-15.0709270738,0.0,0.0,1.7141368057453024,0.0,-7.685697517887524e-05,0.0,0.06552073261898693,-0.006760331964275029,0.21743896117535788,0.0,0.0,0.0
4027.0,9.58239141701865,5.807252362853332,0.0,0.0,-2.0211532523802856e-05,0.0,0.0,4.093111759038416,-15.0709270738,0.0,0.0,1.7141406038149167,0.0,-7.266320745449604e-05,0.0,0.06552062498838676,-0.006760424817358127,0.21743822772197965,0.0,0.0,0.0
4028.0,9.582410650222043,5.807236540483682,0.0,0.0,-1.9038977360913714e-05,0.0,0.0,4.093092133284498,-15.0709270738,0.0,0.0,1.7141444071991847,0.0,-6.844757483528211e-05,0.0,0.06552052419378498,-0.006760502584042774,0.21743752289159934,0.0,0.0,0.0
4029.0,9.582429774462678,5.8072218982713855,0.0,0.0,-1.786053405234328e-05,0.0,0.0,4.093073683046426,-15.0709270738,0.0,0.0,1.7141482152249594,0.0,-6.421079126955855e-05,0.0,0.06552043026767297,-0.0067605652186742415,0.21743684687123488,0.0,0.0,0.0
4030.0,9.582448786062795,5.807208441329281,0.0,0.0,-1.667640265740521e-05,0.0,0.0,4.093056414112438,-15.0709270738,0.0,0.0,1.7141520272168425,0.0,-5.995357599856884e-05,0.0,0.06552034324137206,-0.006760612678228833,0.21743619984310208,0.0,0.0,0.0
4031.0,9.582467681357198,5.807196174567287,0.0,0.0,-1.5486784678541934e-05,0.0,0.0,4.093040332069989,-15.0709270738,0.0,0.0,1.7141558424972985,0.0,-5.5676653438000994e-05,0.0,0.06552026314502551,-0.0067606449223272524,0.2174355819845716,0.0,0.0,0.0
4032.0,9.582486456693946,5.807185102691098,0.0,0.0,-1.4291883028052945e-05,0.0,0.0,4.09302544230432,-15.0709270738,0.0,0.0,1.7141596603867777,0.0,-5.138075305835512e-05,0.0,0.06552019000759063,-0.006760661913247326,0.21743499346812714,0.0,0.0,0.0
4033.0,9.58250510843504,5.807175230200904,0.0,0.0,-1.3091901994498404e-05,0.0,0.0,4.093011749997075,-15.0709270738,0.0,0.0,1.7141634802038288,0.0,-4.706660926415383e-05,0.0,0.06552012385683104,-0.006760663615936427,0.21743443446132388,0.0,0.0,0.0
4034.0,9.582523632957106,5.807166561390153,0.0,0.0,-1.1887047208784895e-05,0.0,0.0,4.09299926012493,-15.0709270738,0.0,0.0,1.7141673012652223,0.0,-4.273496127202015e-05,0.0,0.06552006471930917,-0.006760649998023352,0.21743390512674843,0.0,0.0,0.0
4035.0,9.58254202665208,5.807159100344344,0.0,0.0,-1.0677525609941086e-05,0.0,0.0,4.092987977458276,-15.0709270738,0.0,0.0,1.7141711228860679,0.0,-3.838655298765077e-05,0.0,0.06552001262037906,-0.006760621029829814,0.21743340562197855,0.0,0.0,0.0
4036.0,9.582560285927894,5.8071528509398584,0.0,0.0,-9.463545410586255e-06,0.0,0.0,4.092977906559924,-15.0709270738,0.0,0.0,1.7141749443799341,0.0,-3.402213288169547e-05,0.0,0.0655199675841791,-0.006760576684381292,0.21743293609954495,0.0,0.0,0.0
4037.0,9.582578407209155,5.807147816842821,0.0,0.0,-8.24531606209759e-06,0.0,0.0,4.092969051783851,-15.0709270738,0.0,0.0,1.7141787650589704,0.0,-2.964245386456374e-05,0.0,0.06551992963362535,-0.006760516937417846,0.21743249670689274,0.0,0.0,0.0
4038.0,9.582596386937828,5.807144001508004,0.0,0.0,-7.023048219484328e-06,0.0,0.0,4.092961417273978,-15.0709270738,0.0,0.0,1.7141825842340257,0.0,-2.524827316018782e-05,0.0,0.06551989879040468,-0.006760441767403813,0.21743208758634464,0.0,0.0,0.0
4039.0,9.582614221573913,5.807141408177756,0.0,0.0,-5.796953705969814e-06,0.0,0.0,4.092955006962982,-15.0709270738,0.0,0.0,1.714186401214774,0.0,-2.0840352178745978e-05,0.0,0.06551987507496841,-0.006760351155537678,0.2174317088750644,0.0,0.0,0.0
4040.0,9.582631907596118,5.807140039880982,0.0,0.0,-4.567245477290074e-06,0.0,0.0,4.09294982457115,-15.0709270738,0.0,0.0,1.7141902153098316,0.0,-1.6419456388376865e-05,0.0,0.06551985850652593,-0.006760245085761146,0.2174313607050215,0.0,0.0,0.0
4041.0,9.582649441502545,5.807139899432142,0.0,0.0,-3.3341375857189407e-06,0.0,0.0,4.09294587360526,-15.0709270738,0.0,0.0,1.714194025826882,0.0,-1.1986355185921053e-05,0.0,0.06551984910303883,-0.006760123544767654,0.2174310432029563,0.0,0.0,0.0
4042.0,9.582666819811347,5.807140989430306,0.0,0.0,-2.0978451438143227e-06,0.0,0.0,4.092943157357507,-15.0709270738,0.0,0.0,1.7141978320727995,0.0,-7.541821766670398e-06,0.0,0.06551984688121486,-0.006759986522010666,0.21743075649034654,0.0,0.0,0.0
4043.0,9.582684039061416,5.807143312258225,0.0,0.0,-8.585842879037388e-07,0.0,0.0,4.092941678904455,-15.0709270738,0.0,0.0,1.7142016333537704,0.0,-3.08663299319017e-06,0.0,0.06551985185650241,-0.006759834009711321,0.21743050068337427,0.0,0.0,0.0
4044.0,9.582701095813036,5.807146870081457,0.0,0.0,3.834278586910487e-07,0.0,0.0,4.0929414411060385,-15.0709270738,0.0,0.0,1.7142054289754185,0.0,1.3784307367865278e-06,0.0,0.0655198640430851,-0.006759666002865636,0.2174302758928941,0.0,0.0,0.0
4045.0,9.582717986648559,5.807151664847517,0.0,0.0,1.6279732226866741e-06,0.0,0.0,4.092942446604589,-15.0709270738,0.0,0.0,1.714209218242928,0.0,5.852585623379127e-06,0.0,0.06551988345387652,-0.006759482499251304,0.21743008222440183,0.0,0.0,0.0
4046.0,9.582734708173065,5.807157698285072,0.0,0.0,2.874832818115539e-06,0.0,0.0,4.092944697823905,-15.0709270738,0.0,0.0,1.714213000461167,0.0,1.033504459844968e-05,0.0,0.06551991010051533,-0.006759283499433749,0.21742991977800435,0.0,0.0,0.0
4047.0,9.582751257015023,5.807164971903174,0.0,0.0,4.123786783843819e-06,0.0,0.0,4.092948196968358,-15.0709270738,0.0,0.0,1.7142167749348163,0.0,1.4825017460348012e-05,0.0,0.06551994399336043,-0.006759069006772089,0.21742978864839066,0.0,0.0,0.0
4048.0,9.582767629826945,5.807173486990527,0.0,0.0,5.3746144213294084e-06,0.0,0.0,4.092952946022038,-15.0709270738,0.0,0.0,1.7142205409684887,0.0,1.9321711009509458e-05,0.0,0.06551998514148646,-0.006758839027424246,0.2174296889248029,0.0,0.0,0.0
4049.0,9.582783823286046,5.807183244614791,0.0,0.0,6.6270942326050524e-06,0.0,0.0,4.092958946747933,-15.0709270738,0.0,0.0,1.714224297866858,0.0,2.382432918485228e-05,0.0,0.06552003355267946,-0.0067585935703517175,0.21742962069100952,0.0,0.0,0.0
4050.0,9.582799834094898,5.8071942456219325,0.0,0.0,7.881003958484378e-06,0.0,0.0,4.092966200687149,-15.0709270738,0.0,0.0,1.7142280449347833,0.0,2.833207320096656e-05,0.0,0.06552008923343283,-0.006758332647323978,0.21742958402527846,0.0,0.0,0.0
4051.0,9.582815658982067,5.807206490635603,0.0,0.0,9.136120616988415e-06,0.0,0.0,4.0929747091581685,-15.0709270738,0.0,0.0,1.7142317814774346,0.0,3.284414168608603e-05,0.0,0.06552015218894337,-0.006758056272922114,0.21742957900035137,0.0,0.0,0.0
4052.0,9.582831294702775,5.807219980056566,0.0,0.0,1.0392220541975764e-05,0.0,0.0,4.092984473256146,-15.0709270738,0.0,0.0,1.7142355068004198,0.0,3.7359730820782376e-05,0.0,0.0655202224231077,-0.00675776446454214,0.2174296056834195,0.0,0.0,0.0
4053.0,9.582846738039525,5.8072347140621545,0.0,0.0,1.1649079421983714e-05,0.0,0.0,4.092995493852244,-15.0709270738,0.0,0.0,1.7142392202099108,0.0,4.187803447740831e-05,0.0,0.06552029993851885,-0.006757457242397777,0.21742966413609965,0.0,0.0,0.0
4054.0,9.582861985802753,5.807250692605774,0.0,0.0,1.2906472339259287e-05,0.0,0.0,4.093007771593008,-15.0709270738,0.0,0.0,1.714242921012766,0.0,4.639824436021408e-05,0.0,0.06552038473646299,-0.006757134629522793,0.21742975441441137,0.0,0.0,0.0
4055.0,9.582877034831455,5.807267915416443,0.0,0.0,1.4164173808986364e-05,0.0,0.0,4.093021306899779,-15.0709270738,0.0,0.0,1.7142466085166639,0.0,5.091955014615947e-05,0.0,0.06552047681691657,-0.00675679665177259,0.2174298765687553,0.0,0.0,0.0
4056.0,9.58289188199382,5.807286381998367,0.0,0.0,1.54219578186916e-05,0.0,0.0,4.0930360999681445,-15.0709270738,0.0,0.0,1.7142502820302221,0.0,5.544113962635943e-05,0.0,0.06552057617854354,-0.006756443337825727,0.21743003064389263,0.0,0.0,0.0
4057.0,9.582906524187859,5.807306091630564,0.0,0.0,1.6679597867832614e-05,0.0,0.0,4.093052150767434,-15.0709270738,0.0,0.0,1.7142539408631299,0.0,5.9962198848175806e-05,0.0,0.06552068281869282,-0.006756074719184463,0.21743021667892476,0.0,0.0,0.0
4058.0,9.58292095834202,5.807327043366519,0.0,0.0,1.7936867007551018e-05,0.0,0.0,4.093069459040248,-15.0709270738,0.0,0.0,1.7142575843262708,0.0,6.448191225789285e-05,0.0,0.06552079673339609,-0.006755690830175132,0.2174304347072748,0.0,0.0,0.0
4059.0,9.58293518141582,5.807349236033884,0.0,0.0,1.919353788059294e-05,0.0,0.0,4.093088024302031,-15.0709270738,0.0,0.0,1.714261211731853,0.0,6.899946284398596e-05,0.0,0.06552091791736568,-0.006755291707947891,0.2174306847566696,0.0,0.0,0.0
4060.0,9.582949190400445,5.807372668234215,0.0,0.0,2.0449382761385423e-05,0.0,0.0,4.093107845840683,-15.0709270738,0.0,0.0,1.714264822393532,0.0,7.351403228094226e-05,0.0,0.06552104636399284,-0.006754877392475919,0.21743096684912291,0.0,0.0,0.0
4061.0,9.58296298231937,5.807397338342751,0.0,0.0,2.1704173596261475e-05,0.0,0.0,4.093128922716208,-15.0709270738,0.0,0.0,1.7142684156265426,0.0,7.802480107360694e-05,0.0,0.06552118206534613,-0.0067544479265540525,0.21743128100091924,0.0,0.0,0.0
4062.0,9.58297655422896,5.807423244508235,0.0,0.0,2.2957682043830285e-05,0.0,0.0,4.093151253760415,-15.0709270738,0.0,0.0,1.7142719907478199,0.0,8.253094870204323e-05,0.0,0.06552132501217006,-0.006754003355797261,0.2174316272225994,0.0,0.0,0.0
4063.0,9.582989903219076,5.80745038465277,0.0,0.0,2.4209679515479998e-05,0.0,0.0,4.0931748375766395,-15.0709270738,0.0,0.0,1.7142755470761308,0.0,8.703165376686085e-05,0.0,0.06552147519388407,-0.006753543728638095,0.2174320055189462,0.0,0.0,0.0
4064.0,9.583003026413662,5.807478756471721,0.0,0.0,2.545993721601461e-05,0.0,0.0,4.093199672539524,-15.0709270738,0.0,0.0,1.7142790839321975,0.0,9.152609413501843e-05,0.0,0.06552163259858158,-0.006753069096324088,0.21743241588897183,0.0,0.0,0.0
4065.0,9.583015920971343,5.807508357433656,0.0,0.0,2.670822618440846e-05,0.0,0.0,4.093225756794829,-15.0709270738,0.0,0.0,1.7142826006388274,0.0,9.60134470860411e-05,0.0,0.06552179721302942,-0.00675257951291422,0.21743285832590586,0.0,0.0,0.0
4066.0,9.58302858408601,5.807539184780324,0.0,0.0,2.795431733467602e-05,0.0,0.0,4.093253088259288,-15.0709270738,0.0,0.0,1.714286096521036,0.0,0.00010049288945864481,0.0,0.06552196902266738,-0.006752075035275293,0.21743333281718458,0.0,0.0,0.0
4067.0,9.5830410129874,5.807571235526679,0.0,0.0,2.919798149685307e-05,0.0,0.0,4.093281664620503,-15.0709270738,0.0,0.0,1.7142895709061765,0.0,0.00010496359779775378,0.0,0.06552214801160813,-0.006751555723077521,0.21743383934444077,0.0,0.0,0.0
4068.0,9.58305320494167,5.807604506460945,0.0,0.0,3.0438989458075175e-05,0.0,0.0,4.0933114833368816,-15.0709270738,0.0,0.0,1.7142930231240632,0.0,0.00010942474850186043,0.0,0.06552233416263731,-0.006751021638789587,0.2174343778834953,0.0,0.0,0.0
4069.0,9.583065157251974,5.807638994144713,0.0,0.0,3.167711200375326e-05,0.0,0.0,4.093342541637614,-15.0709270738,0.0,0.0,1.7142964525070994,0.0,0.0001138755179707275,0.0,0.06552252745721371,-0.006750472847673411,0.21743494840434915,0.0,0.0,0.0
4070.0,9.583076867259022,5.807674694913095,0.0,0.0,3.291211995882959e-05,0.0,0.0,4.093374836522691,-15.0709270738,0.0,0.0,1.7142998583904037,0.0,0.00011831508275337236,0.0,0.06552272787547009,-0.006749909417778144,0.21743555087117683,0.0,0.0,0.0
4071.0,9.583088332341637,5.807711604874901,0.0,0.0,3.4143784229121504e-05,0.0,0.0,4.093408364762968,-15.0709270738,0.0,0.0,1.7143032401119322,0.0,0.00012274261969636016,0.0,0.06552293539621373,-0.006749331419933835,0.2174361852423203,0.0,0.0,0.0
4072.0,9.583099549917316,5.807749719912872,0.0,0.0,3.537187584272913e-05,0.0,0.0,4.093443122900262,-15.0709270738,0.0,0.0,1.7143065970126097,0.0,0.0001271573060923209,0.0,0.06552314999692765,-0.006748738927744538,0.21743685147028474,0.0,0.0,0.0
4073.0,9.583110517442774,5.807789035683945,0.0,0.0,3.659616599151211e-05,0.0,0.0,4.0934791072474965,-15.0709270738,0.0,0.0,1.7143099284364487,0.0,0.00013155831982870802,0.0,0.06552337165377184,-0.00674813201758083,0.21743754950173466,0.0,0.0,0.0
4074.0,9.583121232414486,5.807829547619565,0.0,0.0,3.781642607262362e-05,0.0,0.0,4.093516313888887,-15.0709270738,0.0,0.0,1.7143132337306781,0.0,0.00013594483953675778,0.0,0.06552360034158472,-0.006747510768571899,0.21743827927749138,0.0,0.0,0.0
4075.0,9.583131692369221,5.8078712509260315,0.0,0.0,3.903242773009359e-05,0.0,0.0,4.093554738680164,-15.0709270738,0.0,0.0,1.7143165122458672,0.0,0.00014031604474061906,0.0,0.06552383603388501,-0.006746875262597082,0.21743904073253145,0.0,0.0,0.0
4076.0,9.583141894884577,5.807914140584894,0.0,0.0,4.024394289645377e-05,0.0,0.0,4.093594377248846,-15.0709270738,0.0,0.0,1.7143197633360483,0.0,0.00014467111600662894,0.0,0.06552407870287376,-0.006746225584276885,0.21743983379598614,0.0,0.0,0.0
4077.0,9.583151837579498,5.807958211353384,0.0,0.0,4.145074383440008e-05,0.0,0.0,4.093635224994543,-15.0709270738,0.0,0.0,1.714322986358841,0.0,0.00014900923509271664,0.0,0.06552432831943643,-0.006745561820963558,0.21744065839114207,0.0,0.0,0.0
4078.0,9.583161518114798,5.8080034577648885,0.0,0.0,4.265260317848333e-05,0.0,0.0,4.093677277089312,-15.0709270738,0.0,0.0,1.7143261806755765,0.0,0.00015332958509790492,0.0,0.06552458485314558,-0.006744884062731063,0.2174415144354429,0.0,0.0,0.0
4079.0,9.583170934193664,5.808049874129467,0.0,0.0,4.384929397681654e-05,0.0,0.0,4.0937205284780465,-15.0709270738,0.0,0.0,1.7143293456514206,0.0,0.00015763135061186656,0.0,0.06552484827226347,-0.006744192402364582,0.21744240184049177,0.0,0.0,0.0
4080.0,9.583180083562167,5.808097454534408,0.0,0.0,4.504058973279979e-05,0.0,0.0,4.093764973878913,-15.0709270738,0.0,0.0,1.7143324806554956,0.0,0.00016191371786453886,0.0,0.06552511854374513,-0.00674348693534943,0.2174433205120551,0.0,0.0,0.0
4081.0,9.583188964009757,5.808146192844828,0.0,0.0,4.6226264446850025e-05,0.0,0.0,4.093810607783825,-15.0709270738,0.0,0.0,1.7143355850610025,0.0,0.00016617587487575313,0.0,0.06552539563324149,-0.006742767759859686,0.21744427035006753,0.0,0.0,0.0
4082.0,9.58319757336975,5.808196082704308,0.0,0.0,4.7406092658127224e-05,0.0,0.0,4.093857424458966,-15.0709270738,0.0,0.0,1.7143386582453424,0.0,0.00017041701160484582,0.0,0.06552567950510291,-0.006742034976746053,0.21744525124863762,0.0,0.0,0.0
4083.0,9.583205909519815,5.808247117535579,0.0,0.0,4.857984948625097e-05,0.0,0.0,4.09390541794534,-15.0709270738,0.0,0.0,1.7143416995902392,0.0,0.0001746363201002329,0.0,0.06552597012238283,-0.006741288689523367,0.21744626309605466,0.0,0.0,0.0
4084.0,9.583213970382454,5.808299290541241,0.0,0.0,4.974731067300481e-05,0.0,0.0,4.093954582059383,-15.0709270738,0.0,0.0,1.7143447084818577,0.0,0.00017883299464893616,0.0,0.06552626744684173,-0.0067405290043575095,0.2174473057747969,0.0,0.0,0.0
4085.0,9.583221753925466,5.808352594704525,0.0,0.0,5.0908252624009535e-05,0.0,0.0,4.0940049103936,-15.0709270738,0.0,0.0,1.7143476843109253,0.0,0.00018300623192599543,0.0,0.06552657143895135,-0.006739756030051905,0.21744837916154042,0.0,0.0,0.0
4086.0,9.58322925816241,5.8084070227901,0.0,0.0,5.206245245037036e-05,0.0,0.0,4.0940563963172485,-15.0709270738,0.0,0.0,1.7143506264728519,0.0,0.00018715523114378396,0.0,0.06552688205789904,-0.006738969878033463,0.2174494831271691,0.0,0.0,0.0
4087.0,9.583236481153063,5.808462567344917,0.0,0.0,5.320968801028242e-05,0.0,0.0,4.0941090329770695,-15.0709270738,0.0,0.0,1.7143535343678478,0.0,0.00019127919420117165,0.0,0.06552719926159245,-0.006738170662337992,0.21745061753678607,0.0,0.0,0.0
4088.0,9.583243421003866,5.808519220699094,0.0,0.0,5.434973795059016e-05,0.0,0.0,4.094162813298053,-15.0709270738,0.0,0.0,1.7143564074010413,0.0,0.00019537732583252055,0.0,0.06552752300666449,-0.00673735849959517,0.21745178224972567,0.0,0.0,0.0
4089.0,9.583250075868365,5.8085769749668446,0.0,0.0,5.548238174829002e-05,0.0,0.0,4.094217729984247,-15.0709270738,0.0,0.0,1.7143592449825977,0.0,0.0001994488337564745,0.0,0.06552785324847839,-0.006736533509013029,0.21745297711956668,0.0,0.0,0.0
4090.0,9.583256443947644,5.808635822047446,0.0,0.0,5.6607399751975264e-05,0.0,0.0,4.094273775519608,-15.0709270738,0.0,0.0,1.714362046527838,0.0,0.00020349292882453958,0.0,0.0655281899411331,-0.006735695812361817,0.21745420199414714,0.0,0.0,0.0
4091.0,9.583262523490745,5.808695753626246,0.0,0.0,5.772457322320709e-05,0.0,0.0,4.094330942168896,-15.0709270738,0.0,0.0,1.71436481145735,0.0,0.00020750882516939797,0.0,0.06552853303746899,-0.006734845533957534,0.2174554567155792,0.0,0.0,0.0
4092.0,9.583268312795095,5.808756761175713,0.0,0.0,5.883368437781104e-05,0.0,0.0,4.094389221978605,-15.0709270738,0.0,0.0,1.7143675391971085,0.0,0.0002114957403529527,0.0,0.0655288824890736,-0.0067339828006448554,0.21745674112026586,0.0,0.0,0.0
4093.0,9.583273810206906,5.808818835956528,0.0,0.0,5.993451642708882e-05,0.0,0.0,4.094448606777939,-15.0709270738,0.0,0.0,1.7143702291785887,0.0,0.0002154528955140677,0.0,0.06552923824628779,-0.00673310774177964,0.21745805503891846,0.0,0.0,0.0
4094.0,9.583279014121581,5.808881969018709,0.0,0.0,6.102685361893653e-05,0.0,0.0,4.094509088179828,-15.0709270738,0.0,0.0,1.714372880838881,0.0,0.00021937951551597088,0.0,0.06552960025821208,-0.006732220489210808,0.21745939829657535,0.0,0.0,0.0
4095.0,9.583283922984108,5.808946151202789,0.0,0.0,6.211048127886512e-05,0.0,0.0,4.094570657581987,-15.0709270738,0.0,0.0,1.7143754936208015,0.0,0.00022327482909330598,0.0,0.0655299684727132,-0.006731321177261981,0.21746077071262138,0.0,0.0,0.0
4096.0,9.583288535289443,5.80901137314102,0.0,0.0,6.318518585091135e-05,0.0,0.0,4.094633306168011,-15.0709270738,0.0,0.0,1.7143780669730093,0.0,0.00022713806899879102,0.0,0.06553034283643093,-0.006730409942712401,0.2174621721008087,0.0,0.0,0.0
4097.0,9.583292849582884,5.809077625258628,0.0,0.0,6.425075493843474e-05,0.0,0.0,4.094697024908514,-15.0709270738,0.0,0.0,1.7143806003501139,0.0,0.00023096847214946768,0.0,0.0655307232947851,-0.0067294869247774836,0.2174636022692787,0.0,0.0,0.0
4098.0,9.583296864460447,5.809144897775102,0.0,0.0,6.530697734479284e-05,0.0,0.0,4.094761804562314,-15.0709270738,0.0,0.0,1.7143830932127884,0.0,0.00023476527977251403,0.0,0.06553110979198284,-0.0067285522650888385,0.21746506102058444,0.0,0.0,0.0
4099.0,9.583300578569222,5.809213180705523,0.0,0.0,6.63536431138844e-05,0.0,0.0,4.094827635677644,-15.0709270738,0.0,0.0,1.7143855450278789,0.0,0.00023852773755058388,0.0,0.06553150227102626,-0.006727606107673881,0.2174665481517149,0.0,0.0,0.0
4100.0,9.583303990607725,5.809282463861937,0.0,0.0,6.739054357055638e-05,0.0,0.0,4.0948945085934225,-15.0709270738,0.0,0.0,1.7143879552685144,0.0,0.0002422550957666577,0.0,0.0655319006737199,-0.0067266485989348895,0.21746806345411981,0.0,0.0,0.0
4101.0,9.583307099326241,5.809352736854762,0.0,0.0,6.841747136086884e-05,0.0,0.0,4.094962413440548,-15.0709270738,0.0,0.0,1.7143903234142135,0.0,0.00024594660944838556,0.0,0.065532304940679,-0.00672567988762765,0.21746960671373544,0.0,0.0,0.0
4102.0,9.58330990352716,5.809423989094236,0.0,0.0,6.943422049219961e-05,0.0,0.0,4.095031340143243,-15.0709270738,0.0,0.0,1.7143926489509926,0.0,0.0002496015385118551,0.0,0.06553271501133752,-0.006724700124839625,0.21747117771101188,0.0,0.0,0.0
4103.0,9.583312402065303,5.809496209791908,0.0,0.0,7.044058637319647e-05,0.0,0.0,4.095101278420434,-15.0709270738,0.0,0.0,1.7143949313714737,0.0,0.00025321914790481465,0.0,0.0655331308239566,-0.006723709463967595,0.21747277622094102,0.0,0.0,0.0
4104.0,9.583314593848234,5.80956938796216,0.0,0.0,7.143636585355805e-05,0.0,0.0,4.095172217787173,-15.0709270738,0.0,0.0,1.714397170174987,0.0,0.00025679870774928336,0.0,0.06553355231563332,-0.006722708060694957,0.21747440201308554,0.0,0.0,0.0
4105.0,9.583316477836577,5.8096435124237775,0.0,0.0,7.242135726363825e-05,0.0,0.0,4.095244147556101,-15.0709270738,0.0,0.0,1.7143993648676767,0.0,0.00026033949348352965,0.0,0.06553397942230946,-0.006721696072968422,0.2174760548516093,0.0,0.0,0.0
4106.0,9.583318053044307,5.809718571801549,0.0,0.0,7.33953604538726e-05,0.0,0.0,4.095317056838943,-15.0709270738,0.0,0.0,1.7144015149626064,0.0,0.0002638407860034134,0.0,0.06553441207878072,-0.0067206736609742995,0.21747773449530827,0.0,0.0,0.0
4107.0,9.583319318539045,5.809794554527912,0.0,0.0,7.435817683400951e-05,0.0,0.0,4.095390934548054,-15.0709270738,0.0,0.0,1.7144036199798576,0.0,0.00026730187180303033,0.0,0.06553485021870596,-0.0067196409871144586,0.21747944069764302,0.0,0.0,0.0
4108.0,9.583320273442341,5.809871448844626,0.0,0.0,7.530960941214723e-05,0.0,0.0,4.095465769397992,-15.0709270738,0.0,0.0,1.7144056794466334,0.0,0.00027072204311466206,0.0,0.0655352937746169,-0.006718598215981669,0.21748117320677154,0.0,0.0,0.0
4109.0,9.583320916929939,5.8099492428045,0.0,0.0,7.62494628335663e-05,0.0,0.0,4.095541549907141,-15.0709270738,0.0,0.0,1.7144076928973586,0.0,0.0002741005980479953,0.0,0.06553574267792782,-0.006717545514334525,0.217482931765584,0.0,0.0,0.0
4110.0,9.583321248232043,5.8100279242731405,0.0,0.0,7.717754341934604e-05,0.0,0.0,4.095618264399362,-15.0709270738,0.0,0.0,1.7144096598737786,0.0,0.00027743684072856976,0.0,0.06553619685894553,-0.0067164830510720586,0.21748471611173772,0.0,0.0,0.0
4111.0,9.583321266633574,5.810107480930751,0.0,0.0,7.809365920476459e-05,0.0,0.0,4.095695901005693,-15.0709270738,0.0,0.0,1.7144115799250574,0.0,0.0002807300814354518,0.0,0.06553665624687972,-0.006715410997207696,0.21748652597769352,0.0,0.0,0.0
4112.0,9.58332097147441,5.810187900273956,0.0,0.0,7.899761997747186e-05,0.0,0.0,4.095774447666081,-15.0709270738,0.0,0.0,1.7144134526078751,0.0,0.0002839796367380987,0.0,0.06553712076985335,-0.0067143295258429575,0.21748836109075315,0.0,0.0,0.0
4113.0,9.583320362149626,5.810269169617673,0.0,0.0,7.988923731542539e-05,0.0,0.0,4.095853892131149,-15.0709270738,0.0,0.0,1.7144152774865233,0.0,0.0002871848296323744,0.0,0.06553759035491329,-0.006713238812140712,0.21749022117309752,0.0,0.0,0.0
4114.0,9.583319438109708,5.810351276097012,0.0,0.0,8.076832462458811e-05,0.0,0.0,4.095934221964014,-15.0709270738,0.0,0.0,1.7144170541329977,0.0,0.00029034498967571697,0.0,0.06553806492804123,-0.00671213903329787,0.21749210594182583,0.0,0.0,0.0
4115.0,9.583318198860779,5.81043420666922,0.0,0.0,8.163469717637418e-05,0.0,0.0,4.0960154245421245,-15.0709270738,0.0,0.0,1.7144187821270958,0.0,0.00029345945312140486,0.0,0.06553854441416483,-0.006711030368517806,0.21749401510899638,0.0,0.0,0.0
4116.0,9.583316643964801,5.810517948115656,0.0,0.0,8.248817214483943e-05,0.0,0.0,4.096097487059151,-15.0709270738,0.0,0.0,1.7144204610565055,0.0,0.00029652756305191286,0.0,0.06553902873716892,-0.006709912998982187,0.21749594838166736,0.0,0.0,0.0
4117.0,9.583314773039774,5.810602487043799,0.0,0.0,8.332856864360985e-05,0.0,0.0,4.096180396526902,-15.0709270738,0.0,0.0,1.714422090516897,0.0,0.0002995486695113323,0.0,0.06553951781990712,-0.006708787107822647,0.21749790546193942,0.0,0.0,0.0
4118.0,9.58331258575992,5.810687809889302,0.0,0.0,8.41557077625361e-05,0.0,0.0,4.096264139777289,-15.0709270738,0.0,0.0,1.714423670112013,0.0,0.0003025221296368135,0.0,0.06554001158421353,-0.006707652880091813,0.21749988604699894,0.0,0.0,0.0
4119.0,9.58331008185586,5.81077390291807,0.0,0.0,8.496941260407513e-05,0.0,0.0,4.0963487034643125,-15.0709270738,0.0,0.0,1.7144251994537578,0.0,0.0003054473077890349,0.0,0.06554050995091469,-0.0067065105027339506,0.2175018898291622,0.0,0.0,0.0
4120.0,9.58330726111478,5.810860752228382,0.0,0.0,8.576950831938207e-05,0.0,0.0,4.0964340740660985,-15.0709270738,0.0,0.0,1.7144266781622832,0.0,0.0003083235756816379,0.0,0.0655410128398417,-0.006705360164555363,0.21750391649592055,0.0,0.0,0.0
4121.0,9.583304123380591,5.810948343753038,0.0,0.0,8.655582214411302e-05,0.0,0.0,4.096520237886964,-15.0709270738,0.0,0.0,1.714428105866074,0.0,0.00031115031250962967,0.0,0.06554152016984262,-0.00670420205619425,0.2175059657299868,0.0,0.0,0.0
4122.0,9.583300668554077,5.811036663261552,0.0,0.0,8.732818343392745e-05,0.0,0.0,4.096607181059518,-15.0709270738,0.0,0.0,1.7144294822020338,0.0,0.0003139269050767156,0.0,0.06554203185879495,-0.0067030363700901485,0.21750803720934214,0.0,0.0,0.0
4123.0,9.583296896593028,5.811125696362367,0.0,0.0,8.808642369968525e-05,0.0,0.0,4.0966948895468,-15.0709270738,0.0,0.0,1.7144308068155674,0.0,0.0003166527479215409,0.0,0.06554254782361849,-0.006701863300453206,0.21751013060728433,0.0,0.0,0.0
4124.0,9.583292807512368,5.811215428505116,0.0,0.0,8.883037664233015e-05,0.0,0.0,4.096783349144452,-15.0709270738,0.0,0.0,1.7144320793606633,0.0,0.00031932724344281436,0.0,0.06554306798028815,-0.006700683043232694,0.21751224559247673,0.0,0.0,0.0
4125.0,9.583288401384275,5.811305844982901,0.0,0.0,8.955987818745479e-05,0.0,0.0,4.096872545482928,-15.0709270738,0.0,0.0,1.7144332994999738,0.0,0.0003219498020232962,0.0,0.06554359224384726,-0.006699495796085614,0.2175143818289983,0.0,0.0,0.0
4126.0,9.583283678338287,5.811396930934624,0.0,0.0,9.027476651953624e-05,0.0,0.0,4.096962464029731,-15.0709270738,0.0,0.0,1.7144344669048932,0.0,0.0003245198421526099,0.0,0.06554412052842085,-0.006698301758344433,0.21751653897639434,0.0,0.0,0.0
4127.0,9.583278638561396,5.811488671347332,0.0,0.0,9.097488211583985e-05,0.0,0.0,4.097053090091696,-15.0709270738,0.0,0.0,1.7144355812556364,0.0,0.00032703679054887203,0.0,0.06554465274722912,-0.006697101130984845,0.21751871668972855,0.0,0.0,0.0
4128.0,9.583273282298139,5.811581051058608,0.0,0.0,9.166006777998184e-05,0.0,0.0,4.097144408817292,-15.0709270738,0.0,0.0,1.7144366422413162,0.0,0.00032950008227910387,0.0,0.06554518881260132,-0.0066958941165929375,0.21752091461963563,0.0,0.0,0.0
4129.0,9.58326760985067,5.811674054758988,0.0,0.0,9.233016867514538e-05,0.0,0.0,4.097236405198973,-15.0709270738,0.0,0.0,1.7144376495600149,0.0,0.00033190916087840757,0.0,0.06554572863598952,-0.006694680919332133,0.21752313241237478,0.0,0.0,0.0
4130.0,9.583261621578833,5.811767666994406,0.0,0.0,9.298503235694128e-05,0.0,0.0,4.097329064075544,-15.0709270738,0.0,0.0,1.7144386029188619,0.0,0.0003342634784678748,0.0,0.06554627212798284,-0.006693461744909673,0.21752536970988468,0.0,0.0,0.0
4131.0,9.583255317900209,5.8118618721686826,0.0,0.0,9.362450880590932e-05,0.0,0.0,4.0974223701345815,-15.0709270738,0.0,0.0,1.714439502034101,0.0,0.00033656249587121377,0.0,0.06554681919832168,-0.006692236800542761,0.21752762614983842,0.0,0.0,0.0
4132.0,9.583248699290165,5.8119566545460275,0.0,0.0,9.424845045965227e-05,0.0,0.0,4.097516307914864,-15.0709270738,0.0,0.0,1.7144403466311635,0.0,0.00033880568273006597,0.0,0.0655473697559122,-0.006691006294924501,0.2175299013657001,0.0,0.0,0.0
4133.0,9.583241766281894,5.812051998253588,0.0,0.0,9.485671224459566e-05,0.0,0.0,4.0976108618088505,-15.0709270738,0.0,0.0,1.7144411364447372,0.0,0.0003409925176179884,0.0,0.065547923708841,-0.0066897704381893575,0.2175321949867821,0.0,0.0,0.0
4134.0,9.583234519466435,5.812147887284016,0.0,0.0,9.544915160736727e-05,0.0,0.0,4.097706016065184,-15.0709270738,0.0,0.0,1.714441871218832,0.0,0.00034312248815307933,0.0,0.06554848096438994,-0.006688529441878227,0.21753450663830276,0.0,0.0,0.0
4135.0,9.583226959492688,5.812244305498076,0.0,0.0,9.602562854578979e-05,0.0,0.0,4.097801754791228,-15.0709270738,0.0,0.0,1.7144425507068481,0.0,0.00034519509110922484,0.0,0.06554904142905116,-0.006687283518903381,0.21753683594144588,0.0,0.0,0.0
4136.0,9.583219087067416,5.812341236627268,0.0,0.0,9.658600563948108e-05,0.0,0.0,4.0978980619556316,-15.0709270738,0.0,0.0,1.7144431746716364,0.0,0.0003472098325259457,0.0,0.06554960500854226,-0.00668603288351291,0.2175391825134199,0.0,0.0,0.0
4137.0,9.583210902955242,5.812438664276491,0.0,0.0,9.713014808005398e-05,0.0,0.0,4.097994921390927,-15.0709270738,0.0,0.0,1.714443742885564,0.0,0.00034916622781681547,0.0,0.06555017160782166,-0.006684777751255047,0.21754154596751885,0.0,0.0,0.0
4138.0,9.583202407978632,5.8125365719267315,0.0,0.0,9.765792370091005e-05,0.0,0.0,4.098092316796156,-15.0709270738,0.0,0.0,1.7144442551305756,0.0,0.0003510638018764315,0.0,0.06555074113110412,-0.006683518338941846,0.21754392591318378,0.0,0.0,0.0
4139.0,9.583193603017866,5.812634942937779,0.0,0.0,9.816920300662254e-05,0.0,0.0,4.098190231739527,-15.0709270738,0.0,0.0,1.7144447111982517,0.0,0.00035290208918591976,0.0,0.06555131348187643,-0.006682254864612949,0.2175463219560649,0.0,0.0,0.0
4140.0,9.583184489010998,5.812733760550968,0.0,0.0,9.866385920190246e-05,0.0,0.0,4.098288649661102,-15.0709270738,0.0,0.0,1.7144451108898657,0.0,0.0003546806339169538,0.0,0.06555188856291329,-0.006680987547498823,0.21754873369808478,0.0,0.0,0.0
4141.0,9.583175066953812,5.81283300789195,0.0,0.0,9.914176822013547e-05,0.0,0.0,4.098387553875508,-15.0709270738,0.0,0.0,1.7144454540164418,0.0,0.00035639899003424194,0.0,0.0655524662762933,-0.006679716607983652,0.21755116073750214,0.0,0.0,0.0
4142.0,9.583165337899759,5.812932667973492,0.0,0.0,9.960280875149401e-05,0.0,0.0,4.098486927574682,-15.0709270738,0.0,0.0,1.7144457403988094,0.0,0.0003580567213964999,0.0,0.06555304652341518,-0.0066784422675681965,0.21755360266897655,0.0,0.0,0.0
4143.0,9.58315530295989,5.813032723698297,0.0,0.0,0.00010004686227060844,0.0,0.0,4.098586753830642,-15.0709270738,0.0,0.0,1.7144459698676542,0.0,0.0003596534018558508,0.0,0.06555362920501401,-0.006677164748832093,0.2175560590836339,0.0,0.0,0.0
4144.0,9.583144963302773,5.813133157861856,0.0,0.0,0.00010047381306380058,0.0,0.0,4.0986870155982835,-15.0709270738,0.0,0.0,1.7144461422635722,0.0,0.0003611886153556636,0.0,0.06555421422117784,-0.006675884275396046,0.2175585295691327,0.0,0.0,0.0
4145.0,9.583134320154407,5.81323395315532,0.0,0.0,0.00010088354825586532,0.0,0.0,4.098787695718205,-15.0709270738,0.0,0.0,1.7144462574371158,0.0,0.0003626619560267797,0.0,0.06555480147136424,-0.006674601071883779,0.21756101370973097,0.0,0.0,0.0
4146.0,9.583123374798115,5.813335092168405,0.0,0.0,0.00010127595783639997,0.0,0.0,4.098888776919559,-15.0709270738,0.0,0.0,1.7144463152488454,0.0,0.00036407302828212623,0.0,0.06555539085441713,-0.006673315363883561,0.2175635110863539,0.0,0.0,0.0
4147.0,9.583112128574435,5.813436557392307,0.0,0.0,0.00010165093468567467,0.0,0.0,4.098990241822935,-15.0709270738,0.0,0.0,1.714446315569372,0.0,0.0003654214469096925,0.0,0.06555598226858368,-0.0066720273779095896,0.21756602127666264,0.0,0.0,0.0
4148.0,9.583100582880997,5.813538331222658,0.0,0.0,0.00010200837460003655,0.0,0.0,4.099092072943253,-15.0709270738,0.0,0.0,1.7144462582794047,0.0,0.00036670683716384184,0.0,0.06555657561153144,-0.006670737341363156,0.21756854385512328,0.0,0.0,0.0
4149.0,9.583088739172391,5.8136403959624925,0.0,0.0,0.00010234817631684314,0.0,0.0,4.099194252692702,-15.0709270738,0.0,0.0,1.7144461432697904,0.0,0.0003679288348549455,0.0,0.06555717078036548,-0.006669445482493458,0.2175710783930768,0.0,0.0,0.0
4150.0,9.583076598960021,5.813742733825246,0.0,0.0,0.00010267024153891996,0.0,0.0,4.0992967633836885,-15.0709270738,0.0,0.0,1.7144459704415578,0.0,0.00036908708643731763,0.0,0.06555776767164584,-0.006668152030358268,0.21757362445880984,0.0,0.0,0.0
4151.0,9.583064163811954,5.813845326937767,0.0,0.0,0.0001029744749585369,0.0,0.0,4.0993995872318125,-15.0709270738,0.0,0.0,1.7144457397059547,0.0,0.00037018124909543365,0.0,0.0655583661814049,-0.006666857214784341,0.2175761816176261,0.0,0.0,0.0
4152.0,9.58305143535275,5.813948157343359,0.0,0.0,0.00010326078428089602,0.0,0.0,4.099502706358873,-15.0709270738,0.0,0.0,1.7144454509844858,0.0,0.0003712109908284055,0.0,0.06555896620516513,-0.006665561266327627,0.21757874943191796,0.0,0.0,0.0
4153.0,9.583038415263294,5.8140512070048365,0.0,0.0,0.00010352908024712864,0.0,0.0,4.099606102795889,-15.0709270738,0.0,0.0,1.7144451042089477,0.0,0.00037217599053270515,0.0,0.06555956763795676,-0.006664264416233148,0.21758132746123976,0.0,0.0,0.0
4154.0,9.583025105280601,5.814154457807613,0.0,0.0,0.00010377927665679462,0.0,0.0,4.0997097584861475,-15.0709270738,0.0,0.0,1.714444699321466,0.0,0.00037307593808311217,0.0,0.06556017037433563,-0.006662966896394909,0.21758391526238088,0.0,0.0,0.0
4155.0,9.583011507197629,5.814257891562797,0.0,0.0,0.00010401129038987735,0.0,0.0,4.099813655288275,-15.0709270738,0.0,0.0,1.714444236274522,0.0,0.00037391053441186055,0.0,0.06556077430840129,-0.006661668939315274,0.21758651238943966,0.0,0.0,0.0
4156.0,9.582997622863065,5.814361490010315,0.0,0.0,0.00010422504142827322,0.0,0.0,4.099917774979327,-15.0709270738,0.0,0.0,1.7144437150309875,0.0,0.0003746794915859826,0.0,0.06556137933381506,-0.0066603707780645005,0.21758911839389838,0.0,0.0,0.0
4157.0,9.58298345418111,5.814465234822051,0.0,0.0,0.00010442045287676761,0.0,0.0,4.100022099257901,-15.0709270738,0.0,0.0,1.7144431355641503,0.0,0.0003753825328828184,0.0,0.06556198534381823,-0.006659072646239772,0.21759173282469824,0.0,0.0,0.0
4158.0,9.582969003111248,5.81456910760501,0.0,0.0,0.00010459745098349239,0.0,0.0,4.1001266097472655,-15.0709270738,0.0,0.0,1.7144424978577444,0.0,0.00037601939286367546,0.0,0.06556259223125045,-0.006657774777924327,0.21759435522831555,0.0,0.0,0.0
4159.0,9.582954271668019,5.814673089904493,0.0,0.0,0.00010475596515986205,0.0,0.0,4.100231287998522,-15.0709270738,0.0,0.0,1.7144418019059708,0.0,0.00037658981744562674,0.0,0.06556319988856822,-0.006656477407646105,0.21759698514883802,0.0,0.0,0.0
4160.0,9.582939261920751,5.814777163207294,0.0,0.0,0.00010489592799998353,0.0,0.0,4.1003361154937705,-15.0709270738,0.0,0.0,1.7144410477135237,0.0,0.00037709356397142913,0.0,0.06556380820786344,-0.006655180770336555,0.217599622128042,0.0,0.0,0.0
4161.0,9.58292397599332,5.814881308944914,0.0,0.0,0.00010501727529953291,0.0,0.0,4.100441073649305,-15.0709270738,0.0,0.0,1.7144402352956085,0.0,0.0003775304012775392,0.0,0.06556441708088201,-0.006653885101289045,0.21760226570547003,0.0,0.0,0.0
4162.0,9.582908416063862,5.81498550849679,0.0,0.0,0.00010511994607409673,0.0,0.0,4.100546143818825,-15.0709270738,0.0,0.0,1.7144393646779648,0.0,0.00037790010976021613,0.0,0.06556502639904277,-0.006652590636117228,0.21760491541850935,0.0,0.0,0.0
4163.0,9.582892584364512,5.81508974319354,0.0,0.0,0.00010520388257696952,0.0,0.0,4.10065130729666,-15.0709270738,0.0,0.0,1.7144384358968798,0.0,0.00037820248143968354,0.0,0.06556563605345617,-0.006651297610713203,0.21760757080247045,0.0,0.0,0.0
4164.0,9.582876483181094,5.8151939943202295,0.0,0.0,0.0001052690303164137,0.0,0.0,4.100756545321022,-15.0709270738,0.0,0.0,1.7144374489992078,0.0,0.00037843732002237055,0.0,0.06556624593494341,-0.006650006261205599,0.21761023139066643,0.0,0.0,0.0
4165.0,9.582860114852839,5.815298243119644,0.0,0.0,0.00010531533807236103,0.0,0.0,4.100861839077262,-15.0709270738,0.0,0.0,1.7144364040423818,0.0,0.00037860444096115805,0.0,0.06556685593405544,-0.0066487168239174055,0.21761289671449308,0.0,0.0,0.0
4166.0,9.582843481772057,5.815402470795581,0.0,0.0,0.00010534275791256768,0.0,0.0,4.100967169701158,-15.0709270738,0.0,0.0,1.714435301094423,0.0,0.0003787036715136739,0.0,0.06556746594109207,-0.006647429535323893,0.2176155663035091,0.0,0.0,0.0
4167.0,9.58282658638383,5.815506658516159,0.0,0.0,0.00010535124520820693,0.0,0.0,4.101072518282202,-15.0709270738,0.0,0.0,1.7144341402339567,0.0,0.00037873485079857833,0.0,0.06556807584612127,-0.006646144632010242,0.2176182396855168,0.0,0.0,0.0
4168.0,9.582809431185668,5.815610787417133,0.0,0.0,0.00010534075864890177,0.0,0.0,4.1011778658669185,-15.0709270738,0.0,0.0,1.7144329215502143,0.0,0.0003786978298498478,0.0,0.0655686855389985,-0.006644862350629041,0.21762091638664396,0.0,0.0,0.0
4169.0,9.582792018727178,5.815714838605228,0.0,0.0,0.00010531126025719425,0.0,0.0,4.101283193462185,-15.0709270738,0.0,0.0,1.7144316451430424,0.0,0.0003785924716690474,0.0,0.065569294909386,-0.006643582927857883,0.21762359593142527,0.0,0.0,0.0
4170.0,9.582774351609705,5.815818793161482,0.0,0.0,0.00010526271540243996,0.0,0.0,4.101388482038574,-15.0709270738,0.0,0.0,1.714430311122908,0.0,0.0003784186512755478,0.0,0.06556990384677239,-0.006642306600356543,0.21762627784288469,0.0,0.0,0.0
4171.0,9.582756432485974,5.815922632144606,0.0,0.0,0.00010519509281413553,0.0,0.0,4.101493712533708,-15.0709270738,0.0,0.0,1.7144289196108975,0.0,0.0003781762557547164,0.0,0.06557051224049217,-0.006641033604724497,0.21762896164261838,0.0,0.0,0.0
4172.0,9.582738264059714,5.816026336594342,0.0,0.0,0.00010510836459466328,0.0,0.0,4.101598865855622,-15.0709270738,0.0,0.0,1.7144274707387197,0.0,0.00037786518430402437,0.0,0.06557111997974531,-0.006639764177457971,0.21763164685087777,0.0,0.0,0.0
4173.0,9.58271984908528,5.816129887534848,0.0,0.0,0.0001050025062314596,0.0,0.0,4.101703922886146,-15.0709270738,0.0,0.0,1.7144259646487026,0.0,0.00037748534827709455,0.0,0.06557172695361695,-0.0066384985549070435,0.21763433298665294,0.0,0.0,0.0
4174.0,9.58270119036726,5.816233265978087,0.0,0.0,0.00010487749660859856,0.0,0.0,4.101808864484294,-15.0709270738,0.0,0.0,1.714424401493793,0.0,0.0003770366712256578,0.0,0.06557233305109716,-0.006637236973232832,0.21763701956775702,0.0,0.0,0.0
4175.0,9.582682290760074,5.8163364529272155,0.0,0.0,0.00010473331801778774,0.0,0.0,4.101913671489669,-15.0709270738,0.0,0.0,1.7144227814375466,0.0,0.0003765190889394086,0.0,0.06557293816110074,-0.006635979668364447,0.21763970611091044,0.0,0.0,0.0
4176.0,9.58266315316756,5.816439429379996,0.0,0.0,0.00010456995616877237,0.0,0.0,4.102018324725872,-15.0709270738,0.0,0.0,1.7144211046541242,0.0,0.0003759325494837434,0.0,0.06557354217248704,-0.006634726875955926,0.21764239213182535,0.0,0.0,0.0
4177.0,9.582643780542556,5.816542176332209,0.0,0.0,0.00010438740019914843,0.0,0.0,4.102122805003928,-15.0709270738,0.0,0.0,1.7144193713282814,0.0,0.00037527701323538656,0.0,0.06557414497407991,-0.006633478831343159,0.2176450771452914,0.0,0.0,0.0
4178.0,9.582624175886464,5.816644674781073,0.0,0.0,0.00010418564268357858,0.0,0.0,4.102227093125717,-15.0709270738,0.0,0.0,1.714417581655356,0.0,0.0003745524529158794,0.0,0.06557474645468767,-0.0066322357695008105,0.2176477606652606,0.0,0.0,0.0
4179.0,9.582604342248812,5.816746905728674,0.0,0.0,0.00010396467964240512,0.0,0.0,4.102331169887415,-15.0709270738,0.0,0.0,1.7144157358412588,0.0,0.0003737588536229122,0.0,0.06557534650312305,-0.006630997924999174,0.21765044220493354,0.0,0.0,0.0
4180.0,9.582584282726806,5.816848850185399,0.0,0.0,0.00010372451054966465,0.0,0.0,4.1024350160829455,-15.0709270738,0.0,0.0,1.7144138341024533,0.0,0.000372896212859516,0.0,0.06557594500822331,-0.006629765531960902,0.2176531212768451,0.0,0.0,0.0
4181.0,9.582564000464867,5.81695048917338,0.0,0.0,0.00010346513834049436,0.0,0.0,4.102538612507437,-15.0709270738,0.0,0.0,1.7144118766659435,0.0,0.00037196454056107704,0.0,0.0655765418588703,-0.006628538824018024,0.21765579739295143,0.0,0.0,0.0
4182.0,9.582543498654163,5.817051803729935,0.0,0.0,0.00010318656941793301,0.0,0.0,4.102641939960684,-15.0709270738,0.0,0.0,1.7144098637692515,0.0,0.0003709638591201855,0.0,0.06557713694401049,-0.0066273180342685395,0.217658470064716,0.0,0.0,0.0
4183.0,9.582522780532127,5.817152774911022,0.0,0.0,0.00010288881365911023,0.0,0.0,4.102744979250622,-15.0709270738,0.0,0.0,1.7144077956603994,0.0,0.0003698942034092944,0.0,0.0655777301526753,-0.006626103395233562,0.21766113880319723,0.0,0.0,0.0
4184.0,9.582501849381973,5.8172533837946885,0.0,0.0,0.00010257188442082048,0.0,0.0,4.102847711196803,-15.0709270738,0.0,0.0,1.7144056725978851,0.0,0.0003687556208011759,0.0,0.0655783213740011,-0.006624895138813758,0.21766380311913516,0.0,0.0,0.0
4185.0,9.582480708532199,5.817353611484535,0.0,0.0,0.00010223579854448593,0.0,0.0,4.102950116633878,-15.0709270738,0.0,0.0,1.7144034948506564,0.0,0.0003675481711871903,0.0,0.06557891049724951,-0.0066236934962465716,0.21766646252303928,0.0,0.0,0.0
4186.0,9.582459361356072,5.81745343911317,0.0,0.0,0.00010188057636049871,0.0,0.0,4.103052176415084,-15.0709270738,0.0,0.0,1.714401262698086,0.0,0.00036627192699333186,0.0,0.0655794974118276,-0.0066224986980629175,0.21766911652527626,0.0,0.0,0.0
4187.0,9.582437811271127,5.817552847845676,0.0,0.0,0.0001015062416919461,0.0,0.0,4.103153871415732,-15.0709270738,0.0,0.0,1.714398976429944,0.0,0.00036492697319406603,0.0,0.06558008200730808,-0.00662131097404417,0.2176717646361575,0.0,0.0,0.0
4188.0,9.582416061738625,5.817651818883071,0.0,0.0,0.00010111282185771139,0.0,0.0,4.103255182536707,-15.0709270738,0.0,0.0,1.7143966363463639,0.0,0.00036351340732392956,0.0,0.06558066417344967,-0.0066201305531791155,0.21767440636602758,0.0,0.0,0.0
4189.0,9.582394116263034,5.817750333465773,0.0,0.0,0.00010070034767495048,0.0,0.0,4.10335609070796,-15.0709270738,0.0,0.0,1.7143942427578134,0.0,0.00036203133948689467,0.0,0.06558124380021718,-0.0066189576636209585,0.21767704122535253,0.0,0.0,0.0
4190.0,9.582371978391475,5.817848372877068,0.0,0.0,0.00010026885346094877,0.0,0.0,4.103456576892008,-15.0709270738,0.0,0.0,1.7143917959850592,0.0,0.00036048089236351353,0.0,0.06558182077780195,-0.006617792532644454,0.21767966872480807,0.0,0.0,0.0
4191.0,9.582349651713178,5.817945918446568,0.0,0.0,9.981837703434373e-05,0.0,0.0,4.103556622087439,-15.0709270738,0.0,0.0,1.714389296359129,0.0,0.00035886220121578914,0.0,0.06558239499664198,-0.006616635386603023,0.21768228837536843,0.0,0.0,0.0
4192.0,9.58232713985892,5.818042951553682,0.0,0.0,9.93489597157245e-05,0.0,0.0,4.103656207332407,-15.0709270738,0.0,0.0,1.714386744221275,0.0,0.0003571754138898142,0.0,0.06558296634744232,-0.0066154864508859434,0.21768489968839502,0.0,0.0,0.0
4193.0,9.582304446500451,5.8181394536310735,0.0,0.0,9.88606463275969e-05,0.0,0.0,4.103755313708142,-15.0709270738,0.0,0.0,1.7143841399229318,0.0,0.0003554206908161351,0.0,0.06558353472119521,-0.006614345949875783,0.21768750217572524,0.0,0.0,0.0
4194.0,9.582281575349924,5.81823540616812,0.0,0.0,9.835348519371928e-05,0.0,0.0,4.103853922342442,-15.0709270738,0.0,0.0,1.7143814838256777,0.0,0.0003535982050078608,0.0,0.06558410000920044,-0.006613214106905629,0.21769009534976141,0.0,0.0,0.0
4195.0,9.582258530159303,5.818330790714372,0.0,0.0,9.782752813780631e-05,0.0,0.0,4.103952014413183,-15.0709270738,0.0,0.0,1.7143787763011886,0.0,0.0003517081420565053,0.0,0.06558466210308549,-0.006612091144216667,0.21769267872356007,0.0,0.0,0.0
4196.0,9.582235314719771,5.818425588883002,0.0,0.0,9.728283048159632e-05,0.0,0.0,4.104049571151812,-15.0709270738,0.0,0.0,1.7143760177311904,0.0,0.00034975070012554827,0.0,0.06558522089482582,-0.006610977282915889,0.2176952518109207,0.0,0.0,0.0
4197.0,9.58221193286113,5.818519782354259,0.0,0.0,9.671945104228704e-05,0.0,0.0,4.104146573846847,-15.0709270738,0.0,0.0,1.7143732085074124,0.0,0.00034772608994173014,0.0,0.06558577627676507,-0.006609872742933565,0.21769781412647524,0.0,0.0,0.0
4198.0,9.582188388451183,5.818613352878907,0.0,0.0,9.613745212932979e-05,0.0,0.0,4.104243003847367,-15.0709270738,0.0,0.0,1.7143703490315394,0.0,0.0003456345347840459,0.0,0.06558632814163518,-0.006608777742981367,0.21770036518577698,0.0,0.0,0.0
4199.0,9.582164685395123,5.818706282281667,0.0,0.0,9.553689954059335e-05,0.0,0.0,4.104338842566508,-15.0709270738,0.0,0.0,1.7143674397151587,0.0,0.0003434762704704784,0.0,0.06558687638257663,-0.006607692500510132,0.21770290450539015,0.0,0.0,0.0
4200.0,9.582140827634896,5.818798552464651,0.0,0.0,9.491786255788723e-05,0.0,0.0,4.104434071484945,-15.0709270738,0.0,0.0,1.7143644809797056,0.0,0.00034125154534243163,0.0,0.06558742089315851,-0.0066066172316681104,0.21770543160297895,0.0,0.0,0.0
4201.0,9.58211681914858,5.8188901454107835,0.0,0.0,9.428041394184655e-05,0.0,0.0,4.104528672154375,-15.0709270738,0.0,0.0,1.7143614732564085,0.0,0.0003389606202468748,0.0,0.06558796156739859,-0.006605552151259089,0.21770794599739673,0.0,0.0,0.0
4202.0,9.582092663949727,5.818981043187224,0.0,0.0,9.362462992617962e-05,0.0,0.0,4.104622626200991,-15.0709270738,0.0,0.0,1.7143584169862338,0.0,0.0003366037685161975,0.0,0.06558849829978342,-0.006604497472700949,0.21771044720877533,0.0,0.0,0.0
4203.0,9.582068366086721,5.819071227948777,0.0,0.0,9.295059021127612e-05,0.0,0.0,4.104715915328955,-15.0709270738,0.0,0.0,1.7143553126198219,0.0,0.0003341812759457702,0.0,0.06558903098528826,-0.006603453407984128,0.2177129347586141,0.0,0.0,0.0
4204.0,9.582043929642122,5.819160681941292,0.0,0.0,9.225837795717575e-05,0.0,0.0,4.104808521323862,-15.0709270738,0.0,0.0,1.7143521606174303,0.0,0.00033169344076920866,0.0,0.06558955951939717,-0.006602420167630435,0.21771540816986926,0.0,0.0,0.0
4205.0,9.582019358731992,5.819249387505059,0.0,0.0,9.154807977589974e-05,0.0,0.0,4.104900426056189,-15.0709270738,0.0,0.0,1.71434896144887,0.0,0.0003291405736313498,0.0,0.0655900837981228,-0.00660139796065197,0.21771786696704262,0.0,0.0,0.0
4206.0,9.581994657505229,5.81933732707819,0.0,0.0,9.081978572313984e-05,0.0,0.0,4.104991611484752,-15.0709270738,0.0,0.0,1.7143457155934385,0.0,0.00032652299755892033,0.0,0.06559060371802625,-0.006600386994510168,0.21772031067627065,0.0,0.0,0.0
4207.0,9.581969830142882,5.8194244831999935,0.0,0.0,9.007358928931082e-05,0.0,0.0,4.105082059660138,-15.0709270738,0.0,0.0,1.7143424235398559,0.0,0.0003238410479289191,0.0,0.065591119176237,-0.006599387475075116,0.21772273882541351,0.0,0.0,0.0
4208.0,9.581944880857465,5.819510838514332,0.0,0.0,8.930958738996412e-05,0.0,0.0,4.105171752728138,-15.0709270738,0.0,0.0,1.714339085786194,0.0,0.0003210950724347035,0.0,0.06559163007047249,-0.0065983996065852035,0.21772515094414335,0.0,0.0,0.0
4209.0,9.581919813892263,5.819596375772977,0.0,0.0,8.852788035556028e-05,0.0,0.0,4.105260672933168,-15.0709270738,0.0,0.0,1.7143357028398087,0.0,0.0003182854310497722,0.0,0.0655921362990579,-0.006597423591606616,0.21772754656403331,0.0,0.0,0.0
4210.0,9.58189463352063,5.819681077838943,0.0,0.0,8.772857192060672e-05,0.0,0.0,4.105348802621678,-15.0709270738,0.0,0.0,1.7143322752172656,0.0,0.0003154124959892667,0.0,0.06559263776094573,-0.0065964596309933815,0.2177299252186457,0.0,0.0,0.0
4211.0,9.58186934404528,5.819764927689814,0.0,0.0,8.691176921215522e-05,0.0,0.0,4.105436124245547,-15.0709270738,0.0,0.0,1.7143288034442667,0.0,0.00031247665166917127,0.0,0.06559313435573536,-0.006595507923847471,0.21773228644362025,0.0,0.0,0.0
4212.0,9.581843949797571,5.819847908421051,0.0,0.0,8.607758273766495e-05,0.0,0.0,4.105522620365476,-15.0709270738,0.0,0.0,1.7143252880555746,0.0,0.0003094782946632318,0.0,0.06559362598369244,-0.006594568667479289,0.21773462977676236,0.0,0.0,0.0
4213.0,9.581818455136784,5.81993000324929,0.0,0.0,8.522612637222699e-05,0.0,0.0,4.105608273654355,-15.0709270738,0.0,0.0,1.7143217295949347,0.0,0.00030641783365757864,0.0,0.06559411254576837,-0.0065936420573681764,0.21773695475813065,0.0,0.0,0.0
4214.0,9.581792864449394,5.820011195515627,0.0,0.0,8.435751734515479e-05,0.0,0.0,4.1056930669006295,-15.0709270738,0.0,0.0,1.7143181286149973,0.0,0.0003032956894030686,0.0,0.06559459394361955,-0.006592728287123359,0.2177392609301249,0.0,0.0,0.0
4215.0,9.581767182148335,5.820091468688879,0.0,0.0,8.347187622594216e-05,0.0,0.0,4.105776983011644,-15.0709270738,0.0,0.0,1.7143144856772352,0.0,0.0003001122946653527,0.0,0.06559507007962659,-0.00659182754844502,0.21774154783757332,0.0,0.0,0.0
4216.0,9.581741412672258,5.820170806368839,0.0,0.0,8.256932690958638e-05,0.0,0.0,4.105860005016979,-15.0709270738,0.0,0.0,1.7143108013518606,0.0,0.00029686809417265865,0.0,0.06559554085691346,-0.0065909400310857486,0.21774381502781964,0.0,0.0,0.0
4217.0,9.581715560484787,5.820249192289505,0.0,0.0,8.164999660127892e-05,0.0,0.0,4.105942116071763,-15.0709270738,0.0,0.0,1.7143070762177421,0.0,0.0002935635445612981,0.0,0.0655960061793665,-0.006590065922812097,0.21774606205081015,0.0,0.0,0.0
4218.0,9.581689630073761,5.820326610322296,0.0,0.0,8.071401580046734e-05,0.0,0.0,4.106023299459981,-15.0709270738,0.0,0.0,1.7143033108623156,0.0,0.00029019911431891104,0.0,0.06559646595165342,-0.006589205409366708,0.21774828845918026,0.0,0.0,0.0
4219.0,9.581663625950478,5.820403044479255,0.0,0.0,7.976151828429069e-05,0.0,0.0,4.106103538597756,-15.0709270738,0.0,0.0,1.714299505881499,0.0,0.0002867752837254544,0.0,0.06559692007924195,-0.006588358674430292,0.21775049380834055,0.0,0.0,0.0
4220.0,9.581637552648928,5.820478478916222,0.0,0.0,7.8792641090382e-05,0.0,0.0,4.106182817036621,-15.0709270738,0.0,0.0,1.7142956618796008,0.0,0.0002832925447919117,0.0,0.06559736846841885,-0.006587525899584376,0.2177526776565631,0.0,0.0,0.0
4221.0,9.581611414725025,5.8205528979359995,0.0,0.0,7.780752449905069e-05,0.0,0.0,4.106261118466769,-15.0709270738,0.0,0.0,1.7142917794692307,0.0,0.00027975140119677053,0.0,0.0655978110263083,-0.006586707264273892,0.217754839565067,0.0,0.0,0.0
4222.0,9.581585216755826,5.820626285991489,0.0,0.0,7.680631201483791e-05,0.0,0.0,4.106338426720286,-15.0709270738,0.0,0.0,1.7142878592712032,0.0,0.00027615236822024037,0.0,0.06559824766089051,-0.006585902945770564,0.2177569790981036,0.0,0.0,0.0
4223.0,9.581558963338754,5.820698627688813,0.0,0.0,7.57891503474542e-05,0.0,0.0,4.106414725774369,-15.0709270738,0.0,0.0,1.7142839019144445,0.0,0.00027249597267624606,0.0,0.06559867828102009,-0.006585113119136052,0.21775909582304143,0.0,0.0,0.0
4224.0,9.581532659090808,5.820769907790413,0.0,0.0,7.475618939209261e-05,0.0,0.0,4.106489999754516,-15.0709270738,0.0,0.0,1.7142799080358966,0.0,0.0002687827528421706,0.0,0.06559910279644438,-0.006584337957185937,0.2177611893104509,0.0,0.0,0.0
4225.0,9.581506308647773,5.820840111218126,0.0,0.0,7.370758220912813e-05,0.0,0.0,4.106564232937709,-15.0709270738,0.0,0.0,1.714275878280417,0.0,0.0002650132583863865,0.0,0.06559952111782151,-0.00658357763045371,0.21776325913418831,0.0,0.0,0.0
4226.0,9.58147991666342,5.820909223056242,0.0,0.0,7.264348500320259e-05,0.0,0.0,4.106637409755559,-15.0709270738,0.0,0.0,1.714271813300683,0.0,0.00026118805029357137,0.0,0.06559993315673848,-0.0065828323071552425,0.2177653048714796,0.0,0.0,0.0
4227.0,9.581453487808709,5.8209772285545345,0.0,0.0,7.156405710169362e-05,0.0,0.0,4.1067095147974495,-15.0709270738,0.0,0.0,1.714267713757085,0.0,0.00025730770078780416,0.0,0.0656003388257291,-0.006582102153153455,0.21776732610300373,0.0,0.0,0.0
4228.0,9.581427026770974,5.8210441131312685,0.0,0.0,7.046946093257792e-05,0.0,0.0,4.10678053281364,-15.0709270738,0.0,0.0,1.7142635803176285,0.0,0.000253372793253476,0.0,0.06560073803829174,-0.006581387331923538,0.21776932241297547,0.0,0.0,0.0
4229.0,9.581400538253124,5.821109862376185,0.0,0.0,6.935986200168318e-05,0.0,0.0,4.106850448718361,-15.0709270738,0.0,0.0,1.7142594136578246,0.0,0.00024938392215399736,0.0,0.06560113070890683,-0.006580688004518456,0.21777129338922796,0.0,0.0,0.0
4230.0,9.581374026972814,5.821174462053466,0.0,0.0,6.823542886933939e-05,0.0,0.0,4.106919247592876,-15.0709270738,0.0,0.0,1.7142552144605894,0.0,0.0002453416929483377,0.0,0.06560151675305456,-0.006580004329534636,0.2177732386232944,0.0,0.0,0.0
4231.0,9.581347497661632,5.82123789810466,0.0,0.0,6.709633312642542e-05,0.0,0.0,4.106986914688529,-15.0709270738,0.0,0.0,1.7142509834161306,0.0,0.00024124672200538387,0.0,0.06560189608723208,-0.006579336463078317,0.21777515771048955,0.0,0.0,0.0
4232.0,9.581320955064276,5.821300156651601,0.0,0.0,6.594274936981976e-05,0.0,0.0,4.1070534354297585,-15.0709270738,0.0,0.0,1.7142467212218424,0.0,0.0002370996365161479,0.0,0.06560226862897078,-0.006578684558732076,0.21777705024999092,0.0,0.0,0.0
4233.0,9.58129440393772,5.8213612239992845,0.0,0.0,6.477485517725217e-05,0.0,0.0,4.107118795417091,-15.0709270738,0.0,0.0,1.7142424285821933,0.0,0.00023290107440381317,0.0,0.06560263429685328,-0.006578048767521855,0.2177789158449187,0.0,0.0,0.0
4234.0,9.581267849050388,5.8214210866387255,0.0,0.0,6.359283108156824e-05,0.0,0.0,4.107182980430113,-15.0709270738,0.0,0.0,1.7142381062086125,0.0,0.00022865168423166006,0.0,0.06560299301053041,-0.006577429237884264,0.2177807541024161,0.0,0.0,0.0
4235.0,9.58124129518131,5.821479731249787,0.0,0.0,6.239686054440057e-05,0.0,0.0,4.107245976430408,-15.0709270738,0.0,0.0,1.7142337548193787,0.0,0.00022435212510885026,0.0,0.06560334469073784,-0.006576826115634399,0.21778256463372814,0.0,0.0,0.0
4236.0,9.581214747119294,5.82153714470398,0.0,0.0,6.118712992925755e-05,0.0,0.0,4.1073077695644775,-15.0709270738,0.0,0.0,1.7142293751395021,0.0,0.00022000306659410664,0.0,0.06560368925931273,-0.006576239543933993,0.21778434705428107,0.0,0.0,0.0
4237.0,9.58118820966207,5.821593314067234,0.0,0.0,5.9963828474029094e-05,0.0,0.0,4.107368346166623,-15.0709270738,0.0,0.0,1.714224967900611,0.0,0.000215605188597288,0.0,0.06560402663921018,-0.006575669663259967,0.21778610098375983,0.0,0.0,0.0
4238.0,9.581161687615452,5.8216482266026395,0.0,0.0,5.8727148262914744e-05,0.0,0.0,4.107427692761809,-15.0709270738,0.0,0.0,1.7142205338408303,0.0,0.00021115918127887604,0.0,0.06560435675451942,-0.006575116611373555,0.2177878260461859,0.0,0.0,0.0
4239.0,9.581135185792487,5.821701869773163,0.0,0.0,5.747728419777878e-05,0.0,0.0,4.1074857960685,-15.0709270738,0.0,0.0,1.7142160737046632,0.0,0.0002066657449473926,0.0,0.06560467953047988,-0.006574580523289575,0.21778952186999428,0.0,0.0,0.0
4240.0,9.581108709012598,5.821754231244325,0.0,0.0,5.621443396893296e-05,0.0,0.0,4.107542643001453,-15.0709270738,0.0,0.0,1.714211588242872,0.0,0.0002021255899547475,0.0,0.06560499489349719,-0.006574061531246414,0.2177911880881097,0.0,0.0,0.0
4241.0,9.581082262100736,5.821805298886856,0.0,0.0,5.4938798025353794e-05,0.0,0.0,4.107598220674503,-15.0709270738,0.0,0.0,1.714207078212353,0.0,0.00019753943658954245,0.0,0.06560530277115878,-0.0065735597646762595,0.21779282433802233,0.0,0.0,0.0
4242.0,9.581055849886514,5.821855060779311,0.0,0.0,5.365057954434062e-05,0.0,0.0,4.107652516403295,-15.0709270738,0.0,0.0,1.7142025443760156,0.0,0.0001929080149683531,0.0,0.06560560309224955,-0.006573075350175844,0.2177944302618626,0.0,0.0,0.0
4243.0,9.58102947720335,5.821903505210661,0.0,0.0,5.234998440061132e-05,0.0,0.0,4.107705517708007,-15.0709270738,0.0,0.0,1.7141979875026534,0.0,0.00018823206492497708,0.0,0.06560589578676715,-0.006572608411477679,0.21779600550647565,0.0,0.0,0.0
4244.0,9.581003148887602,5.821950620682847,0.0,0.0,5.1037221134848266e-05,0.0,0.0,4.107757212316026,-15.0709270738,0.0,0.0,1.7141934083668202,0.0,0.00018351233589769373,0.0,0.06560618078593725,-0.006572159069421671,0.2177975497234951,0.0,0.0,0.0
4245.0,9.580976869777704,5.821996395913304,0.0,0.0,4.971250092169298e-05,0.0,0.0,4.107807588164599,-15.0709270738,0.0,0.0,1.7141888077487053,0.0,0.00017874958681452895,0.0,0.06560645802222842,-0.006571727441927314,0.21779906256941556,0.0,0.0,0.0
4246.0,9.580950644713297,5.822040819837449,0.0,0.0,4.837603753719909e-05,0.0,0.0,4.1078566334034505,-15.0709270738,0.0,0.0,1.7141841864339984,0.0,0.00017394458597655985,0.0,0.06560672742936705,-0.00657131364396607,0.21780054370566515,0.0,0.0,0.0
4247.0,9.580924478534364,5.822083881611133,0.0,0.0,4.702804732574418e-05,0.0,0.0,4.107904336397369,-15.0709270738,0.0,0.0,1.7141795452137636,0.0,0.0001690981109392612,0.0,0.06560698894235181,-0.0065709177875347136,0.21780199279867674,0.0,0.0,0.0
4248.0,9.580898376080349,5.822125570613064,0.0,0.0,4.566874916640687e-05,0.0,0.0,4.107950685728758,-15.0709270738,0.0,0.0,1.7141748848843061,0.0,0.00016421094839191546,0.0,0.06560724249746826,-0.006570539981628612,0.21780340951995886,0.0,0.0,0.0
4249.0,9.580872342189288,5.822165876447195,0.0,0.0,4.429836443881589e-05,0.0,0.0,4.107995670200152,-15.0709270738,0.0,0.0,1.7141702062470427,0.0,0.00015928389403511135,0.0,0.06560748803230285,-0.006570180332215916,0.21780479354616547,0.0,0.0,0.0
4250.0,9.58084638169694,5.822204788945065,0.0,0.0,4.291711698847148e-05,0.0,0.0,4.108039278836701,-15.0709270738,0.0,0.0,1.714165510108364,0.0,0.00015431775245633095,0.0,0.06560772548575701,-0.006569838942212011,0.2178061445591651,0.0,0.0,0.0
4251.0,9.580820499435902,5.82224229816812,0.0,0.0,4.15252330915506e-05,0.0,0.0,4.10808150088862,-15.0709270738,0.0,0.0,1.7141607972794999,0.0,0.00014931333700366744,0.0,0.065607954798061,-0.006569515911454535,0.21780746224610953,0.0,0.0,0.0
4252.0,9.580794700234735,5.822278394409985,0.0,0.0,4.012294141919465e-05,0.0,0.0,4.108122325833599,-15.0709270738,0.0,0.0,1.7141560685763864,0.0,0.00014427146965766735,0.0,0.06560817591078735,-0.006569211336678912,0.21780874629950073,0.0,0.0,0.0
4253.0,9.580768988917088,5.822313068198708,0.0,0.0,3.8710473001290954e-05,0.0,0.0,4.108161743379184,-15.0709270738,0.0,0.0,1.7141513248195244,0.0,0.00013919298090133862,0.0,0.06560838876686434,-0.006568925311494375,0.21780999641725818,0.0,0.0,0.0
4254.0,9.580743370300814,5.822346310298958,0.0,0.0,3.728806118974992e-05,0.0,0.0,4.108199743465112,-15.0709270738,0.0,0.0,1.714146566833846,0.0,0.0001340787095883304,0.0,0.06560859331058916,-0.00656865792636048,0.21781121230278455,0.0,0.0,0.0
4255.0,9.580717849197095,5.822378111714189,0.0,0.0,3.585594162128221e-05,0.0,0.0,4.108236316265619,-15.0709270738,0.0,0.0,1.7141417954485698,0.0,0.0001289295028093005,0.0,0.06560878948764072,-0.006568409268564238,0.21781239366503066,0.0,0.0,0.0
4256.0,9.580692430409554,5.8224084636887685,0.0,0.0,3.441435217968825e-05,0.0,0.0,4.108271452191705,-15.0709270738,0.0,0.0,1.7141370114970638,0.0,0.0001237462157565139,0.0,0.0656089772450925,-0.0065681794221976175,0.2178135402185598,0.0,0.0,0.0
4257.0,9.580667118733382,5.822437357710063,0.0,0.0,3.2963532957655516e-05,0.0,0.0,4.108305141893361,-15.0709270738,0.0,0.0,1.7141322158167025,0.0,0.00011852971158665665,0.0,0.06560915653142498,-0.006567968468135746,0.21781465168361097,0.0,0.0,0.0
4258.0,9.58064191895445,5.8224647855104825,0.0,0.0,3.150372621808032e-05,0.0,0.0,4.108337376261757,-15.0709270738,0.0,0.0,1.714127409248725,0.0,0.00011328086128192421,0.0,0.06560932729653786,-0.006567776484015492,0.21781572778616132,0.0,0.0,0.0
4259.0,9.580616835848433,5.822490739069489,0.0,0.0,3.0035176354912193e-05,0.0,0.0,4.108368146431399,-15.0709270738,0.0,0.0,1.7141225926380903,0.0,0.0001080005435093777,0.0,0.06560948949176217,-0.006567603544214665,0.21781676825798763,0.0,0.0,0.0
4260.0,9.580591874179923,5.822515210615566,0.0,0.0,2.8558129853531522e-05,0.0,0.0,4.1083974437822315,-15.0709270738,0.0,0.0,1.7141177668333345,0.0,0.00010268964447860632,0.0,0.06560964306987198,-0.006567449719831878,0.2178177728367271,0.0,0.0,0.0
4261.0,9.58056703870155,5.822538192628138,0.0,0.0,2.7072835250661696e-05,0.0,0.0,4.108425259941717,-15.0709270738,0.0,0.0,1.7141129326864215,0.0,9.734905779769987e-05,0.0,0.06560978798509601,-0.006567315078666633,0.21781874126593667,0.0,0.0,0.0
4262.0,9.580542334153105,5.822559677839463,0.0,0.0,2.557954309382905e-05,0.0,0.0,4.10845158678686,-15.0709270738,0.0,0.0,1.7141080910526032,0.0,9.197968432757915e-05,0.0,0.065609924193129,-0.006567199685200267,0.21781967329515212,0.0,0.0,0.0
4263.0,9.58051776526065,5.822579659236468,0.0,0.0,2.4078505900371e-05,0.0,0.0,4.108476416446203,-15.0709270738,0.0,0.0,1.714103242790265,0.0,8.658243203468589e-05,0.0,0.06561005165114264,-0.00656710360057744,0.21782056867994554,0.0,0.0,0.0
4264.0,9.580493336735646,5.822598130062556,0.0,0.0,2.25699781160008e-05,0.0,0.0,4.108499741301776,-15.0709270738,0.0,0.0,1.7140983887607808,0.0,8.115821584206191e-05,0.0,0.06561017031779659,-0.0065670268825879785,0.2178214271819825,0.0,0.0,0.0
4265.0,9.580469053274074,5.822615083819361,0.0,0.0,2.1054216072936035e-05,0.0,0.0,4.108521553990996,-15.0709270738,0.0,0.0,1.7140935298283653,0.0,7.570795747884317e-05,0.0,0.06561028015324893,-0.006566969585649382,0.2178222485690774,0.0,0.0,0.0
4266.0,9.580444919555552,5.822630514268464,0.0,0.0,1.953147794759719e-05,0.0,0.0,4.108541847408541,-15.0709270738,0.0,0.0,1.7140886668599222,0.0,7.023258532819142e-05,0.0,0.06561038111916659,-0.006566931760790068,0.21782303261524893,0.0,0.0,0.0
4267.0,9.58042094024246,5.822644415433064,0.0,0.0,1.800202371788384e-05,0.0,0.0,4.10856061470817,-15.0709270738,0.0,0.0,1.714083800724894,0.0,6.473303427369061e-05,0.0,0.06561047317873542,-0.0065669134556329695,0.21782377910077327,0.0,0.0,0.0
4268.0,9.58039711997907,5.822656781599613,0.0,0.0,1.6466115120031212e-05,0.0,0.0,4.108577849304502,-15.0709270738,0.0,0.0,1.714078932295111,0.0,5.9210245544217545e-05,0.0,0.06561055629667,-0.006566914714379785,0.2178244878122374,0.0,0.0,0.0
4269.0,9.580373463390663,5.82266760731939,0.0,0.0,1.4924015605062342e-05,0.0,0.0,4.108593544874752,-15.0709270738,0.0,0.0,1.714074062444638,0.0,5.366516655734183e-05,0.0,0.06561063043922329,-0.006566935577795946,0.2178251585425906,0.0,0.0,0.0
4270.0,9.58034997508266,5.82267688741005,0.0,0.0,1.3375990294832367e-05,0.0,0.0,4.108607695360429,-15.0709270738,0.0,0.0,1.714069192049621,0.0,4.809875076124234e-05,0.0,0.06561069557419591,-0.006566976083195855,0.21782579109119543,0.0,0.0,0.0
4271.0,9.580326659639757,5.822684616957113,0.0,0.0,1.182230593768e-05,0.0,0.0,4.108620294968976,-15.0709270738,0.0,0.0,1.714064321988137,0.0,4.2511957475194345e-05,0.0,0.06561075167094518,-0.00656703626442913,0.21782638526387738,0.0,0.0,0.0
4272.0,9.580303521625048,5.822690791315417,0.0,0.0,1.0263230863693422e-05,0.0,0.0,4.108631338175381,-15.0709270738,0.0,0.0,1.7140594531400364,0.0,3.690575172865346e-05,0.0,0.06561079870039409,-0.006567116151867114,0.21782694087297327,0.0,0.0,0.0
4273.0,9.58028056557916,5.822695406110524,0.0,0.0,8.69903493958921e-06,0.0,0.0,4.108640819723736,-15.0709270738,0.0,0.0,1.714054586386788,0.0,3.128110409893111e-05,0.0,0.06561083663503958,-0.0065672157723901115,0.21782745773737938,0.0,0.0,0.0
4274.0,9.580257796019396,5.822698457240074,0.0,0.0,7.129989523222422e-06,0.0,0.0,4.108648734628747,-15.0709270738,0.0,0.0,1.7140497226113274,0.0,2.563899054752693e-05,0.0,0.06561086544896108,-0.006567335149375256,0.21782793568259728,0.0,0.0,0.0
4275.0,9.580235217438862,5.822699940875099,0.0,0.0,5.556367417729899e-06,0.0,0.0,4.108655078177204,-15.0709270738,0.0,0.0,1.7140448626978948,0.0,1.9980392255125403e-05,0.0,0.06561088511782831,-0.006567474302684936,0.2178283745407798,0.0,0.0,0.0
4276.0,9.580212834305616,5.822699853461289,0.0,0.0,3.978442825313907e-06,0.0,0.0,4.108659845929405,-15.0709270738,0.0,0.0,1.7140400075318842,0.0,1.4306295455282352e-05,0.0,0.06561089561890922,-0.006567633248655849,0.21782877415077503,0.0,0.0,0.0
4277.0,9.58019065106181,5.822698191720211,0.0,0.0,2.396491300674921e-06,0.0,0.0,4.108663033720529,-15.0709270738,0.0,0.0,1.7140351579996818,0.0,8.617691266833053e-06,0.0,0.06561089693107723,-0.006567812000088741,0.21782913435816958,0.0,0.0,0.0
4278.0,9.580168672122834,5.82269495265048,0.0,0.0,8.107897041022056e-07,0.0,0.0,4.108664637661969,-15.0709270738,0.0,0.0,1.714030314988511,0.0,2.9155755250530155e-06,0.0,0.06561088903481863,-0.0065680105662385135,0.2178294550153306,0.0,0.0,0.0
4279.0,9.580146901876464,5.822690133528881,0.0,0.0,-7.783838457713495e-07,0.0,0.0,4.108664654142607,-15.0709270738,0.0,0.0,1.7140254793862741,0.0,-2.7990513884051895e-06,0.0,0.06561087191223938,-0.006568228952805302,0.21782973598144684,0.0,0.0,0.0
4280.0,9.580125344682019,5.8226837319114475,0.0,0.0,-2.370750019543284e-06,0.0,0.0,4.108663079830056,-15.0709270738,0.0,0.0,1.7140206520813912,0.0,-8.52518471677439e-06,0.0,0.06561084554707176,-0.006568467161925939,0.21782997712256824,0.0,0.0,0.0
4281.0,9.580104004869515,5.8226757456344895,0.0,0.0,-3.966028324933875e-06,0.0,0.0,4.108659911671845,-15.0709270738,0.0,0.0,1.7140158339626446,0.0,-1.426181550059622e-05,0.0,0.06561080992468082,-0.006568725192166072,0.2178301783116448,0.0,0.0,0.0
4282.0,9.580082886738827,5.82266617281557,0.0,0.0,-5.563937154989854e-06,0.0,0.0,4.108655146896553,-15.0709270738,0.0,0.0,1.7140110259190164,0.0,-2.0007930751280776e-05,0.0,0.06561076503207029,-0.006569003038513016,0.21783033942856378,0.0,0.0,0.0
4283.0,9.580061994558847,5.822655011854437,0.0,0.0,-7.164193836593763e-06,0.0,0.0,4.108648783014907,-15.0709270738,0.0,0.0,1.71400622883953,0.0,-2.5762513625781645e-05,0.0,0.06561071085788857,-0.006569300692369162,0.2178304603601862,0.0,0.0,0.0
4284.0,9.580041332566655,5.822642261433907,0.0,0.0,-8.766514679265083e-06,0.0,0.0,4.108640817820816,-15.0709270738,0.0,0.0,1.7140014436130908,0.0,-3.1524543602336374e-05,0.0,0.06561064739243405,-0.006569618141545955,0.2178305410003818,0.0,0.0,0.0
4285.0,9.58002090496669,5.822627920520694,0.0,0.0,-1.0370615024252257e-05,0.0,0.0,4.108631249392371,-15.0709270738,0.0,0.0,1.7139966711283234,0.0,-3.7292996657269045e-05,0.0,0.06561057462766053,-0.006569955370258659,0.2178305812500632,0.0,0.0,0.0
4286.0,9.580000715929923,5.822611988366197,0.0,0.0,-1.1976209293901693e-05,0.0,0.0,4.108620076092783,-15.0709270738,0.0,0.0,1.7139919122734142,0.0,-4.30668454428048e-05,0.0,0.06561049255718196,-0.006570312359121588,0.21783058101721825,0.0,0.0,0.0
4287.0,9.579980769593043,5.822594464507228,0.0,0.0,-1.3583011041297805e-05,0.0,0.0,4.108607296571281,-15.0709270738,0.0,0.0,1.7139871679359464,0.0,-4.884505946587482e-05,0.0,0.06561040117627726,-0.006570689085144188,0.21783054021694195,0.0,0.0,0.0
4288.0,9.57996107005763,5.822575348766698,0.0,0.0,-1.5190733000163872e-05,0.0,0.0,4.108592909763955,-15.0709270738,0.0,0.0,1.7139824390027432,0.0,-5.4626605267874776e-05,0.0,0.06561030048189455,-0.006571085521727582,0.21783045877146645,0.0,0.0,0.0
4289.0,9.579941621389354,5.82255464125425,0.0,0.0,-1.6799087135017632e-05,0.0,0.0,4.108576914894548,-15.0709270738,0.0,0.0,1.713977726359702,0.0,-6.041044660535478e-05,0.0,0.06561019047265532,-0.006571501638661811,0.21783033661019033,0.0,0.0,0.0
4290.0,9.579922427617165,5.82253234236684,0.0,0.0,-1.8407784691573317e-05,0.0,0.0,4.1085593114752035,-15.0709270738,0.0,0.0,1.713973030891636,0.0,-6.619554463161075e-05,0.0,0.06561007114885806,-0.006571937402123751,0.21783017366970614,0.0,0.0,0.0
4291.0,9.579903492732488,5.822508452789269,0.0,0.0,-2.0016536247377523e-05,0.0,0.0,4.108540099307158,-15.0709270738,0.0,0.0,1.7139683534821115,0.0,-7.198085807913175e-05,0.0,0.06560994251248191,-0.006572392774675639,0.2178299698938274,0.0,0.0,0.0
4292.0,9.579884820688433,5.822482973494666,0.0,0.0,-2.1625051762672924e-05,0.0,0.0,4.108519278481382,-15.0709270738,0.0,0.0,1.713963695013284,0.0,-7.77653434428814e-05,0.0,0.06560980456718968,-0.006572867715264358,0.2178297252336137,0.0,0.0,0.0
4293.0,9.579866415399001,5.822455905744916,0.0,0.0,-2.3233040631482715e-05,0.0,0.0,4.108496849379176,-15.0709270738,0.0,0.0,1.7139590563657405,0.0,-8.354795516438773e-05,0.0,0.06560965731833088,-0.006573362179221165,0.21782943964739498,0.0,0.0,0.0
4294.0,9.579848280738297,5.822427251091038,0.0,0.0,-2.48402117329038e-05,0.0,0.0,4.108472812672703,-15.0709270738,0.0,0.0,1.7139544384183347,0.0,-8.932764581659801e-05,0.0,0.06560950077294413,-0.006573876118262226,0.217829113100794,0.0,0.0,0.0
4295.0,9.579830420539752,5.822397011373513,0.0,0.0,-2.644627348260154e-05,0.0,0.0,4.108447169325489,-15.0709270738,0.0,0.0,1.7139498420480246,0.0,-9.510336628947247e-05,0.0,0.06560933493975962,-0.006574409480489846,0.21782874556674836,0.0,0.0,0.0
4296.0,9.579812838595345,5.8223651887225625,0.0,0.0,-2.8050933884496377e-05,0.0,0.0,4.1084199205928496,-15.0709270738,0.0,0.0,1.713945268129713,0.0,-0.00010087406597628201,0.0,0.065609159829201,-0.006574962210394206,0.21782833702553062,0.0,0.0,0.0
4297.0,9.579795538654839,5.822331785558366,0.0,0.0,-2.9653900582636005e-05,0.0,0.0,4.108391068022284,-15.0709270738,0.0,0.0,1.7139407175360821,0.0,-0.00010663869296058658,0.0,0.06560897545338704,-0.0065755342488558605,0.21782788746476722,0.0,0.0,0.0
4298.0,9.579778524425016,5.822296804591239,0.0,0.0,-3.1254880913237134e-05,0.0,0.0,4.1083606134538035,-15.0709270738,0.0,0.0,1.7139361911374351,0.0,-0.00011239619420383681,0.0,0.06560878182613311,-0.006576125533148888,0.21782739687945632,0.0,0.0,0.0
4299.0,9.579761799568923,5.822260248821749,0.0,0.0,-3.285358195689927e-05,0.0,0.0,4.108328559020217,-15.0709270738,0.0,0.0,1.713931689801532,0.0,-0.00011814551573360726,0.0,0.06560857896295211,-0.006576735996944541,0.21782686527198425,0.0,0.0,0.0
4300.0,9.579745367705115,5.822222121540786,0.0,0.0,-3.444971059096701e-05,0.0,0.0,4.108294907147358,-15.0709270738,0.0,0.0,1.7139272143934283,0.0,-0.00012388560283237642,0.0,0.0656083668810554,-0.006577365570315907,0.2178262926521405,0.0,0.0,0.0
4301.0,9.57972923240692,5.822182426329578,0.0,0.0,-3.604297354204649e-05,0.0,0.0,4.108259660554262,-15.0709270738,0.0,0.0,1.7139227657753153,0.0,-0.0001296154002268734,0.0,0.06560814559935314,-0.006578014179742839,0.21782567903713182,0.0,0.0,0.0
4302.0,9.579713397201699,5.822141167059649,0.0,0.0,-3.763307743865395e-05,0.0,0.0,4.108222822253292,-15.0709270738,0.0,0.0,1.7139183448063573,0.0,-0.00013533385227791194,0.0,0.06560791513845451,-0.006578681748117765,0.21782502445159438,0.0,0.0,0.0
4303.0,9.579697865570111,5.822098347892738,0.0,0.0,-3.9219728863994474e-05,0.0,0.0,4.108184395550208,-15.0709270738,0.0,0.0,1.71391395234253,0.0,-0.00014103990317070416,0.0,0.0656076755206676,-0.006579368194752133,0.2178243289276053,0.0,0.0,0.0
4304.0,9.579682640945396,5.822053973280651,0.0,0.0,-4.080263440886228e-05,0.0,0.0,4.1081443840441905,-15.0709270738,0.0,0.0,1.7139095892364606,0.0,-0.00014673249710562284,0.0,0.06560742676999887,-0.006580073435383485,0.21782359250469246,0.0,0.0,0.0
4305.0,9.579667726712659,5.822008047965066,0.0,0.0,-4.238150072464702e-05,0.0,0.0,4.108102791627801,-15.0709270738,0.0,0.0,1.7139052563372648,0.0,-0.00015241057848935596,0.0,0.0656071689121524,-0.0065807973821831595,0.21782281522984287,0.0,0.0,0.0
4306.0,9.57965312620815,5.821960576977289,0.0,0.0,-4.395603457644277e-05,0.0,0.0,4.1080596224868975,-15.0709270738,0.0,0.0,1.7139009544903914,0.0,-0.00015807309212644143,0.0,0.06560690197452893,-0.0065815399437647165,0.21782199715751005,0.0,0.0,0.0
4307.0,9.579638842718579,5.8219115656379525,0.0,0.0,-4.5525942896248007e-05,0.0,0.0,4.108014881100495,-15.0709270738,0.0,0.0,1.713896684537458,0.0,-0.00016371898341113882,0.0,0.06560662598622433,-0.0065823010251930825,0.21782113834962014,0.0,0.0,0.0
4308.0,9.579624879480406,5.8218610195566605,0.0,0.0,-4.709093283624481e-05,0.0,0.0,4.107968572240568,-15.0709270738,0.0,0.0,1.7138924473160921,0.0,-0.0001693471985195965,0.0,0.06560634097802803,-0.006583080527994112,0.21782023887557603,0.0,0.0,0.0
4309.0,9.579611239679164,5.821808944631585,0.0,0.0,-4.865071182215303e-05,0.0,0.0,4.10792070097181,-15.0709270738,0.0,0.0,1.7138882436597749,0.0,-0.00017495668460229755,0.0,0.06560604698242098,-0.006583878350165093,0.2178192988122609,0.0,0.0,0.0
4310.0,9.579597926448775,5.821755347049005,0.0,0.0,-5.0204987606644904e-05,0.0,0.0,4.1078712726513285,-15.0709270738,0.0,0.0,1.7138840743976766,0.0,-0.00018054638997673235,0.0,0.06560574403357332,-0.00658469438618578,0.21781831824404002,0.0,0.0,0.0
4311.0,9.579584942870882,5.821700233282796,0.0,0.0,-5.1753468322812866e-05,0.0,0.0,4.107820292928292,-15.0709270738,0.0,0.0,1.713879940354504,0.0,-0.00018611526432027112,0.0,0.06560543216734181,-0.006585528527029955,0.2178172972627611,0.0,0.0,0.0
4312.0,9.579572291974186,5.821643610093862,0.0,0.0,-5.329586253768147e-05,0.0,0.0,4.107767767743522,-15.0709270738,0.0,0.0,1.7138758423503404,0.0,-0.00019166225886320336,0.0,0.06560511142126686,-0.006586380660178012,0.21781623596775393,0.0,0.0,0.0
4313.0,9.579559976733783,5.821585484529523,0.0,0.0,-5.483187930575026e-05,0.0,0.0,4.107713703329037,-15.0709270738,0.0,0.0,1.7138717812004858,0.0,-0.0001971863265818969,0.0,0.06560478183456935,-0.0065872506696298405,0.21781513446582768,0.0,0.0,0.0
4314.0,9.579548000070531,5.821525863922837,0.0,0.0,-5.63612282225661e-05,0.0,0.0,4.107658106207534,-15.0709270738,0.0,0.0,1.7138677577153025,0.0,-0.00020268642239206972,0.0,0.065604443448147,-0.00658813843591842,0.21781399287126765,0.0,0.0,0.0
4315.0,9.579536364850398,5.82146475589188,0.0,0.0,-5.78836194783034e-05,0.0,0.0,4.10760098319182,-15.0709270738,0.0,0.0,1.7138637727000603,0.0,-0.00020816150334209769,0.0,0.06560409630457062,-0.00658904383612427,0.21781281130583047,0.0,0.0,0.0
4316.0,9.579525073883842,5.821402168338971,0.0,0.0,-5.9398763911353184e-05,0.0,0.0,4.107542341384193,-15.0709270738,0.0,0.0,1.7138598269547778,0.0,-0.0002136105288063605,0.0,0.06560374044807983,-0.006589966743890438,0.21781158989873756,0.0,0.0,0.0
4317.0,9.579514129925183,5.821338109449835,0.0,0.0,-6.0906373061903915e-05,0.0,0.0,4.107482188175767,-15.0709270738,0.0,0.0,1.7138559212740683,0.0,-0.00021903246067856441,0.0,0.06560337592457867,-0.0065909070294380145,0.21781032878666784,0.0,0.0,0.0
4318.0,9.579503535671996,5.821272587692726,0.0,0.0,-6.24061592255127e-05,0.0,0.0,4.10742053124574,-15.0709270738,0.0,0.0,1.713852056446986,0.0,-0.00022442626356503547,0.0,0.06560300278163075,-0.006591864559582508,0.21780902811374853,0.0,0.0,0.0
4319.0,9.579493293764507,5.821205611817489,0.0,0.0,-6.389783550664445e-05,0.0,0.0,4.107357378560619,-15.0709270738,0.0,0.0,1.7138482332568703,0.0,-0.00022979090497790328,0.0,0.06560262106845419,-0.006592839197750666,0.21780768803154493,0.0,0.0,0.0
4320.0,9.579483406784993,5.821137190854571,0.0,0.0,-6.538111587218387e-05,0.0,0.0,4.107292738373375,-15.0709270738,0.0,0.0,1.7138444524811955,0.0,-0.00023512535552819167,0.0,0.06560223083591622,-0.006593830803998266,0.2178063086990487,0.0,0.0,0.0
4321.0,9.579473877257202,5.821067334113979,0.0,0.0,-6.685571520489803e-05,0.0,0.0,4.107226619222562,-15.0709270738,0.0,0.0,1.7138407148914174,0.0,-0.00024042858911873605,0.0,0.06560183213652743,-0.00659483923502803,0.21780489028266475,0.0,0.0,0.0
4322.0,9.579464707645776,5.82099605118419,0.0,0.0,-6.83213493568473e-05,0.0,0.0,4.10715902993137,-15.0709270738,0.0,0.0,1.7138370212528207,0.0,-0.00024569958313691847,0.0,0.06560142502443575,-0.006595864344208807,0.21780343295619703,0.0,0.0,0.0
4323.0,9.579455900355685,5.820923351930999,0.0,0.0,-6.977773520273176e-05,0.0,0.0,4.107089979606629,-15.0709270738,0.0,0.0,1.7138333723243697,0.0,-0.0002509373186471744,0.0,0.06560100955542011,-0.006596905981594764,0.2178019369008323,0.0,0.0,0.0
4324.0,9.579447457731668,5.82084924649632,0.0,0.0,-7.12245906931662e-05,0.0,0.0,4.107019477637762,-15.0709270738,0.0,0.0,1.7138297688585578,0.0,-0.00025614078058324547,0.0,0.0656005857868839,-0.006597963993945868,0.2178004023051234,0.0,0.0,0.0
4325.0,9.57943938205769,5.82077374529694,0.0,0.0,-7.266163490786698e-05,0.0,0.0,4.106947533695681,-15.0709270738,0.0,0.0,1.7138262116012584,0.0,-0.00026130895794011745,0.0,0.06560015377784782,-0.006599038224748333,0.21779882936497047,0.0,0.0,0.0
4326.0,9.579431675556398,5.820696859023208,0.0,0.0,-7.408858810874985e-05,0.0,0.0,4.106874157731632,-15.0709270738,0.0,0.0,1.7138227012915763,0.0,-0.0002664408439656401,0.0,0.06559971358894279,-0.0066001285142362615,0.21779721828360118,0.0,0.0,0.0
4327.0,9.5794243403886,5.820618598637685,0.0,0.0,-7.550517179292372e-05,0.0,0.0,4.106799359975984,-15.0709270738,0.0,0.0,1.713819238661701,0.0,-0.0002715354363517739,0.0,0.06559926528240234,-0.006601234699413622,0.21779556927154925,0.0,0.0,0.0
4328.0,9.579417378652742,5.820538975373732,0.0,0.0,-7.691110874557005e-05,0.0,0.0,4.106723150936971,-15.0709270738,0.0,0.0,1.713815824436761,0.0,-0.0002765917374254267,0.0,0.06559880892205472,-0.006602356614076904,0.21779388254663215,0.0,0.0,0.0
4329.0,9.579410792384406,5.820458000734053,0.0,0.0,-7.830612309270047e-05,0.0,0.0,4.106645541399376,-15.0709270738,0.0,0.0,1.7138124593346769,0.0,-0.0002816087543388524,0.0,0.06559834457331476,-0.006603494088838466,0.2177921583339269,0.0,0.0,0.0
4330.0,9.579404583555807,5.820375686489181,0.0,0.0,-7.968994035378177e-05,0.0,0.0,4.106566542423163,-15.0709270738,0.0,0.0,1.7138091440660181,0.0,-0.00028658549925957293,0.0,0.06559787230317536,-0.006604646951150386,0.2177903968657447,0.0,0.0,0.0
4331.0,9.57939875407531,5.820292044675917,0.0,0.0,-8.106228749421929e-05,0.0,0.0,4.106486165342059,-15.0709270738,0.0,0.0,1.7138058793338589,0.0,-0.0002915209895597901,0.0,0.06559739218019874,-0.006605815025329115,0.21778859838160436,0.0,0.0,0.0
4332.0,9.579393305786954,5.820207087595715,0.0,0.0,-8.24228929776855e-05,0.0,0.0,4.106404421762078,-15.0709270738,0.0,0.0,1.7138026658336365,0.0,-0.0002964142480052395,0.0,0.06559690427450733,-0.006606998132580505,0.21778676312820408,0.0,0.0,0.0
4333.0,9.579388240469983,5.820120827813013,0.0,0.0,-8.377148681828879e-05,0.0,0.0,4.106321323560002,-15.0709270738,0.0,0.0,1.7137995042530108,0.0,-0.0003012643029434685,0.0,0.06559640865777443,-0.006608196091025725,0.21778489135939205,0.0,0.0,0.0
4334.0,9.579383559838393,5.820033278153524,0.0,0.0,-8.51078006325712e-05,0.0,0.0,4.106236882881801,-15.0709270738,0.0,0.0,1.7137963952717223,0.0,-0.0003060701884914963,0.0,0.06559590540321446,-0.006609408715727572,0.21778298333613583,0.0,0.0,0.0
4335.0,9.579379265540485,5.819944451702461,0.0,0.0,-8.643156769131965e-05,0.0,0.0,4.106151112141007,-15.0709270738,0.0,0.0,1.7137933395614535,0.0,-0.0003108309447228012,0.0,0.06559539458557308,-0.006610635818717417,0.21778103932648984,0.0,0.0,0.0
4336.0,9.579375359158437,5.819854361802724,0.0,0.0,-8.774252297119269e-05,0.0,0.0,4.106064024017031,-15.0709270738,0.0,0.0,1.7137903377856931,0.0,-0.0003155456178536405,0.0,0.0655948762811168,-0.006611877209022926,0.21777905960556243,0.0,0.0,0.0
4337.0,9.579371842207877,5.81976302205303,0.0,0.0,-8.90404032061399e-05,0.0,0.0,4.1059756314534335,-15.0709270738,0.0,0.0,1.7137873905995962,0.0,-0.00032021326042862205,0.0,0.06559435056762251,-0.006613132692696103,0.21777704445548057,0.0,0.0,0.0
4338.0,9.579368716137472,5.819670446305993,0.0,0.0,-9.032494693861354e-05,0.0,0.0,4.105885947656141,-15.0709270738,0.0,0.0,1.7137844986498525,0.0,-0.0003248329315055234,0.0,0.0655938175243665,-0.006614402072842265,0.2177749941653539,0.0,0.0,0.0
4339.0,9.579365982328527,5.819576648666161,0.0,0.0,-9.159589457055818e-05,0.0,0.0,4.105794986091611,-15.0709270738,0.0,0.0,1.71378166257455,0.0,-0.00032940369683930835,0.0,0.06559327723211339,-0.00661568514964922,0.21777290903123708,0.0,0.0,0.0
4340.0,9.579363642094599,5.8194816434879915,0.0,0.0,-9.28529884141712e-05,0.0,0.0,4.105702760484951,-15.0709270738,0.0,0.0,1.71377888300304,0.0,-0.0003339246290653144,0.0,0.06559272977310462,-0.006616981720417428,0.2177707893560913,0.0,0.0,0.0
4341.0,9.579361696681117,5.819385445373789,0.0,0.0,-9.409597274242212e-05,0.0,0.0,4.1056092848179775,-15.0709270738,0.0,0.0,1.7137761605558115,0.0,-0.0003383948078815664,0.0,0.06559217523104677,-0.006618291579590402,0.21776863544974362,0.0,0.0,0.0
4342.0,9.579360147265014,5.819288069171588,0.0,0.0,-9.532459383932176e-05,0.0,0.0,4.105514573327233,-15.0709270738,0.0,0.0,1.7137734958443547,0.0,-0.00034281332023018517,0.0,0.06559161369109939,-0.006619614518785927,0.21776644762884587,0.0,0.0,0.0
4343.0,9.579358994954378,5.819189529972986,0.0,0.0,-9.653860004993397e-05,0.0,0.0,4.105418640501951,-15.0709270738,0.0,0.0,1.7137708894710348,0.0,-0.00034717926047786294,0.0,0.06559104523986285,-0.00662095032682776,0.2177642262168317,0.0,0.0,0.0
4344.0,9.579358240788101,5.819089843110934,0.0,0.0,-9.773774183011587e-05,0.0,0.0,4.105321501081968,-15.0709270738,0.0,0.0,1.713768342028966,0.0,-0.0003514917305953557,0.0,0.0655904699653656,-0.006622298789777853,0.2177619715438723,0.0,0.0,0.0
4345.0,9.579357885735556,5.818989024157469,0.0,0.0,-9.892177179598136e-05,0.0,0.0,4.105223170055587,-15.0709270738,0.0,0.0,1.713765854101882,0.0,-0.00035574984033597196,0.0,0.06558988795705134,-0.006623659690969244,0.21775968394683132,0.0,0.0,0.0
4346.0,9.579357930696268,5.81888708892141,0.0,0.0,-0.00010009044477307491,0.0,0.0,4.105123662657397,-15.0709270738,0.0,0.0,1.7137634262640127,0.0,-0.0003599527074130121,0.0,0.06558929930576576,-0.006625032811039475,0.21775736376921778,0.0,0.0,0.0
4347.0,9.579358376499615,5.818784053445998,0.0,0.0,-0.00010124351784524976,0.0,0.0,4.105022994366035,-15.0709270738,0.0,0.0,1.713761059079963,0.0,-0.00036409945767613543,0.0,0.06558870410374322,-0.006626417927964437,0.21775501136113812,0.0,0.0,0.0
4348.0,9.579359223904527,5.818679934006491,0.0,0.0,-0.0001023807504032376,0.0,0.0,4.104921180901904,-15.0709270738,0.0,0.0,1.713758753104587,0.0,-0.0003681892252866086,0.0,0.06558810244459293,-0.006627814817093056,0.21775262707924692,0.0,0.0,0.0
4349.0,9.579360473599206,5.818574747107716,0.0,0.0,-0.00010350190419290093,0.0,0.0,4.104818238224844,-15.0709270738,0.0,0.0,1.713756508882872,0.0,-0.00037222115289140353,0.0,0.06558749442328488,-0.00662922325118219,0.2177502112866963,0.0,0.0,0.0
4350.0,9.579362126200847,5.8184685094815665,0.0,0.0,-0.00010460674336316133,0.0,0.0,4.104714182531752,-15.0709270738,0.0,0.0,1.7137543269498146,0.0,-0.0003761943917961193,0.0,0.06558688013613567,-0.006630643000432299,0.21774776435308404,0.0,0.0,0.0
4351.0,9.57936418225539,5.818361238084462,0.0,0.0,-0.00010569503451359063,0.0,0.0,4.104609030254152,-15.0709270738,0.0,0.0,1.7137522078303098,0.0,-0.0003801081021366812,0.0,0.06558625968079389,-0.006632073832523566,0.21774528665440024,0.0,0.0,0.0
4352.0,9.57936664223726,5.818252950094755,0.0,0.0,-0.0001067665467416589,0.0,0.0,4.1045027980557265,-15.0709270738,0.0,0.0,1.7137501520390286,0.0,-0.00038396145304979456,0.0,0.06558563315622525,-0.00663351551265251,0.21774277857297286,0.0,0.0,0.0
4353.0,9.57936950654914,5.8181436629101,0.0,0.0,-0.00010782105168962736,0.0,0.0,4.1043955028297905,-15.0709270738,0.0,0.0,1.7137481600803097,0.0,-0.0003877536228421098,0.0,0.06558500066269755,-0.006634967803569244,0.21774024049741245,0.0,0.0,0.0
4354.0,9.579372775521751,5.818033394144768,0.0,0.0,-0.00010885832359107935,0.0,0.0,4.104287161696726,-15.0709270738,0.0,0.0,1.7137462324480426,0.0,-0.0003914837991580745,0.0,0.06558436230176529,-0.006636430465615101,0.21773767282255457,0.0,0.0,0.0
4355.0,9.579376449413633,5.8179221616269245,0.0,0.0,-0.00010987813931707744,0.0,0.0,4.104177792001364,-15.0709270738,0.0,0.0,1.7137443696255605,0.0,-0.00039515117914642783,0.0,0.06558371817625396,-0.006637903256760905,0.21773507594940197,0.0,0.0,0.0
4356.0,9.579380528410953,5.817809983395859,0.0,0.0,-0.00011088027842193967,0.0,0.0,4.1040674113103295,-15.0709270738,0.0,0.0,1.71374257208553,0.0,-0.0003987549696253128,0.0,0.06558306839024426,-0.006639385932645597,0.21773245028506524,0.0,0.0,0.0
4357.0,9.579385012627318,5.817696877699173,0.0,0.0,-0.00011186452318862644,0.0,0.0,4.103956037409331,-15.0709270738,0.0,0.0,1.7137408402898417,0.0,-0.00040229438724597474,0.0,0.06558241304905588,-0.0066408782466156335,0.2177297962427018,0.0,0.0,0.0
4358.0,9.579389902103605,5.817582862989918,0.0,0.0,-0.00011283065867372482,0.0,0.0,4.103843688300411,-15.0709270738,0.0,0.0,1.7137391746895068,0.0,-0.00040576865865499885,0.0,0.0655817522592311,-0.006642379949764493,0.21772711424145424,0.0,0.0,0.0
4359.0,9.5793951968078,5.817467957923702,0.0,0.0,-0.00011377847275202826,0.0,0.0,4.103730382199151,-15.0709270738,0.0,0.0,1.7137375757245508,0.0,-0.0004091770206550773,0.0,0.0655810861285181,-0.006643890790972981,0.2177244047063872,0.0,0.0,0.0
4360.0,9.57940089663485,5.817352181355744,0.0,0.0,-0.00011470775616069532,0.0,0.0,4.103616137531829,-15.0709270738,0.0,0.0,1.713736043823915,0.0,-0.00041251872036424965,0.0,0.06558041476585405,-0.0066454105169499594,0.21772166806842305,0.0,0.0,0.0
4361.0,9.579407001406528,5.817235552337891,0.0,0.0,-0.00011561830254298466,0.0,0.0,4.103500972932538,-15.0709270738,0.0,0.0,1.7137345794053536,0.0,-0.0004157930153736027,0.0,0.06557973828134797,-0.00664693887227337,0.21771890476427647,0.0,0.0,0.0
4362.0,9.579413510871317,5.817118090115587,0.0,0.0,-0.00011650990849155413,0.0,0.0,4.103384907240254,-15.0709270738,0.0,0.0,1.713733182875333,0.0,-0.00041899917390338847,0.0,0.06557905678626329,-0.006648475599432019,0.2177161152363876,0.0,0.0,0.0
4363.0,9.579420424704297,5.816999814124809,0.0,0.0,-0.00011738237359131328,0.0,0.0,4.103267959495871,-15.0709270738,0.0,0.0,1.7137318546289384,0.0,-0.0004221364749575202,0.0,0.06557837039300014,-0.0066500204388676015,0.2177132999328542,0.0,0.0,0.0
4364.0,9.579427742507049,5.816880743988961,0.0,0.0,-0.0001182355004618279,0.0,0.0,4.103150148939182,-15.0709270738,0.0,0.0,1.7137305950497792,0.0,-0.00042520420847644123,0.0,0.06557767921507754,-0.006651573129017152,0.21771045930736313,0.0,0.0,0.0
4365.0,9.579435463807574,5.81676089951572,0.0,0.0,-0.00011906909479926153,0.0,0.0,4.103031495005826,-15.0709270738,0.0,0.0,1.7137294045098939,0.0,-0.00042820167548831216,0.0,0.06557698336711514,-0.006653133406356204,0.21770759381911936,0.0,0.0,0.0
4366.0,9.579443588060226,5.816640300693849,0.0,0.0,-0.0001198829654178448,0.0,0.0,4.102912017324192,-15.0709270738,0.0,0.0,1.7137282833696572,0.0,-0.00043112818825848375,0.0,0.06557628296481492,-0.006654701005442187,0.21770470393277525,0.0,0.0,0.0
4367.0,9.57945211464565,5.81651896768997,0.0,0.0,-0.00012067692429087118,0.0,0.0,4.102791735712275,-15.0709270738,0.0,0.0,1.7137272319776953,0.0,-0.0004339830704372485,0.0,0.06557557812494258,-0.0066562756589582245,0.21770179011835794,0.0,0.0,0.0
4368.0,9.579461042870744,5.816396920845299,0.0,0.0,-0.0001214507865912024,0.0,0.0,4.102670670174503,-15.0709270738,0.0,0.0,1.7137262506707955,0.0,-0.00043676565720581303,0.0,0.0655748689653086,-0.006657857097757541,0.21769885285119572,0.0,0.0,0.0
4369.0,9.579470371968627,5.816274180672337,0.0,0.0,-0.00012220437073128115,0.0,0.0,4.102548840898516,-15.0709270738,0.0,0.0,1.7137253397738208,0.0,-0.0004394752954204787,0.0,0.0655741556047493,-0.0066594450509080555,0.2176958926118435,0.0,0.0,0.0
4370.0,9.579480101098623,5.816150767851529,0.0,0.0,-0.00012293749840264058,0.0,0.0,4.102426268251901,-15.0709270738,0.0,0.0,1.7137244995996284,0.0,-0.00044211134375499715,0.0,0.06557343816310741,-0.00666103924573766,0.21769290988600679,0.0,0.0,0.0
4371.0,9.579490229346256,5.8160267032278865,0.0,0.0,-0.00012364999461490005,0.0,0.0,4.102302972778901,-15.0709270738,0.0,0.0,1.7137237304489856,0.0,-0.0004446731728410573,0.0,0.06557271676121261,-0.006662639407879714,0.21768990516446504,0.0,0.0,0.0
4372.0,9.579500755723256,5.815902007807565,0.0,0.0,-0.0001243416877342448,0.0,0.0,4.102178975197073,-15.0709270738,0.0,0.0,1.713723032610492,0.0,-0.0004471601654068999,0.0,0.0655719915208618,-0.0066642452613189795,0.21768687894299366,0.0,0.0,0.0
4373.0,9.579511679167588,5.815776702754416,0.0,0.0,-0.00012501240952137593,0.0,0.0,4.102054296393915,-15.0709270738,0.0,0.0,1.7137224063605014,0.0,-0.00044957171641400723,0.0,0.06557126256479912,-0.00666585652843793,0.2176838317222849,0.0,0.0,0.0
4374.0,9.579522998543487,5.815650809386496,0.0,0.0,-0.00012566199516892757,0.0,0.0,4.101928957423449,-15.0709270738,0.0,0.0,1.7137218519630473,0.0,-0.0004519072331918577,0.0,0.06557053001669577,-0.0066674729300635754,0.21768076400786784,0.0,0.0,0.0
4375.0,9.579534712641506,5.815524349172543,0.0,0.0,-0.0001262902833383369,0.0,0.0,4.101802979502775,-15.0709270738,0.0,0.0,1.7137213696697682,0.0,-0.0004541661355706935,0.0,0.06556979400112967,-0.0066690941855144514,0.21767767631002724,0.0,0.0,0.0
4376.0,9.579546820178575,5.81539734372842,0.0,0.0,-0.00012689711619616735,0.0,0.0,4.101676384008582,-15.0709270738,0.0,0.0,1.7137209597198382,0.0,-0.0004563478560123029,0.0,0.06556905464356483,-0.00667072001264811,0.21767456914372157,0.0,0.0,0.0
4377.0,9.579559319798085,5.815269814813519,0.0,0.0,-0.0001274823394498694,0.0,0.0,4.101549192473623,-15.0709270738,0.0,0.0,1.7137206223398955,0.0,-0.0004584518397387584,0.0,0.06556831207033058,-0.00667235012790901,0.2176714430284996,0.0,0.0,0.0
4378.0,9.579572210069971,5.815141784327138,0.0,0.0,-0.0001280458023829785,0.0,0.0,4.101421426583162,-15.0709270738,0.0,0.0,1.7137203577439761,0.0,-0.0004604775448591132,0.0,0.06556756640860059,-0.006673984246376649,0.21766829848841646,0.0,0.0,0.0
4379.0,9.579585489490817,5.815013274304824,0.0,0.0,-0.00012858735788973602,0.0,0.0,4.101293108171373,-15.0709270738,0.0,0.0,1.7137201661334505,0.0,-0.00046242444249400033,0.0,0.06556681778637168,-0.006675622081814131,0.2176651360519483,0.0,0.0,0.0
4380.0,9.579599156483972,5.814884306914678,0.0,0.0,-0.00012910686250913213,0.0,0.0,4.101164259217719,-15.0709270738,0.0,0.0,1.7137200476969587,0.0,-0.0004642920168981335,0.0,0.06556606633244241,-0.0066772633467169495,0.21766195625190635,0.0,0.0,0.0
4381.0,9.579613209399682,5.814754904453638,0.0,0.0,-0.00012960417645835817,0.0,0.0,4.101034901843287,-15.0709270738,0.0,0.0,1.7137200026103514,0.0,-0.0004660797655806643,0.0,0.06556531217639161,-0.006678907752362309,0.21765875962534964,0.0,0.0,0.0
4382.0,9.579627646515226,5.814625089343722,0.0,0.0,-0.00013007916366566266,0.0,0.0,4.100905058307092,-15.0709270738,0.0,0.0,1.7137200310366305,0.0,-0.00046778719942337343,0.0,0.0655645554485565,-0.006680555008858502,0.21765554671349718,0.0,0.0,0.0
4383.0,9.57964246603508,5.814494884128247,0.0,0.0,-0.0001305316918026063,0.0,0.0,4.100774751002354,-15.0709270738,0.0,0.0,1.7137201331258929,0.0,-0.0004694138427966796,0.0,0.06556379628001083,-0.006682204825194812,0.21765231806163884,0.0,0.0,0.0
4384.0,9.579657666091084,5.814364311468013,0.0,0.0,-0.00013096163231570508,0.0,0.0,4.100644002452737,-15.0709270738,0.0,0.0,1.713720309015276,0.0,-0.0004709592336734284,0.0,0.06556303480254276,-0.006683856909291699,0.21764907421904545,0.0,0.0,0.0
4385.0,9.579673244742622,5.814233394137462,0.0,0.0,-0.0001313688604574595,0.0,0.0,4.100512835308556,-15.0709270738,0.0,0.0,1.7137205588289062,0.0,-0.00047242292374045073,0.0,0.06556227114863257,-0.006685510968051159,0.21764581573887792,0.0,0.0,0.0
4386.0,9.579689199976826,5.814102155020809,0.0,0.0,-0.00013175325531675518,0.0,0.0,4.100381272342959,-15.0709270738,0.0,0.0,1.7137208826778494,0.0,-0.00047380447850784097,0.0,0.0655615054514302,-0.006687166707407405,0.21764254317809595,0.0,0.0,0.0
4387.0,9.579705529708777,5.813970617108141,0.0,0.0,-0.0001321146998486373,0.0,0.0,4.100249336448075,-15.0709270738,0.0,0.0,1.7137212806600655,0.0,-0.0004751034774159615,0.0,0.06556073784473263,-0.006688823832377955,0.21763925709736492,0.0,0.0,0.0
4388.0,9.579722231781734,5.813838803491492,0.0,0.0,-0.00013245308090344574,0.0,0.0,4.100117050631131,-15.0709270738,0.0,0.0,1.7137217528603603,0.0,-0.0004763195139401273,0.0,0.065559968462961,-0.006690482047114837,0.2176359580609627,0.0,0.0,0.0
4389.0,9.579739303967369,5.813706737360889,0.0,0.0,-0.00013276828925530708,0.0,0.0,4.099984438010546,-15.0709270738,0.0,0.0,1.7137222993503425,0.0,-0.0004774521956929559,0.0,0.06555919744113785,-0.006692141054956149,0.21763264663668552,0.0,0.0,0.0
4390.0,9.57975674396602,5.813574442000376,0.0,0.0,-0.00013306021962997561,0.0,0.0,4.09985152181199,-15.0709270738,0.0,0.0,1.7137229201883857,0.0,-0.0004785011445243562,0.0,0.06555842491486381,-0.0066938005584777915,0.21762932339575256,0.0,0.0,0.0
4391.0,9.579774549406945,5.813441940784011,0.0,0.0,-0.00013332877073201916,0.0,0.0,4.099718325364421,-15.0709270738,0.0,0.0,1.7137236154195898,0.0,-0.00047946599661913866,0.0,0.06555765102029451,-0.006695460259545566,0.2176259889127103,0.0,0.0,0.0
4392.0,9.579792717848614,5.813309257171833,0.0,0.0,-0.00013357384527134142,0.0,0.0,4.0995848720960915,-15.0709270738,0.0,0.0,1.713724385075742,0.0,-0.0004803464025922184,0.0,0.065556875894117,-0.006697119859367356,0.21762264376533552,0.0,0.0,0.0
4393.0,9.579811246778982,5.813176414705817,0.0,0.0,-0.0001337953499890348,0.0,0.0,4.099451185530531,-15.0709270738,0.0,0.0,1.713725229175286,0.0,-0.0004811420275813906,0.0,0.06555609967352637,-0.006698779058545684,0.21761928853453794,0.0,0.0,0.0
4394.0,9.579830133615806,5.813043437005792,0.0,0.0,-0.0001339931956825604,0.0,0.0,4.0993172892825,-15.0709270738,0.0,0.0,1.7137261477232917,0.0,-0.0004818525513376636,0.0,0.0655553224962019,-0.006700437557130387,0.21761592380426192,0.0,0.0,0.0
4395.0,9.579849375706953,5.8129103477653485,0.0,0.0,-0.0001341672972302439,0.0,0.0,4.099183207053926,-15.0709270738,0.0,0.0,1.7137271407114225,0.0,-0.00048247766831311094,0.0,0.06555454450028339,-0.006702095054671439,0.21761255016138742,0.0,0.0,0.0
4396.0,9.579868970330736,5.812777170747717,0.0,0.0,-0.00013431757361508721,0.0,0.0,4.099048962629806,-15.0709270738,0.0,0.0,1.713728208117911,0.0,-0.0004830170877462433,0.0,0.06555376582434704,-0.0067037512502723245,0.21760916819563014,0.0,0.0,0.0
4397.0,9.57988891469625,5.812643929781627,0.0,0.0,-0.00013444394794788828,0.0,0.0,4.0989145798740925,-15.0709270738,0.0,0.0,1.7137293499075348,0.0,-0.00048347053374486916,0.0,0.06555298660738146,-0.006705405842642967,0.2176057784994412,0.0,0.0,0.0
4398.0,9.579909205943732,5.812510648757148,0.0,0.0,-0.00013454634748966165,0.0,0.0,4.098780082725553,-15.0709270738,0.0,0.0,1.713730566031595,0.0,-0.0004838377453664219,0.0,0.0655522069887634,-0.006707058530153492,0.2176023816679057,0.0,0.0,0.0
4399.0,9.579929841144933,5.812377351621506,0.0,0.0,-0.00013462470367335615,0.0,0.0,4.098645495193612,-15.0709270738,0.0,0.0,1.713731856427894,0.0,-0.00048411847669573704,0.0,0.0655514271082335,-0.00670870901088777,0.21759897829864105,0.0,0.0,0.0
4400.0,9.579950817303494,5.812244062374886,0.0,0.0,-0.00013467895212486344,0.0,0.0,4.098510841354163,-15.0709270738,0.0,0.0,1.713733221020723,0.0,-0.00048431249692026056,0.0,0.06555064710587173,-0.006710356982697299,0.21759556899169424,0.0,0.0,0.0
4401.0,9.579972131355346,5.812110805066214,0.0,0.0,-0.00013470903268331412,0.0,0.0,4.098376145345373,-15.0709270738,0.0,0.0,1.7137346597208412,0.0,-0.00048441959040267227,0.0,0.06554986712207285,-0.006712002143255083,0.21759215434943885,0.0,0.0,0.0
4402.0,9.579993780169115,5.811977603788922,0.0,0.0,-0.00013471488942065483,0.0,0.0,4.098241431363451,-15.0709270738,0.0,0.0,1.7137361724254703,0.0,-0.00048443955675090566,0.0,0.06554908729752182,-0.006713644190109766,0.2175887349764709,0.0,0.0,0.0
4403.0,9.580015760546546,5.811844482676691,0.0,0.0,-0.00013469647066049974,0.0,0.0,4.098106723658412,-15.0709270738,0.0,0.0,1.7137377590182794,0.0,-0.00048437221088553663,0.0,0.06554830777316892,-0.006715282820739965,0.21758531147950472,0.0,0.0,0.0
4404.0,9.580038069222937,5.811711465899192,0.0,0.0,-0.00013465372899625313,0.0,0.0,4.097972046529812,-15.0709270738,0.0,0.0,1.7137394193693796,0.0,-0.00048421738310453166,0.0,0.06554752869020493,-0.006716917732608463,0.21758188446726767,0.0,0.0,0.0
4405.0,9.580060702867584,5.8115785776577935,0.0,0.0,-0.00013458662130850238,0.0,0.0,4.097837424322475,-15.0709270738,0.0,0.0,1.7137411533353184,0.0,-0.00048397491914535247,0.0,0.06554675019003615,-0.006718548623216927,0.21757845455039446,0.0,0.0,0.0
4406.0,9.580083658084243,5.811445842181268,0.0,0.0,-0.0001344951087816686,0.0,0.0,4.09770288142219,-15.0709270738,0.0,0.0,1.7137429607590775,0.0,-0.0004836446802443716,0.0,0.06554597241425936,-0.0067201751901602436,0.21757502234132114,0.0,0.0,0.0
4407.0,9.580106931411601,5.8113132837214785,0.0,0.0,-0.00013437915691991717,0.0,0.0,4.097568442251405,-15.0709270738,0.0,0.0,1.7137448414700733,0.0,-0.0004832265431936075,0.0,0.06554519550463662,-0.00672179713118147,0.21757158845417823,0.0,0.0,0.0
4408.0,9.580130519323761,5.811180926549054,0.0,0.0,-0.00013423873556231905,0.0,0.0,4.097434131264897,-15.0709270738,0.0,0.0,1.7137467952841563,0.0,-0.00048272040039474596,0.0,0.06554441960307011,-0.006723414144226322,0.2175681535046835,0.0,0.0,0.0
4409.0,9.580154418230743,5.81104879494905,0.0,0.0,-0.00013407381889726355,0.0,0.0,4.097299972945431,-15.0709270738,0.0,0.0,1.7137488220036188,0.0,-0.0004821261599104511,0.0,0.06554364485157674,-0.006725025927498282,0.21756471811003397,0.0,0.0,0.0
4410.0,9.580178624478988,5.810916913216604,0.0,0.0,-0.00013388438547611578,0.0,0.0,4.097165991799403,-15.0709270738,0.0,0.0,1.7137509214172013,0.0,-0.00048144374551294203,0.0,0.06554287139226286,-0.006726632179513317,0.21756128288879795,0.0,0.0,0.0
4411.0,9.58020313435189,5.810785305652571,0.0,0.0,-0.00013367041822611274,0.0,0.0,4.09703221235247,-15.0709270738,0.0,0.0,1.7137530933001006,0.0,-0.0004806730967298131,0.0,0.06554209936729875,-0.00672823259915499,0.21755784846080606,0.0,0.0,0.0
4412.0,9.580227944070327,5.810653996559155,0.0,0.0,-0.00013343190446249702,0.0,0.0,4.096898659145171,-15.0709270738,0.0,0.0,1.7137553374139838,0.0,-0.0004798141688870946,0.0,0.06554132891889315,-0.006729826885729359,0.21755441544704207,0.0,0.0,0.0
4413.0,9.580253049793203,5.81052301023553,0.0,0.0,-0.00013316883589988495,0.0,0.0,4.096765356728527,-15.0709270738,0.0,0.0,1.7137576535070025,0.0,-0.000478866933149544,0.0,0.06554056018926763,-0.006731414739020142,0.21755098446953325,0.0,0.0,0.0
4414.0,9.580278447618019,5.810392370973451,0.0,0.0,-0.0001328812086628643,0.0,0.0,4.096632329659645,-15.0709270738,0.0,0.0,1.7137600413138063,0.0,-0.00047783137655814807,0.0,0.06553979332063102,-0.006732995859343727,0.2175475561512404,0.0,0.0,0.0
4415.0,9.58030413358144,5.810262103052864,0.0,0.0,-0.00013256902329581783,0.0,0.0,4.096499602497294,-15.0709270738,0.0,0.0,1.7137625005555694,0.0,-0.0004767075020648249,0.0,0.0655390284551537,-0.006734569947604352,0.2175441311159473,0.0,0.0,0.0
4416.0,9.580330103659874,5.810132230737493,0.0,0.0,-0.00013223228477196816,0.0,0.0,4.096367199797489,-15.0709270738,0.0,0.0,1.7137650309400048,0.0,-0.0004754953285643102,0.0,0.06553826573494191,-0.006736136705349047,0.21754070998814987,0.0,0.0,0.0
4417.0,9.58035635377008,5.8100027782704435,0.0,0.0,-0.00013187100250164547,0.0,0.0,4.096235146109049,-15.0709270738,0.0,0.0,1.7137676321613942,0.0,-0.00047419489092323107,0.0,0.06553750530201194,-0.006737695834822893,0.21753729339294497,0.0,0.0,0.0
4418.0,9.580382879769768,5.809873769869777,0.0,0.0,-0.00013148519033976978,0.0,0.0,4.096103465969166,-15.0709270738,0.0,0.0,1.7137703039006116,0.0,-0.0004728062400063414,0.0,0.06553674729826431,-0.006739247039024163,0.21753388195591888,0.0,0.0,0.0
4419.0,9.580409677458224,5.8097452297241015,0.0,0.0,-0.00013107486659254738,0.0,0.0,4.095972183898948,-15.0709270738,0.0,0.0,1.7137730458251532,0.0,-0.00047132944269991507,0.0,0.06553599186545807,-0.006740790021759216,0.21753047630303568,0.0,0.0,0.0
4420.0,9.58043674257694,5.809617181988144,0.0,0.0,-0.00013064005402337901,0.0,0.0,4.095841324398971,-15.0709270738,0.0,0.0,1.713775857589173,0.0,-0.00046976458193229007,0.0,0.06553523914518472,-0.00674232448769764,0.21752707706052465,0.0,0.0,0.0
4421.0,9.580464070810255,5.809489650778325,0.0,0.0,-0.0001301807798579749,0.0,0.0,4.095710911944816,-15.0709270738,0.0,0.0,1.7137787388335086,0.0,-0.00046811175669154683,0.0,0.06553448927884252,-0.006743850142427274,0.21752368485476806,0.0,0.0,0.0
4422.0,9.58049165778602,5.809362660168333,0.0,0.0,-0.00012969707578867806,0.0,0.0,4.095580970982605,-15.0709270738,0.0,0.0,1.7137816891857272,0.0,-0.0004663710820403235,0.0,0.06553374240761048,-0.006745366692509067,0.21752030031218866,0.0,0.0,0.0
4423.0,9.580519499076255,5.809236234184693,0.0,0.0,-0.00012918897797798882,0.0,0.0,4.095451525924535,-15.0709270738,0.0,0.0,1.7137847082601585,0.0,-0.00046454268912774865,0.0,0.06553299867242247,-0.006746873845532089,0.2175169240591365,0.0,0.0,0.0
4424.0,9.580547590197835,5.80911039680234,0.0,0.0,-0.0001286565270612935,0.0,0.0,4.095322601144401,-15.0709270738,0.0,0.0,1.7137877956579386,0.0,-0.0004626267251984955,0.0,0.06553225821394129,-0.0067483713101682136,0.21751355672177575,0.0,0.0,0.0
4425.0,9.580575926613177,5.808985171940183,0.0,0.0,-0.00012809976814878843,0.0,0.0,4.095194220973128,-15.0709270738,0.0,0.0,1.7137909509670548,0.0,-0.0004606233535989324,0.0,0.06553152117253269,-0.006749858796226943,0.21751019892597154,0.0,0.0,0.0
4426.0,9.58060450373094,5.808860583456681,0.0,0.0,-0.00012751875082660482,0.0,0.0,4.09506640969429,-15.0709270738,0.0,0.0,1.7137941737623912,0.0,-0.0004585327537803881,0.0,0.06553078768823956,-0.006751336014709994,0.21750685129717617,0.0,0.0,0.0
4427.0,9.580633316906743,5.808736655145418,0.0,0.0,-0.00012691352915712644,0.0,0.0,4.09493919153964,-15.0709270738,0.0,0.0,1.7137974636057773,0.0,-0.00045635512129949977,0.0,0.06553005790075583,-0.006752802677865877,0.2175035144603159,0.0,0.0,0.0
4428.0,9.580662361443881,5.808613410730668,0.0,0.0,-0.00012628416167850365,0.0,0.0,4.094812590684628,-15.0709270738,0.0,0.0,1.71380082004604,0.0,-0.0004540906678156643,0.0,0.06552933194940072,-0.006754258499244284,0.2175001890396763,0.0,0.0,0.0
4429.0,9.580691632594066,5.808490873862989,0.0,0.0,-0.00012563071140335783,0.0,0.0,4.094686631243931,-15.0709270738,0.0,0.0,1.7138042426190578,0.0,-0.0004517396210855641,0.0,0.06552860997309272,-0.006755703193750406,0.21749687565878914,0.0,0.0,0.0
4430.0,9.580721125558169,5.808369068114791,0.0,0.0,-0.00012495324581667915,0.0,0.0,4.094561337266975,-15.0709270738,0.0,0.0,1.7138077308478161,0.0,-0.000449302224954785,0.0,0.06552789211032371,-0.006757136477699155,0.21749357494031774,0.0,0.0,0.0
4431.0,9.580750835486976,5.808248016975933,0.0,0.0,-0.00012425183687291073,0.0,0.0,4.094436732733467,-15.0709270738,0.0,0.0,1.7138112842424666,0.0,-0.00044677873934649765,0.0,0.06552717849913318,-0.0067585580688691305,0.21749028750594307,0.0,0.0,0.0
4432.0,9.580780757481959,5.808127743849316,0.0,0.0,-0.00012352656099222487,0.0,0.0,4.094312841548924,-15.0709270738,0.0,0.0,1.713814902300392,0.0,-0.0004441694402472251,0.0,0.06552646927708232,-0.006759967686556456,0.21748701397624962,0.0,0.0,0.0
4433.0,9.580810886596048,5.808008272046478,0.0,0.0,-0.00012277749905598224,0.0,0.0,4.094189687540217,-15.0709270738,0.0,0.0,1.713818584506261,0.0,-0.0004414746196896646,0.0,0.0655257645812282,-0.006761365051628679,0.21748375497061095,0.0,0.0,0.0
4434.0,9.58084121783442,5.807889624783205,0.0,0.0,-0.00012200473640138591,0.0,0.0,4.094067294451102,-15.0709270738,0.0,0.0,1.7138223303321034,0.0,-0.00043869458573260575,0.0,0.06552506454809812,-0.006762749886578087,0.21748051110707564,0.0,0.0,0.0
4435.0,9.5808717461553,5.807771825175148,0.0,0.0,-0.00012120836281531416,0.0,0.0,4.093945685937774,-15.0709270738,0.0,0.0,1.7138261392373737,0.0,-0.0004358296624378891,0.0,0.06552436931366372,-0.00676412191557528,0.21747728300225283,0.0,0.0,0.0
4436.0,9.580902466470764,5.807654896233444,0.0,0.0,-0.00012038847252734307,0.0,0.0,4.093824885564421,-15.0709270738,0.0,0.0,1.7138300106690236,0.0,-0.00043288018984444427,0.0,0.06552367901331546,-0.006765480864522139,0.2174740712711983,0.0,0.0,0.0
4437.0,9.580933373647566,5.807538860860355,0.0,0.0,-0.00011954516420195223,0.0,0.0,4.093704916798781,-15.0709270738,0.0,0.0,1.713833944061574,0.0,-0.0004298465239393853,0.0,0.06552299378183692,-0.006766826461105033,0.2174708765272999,0.0,0.0,0.0
4438.0,9.580964462507954,5.807423741844907,0.0,0.0,-0.00011867854092991717,0.0,0.0,4.093585803007715,-15.0709270738,0.0,0.0,1.7138379388371927,0.0,-0.000426729036626176,0.0,0.06552231375337922,-0.006768158434847321,0.21746769938216376,0.0,0.0,0.0
4439.0,9.580995727830517,5.8073095618585535,0.0,0.0,-0.00011778871021888805,0.0,0.0,4.093467567452783,-15.0709270738,0.0,0.0,1.7138419944057706,0.0,-0.0004235281156898638,0.0,0.06552163906143557,-0.006769476517162101,0.2174645404455,0.0,0.0,0.0
4440.0,9.581027164351031,5.807196343450838,0.0,0.0,-0.00011687578398315076,0.0,0.0,4.093350233285834,-15.0709270738,0.0,0.0,1.7138461101650035,0.0,-0.00042024416475937103,0.0,0.06552096983881578,-0.006770780441404403,0.2174614003250091,0.0,0.0,0.0
4441.0,9.581058766763311,5.807084109045078,0.0,0.0,-0.00011593987853257515,0.0,0.0,4.093233823544604,-15.0709270738,0.0,0.0,1.7138502855004747,0.0,-0.00041687760326685874,0.0,0.06552030621762092,-0.006772069942923287,0.21745827962626774,0.0,0.0,0.0
4442.0,9.581090529720086,5.806972880934063,0.0,0.0,-0.00011498111456074998,0.0,0.0,4.093118361148325,-15.0709270738,0.0,0.0,1.7138545197857376,0.0,-0.00041342886640416307,0.0,0.06551964832921801,-0.006773344759113606,0.21745517895261543,0.0,0.0,0.0
4443.0,9.581122447833867,5.806862681275758,0.0,0.0,-0.00011399961713229971,0.0,0.0,4.09300386889335,-15.0709270738,0.0,0.0,1.7138588123824086,0.0,-0.0004098984050762883,0.0,0.06551899630421483,-0.0067746046294677315,0.21745209890504089,0.0,0.0,0.0
4444.0,9.581154515677834,5.806753532089038,0.0,0.0,-0.00011299551566939608,0.0,0.0,4.092890369448787,-15.0709270738,0.0,0.0,1.7138631626402514,0.0,-0.00040628668585200253,0.0,0.06551835027243476,-0.006775849295626579,0.21744904008206892,0.0,0.0,0.0
4445.0,9.581186727786733,5.806645455249423,0.0,0.0,-0.00011196894393745038,0.0,0.0,4.092777885352149,-15.0709270738,0.0,0.0,1.7138675698972738,0.0,-0.00040259419091148577,0.0,0.06551771036289175,-0.006777078501430792,0.217446003079647,0.0,0.0,0.0
4446.0,9.581219078657776,5.806538472484836,0.0,0.0,-0.00011092004002999833,0.0,0.0,4.0926664390050185,-15.0709270738,0.0,0.0,1.7138720334798174,0.0,-0.0003988214179910758,0.0,0.06551707670376543,-0.006778291992971461,0.21744298849103283,0.0,0.0,0.0
4447.0,9.581251562751552,5.806432605371385,0.0,0.0,-0.00010984894635277358,0.0,0.0,4.092556052668726,-15.0709270738,0.0,0.0,1.7138765527026587,0.0,-0.0003949688803250953,0.0,0.06551644942237612,-0.0067794895186403525,0.21743999690668137,0.0,0.0,0.0
4448.0,9.581284174492948,5.806327875329155,0.0,0.0,-0.00010875580960697197,0.0,0.0,4.092446748460049,-15.0709270738,0.0,0.0,1.713881126869106,0.0,-0.00039103710658477167,0.0,0.0655158286451603,-0.006780670829180255,0.2174370289141327,0.0,0.0,0.0
4449.0,9.581316908272079,5.806224303618023,0.0,0.0,-0.00010764078077170949,0.0,0.0,4.092338548346922,-15.0709270738,0.0,0.0,1.713885755271101,0.0,-0.00038702664081425773,0.0,0.06551521449764577,-0.006781835677734618,0.21743408509789997,0.0,0.0,0.0
4450.0,9.581349758445217,5.806121911333492,0.0,0.0,-0.00010650401508567336,0.0,0.0,4.09223147414417,-15.0709270738,0.0,0.0,1.7138904371893222,0.0,-0.00038293804236375496,0.0,0.06551460710442727,-0.006782983819896976,0.2174311660393578,0.0,0.0,0.0
4451.0,9.581382719335748,5.8060207194025475,0.0,0.0,-0.00010534567202797049,0.0,0.0,4.092125547509255,-15.0709270738,0.0,0.0,1.7138951718932924,0.0,-0.0003787718858197519,0.0,0.06551400658914203,-0.0067841150137602085,0.21742827231663053,0.0,0.0,0.0
4452.0,9.581415785235114,5.805920748579536,0.0,0.0,-0.00010416591529817135,0.0,0.0,4.092020789938051,-15.0709270738,0.0,0.0,1.713899958641485,0.0,-0.0003745287609323747,0.0,0.06551341307444541,-0.006785229019965158,0.21742540450448167,0.0,0.0,0.0
4453.0,9.581448950403779,5.805822019442062,0.0,0.0,-0.00010296491279555507,0.0,0.0,4.091917222760629,-15.0709270738,0.0,0.0,1.7139047966814331,0.0,-0.0003702092725398688,0.0,0.06551282668198694,-0.006786325601749105,0.21742256317420283,0.0,0.0,0.0
4454.0,9.581482209072194,5.805724552386918,0.0,0.0,-0.00010174283659755644,0.0,0.0,4.091814867137071,-15.0709270738,0.0,0.0,1.7139096852498472,0.0,-0.000365814040490216,0.0,0.06551224753238608,-0.0067874045249938925,0.21741974889350382,0.0,0.0,0.0
4455.0,9.581515555441776,5.805628367626024,0.0,0.0,-0.00010049986293741486,0.0,0.0,4.0917137440533,-15.0709270738,0.0,0.0,1.713914623572724,0.0,-0.00036134369955988753,0.0,0.06551167574520848,-0.006788465558273435,0.2174169622264025,0.0,0.0,0.0
4456.0,9.58154898368589,5.805533485182407,0.0,0.0,-9.92361721810328e-05,0.0,0.0,4.09161387431694,-15.0709270738,0.0,0.0,1.7139196108654664,0.0,-0.0003567988993697613,0.0,0.0655111114389422,-0.006789508472901135,0.21741420373311562,0.0,0.0,0.0
4457.0,9.581582487950836,5.805439924886193,0.0,0.0,-9.795194880304111e-05,0.0,0.0,4.0915152785531905,-15.0709270738,0.0,0.0,1.7139246463330027,0.0,-0.0003521803042981934,0.0,0.06551055473097407,-0.006790533042976693,0.21741147396994975,0.0,0.0,0.0
4458.0,9.58161606235685,5.805347706370638,0.0,0.0,-9.664738136207691e-05,0.0,0.0,4.0914179772007335,-15.0709270738,0.0,0.0,1.7139297291699043,0.0,-0.0003474885933912667,0.0,0.06551000573756625,-0.006791539045432643,0.21740877348919296,0.0,0.0,0.0
4459.0,9.581649700999106,5.805256849068175,0.0,0.0,-9.532266247527625e-05,0.0,0.0,4.09132199050766,-15.0709270738,0.0,0.0,1.7139348585605152,0.0,-0.0003427244602702235,0.0,0.065509464573833,-0.006792526260080367,0.21740610283900674,0.0,0.0,0.0
4460.0,9.581683397948728,5.805167372206498,0.0,0.0,-9.397798879198569e-05,0.0,0.0,4.091227338527426,-15.0709270738,0.0,0.0,1.713940033679072,0.0,-0.0003378886130360985,0.0,0.06550893135371746,-0.006793494469655825,0.2174034625633186,0.0,0.0,0.0
4461.0,9.581717147253805,5.805079294804666,0.0,0.0,-9.261356096669037e-05,0.0,0.0,4.091134041114834,-15.0709270738,0.0,0.0,1.7139452536898325,0.0,-0.0003329817741715446,0.0,0.06550840618996873,-0.006794443459864685,0.21740085320171518,0.0,0.0,0.0
4462.0,9.581750942940419,5.8049926356692465,0.0,0.0,-9.122958363117253e-05,0.0,0.0,4.09104211792204,-15.0709270738,0.0,0.0,1.7139505177472065,0.0,-0.0003280046804399012,0.0,0.06550788919411898,-0.006795373019427217,0.21739827528933603,0.0,0.0,0.0
4463.0,9.581784779013667,5.80490741339048,0.0,0.0,-8.982626536589288e-05,0.0,0.0,4.090951588394592,-15.0709270738,0.0,0.0,1.713955824995888,0.0,-0.00032295808278147886,0.0,0.06550738047646096,-0.006796282940122467,0.21739572935676774,0.0,0.0,0.0
4464.0,9.581818649458706,5.804823646338482,0.0,0.0,-8.840381867060535e-05,0.0,0.0,4.090862471767495,-15.0709270738,0.0,0.0,1.7139611745709873,0.0,-0.0003178427462070993,0.0,0.06550688014602543,-0.006797173016832261,0.2173932159299388,0.0,0.0,0.0
4465.0,9.581852548241786,5.804741352659472,0.0,0.0,-8.696245993420423e-05,0.0,0.0,4.090774787061307,-15.0709270738,0.0,0.0,1.7139665655981648,0.0,-0.00031265944968888695,0.0,0.0655063883105589,-0.006798043047584579,0.2173907355300151,0.0,0.0,0.0
4466.0,9.581886469311305,5.804660550272041,0.0,0.0,-8.550240940381477e-05,0.0,0.0,4.090688553078267,-15.0709270738,0.0,0.0,1.7139719971937746,0.0,-0.0003074089860483528,0.0,0.06550590507650154,-0.006798892833596415,0.21738828867329626,0.0,0.0,0.0
4467.0,9.581920406598856,5.804581256863445,0.0,0.0,-8.402389115312314e-05,0.0,0.0,4.0906037883984485,-15.0709270738,0.0,0.0,1.7139774684649964,0.0,-0.0003020921618417567,0.0,0.06550543054896535,-0.006799722179316334,0.217385875871112,0.0,0.0,0.0
4468.0,9.581954354020288,5.804503489885938,0.0,0.0,-8.252713304995313e-05,0.0,0.0,4.090520511375953,-15.0709270738,0.0,0.0,1.7139829785099847,0.0,-0.00029670979724277503,0.0,0.06550496483171235,-0.006800530892466294,0.21738349762971998,0.0,0.0,0.0
4469.0,9.581988305476766,5.804427266553136,0.0,0.0,-8.101236672309753e-05,0.0,0.0,4.090438740135131,-15.0709270738,0.0,0.0,1.7139885264180048,0.0,-0.0002912627259225032,0.0,0.06550450802713312,-0.006801318784083243,0.2173811544502038,0.0,0.0,0.0
4470.0,9.582022254855843,5.8043526038364215,0.0,0.0,-7.947982752840137e-05,0.0,0.0,4.090358492566837,-15.0709270738,0.0,0.0,1.7139941112695842,0.0,-0.00028575179492678195,0.0,0.06550406023622549,-0.006802085668559929,0.21737884682837205,0.0,0.0,0.0
4471.0,9.582056196032532,5.80427951846138,0.0,0.0,-7.792975451410856e-05,0.0,0.0,4.090279786324722,-15.0709270738,0.0,0.0,1.7139997321366582,0.0,-0.0002801778645508922,0.0,0.06550362155857348,-0.0068028313636853965,0.21737657525465762,0.0,0.0,0.0
4472.0,9.58209012287038,5.804208026904271,0.0,0.0,-7.636239038547185e-05,0.0,0.0,4.090202638821554,-15.0709270738,0.0,0.0,1.7140053880827164,0.0,-0.00027454180821161656,0.0,0.06550319209232633,-0.006803555690684901,0.21737434021401858,0.0,0.0,0.0
4473.0,9.582124029222552,5.804138145388544,0.0,0.0,-7.477798146863392e-05,0.0,0.0,4.090127067225587,-15.0709270738,0.0,0.0,1.7140110781629572,0.0,-0.0002688445123166968,0.0,0.06550277193417789,-0.006804258474259153,0.217372142185839,0.0,0.0,0.0
4474.0,9.58215790893292,5.8040698898813865,0.0,0.0,-7.317677767378388e-05,0.0,0.0,4.0900530884569495,-15.0709270738,0.0,0.0,1.714016801424437,0.0,-0.00026308687613170315,0.0,0.06550236117934614,-0.006804939542623317,0.21736998164383098,0.0,0.0,0.0
4475.0,9.582191755837151,5.804003276090314,0.0,0.0,-7.155903245759057e-05,0.0,0.0,4.089980719184085,-15.0709270738,0.0,0.0,1.7140225569062286,0.0,-0.0002572698116443216,0.0,0.06550195992155299,-0.00680559872754509,0.21736785905593764,0.0,0.0,0.0
4476.0,9.582225563763796,5.8039383194597995,0.0,0.0,-6.992500278492743e-05,0.0,0.0,4.089909975820225,-15.0709270738,0.0,0.0,1.7140283436395745,0.0,-0.0002513942434261121,0.0,0.06550156825300422,-0.006806235864382559,0.21736577488423658,0.0,0.0,0.0
4477.0,9.582259326535395,5.803875035167943,0.0,0.0,-6.82749490898843e-05,0.0,0.0,4.089840874519894,-15.0709270738,0.0,0.0,1.7140341606480485,0.0,-0.00024546110849172145,0.0,0.06550118626436982,-0.006806850792121247,0.21736372958484457,0.0,0.0,0.0
4478.0,9.582293037969576,5.8038134381231785,0.0,0.0,-6.660913523607359e-05,0.0,0.0,4.089773431175469,-15.0709270738,0.0,0.0,1.7140400069477097,0.0,-0.00023947135615557874,0.0,0.06550081404476434,-0.006807443353410769,0.2173617236078227,0.0,0.0,0.0
4479.0,9.582326691880155,5.80375354296103,0.0,0.0,-6.492782847624484e-05,0.0,0.0,4.089707661413762,-15.0709270738,0.0,0.0,1.7140458815472686,0.0,-0.0002334259478861243,0.0,0.06550045168172762,-0.006808013394600673,0.21735975739708285,0.0,0.0,0.0
4480.0,9.582360282078248,5.803695364040906,0.0,0.0,-6.323129941120112e-05,0.0,0.0,4.089643580592655,-15.0709270738,0.0,0.0,1.7140517834482507,0.0,-0.00022732585715754775,0.0,0.0655000992612058,-0.006808560765776003,0.21735783139029474,0.0,0.0,0.0
4481.0,9.582393802373382,5.803638915442933,0.0,0.0,-6.151982194803542e-05,0.0,0.0,4.089581203797775,-15.0709270738,0.0,0.0,1.7140577116451583,0.0,-0.000221172069299103,0.0,0.0654997568675325,-0.006809085320792038,0.2173559460187943,0.0,0.0,0.0
4482.0,9.582427246574603,5.803584210964841,0.0,0.0,-5.979367325768045e-05,0.0,0.0,4.089520545839204,-15.0709270738,0.0,0.0,1.7140636651256367,0.0,-0.00021496558134197511,0.0,0.06549942458341018,-0.006809586917308347,0.21735410170749242,0.0,0.0,0.0
4483.0,9.582460608491596,5.803531264118887,0.0,0.0,-5.805313373179199e-05,0.0,0.0,4.08946162124824,-15.0709270738,0.0,0.0,1.7140696428706468,0.0,-0.0002087074018637734,0.0,0.06549910248989199,-0.006810065416822608,0.2173522988747852,0.0,0.0,0.0
4484.0,9.582493881935799,5.803480088128827,0.0,0.0,-5.6298486938958416e-05,0.0,0.0,4.089404444274198,-15.0709270738,0.0,0.0,1.7140756438546294,0.0,-0.0002023985508306231,0.0,0.06549879066636362,-0.00681052068470335,0.217350537932465,0.0,0.0,0.0
4485.0,9.582527060721524,5.803430695926932,0.0,0.0,-5.453001958025434e-05,0.0,0.0,4.089349028881252,-15.0709270738,0.0,0.0,1.7140816670456793,0.0,-0.0001960400594369221,0.0,0.06549848919052559,-0.006810952590222463,0.2173488192856325,0.0,0.0,0.0
4486.0,9.582560138667086,5.803383100151048,0.0,0.0,-5.274802144413774e-05,0.0,0.0,4.089295388745331,-15.0709270738,0.0,0.0,1.7140877114057167,0.0,-0.00018963296994275997,0.0,0.06549819813837567,-0.006811361006586719,0.21734714333260963,0.0,0.0,0.0
4487.0,9.582593109595912,5.803337313141709,0.0,0.0,-5.0952785360699504e-05,0.0,0.0,4.089243537251047,-15.0709270738,0.0,0.0,1.714093775890662,0.0,-0.00018317833550903197,0.0,0.06549791758419177,-0.006811745810968939,0.2173455104648538,0.0,0.0,0.0
4488.0,9.582625967337679,5.803293346939294,0.0,0.0,-4.914460715527554e-05,0.0,0.0,4.089193487488683,-15.0709270738,0.0,0.0,1.7140998594506112,0.0,-0.0001766772200302851,0.0,0.06549764760051482,-0.006812106884538441,0.21734392106687303,0.0,0.0,0.0
4489.0,9.582658705729433,5.8032512132812295,0.0,0.0,-4.73237856014208e-05,0.0,0.0,4.089145252251218,-15.0709270738,0.0,0.0,1.7141059610300111,0.0,-0.00017013069796529371,0.0,0.06549738825813227,-0.006812444112490712,0.21734237551614222,0.0,0.0,0.0
4490.0,9.58269131861672,5.803210923599244,0.0,0.0,-4.549062237326083e-05,0.0,0.0,4.089098844031404,-15.0709270738,0.0,0.0,1.7141120795678404,0.0,-0.0001635398541654222,0.0,0.06549713962606149,-0.00681275738407644,0.21734087418302053,0.0,0.0,0.0
4491.0,9.58272379985471,5.803172489016674,0.0,0.0,-4.364542199722147e-05,0.0,0.0,4.089054275018886,-15.0709270738,0.0,0.0,1.7141182139977884,0.0,-0.00015690578370077584,0.0,0.06549690177153383,-0.006813046592630129,0.21733941743066973,0.0,0.0,0.0
4492.0,9.582756143309334,5.803135920345815,0.0,0.0,-4.178849180315085e-05,0.0,0.0,4.089011557097379,-15.0709270738,0.0,0.0,1.7141243632484358,0.0,-0.00015022959168419232,0.0,0.06549667475997867,-0.00681331163559766,0.21733800561497393,0.0,0.0,0.0
4493.0,9.582788342858406,5.803101228085323,0.0,0.0,-3.992014187483208e-05,0.0,0.0,4.0889707018418875,-15.0709270738,0.0,0.0,1.7141305262434354,0.0,-0.000143512393093068,0.0,0.0654964586550079,-0.00681355241456344,0.21733663908446027,0.0,0.0,0.0
4494.0,9.582820392392753,5.803068422417674,0.0,0.0,-3.804068499990412e-05,0.0,0.0,4.0889317205159745,-15.0709270738,0.0,0.0,1.7141367019016993,0.0,-0.00013675531258908164,0.0,0.06549625351840077,-0.006813768835276832,0.21733531818022067,0.0,0.0,0.0
4495.0,9.582852285817351,5.803037513206666,0.0,0.0,-3.615043661919096e-05,0.0,0.0,4.088894624069085,-15.0709270738,0.0,0.0,1.7141428891375812,0.0,-0.00012995948433581705,0.0,0.06549605941008883,-0.006813960807677766,0.21733404323583505,0.0,0.0,0.0
4496.0,9.582884017052448,5.803008509994981,0.0,0.0,-3.424971477545055e-05,0.0,0.0,4.088859423133918,-15.0709270738,0.0,0.0,1.7141490868610623,0.0,-0.0001231260518143255,0.0,0.06549587638814135,-0.006814128245921688,0.21733281457729564,0.0,0.0,0.0
4497.0,9.5829155800347,5.802981422001792,0.0,0.0,-3.233884006155311e-05,0.0,0.0,4.088826128023852,-15.0709270738,0.0,0.0,1.7141552939779396,0.0,-0.00011625616763666312,0.0,0.06549570450875095,-0.006814271068404015,0.21733163252293236,0.0,0.0,0.0
4498.0,9.58294696871829,5.802956258120433,0.0,0.0,-3.0418135568091372e-05,0.0,0.0,4.088794748730416,-15.0709270738,0.0,0.0,1.7141615093900162,0.0,-0.00010935099335741228,0.0,0.06549554382621964,-0.006814389197783488,0.21733049738333945,0.0,0.0,0.0
4499.0,9.582978177076066,5.802933026916111,0.0,0.0,-2.8487926830436448e-05,0.0,0.0,4.088765294920824,-15.0709270738,0.0,0.0,1.7141677319952864,0.0,-0.0001024116992832369,0.0,0.06549539439294498,-0.006814482561005197,0.21732940946130364,0.0,0.0,0.0
4500.0,9.583009199100669,5.802911736623684,0.0,0.0,-2.6548541775245303e-05,0.0,0.0,4.088737775935554,-15.0709270738,0.0,0.0,1.7141739606881297,0.0,-9.543946428049265e-05,0.0,0.0654952562594068,-0.006814551089322607,0.2173283690517332,0.0,0.0,0.0
4501.0,9.583040028805648,5.802892395145485,0.0,0.0,-2.4600310666427264e-05,0.0,0.0,4.0887122007859835,-15.0709270738,0.0,0.0,1.7141801943595016,0.0,-8.843547558091985e-05,0.0,0.06549512947415409,-0.006814594718319036,0.21732737644158834,0.0,0.0,0.0
4502.0,9.583070660226596,5.802875010049206,0.0,0.0,-2.2643566050581723e-05,0.0,0.0,4.088688578152081,-15.0709270738,0.0,0.0,1.714186431897125,0.0,-8.14009285854619e-05,0.0,0.06549501408379212,-0.00681461338792827,0.21732643190981327,0.0,0.0,0.0
4503.0,9.58310108742227,5.802859588565837,0.0,0.0,-2.0678642701911094e-05,0.0,0.0,4.08866691638015,-15.0709270738,0.0,0.0,1.7141926721856864,0.0,-7.433702666622481e-05,0.0,0.06549491013297015,-0.006814607042454554,0.21732553572726893,0.0,0.0,0.0
4504.0,9.583131304475707,5.802846137587658,0.0,0.0,-1.8705877566620962e-05,0.0,0.0,4.0886472234806295,-15.0709270738,0.0,0.0,1.7141989141070288,0.0,-6.724498096662032e-05,0.0,0.06549481766436925,-0.006814575630591652,0.2173246881566676,0.0,0.0,0.0
4505.0,9.583161305495354,5.802834663666296,0.0,0.0,-1.6725609706817023e-05,0.0,0.0,4.088629507125948,-15.0709270738,0.0,0.0,1.7142051565403476,0.0,-6.0126010199727395e-05,0.0,0.06549473671869051,-0.006814519105441466,0.21732388945250858,0.0,0.0,0.0
4506.0,9.583191084616175,5.802825173010827,0.0,0.0,-1.4738180243903346e-05,0.0,0.0,4.088613774648439,-15.0709270738,0.0,0.0,1.7142113983623881,0.0,-5.298134044488855e-05,0.0,0.06549466733464357,-0.006814437424531569,0.2173231398610151,0.0,0.0,0.0
4507.0,9.583220636000773,5.80281767148595,0.0,0.0,-1.2743932301496107e-05,0.0,0.0,4.0886000330383085,-15.0709270738,0.0,0.0,1.714217638447641,0.0,-4.581220494259165e-05,0.0,0.06549460954893555,-0.006814330549832229,0.21732243962007308,0.0,0.0,0.0
4508.0,9.583249953840498,5.802812164610204,0.0,0.0,-1.0743210947860857e-05,0.0,0.0,4.088588288941661,-15.0709270738,0.0,0.0,1.7142238756685426,0.0,-3.861984388766643e-05,0.0,0.06549456339626021,-0.006814198447772507,0.21732178895917054,0.0,0.0,0.0
4509.0,9.583279032356563,5.802808657554257,0.0,0.0,-8.7363631378772e-06,0.0,0.0,4.088578548658585,-15.0709270738,0.0,0.0,1.7142301088956717,0.0,-3.1405504220809536e-05,0.0,0.06549452890928759,-0.006814041089255707,0.21732118809933906,0.0,0.0,0.0
4510.0,9.583307865801142,5.802807155139247,0.0,0.0,-6.723737654551013e-06,0.0,0.0,4.088570818141296,-15.0709270738,0.0,0.0,1.714236336997951,0.0,-2.4170439418510578e-05,0.0,0.06549450611865379,-0.006813858449673943,0.21732063725309628,0.0,0.0,0.0
4511.0,9.58333644845848,5.802807661835182,0.0,0.0,-4.705685050071611e-06,0.0,0.0,4.0885651029923356,-15.0709270738,0.0,0.0,1.7142425588428463,0.0,-1.6915909281369667e-05,0.0,0.06549449505295135,-0.006813650508922034,0.21732013662438993,0.0,0.0,0.0
4512.0,9.583364774645991,5.802810181759403,0.0,0.0,-2.6825575864347185e-06,0.0,0.0,4.088561408462834,-15.0709270738,0.0,0.0,1.7142487732965694,0.0,-9.643179720881471e-06,0.0,0.06549449573871972,-0.006813417251410561,0.21731968640854313,0.0,0.0,0.0
4513.0,9.583392838715353,5.802814718675107,0.0,0.0,-6.547091756317635e-07,0.0,0.0,4.0885597394508295,-15.0709270738,0.0,0.0,1.7142549792242772,0.0,-2.3535225446875977e-06,0.0,0.0654945082004363,-0.0068131586660781646,0.21731928679220158,0.0,0.0,0.0
4514.0,9.583420635053603,5.802821275989926,0.0,0.0,1.3775046805789195e-06,0.0,0.0,4.088560100499648,-15.0709270738,0.0,0.0,1.714261175490278,0.0,4.951784759646872e-06,0.0,0.06549453246050768,-0.006812874746402964,0.2173189379532815,0.0,0.0,0.0
4515.0,9.583448158084224,5.802829856754574,0.0,0.0,3.4137269513131105e-06,0.0,0.0,4.088562495796345,-15.0709270738,0.0,0.0,1.714267360958229,0.0,1.2271459242311593e-05,0.0,0.0654945685392613,-0.006812565490413369,0.21731864006091967,0.0,0.0,0.0
4516.0,9.583475402268228,5.802840463661551,0.0,0.0,5.45359913759867e-06,0.0,0.0,4.088566929170205,-15.0709270738,0.0,0.0,1.7142735344913458,0.0,1.9604212710329216e-05,0.0,0.06549461645493751,-0.006812230900697908,0.21731839327542465,0.0,0.0,0.0
4517.0,9.58350236210524,5.802853099043907,0.0,0.0,7.496761333803898e-06,0.0,0.0,4.0885734040913055,-15.0709270738,0.0,0.0,1.7142796949526016,0.0,2.694875194801024e-05,0.0,0.06549467622368181,-0.006811870984414395,0.21731819774822952,0.0,0.0,0.0
4518.0,9.583529032134571,5.802867764874076,0.0,0.0,9.542852289449368e-06,0.0,0.0,4.088581923669141,-15.0709270738,0.0,0.0,1.7142858412049353,0.0,3.430377893875978e-05,0.0,0.0654947478595377,-0.006811485753298194,0.21731805362184609,0.0,0.0,0.0
4519.0,9.583555406936286,5.802884462762763,0.0,0.0,1.159150947138542e-05,0.0,0.0,4.088592490651307,-15.0709270738,0.0,0.0,1.7142919721114556,0.0,4.166799108817241e-05,0.0,0.06549483137443973,-0.00681107522366968,0.21731796102982076,0.0,0.0,0.0
4520.0,9.583581481132274,5.802903193957897,0.0,0.0,1.3642369126331026e-05,0.0,0.0,4.0886051074222545,-15.0709270738,0.0,0.0,1.714298086535643,0.0,4.904008144839992e-05,0.0,0.06549492677820695,-0.006810639416441083,0.2173179200966917,0.0,0.0,0.0
4521.0,9.583607249387304,5.802923959343654,0.0,0.0,1.5695066343759565e-05,0.0,0.0,4.088619776002093,-15.0709270738,0.0,0.0,1.7143041833415609,0.0,5.641873894374006e-05,0.0,0.0654950340785367,-0.006810178357122235,0.21731793093794782,0.0,0.0,0.0
4522.0,9.583632706410082,5.80294675943953,0.0,0.0,1.7749235119124103e-05,0.0,0.0,4.088636498045473,-15.0709270738,0.0,0.0,1.7143102613940577,0.0,6.380264859742018e-05,0.0,0.06549515328099889,-0.00680969207582563,0.21731799365998905,0.0,0.0,0.0
4523.0,9.583657846954297,5.802971594399492,0.0,0.0,1.9804508417410178e-05,0.0,0.0,4.088655274840517,-15.0709270738,0.0,0.0,1.714316319558975,0.0,7.119049175953269e-05,0.0,0.06549528438903046,-0.006809180607270801,0.2173181083600882,0.0,0.0,0.0
4524.0,9.58368266581967,5.802998464011179,0.0,0.0,2.1860518237006383e-05,0.0,0.0,4.088676107307825,-15.0709270738,0.0,0.0,1.714322356703354,0.0,7.858094633608776e-05,0.0,0.06549542740393038,-0.006808643990787608,0.21731827512635454,0.0,0.0,0.0
4525.0,9.58370715785298,5.803027367695182,0.0,0.0,2.3916895673878e-05,0.0,0.0,4.08869899599954,-15.0709270738,0.0,0.0,1.7143283716956423,0.0,8.597268701913072e-05,0.0,0.06549558232485493,-0.006808082270318927,0.21731849403769884,0.0,0.0,0.0
4526.0,9.583731317949113,5.803058304504374,0.0,0.0,2.5973270986040238e-05,0.0,0.0,4.088723941098474,-15.0709270738,0.0,0.0,1.7143343634059,0.0,9.336438551791183e-05,0.0,0.06549574914881338,-0.0068074954944225274,0.21731876516380005,0.0,0.0,0.0
4527.0,9.583755141052064,5.803091273123315,0.0,0.0,2.8029273658313535e-05,0.0,0.0,4.088750942417307,-15.0709270738,0.0,0.0,1.7143403307060083,0.0,0.00010075471079104603,0.0,0.06549592787066412,-0.006806883716271722,0.21731908856507348,0.0,0.0,0.0
4528.0,9.58377862215597,5.803126271867721,0.0,0.0,3.0084532467351246e-05,0.0,0.0,4.088779999397843,-15.0709270738,0.0,0.0,1.7143462724698777,0.0,0.00010814232927962801,0.0,0.06549611848311097,-0.006806246993655882,0.2173194642926406,0.0,0.0,0.0
4529.0,9.583801756306116,5.803163298683989,0.0,0.0,3.213867554693246e-05,0.0,0.0,4.0888111111103385,-15.0709270738,0.0,0.0,1.7143521875736507,0.0,0.00011552590514127691,0.0,0.0654963209767001,-0.00680558538897949,0.21731989238830057,0.0,0.0,0.0
4530.0,9.583824538599938,5.8032023511488005,0.0,0.0,3.419133045350363e-05,0.0,0.0,4.088844276252885,-15.0709270738,0.0,0.0,1.714358074895915,0.0,0.00012290410048505267,0.0,0.06549653533981725,-0.006804898969260717,0.21732037288450334,0.0,0.0,0.0
4531.0,9.58384696418802,5.803243426468782,0.0,0.0,3.6242124231963986e-05,0.0,0.0,4.088879493150874,-15.0709270738,0.0,0.0,1.714363933317908,0.0,0.00013027557560722598,0.0,0.0654967615586852,-0.006804187806129042,0.2173209058043242,0.0,0.0,0.0
4532.0,9.583869028275082,5.803286521480234,0.0,0.0,3.829068348167374e-05,0.0,0.0,4.08891675975651,-15.0709270738,0.0,0.0,1.7143697617237237,0.0,0.00013763898922782716,0.0,0.06549699961736183,-0.006803451975821953,0.21732149116144017,0.0,0.0,0.0
4533.0,9.583890726120964,5.803331632648925,0.0,0.0,4.033663442268629e-05,0.0,0.0,4.088956073648404,-15.0709270738,0.0,0.0,1.714375559000521,0.0,0.00014499299872797858,0.0,0.06549724949773848,-0.006802691559181187,0.217322128960108,0.0,0.0,0.0
4534.0,9.583912053041596,5.803378756069956,0.0,0.0,4.237960296218256e-05,0.0,0.0,4.088997432031224,-15.0709270738,0.0,0.0,1.7143813240387322,0.0,0.0001523362603879325,0.0,0.06549751117953864,-0.006801906641647523,0.2173228191951439,0.0,0.0,0.0
4535.0,9.58393300440996,5.8034278874676835,0.0,0.0,4.4419214761101145e-05,0.0,0.0,4.089040831735417,-15.0709270738,0.0,0.0,1.7143870557322662,0.0,0.0001596674296257922,0.0,0.06549778464031711,-0.0068010973132553165,0.21732356185190455,0.0,0.0,0.0
4536.0,9.583953575657059,5.803479022195716,0.0,0.0,4.645509530095208e-05,0.0,0.0,4.089086269216995,-15.0709270738,0.0,0.0,1.7143927529787204,0.0,0.00016698516123687298,0.0,0.06549806985545946,-0.0068002636686259055,0.21732435690627017,0.0,0.0,0.0
4537.0,9.583973762272851,5.803532155236974,0.0,0.0,4.848686995080151e-05,0.0,0.0,4.08913374055739,-15.0709270738,0.0,0.0,1.714398414679584,0.0,0.00017428810963365798,0.0,0.06549836679818205,-0.006799405806960188,0.21732520432462932,0.0,0.0,0.0
4538.0,9.583993559807201,5.803587281203819,0.0,0.0,5.051416403441745e-05,0.0,0.0,4.089183241463375,-15.0709270738,0.0,0.0,1.7144040397404439,0.0,0.00018157492908631387,0.0,0.06549867543953221,-0.006798523832030459,0.21732610406386477,0.0,0.0,0.0
4539.0,9.584012963870801,5.803644394338244,0.0,0.0,5.253660289756268e-05,0.0,0.0,4.089234767267051,-15.0709270738,0.0,0.0,1.714409627071193,0.0,0.00018884427396371716,0.0,0.06549899574838895,-0.0067976178521713115,0.21732705607134187,0.0,0.0,0.0
4540.0,9.584031970136103,5.803703488512141,0.0,0.0,5.455381197542583e-05,0.0,0.0,4.089288312925906,-15.0709270738,0.0,0.0,1.7144151755862342,0.0,0.00019609479897495907,0.0,0.0654993276914641,-0.006796687980269681,0.21732806028489798,0.0,0.0,0.0
4541.0,9.584050574338223,5.803764557227623,0.0,0.0,5.656541686017617e-05,0.0,0.0,4.089343873022935,-15.0709270738,0.0,0.0,1.714420684204688,0.0,0.00020332515941127796,0.0,0.06549967123330369,-0.006795734333754272,0.2173291166328338,0.0,0.0,0.0
4542.0,9.584068772275849,5.803827593617426,0.0,0.0,5.8571043368632706e-05,0.0,0.0,4.089401441766832,-15.0709270738,0.0,0.0,1.7144261518505948,0.0,0.00021053401138838585,0.0,0.06550002633628992,-0.006794757034583848,0.2173302250339067,0.0,0.0,0.0
4543.0,9.584086559812134,5.803892590445367,0.0,0.0,6.0570317610032666e-05,0.0,0.0,4.089461012992246,-15.0709270738,0.0,0.0,1.7144315774531202,0.0,0.00021772001208913622,0.0,0.06550039296064326,-0.0067937562092348636,0.21733138539732494,0.0,0.0,0.0
4544.0,9.58410393287558,5.803959540106875,0.0,0.0,6.256286605389096e-05,0.0,0.0,4.089522580160114,-15.0709270738,0.0,0.0,1.7144369599467604,0.0,0.000224881820006503,0.0,0.06550077106442524,-0.006792731988688239,0.21733259762274473,0.0,0.0,0.0
4545.0,9.584120887460912,5.8040284346295925,0.0,0.0,6.454831559793734e-05,0.0,0.0,4.089586136358048,-15.0709270738,0.0,0.0,1.7144422982715444,0.0,0.0002320180951868248,0.0,0.06550116060354143,-0.0067916845084151495,0.21733386160026796,0.0,0.0,0.0
4546.0,9.584137419629943,5.804099265674037,0.0,0.0,6.65262936361188e-05,0.0,0.0,4.089651674300802,-15.0709270738,0.0,0.0,1.7144475913732355,0.0,0.00023912749947326857,0.0,0.06550156153174488,-0.0067906139083622336,0.21733517721044224,0.0,0.0,0.0
4547.0,9.584153525512425,5.804172024534335,0.0,0.0,6.849642812665396e-05,0.0,0.0,4.089719186330798,-15.0709270738,0.0,0.0,1.7144528382035373,0.0,0.00024620869674946757,0.0,0.06550197380063993,-0.006789520332935783,0.21733654432426242,0.0,0.0,0.0
4548.0,9.584169201306898,5.80424670213902,0.0,0.0,7.04583476601308e-05,0.0,0.0,4.0897886644187285,-15.0709270738,0.0,0.0,1.7144580377202914,0.0,0.00025326035318330156,0.0,0.0655023973596865,-0.006788403930985121,0.21733796280317405,0.0,0.0,0.0
4549.0,9.584184443281513,5.804323289051903,0.0,0.0,7.241168152763238e-05,0.0,0.0,4.089860100164221,-15.0709270738,0.0,0.0,1.7144631888876827,0.0,0.00026028113747076633,0.0,0.06550283215620462,-0.006787264855785138,0.2173394324990783,0.0,0.0,0.0
4550.0,9.584199247774867,5.804401775473007,0.0,0.0,7.435605978888179e-05,0.0,0.0,4.089933484796572,-15.0709270738,0.0,0.0,1.714468290676435,0.0,0.00026726972107990015,0.0,0.06550327813537951,-0.006786103265018106,0.21734095325433883,0.0,0.0,0.0
4551.0,9.584213611196802,5.804482151239565,0.0,0.0,7.629111334039048e-05,0.0,0.0,4.0900088091755515,-15.0709270738,0.0,0.0,1.7144733420640135,0.0,0.00027422477849471254,0.0,0.06550373524026692,-0.0067849193207545205,0.21734252490179018,0.0,0.0,0.0
4552.0,9.584227530029208,5.804564405827095,0.0,0.0,7.82164739836008e-05,0.0,0.0,4.090086063792272,-15.0709270738,0.0,0.0,1.7144783420348224,0.0,0.0002811449874590818,0.0,0.06550420341179905,-0.006783713189433188,0.21734414726474793,0.0,0.0,0.0
4553.0,9.584241000826816,5.804648528350532,0.0,0.0,8.0131774493006e-05,0.0,0.0,4.090165238770129,-15.0709270738,0.0,0.0,1.7144832895804027,0.0,0.00028802902922056214,0.0,0.0655046825887906,-0.00678248504184048,0.21734582015702103,0.0,0.0,0.0
4554.0,9.58425402021797,5.8047345075654375,0.0,0.0,8.203664868424403e-05,0.0,0.0,4.090246323865807,-15.0709270738,0.0,0.0,1.7144881836996309,0.0,0.0002948755887740894,0.0,0.06550517270794544,-0.006781235053088655,0.21734754338292517,0.0,0.0,0.0
4555.0,9.584266584905391,5.804822331869267,0.0,0.0,8.393073148214423e-05,0.0,0.0,4.090329308470354,-15.0709270738,0.0,0.0,1.714493023398913,0.0,0.00030168335510550817,0.0,0.06550567370386362,-0.006779963402593639,0.21734931673729813,0.0,0.0,0.0
4556.0,9.584278691666936,5.804911989302707,0.0,0.0,8.581365898872028e-05,0.0,0.0,4.090414181610327,-15.0709270738,0.0,0.0,1.7144978076923802,0.0,0.00030845102143490003,0.0,0.06550618550904865,-0.006778670274051643,0.2173511400055173,0.0,0.0,0.0
4557.0,9.584290337356336,5.805003467551086,0.0,0.0,8.768506855109133e-05,0.0,0.0,4.090500931949002,-15.0709270738,0.0,0.0,1.714502535602084,0.0,0.0003151772854596472,0.0,0.06550670805391536,-0.00677735585541514,0.21735301296351847,0.0,0.0,0.0
4558.0,9.584301518903922,5.805096753945841,0.0,0.0,8.954459882932758e-05,0.0,0.0,4.090589547787652,-15.0709270738,0.0,0.0,1.7145072061581885,0.0,0.0003218608495972192,0.0,0.06550724126679797,-0.0067760203388680385,0.21735493537781617,0.0,0.0,0.0
4559.0,9.584312233317348,5.805191835466059,0.0,0.0,9.139188986419925e-05,0.0,0.0,4.090680017066896,-15.0709270738,0.0,0.0,1.7145118183991626,0.0,0.0003285004212276079,0.0,0.06550778507395877,-0.006774663920799992,0.21735690700552657,0.0,0.0,0.0
4560.0,9.58432247768229,5.805288698740083,0.0,0.0,9.322658314482265e-05,0.0,0.0,4.0907723273681125,-15.0709270738,0.0,0.0,1.7145163713719702,0.0,0.0003350947129353887,0.0,0.0655083393995969,-0.006773286801779854,0.21735892759439113,0.0,0.0,0.0
4561.0,9.58433224916314,5.805387330047181,0.0,0.0,9.504832167618862e-05,0.0,0.0,4.090866465914919,-15.0709270738,0.0,0.0,1.714520864132262,0.0,0.00034164244275135654,0.0,0.06550890416585779,-0.006771889186528476,0.21736099688280275,0.0,0.0,0.0
4562.0,9.584341545003683,5.80548771531929,0.0,0.0,9.685675004655984e-05,0.0,0.0,4.090962419574726,-15.0709270738,0.0,0.0,1.714525295744564,0.0,0.0003481423343936878,0.0,0.06550947929284287,-0.006770471283890522,0.2173631145998332,0.0,0.0,0.0
4563.0,9.58435036252777,5.805589840142815,0.0,0.0,9.865151449472997e-05,0.0,0.0,4.091060174860353,-15.0709270738,0.0,0.0,1.7145296652824626,0.0,0.0003545931175086047,0.0,0.06551006469861959,-0.006769033306805616,0.21736528046526266,0.0,0.0,0.0
4564.0,9.58435869913996,5.805693689760501,0.0,0.0,0.00010043226297712336,0.0,0.0,4.091159717931707,-15.0709270738,0.0,0.0,1.7145339718287937,0.0,0.0003609935279104661,0.0,0.06551066029923205,-0.006767575472278603,0.2173674941896104,0.0,0.0,0.0
4565.0,9.584366552326166,5.80579924907337,0.0,0.0,0.0001021986452347323,0.0,0.0,4.091261034597545,-15.0709270738,0.0,0.0,1.7145382144758257,0.0,0.0003673423078212747,0.0,0.0655112660087118,-0.006766098001349086,0.21736975547416792,0.0,0.0,0.0
4566.0,9.584373919654283,5.805906502642722,0.0,0.0,0.00010395031285987412,0.0,0.0,4.091364110317278,-15.0709270738,0.0,0.0,1.714542392325444,0.0,0.0003736382061095376,0.0,0.06551188173908903,-0.006764601119060049,0.21737206401103332,0.0,0.0,0.0
4567.0,9.584380798774793,5.806015434692203,0.0,0.0,0.00010568691936275607,0.0,0.0,4.091468930202868,-15.0709270738,0.0,0.0,1.7145465044893342,0.0,0.0003798799785284385,0.0,0.0655125074004044,-0.006763085054425938,0.2173744194831476,0.0,0.0,0.0
4568.0,9.584387187421374,5.806126029109933,0.0,0.0,0.0001074081202378389,0.0,0.0,4.091575479020772,-15.0709270738,0.0,0.0,1.714550550089161,0.0,0.00038606638795328876,0.0,0.0655131429007209,-0.006761550040399647,0.21737682156433236,0.0,0.0,0.0
4569.0,9.584393083411477,5.80623826945071,0.0,0.0,0.00010911357302998194,0.0,0.0,4.09168374119396,-15.0709270738,0.0,0.0,1.71455452825675,0.0,0.00039219620461819683,0.0,0.06551378814613633,-0.006759996313838959,0.21737926991932988,0.0,0.0,0.0
4570.0,9.584398484646902,5.806352138938265,0.0,0.0,0.0001108029374003631,0.0,0.0,4.091793700804001,-15.0709270738,0.0,0.0,1.7145584381342642,0.0,0.0003982682063519333,0.0,0.06551444304079612,-0.006758424115472131,0.2173817642038442,0.0,0.0,0.0
4571.0,9.584403389114351,5.806467620467591,0.0,0.0,0.00011247587519215701,0.0,0.0,4.091905341593209,-15.0709270738,0.0,0.0,1.7145622788743813,0.0,0.00040428117881293184,0.0,0.06551510748690643,-0.006756833689862726,0.21738430406458448,0.0,0.0,0.0
4572.0,9.584407794885978,5.806584696607331,0.0,0.0,0.00011413205049595849,0.0,0.0,4.092018646966864,-15.0709270738,0.0,0.0,1.7145660496404673,0.0,0.000410233915723381,0.0,0.06551578138474773,-0.006755225285373576,0.21738688913930954,0.0,0.0,0.0
4573.0,9.584411700119908,5.806703349602234,0.0,0.0,0.00011577112971494725,0.0,0.0,4.09213359999548,-15.0709270738,0.0,0.0,1.7145697496067536,0.0,0.0004161252191023927,0.0,0.06551646463268875,-0.006753599154130166,0.21738951905687443,0.0,0.0,0.0
4574.0,9.58441510306076,5.80682356137567,0.0,0.0,0.00011739278162976764,0.0,0.0,4.092250183417165,-15.0709270738,0.0,0.0,1.714573377958505,0.0,0.00042195389949815465,0.0,0.06551715712720066,-0.006751955551983213,0.21739219343727897,0.0,0.0,0.0
4575.0,9.584418002040142,5.806945313532211,0.0,0.0,0.00011899667746312754,0.0,0.0,4.0923683796400185,-15.0709270738,0.0,0.0,1.7145769338921921,0.0,0.0004277187762190816,0.0,0.06551785876287185,-0.006750294738470247,0.21739491189171717,0.0,0.0,0.0
4576.0,9.584420395477137,5.807068587360272,0.0,0.0,0.0001205824909440882,0.0,0.0,4.092488170744613,-15.0709270738,0.0,0.0,1.714580416615659,0.0,0.00043341867756386523,0.0,0.0655185694324229,-0.006748616976776894,0.21739767402262916,0.0,0.0,0.0
4577.0,9.584422281878773,5.807193363834818,0.0,0.0,0.00012214989837204537,0.0,0.0,4.092609538486527,-15.0709270738,0.0,0.0,1.7145838253482912,0.0,0.0004390524410504254,0.0,0.06551928902672204,-0.006746922533697103,0.21740047942375423,0.0,0.0,0.0
4578.0,9.584423659840477,5.807319623620133,0.0,0.0,0.0001236985786803846,0.0,0.0,4.092732464298954,-15.0709270738,0.0,0.0,1.7145871593211792,0.0,0.0004446189136437002,0.0,0.06552001743480078,-0.006745211679592578,0.21740332768018594,0.0,0.0,0.0
4579.0,9.584424528046519,5.807447347072645,0.0,0.0,0.0001252282134997965,0.0,0.0,4.092856929295361,-15.0709270738,0.0,0.0,1.7145904177772842,0.0,0.0004501169519822266,0.0,0.06552075454387017,-0.006743484688351828,0.2174062183684288,0.0,0.0,0.0
4580.0,9.58442488527043,5.807576514243819,0.0,0.0,0.00012673848722124386,0.0,0.0,4.0929829142722225,-15.0709270738,0.0,0.0,1.7145935999715967,0.0,0.00045554542260348244,0.0,0.06552150023933725,-0.006741741837348131,0.2174091510564563,0.0,0.0,0.0
4581.0,9.584424730375419,5.807707104883109,0.0,0.0,0.00012822908705856787,0.0,0.0,4.09311039971181,-15.0709270738,0.0,0.0,1.7145967051712994,0.0,0.00046090320216794393,0.0,0.06552225440482189,-0.006739983407396982,0.21741212530377102,0.0,0.0,0.0
4582.0,9.584424062314762,5.807839098440969,0.0,0.0,0.0001296997031107188,0.0,0.0,4.093239365785045,-15.0709270738,0.0,0.0,1.7145997326559232,0.0,0.00046618917768180914,0.0,0.06552301692217394,-0.006738209682712784,0.21741514066146622,0.0,0.0,0.0
4583.0,9.584422880132182,5.807972474071923,0.0,0.0,0.00013115002842360027,0.0,0.0,4.093369792354419,-15.0709270738,0.0,0.0,1.7146026817175049,0.0,0.00047140224671834584,0.0,0.06552378767149089,-0.0067364209508649076,0.2174181966722889,0.0,0.0,0.0
4584.0,9.584421182962215,5.8081072106377025,0.0,0.0,0.00013257975905152077,0.0,0.0,4.0935016589769635,-15.0709270738,0.0,0.0,1.714605551660739,0.0,0.00047654131763784536,0.0,0.06552456653113571,-0.006734617502732784,0.21742129287070489,0.0,0.0,0.0
4585.0,9.584418970030551,5.80824328671043,0.0,0.0,0.00013398859411823023,0.0,0.0,4.0936349449073,-15.0709270738,0.0,0.0,1.71460834180313,0.0,0.0004816053098061006,0.0,0.06552535337775513,-0.006732799632460762,0.21742442878296508,0.0,0.0,0.0
4586.0,9.584416240654376,5.808380680575874,0.0,0.0,0.00013537623587753898,0.0,0.0,4.093769629100729,-15.0709270738,0.0,0.0,1.7146110514751456,0.0,0.0004865931538114003,0.0,0.06552614808629821,-0.006730967637411753,0.21742760392717375,0.0,0.0,0.0
4587.0,9.584412994242673,5.80851937023676,0.0,0.0,0.00013674238977350183,0.0,0.0,4.093905690216397,-15.0709270738,0.0,0.0,1.7146136800203626,0.0,0.0004915037916799795,0.0,0.06552695053003538,-0.006729121818120687,0.21743081781335805,0.0,0.0,0.0
4588.0,9.584409230296536,5.808659333416127,0.0,0.0,0.0001380867645001589,0.0,0.0,4.094043106620516,-15.0709270738,0.0,0.0,1.714616226795611,0.0,0.0004963361770898937,0.0,0.06552776058057763,-0.00672726247824694,0.21743406994353953,0.0,0.0,0.0
4589.0,9.584404948409448,5.808800547560761,0.0,0.0,0.00013940907206081942,0.0,0.0,4.094181856389638,-15.0709270738,0.0,0.0,1.7146186911711228,0.0,0.0005010892755832732,0.0,0.0655285781078962,-0.0067253899245262455,0.21743735981180684,0.0,0.0,0.0
4590.0,9.584400148267543,5.80894298984467,0.0,0.0,0.0001407090278268777,0.0,0.0,4.0943219173140015,-15.0709270738,0.0,0.0,1.7146210725306688,0.0,0.0005057620647769123,0.0,0.06552940298034254,-0.006723504466722027,0.21744068690439014,0.0,0.0,0.0
4591.0,9.584394829649867,5.809086637172624,0.0,0.0,0.00014198635059615007,0.0,0.0,4.094463266900921,-15.0709270738,0.0,0.0,1.7146233702717026,0.0,0.0005103535345711611,0.0,0.0655302350646686,-0.006721606417575882,0.21744405069973738,0.0,0.0,0.0
4592.0,9.584388992428606,5.8092314661837445,0.0,0.0,0.00014324076265072034,0.0,0.0,4.094605882378249,-15.0709270738,0.0,0.0,1.7146255838054953,0.0,0.0005148626873570704,0.0,0.06553107422604745,-0.006719696092757577,0.21744745066859172,0.0,0.0,0.0
4593.0,9.584382636569309,5.8093774532551565,0.0,0.0,0.00014447198981428419,0.0,0.0,4.094749740697885,-15.0709270738,0.0,0.0,1.714627712557271,0.0,0.0005192885382217596,0.0,0.06553192032809424,-0.006717773810814398,0.21745088627407072,0.0,0.0,0.0
4594.0,9.584375762131087,5.80952457450569,0.0,0.0,0.00014567976150897804,0.0,0.0,4.0948948185393474,-15.0709270738,0.0,0.0,1.7146297559663424,0.0,0.0005236301151519536,0.0,0.06553277323288755,-0.006715839893119746,0.21745435697174698,0.0,0.0,0.0
4595.0,9.5843683692668,5.809672805799636,0.0,0.0,0.00014686381081168586,0.0,0.0,4.095041092313398,-15.0709270738,0.0,0.0,1.7146317134862379,0.0,0.0005278864592356674,0.0,0.06553363280099087,-0.006713894663821315,0.2174578622097304,0.0,0.0,0.0
4596.0,9.584360458223223,5.809822122750561,0.0,0.0,0.00014802387450980602,0.0,0.0,4.095188538165727,-15.0709270738,0.0,0.0,1.714633584584834,0.0,0.0005320566248619747,0.0,0.06553449889147461,-0.006711938449788457,0.21746140142875173,0.0,0.0,0.0
4597.0,9.584352029341206,5.809972500725169,0.0,0.0,0.0001491596931564729,0.0,0.0,4.095337131980691,-15.0709270738,0.0,0.0,1.714635368744478,0.0,0.0005361396799188414,0.0,0.06553537136193834,-0.0067099715805591376,0.21746497406224805,0.0,0.0,0.0
4598.0,9.584343083055801,5.810123914847218,0.0,0.0,0.0001502710111252223,0.0,0.0,4.095486849385105,-15.0709270738,0.0,0.0,1.7146370654621137,0.0,0.0005401347059889851,0.0,0.06553625006853327,-0.006707994388286134,0.21746857953644924,0.0,0.0,0.0
4599.0,9.584333619896382,5.810276340001491,0.0,0.0,0.00015135757666408334,0.0,0.0,4.095637665752088,-15.0709270738,0.0,0.0,1.7146386742494029,0.0,0.0005440407985437013,0.0,0.06553713486598514,-0.006706007207682635,0.21747221727046628,0.0,0.0,0.0
4600.0,9.584323640486755,5.810429750837815,0.0,0.0,0.00015241914194909152,0.0,0.0,4.095789556204971,-15.0709270738,0.0,0.0,1.7146401946328442,0.0,0.0005478570671346331,0.0,0.06553802560761744,-0.006704010375967573,0.2174758866763809,0.0,0.0,0.0
4601.0,9.58431314554523,5.8105841217751335,0.0,0.0,0.00015345546313721357,0.0,0.0,4.095942495621243,-15.0709270738,0.0,0.0,1.7146416261538908,0.0,0.0005515826355834566,0.0,0.06553892214537477,-0.006702004232809852,0.21747958715933657,0.0,0.0,0.0
4602.0,9.584302135884702,5.810739427005625,0.0,0.0,0.0001544663004186656,0.0,0.0,4.0960964586365645,-15.0709270738,0.0,0.0,1.714642968369061,0.0,0.0005552166421694122,0.0,0.06553982432984662,-0.006699989120272615,0.21748331811763122,0.0,0.0,0.0
4603.0,9.584290612412692,5.810895640498878,0.0,0.0,0.00015545141806862174,0.0,0.0,4.096251419648824,-15.0709270738,0.0,0.0,1.7146442208500545,0.0,0.000558758239814674,0.0,0.06554073201029151,-0.006697965382756466,0.21748707894281097,0.0,0.0,0.0
4604.0,9.584278576131387,5.811052736006107,0.0,0.0,0.00015641058449829918,0.0,0.0,4.096407352822248,-15.0709270738,0.0,0.0,1.7146453831838588,0.0,0.0005622065962675061,0.0,0.0655416450346612,-0.0066959333669423665,0.21749086901976572,0.0,0.0,0.0
4605.0,9.584266028137653,5.811210687064421,0.0,0.0,0.00015734357230540822,0.0,0.0,4.096564232091565,-15.0709270738,0.0,0.0,1.714646454972856,0.0,0.0005655608942831676,0.0,0.0655425632496254,-0.006693893421734029,0.21749468772682579,0.0,0.0,0.0
4606.0,9.584252969623039,5.8113694670011435,0.0,0.0,0.0001582501583239606,0.0,0.0,4.096722031166215,-15.0709270738,0.0,0.0,1.7146474358349284,0.0,0.0005688203318025386,0.0,0.0655434865005967,-0.006691845898199808,0.2174985344358601,0.0,0.0,0.0
4607.0,9.584239401873754,5.8115290489381675,0.0,0.0,0.0001591301236734197,0.0,0.0,4.096880723534609,-15.0709270738,0.0,0.0,1.7146483254035587,0.0,0.0005719841221284135,0.0,0.06554441463175568,-0.006689791149513805,0.21750240851237562,0.0,0.0,0.0
4608.0,9.584225326270637,5.811689405796371,0.0,0.0,0.00015998325380719023,0.0,0.0,4.097040282468441,-15.0709270738,0.0,0.0,1.7146491233279297,0.0,0.0005750514940994485,0.0,0.06554534748607642,-0.006687729530896885,0.21750630931561854,0.0,0.0,0.0
4609.0,9.584210744289104,5.811850510300068,0.0,0.0,0.0001608093385604288,0.0,0.0,4.097200681027047,-15.0709270738,0.0,0.0,1.7146498292730206,0.0,0.0005780216922617018,0.0,0.06554628490535226,-0.006685661399556758,0.217510236198676,0.0,0.0,0.0
4610.0,9.584195657499079,5.812012334981506,0.0,0.0,0.00016160817219717437,0.0,0.0,4.097361892061807,-15.0709270738,0.0,0.0,1.714650442919699,0.0,0.0005808939770377588,0.0,0.06554722673022176,-0.006683587114628048,0.21751418850857993,0.0,0.0,0.0
4611.0,9.584180067564905,5.812174852185413,0.0,0.0,0.0001623795534567791,0.0,0.0,4.097523888220599,-15.0709270738,0.0,0.0,1.7146509639648135,0.0,0.0005836676248933756,0.0,0.06554817280019493,-0.006681507037111414,0.21751816558641196,0.0,0.0,0.0
4612.0,9.584163976245243,5.81233803407358,0.0,0.0,0.00016312328559963744,0.0,0.0,4.097686641952298,-15.0709270738,0.0,0.0,1.714651392121282,0.0,0.0005863419285016324,0.0,0.06554912295367987,-0.006679421529812601,0.21752216676740926,0.0,0.0,0.0
4613.0,9.584147385392951,5.812501852629495,0.0,0.0,0.0001638391764521995,0.0,0.0,4.097850125511317,-15.0709270738,0.0,0.0,1.714651727118178,0.0,0.0005889161969045468,0.0,0.06555007702800944,-0.006677330957280667,0.21752619138107218,0.0,0.0,0.0
4614.0,9.584130296954944,5.812666279663009,0.0,0.0,0.000164527038451262,0.0,0.0,4.098014310962199,-15.0709270738,0.0,0.0,1.7146519687008102,0.0,0.0005913897556721231,0.0,0.06555103485946831,-0.006675235685746142,0.21753023875127275,0.0,0.0,0.0
4615.0,9.584112712972042,5.812831286815051,0.0,0.0,0.0001651866886875217,0.0,0.0,4.098179170184246,-15.0709270738,0.0,0.0,1.7146521166308046,0.0,0.0005937619470587839,0.0,0.06555199628332027,-0.006673136083058556,0.21753430819636477,0.0,0.0,0.0
4616.0,9.58409463557879,5.812996845562379,0.0,0.0,0.00016581794894839115,0.0,0.0,4.098344674876197,-15.0709270738,0.0,0.0,1.7146521706861826,0.0,0.000596032130157185,0.0,0.0655529611338357,-0.006671032518623346,0.21753839902929462,0.0,0.0,0.0
4617.0,9.584076067003274,5.813162927222376,0.0,0.0,0.00016642064576005754,0.0,0.0,4.098510796560941,-15.0709270738,0.0,0.0,1.7146521306614355,0.0,0.0005981996810493413,0.0,0.06555392924431937,-0.006668925363338726,0.21754251055771395,0.0,0.0,0.0
4618.0,9.584057009566912,5.813329502957877,0.0,0.0,0.00016699461042878237,0.0,0.0,4.098677506590283,-15.0709270738,0.0,0.0,1.7146519963675937,0.0,0.0006002639929550586,0.0,0.06555490044713835,-0.006666814989532047,0.21754664208409297,0.0,0.0,0.0
4619.0,9.584037465684228,5.813496543782038,0.0,0.0,0.00016753967908142995,0.0,0.0,4.09884477614974,-15.0709270738,0.0,0.0,1.714651767632298,0.0,0.0006022244763776289,0.0,0.06555587457375028,-0.006664701770895495,0.21755079290583512,0.0,0.0,0.0
4620.0,9.584017437862606,5.813664020563246,0.0,0.0,0.00016805569270521458,0.0,0.0,4.099012576263382,-15.0709270738,0.0,0.0,1.7146514442998644,0.0,0.0006040805592467495,0.0,0.06555685145473181,-0.0066625860824217065,0.21755496231539312,0.0,0.0,0.0
4621.0,9.58399692870204,5.813831904030062,0.0,0.0,0.0001685424971866627,0.0,0.0,4.099180877798714,-15.0709270738,0.0,0.0,1.7146510262313477,0.0,0.0006058316870586556,0.0,0.06555783091980719,-0.006660468300338979,0.21755914960038564,0.0,0.0,0.0
4622.0,9.583975940894847,5.814000164776193,0.0,0.0,0.0001689999433497749,0.0,0.0,4.099349651471593,-15.0709270738,0.0,0.0,1.7146505133045995,0.0,0.0006074773230134117,0.0,0.06555881279787718,-0.006658348802045952,0.21756335404371568,0.0,0.0,0.0
4623.0,9.583954477225376,5.814168773265513,0.0,0.0,0.0001694278869933824,0.0,0.0,4.0995188678511845,-15.0709270738,0.0,0.0,1.714649905414329,0.0,0.0006090169481493423,0.0,0.06555979691704818,-0.006656227966046008,0.21756757492368956,0.0,0.0,0.0
4624.0,9.583932540569698,5.814337699837109,0.0,0.0,0.00016982618892769026,0.0,0.0,4.099688497364954,-15.0709270738,0.0,0.0,1.7146492024721551,0.0,0.0006104500614745727,0.0,0.06556078310466139,-0.00665410617188153,0.21757181151413724,0.0,0.0,0.0
4625.0,9.583910133895275,5.814506914710358,0.0,0.0,0.0001701947150099985,0.0,0.0,4.099858510303699,-15.0709270738,0.0,0.0,1.7146484044066588,0.0,0.0006117761800956508,0.0,0.06556177118732237,-0.006651983800067429,0.21757606308453362,0.0,0.0,0.0
4626.0,9.583887260260616,5.814676387990043,0.0,0.0,0.00017053333617958835,0.0,0.0,4.100028876826613,-15.0709270738,0.0,0.0,1.71464751116343,0.0,0.0006129948393432022,0.0,0.06556276099093072,-0.006649861232024851,0.21758032890012097,0.0,0.0,0.0
4627.0,9.58386392281491,5.814846089671499,0.0,0.0,0.00017084192849177394,0.0,0.0,4.100199566966382,-15.0709270738,0.0,0.0,1.7146465227051166,0.0,0.0006141055928946204,0.0,0.06556375234070991,-0.006647738850014059,0.2175846082220324,0.0,0.0,0.0
4628.0,9.58384012479765,5.815015989645783,0.0,0.0,0.00017112037315110748,0.0,0.0,4.100370550634321,-15.0709270738,0.0,0.0,1.7146454390114618,0.0,0.0006151080128937481,0.0,0.06556474506123736,-0.006645617037067467,0.21758890030741582,0.0,0.0,0.0
4629.0,9.583815869538231,5.815186057704885,0.0,0.0,0.00017136855654372338,0.0,0.0,4.100541797625537,-15.0709270738,0.0,0.0,1.7146442600793481,0.0,0.0006160016900674994,0.0,0.06556573897647464,-0.006643496176922073,0.21759320440955982,0.0,0.0,0.0
4630.0,9.583791160455538,5.815356263546957,0.0,0.0,0.00017158637026882596,0.0,0.0,4.100713277624127,-15.0709270738,0.0,0.0,1.71464298592283,0.0,0.0006167862338394366,0.0,0.06556673390979788,-0.006641376653951883,0.21759751977801967,0.0,0.0,0.0
4631.0,9.583766001057512,5.815526576781578,0.0,0.0,0.0001717737111693041,0.0,0.0,4.100884960208408,-15.0709270738,0.0,0.0,1.7146416165731706,0.0,0.0006174612724402447,0.0,0.06556772968402838,-0.006639258853099822,0.21760184565874469,0.0,0.0,0.0
4632.0,9.583740394940703,5.815696966935042,0.0,0.0,0.00017193048136147015,0.0,0.0,4.101056814856171,-15.0709270738,0.0,0.0,1.7146401520788714,0.0,0.0006180264530150906,0.0,0.06556872612146332,-0.006637143159809497,0.21760618129420628,0.0,0.0,0.0
4633.0,9.583714345789803,5.815867403455672,0.0,0.0,0.00017205658826391162,0.0,0.0,4.101228810949975,-15.0709270738,0.0,0.0,1.7146385925056977,0.0,0.0006184814417278291,0.0,0.06556972304390667,-0.006635029959956906,0.21761052592352723,0.0,0.0,0.0
4634.0,9.583687857377162,5.816037855719164,0.0,0.0,0.00017215194462545346,0.0,0.0,4.101400917782459,-15.0709270738,0.0,0.0,1.7146369379367048,0.0,0.0006188259238620437,0.0,0.06557072027270022,-0.006632919639781562,0.21761487878261146,0.0,0.0,0.0
4635.0,9.583660933562292,5.816208293033946,0.0,0.0,0.00017221646855221818,0.0,0.0,4.101573104561687,-15.0709270738,0.0,0.0,1.7146351884722586,0.0,0.00061905960391888,0.0,0.06557171762875481,-0.006630812585817741,0.21761923910427494,0.0,0.0,0.0
4636.0,9.583633578291346,5.816378684646575,0.0,0.0,0.00017225008353378412,0.0,0.0,4.101745340416521,-15.0709270738,0.0,0.0,1.7146333442300543,0.0,0.0006191822057116704,0.0,0.0655727149325817,-0.006628709184825332,0.21762360611837722,0.0,0.0,0.0
4637.0,9.583605795596586,5.81654899974714,0.0,0.0,0.00017225271846842718,0.0,0.0,4.101917594402012,-15.0709270738,0.0,0.0,1.714631405345128,0.0,0.0006191934724572959,0.0,0.06557371200432394,-0.006626609823720542,0.21762797905195394,0.0,0.0,0.0
4638.0,9.583577589595835,5.8167192074747005,0.0,0.0,0.00017222430768744468,0.0,0.0,4.102089835504826,-15.0709270738,0.0,0.0,1.7146293719698749,0.0,0.0006190931668642842,0.0,0.06557470866378819,-0.006624514889506411,0.21763235712935003,0.0,0.0,0.0
4639.0,9.58354896449191,5.816889276922737,0.0,0.0,0.00017216479097855507,0.0,0.0,4.102262032648683,-15.0709270738,0.0,0.0,1.7146272442740536,0.0,0.0006188810712176154,0.0,0.06557570473047623,-0.006622424769203369,0.2176367395723537,0.0,0.0,0.0
4640.0,9.583519924572036,5.817059177144626,0.0,0.0,0.00017207411360836618,0.0,0.0,4.102434154699834,-15.0709270738,0.0,0.0,1.7146250224447916,0.0,0.000618556987460214,0.0,0.06557670002361704,-0.0066203398497791804,0.21764112560033122,0.0,0.0,0.0
4641.0,9.583490474207247,5.81722887715913,0.0,0.0,0.0001719522263438995,0.0,0.0,4.102606170472541,-15.0709270738,0.0,0.0,1.7146227066865896,0.0,0.0006181207372710782,0.0,0.06557769436219865,-0.006618260518079247,0.2176455144303623,0.0,0.0,0.0
4642.0,9.583460617851774,5.817398345955913,0.0,0.0,0.00017179908547317968,0.0,0.0,4.102778048734591,-15.0709270738,0.0,0.0,1.7146202972213214,0.0,0.0006175721621400814,0.0,0.06557868756500027,-0.006616187160756487,0.2176499052773763,0.0,0.0,0.0
4643.0,9.583430360042406,5.8175675525010595,0.0,0.0,0.00017161465282486635,0.0,0.0,4.102949758212833,-15.0709270738,0.0,0.0,1.7146177942882268,0.0,0.0006169111234393616,0.0,0.0655796794506245,-0.00661412016420114,0.21765429735428898,0.0,0.0,0.0
4644.0,9.583399705397849,5.817736465742626,0.0,0.0,0.00017139889578693542,0.0,0.0,4.103121267598716,-15.0709270738,0.0,0.0,1.7146151981439095,0.0,0.0006161375024913246,0.0,0.06558066983752966,-0.006612059914470628,0.2176586898721402,0.0,0.0,0.0
4645.0,9.583368658618053,5.817905054616194,0.0,0.0,0.00017115178732439663,0.0,0.0,4.103292545553869,-15.0709270738,0.0,0.0,1.7146125090623245,0.0,0.0006152512006332133,0.0,0.06558165854406217,-0.0066100067972190285,0.21766308204023183,0.0,0.0,0.0
4646.0,9.583337224483536,5.818073288050444,0.0,0.0,0.0001708733059960479,0.0,0.0,4.103463560715681,-15.0709270738,0.0,0.0,1.7146097273347634,0.0,0.000614252139278245,0.0,0.06558264538848899,-0.0066079611976267855,0.21766747306626638,0.0,0.0,0.0
4647.0,9.583305407854688,5.818241134972741,0.0,0.0,0.0001705634359702539,0.0,0.0,4.1036342817029,-15.0709270738,0.0,0.0,1.7146068532698413,0.0,0.0006131402599732678,0.0,0.06558363018903023,-0.006605923500330235,0.21767186215648662,0.0,0.0,0.0
4648.0,9.583273213671054,5.8184085643147325,0.0,0.0,0.00017022216703975175,0.0,0.0,4.103804677121257,-15.0709270738,0.0,0.0,1.7146038871934755,0.0,0.0006119155244529519,0.0,0.06558461276389181,-0.006603894089350831,0.21767624851581518,0.0,0.0,0.0
4649.0,9.58324064695061,5.818575545017954,0.0,0.0,0.0001698494946354746,0.0,0.0,4.103974715569092,-15.0709270738,0.0,0.0,1.7146008294488624,0.0,0.0006105779146904748,0.0,0.06558559293129819,-0.006601873348024936,0.21768063134799503,0.0,0.0,0.0
4650.0,9.583207712789015,5.818742046039454,0.0,0.0,0.00016944541983938862,0.0,0.0,4.104144365643001,-15.0709270738,0.0,0.0,1.7145976803964533,0.0,0.0006091274329446912,0.0,0.06558657050952511,-0.006599861658932837,0.2176850098557303,0.0,0.0,0.0
4651.0,9.583174416358851,5.818908036357416,0.0,0.0,0.00016900994939634121,0.0,0.0,4.104313595943492,-15.0709270738,0.0,0.0,1.714594440413924,0.0,0.0006075641018037723,0.0,0.06558754531693244,-0.006597859403828288,0.21768938324082787,0.0,0.0,0.0
4652.0,9.583140762908853,5.819073484976797,0.0,0.0,0.00016854309572491056,0.0,0.0,4.1044823750806545,-15.0709270738,0.0,0.0,1.7145911098961424,0.0,0.0006058879642252829,0.0,0.06558851717199712,-0.0065958669635679396,0.21769375070433897,0.0,0.0,0.0
4653.0,9.583106757763112,5.819238360934972,0.0,0.0,0.00016804487692725974,0.0,0.0,4.1046506716798365,-15.0709270738,0.0,0.0,1.7145876892551355,0.0,0.0006040990835727057,0.0,0.06558948589334611,-0.00659388471804058,0.21769811144670162,0.0,0.0,0.0
4654.0,9.583072406320271,5.819402633307383,0.0,0.0,0.00016751531679798796,0.0,0.0,4.104818454387335,-15.0709270738,0.0,0.0,1.714584178920048,0.0,0.0006021975436483849,0.0,0.06559045129978933,-0.006591913046096673,0.21770246466788332,0.0,0.0,0.0
4655.0,9.583037714052708,5.8195662712131915,0.0,0.0,0.00016695444483197274,0.0,0.0,4.10498569187609,-15.0709270738,0.0,0.0,1.7145805793371016,0.0,0.0006001834487228678,0.0,0.06559141321035275,-0.006589952325477655,0.21770680956752403,0.0,0.0,0.0
4656.0,9.58300268650569,5.819729243820941,0.0,0.0,0.00016636229623120244,0.0,0.0,4.10515235285139,-15.0709270738,0.0,0.0,1.7145768909695507,0.0,0.0005980569235606383,0.0,0.0655923714443114,-0.006588002932745557,0.21771114534507968,0.0,0.0,0.0
4657.0,9.582967329296535,5.819891520354216,0.0,0.0,0.00016573891191059412,0.0,0.0,4.105318406056582,-15.0709270738,0.0,0.0,1.7145731142976341,0.0,0.0005958181134422281,0.0,0.06559332582122254,-0.00658606524321248,0.21771547119996615,0.0,0.0,0.0
4658.0,9.582931648113735,5.820053070097308,0.0,0.0,0.00016508433850279762,0.0,0.0,4.105483820278785,-15.0709270738,0.0,0.0,1.7145692498185232,0.0,0.0005934671841827041,0.0,0.06559427616095867,-0.006584139630870248,0.2177197863317029,0.0,0.0,0.0
4659.0,9.582895648716084,5.820213862400881,0.0,0.0,0.00016439862836197322,0.0,0.0,4.105648564354612,-15.0709270738,0.0,0.0,1.714565298046269,0.0,0.0005910043221464879,0.0,0.06559522228374073,-0.006582226468320143,0.21772408994005799,0.0,0.0,0.0
4660.0,9.582859336931776,5.8203738666876355,0.0,0.0,0.0001636818395665513,0.0,0.0,4.105812607175894,-15.0709270738,0.0,0.0,1.7145612595117417,0.0,0.0005884297342585357,0.0,0.06559616401017117,-0.006580326126702646,0.21772838122519206,0.0,0.0,0.0
4661.0,9.5828227186575,5.820533052457973,0.0,0.0,0.0001629340359209629,0.0,0.0,4.105975917695399,-15.0709270738,0.0,0.0,1.7145571347625745,0.0,0.000585743648011839,0.0,0.06559710116126712,-0.0065784389756274875,0.21773265938780373,0.0,0.0,0.0
4662.0,9.582785799857515,5.8206913892956615,0.0,0.0,0.000162155286956342,0.0,0.0,4.106138464932566,-15.0709270738,0.0,0.0,1.7145529243630957,0.0,0.0005829463114712471,0.0,0.0655980335584935,-0.006576565383103625,0.21773692362927455,0.0,0.0,0.0
4663.0,9.582748586562712,5.82084884687349,0.0,0.0,0.00016134566793019625,0.0,0.0,4.106300217979228,-15.0709270738,0.0,0.0,1.7145486288942626,0.0,0.0005800379932735999,0.0,0.06559896102379618,-0.006574705715469434,0.217741173151814,0.0,0.0,0.0
4664.0,9.582711084869663,5.821005394958929,0.0,0.0,0.0001605052598250451,0.0,0.0,4.106461146005336,-15.0709270738,0.0,0.0,1.714544248953593,0.0,0.0005770189826241653,0.0,0.065599883379635,-0.0065728603373231,0.21774540715860546,0.0,0.0,0.0
4665.0,9.582673300939657,5.821161003419779,0.0,0.0,0.0001596341493460215,0.0,0.0,4.1066212182646895,-15.0709270738,0.0,0.0,1.7145397851550896,0.0,0.0005738895892893668,0.0,0.06560080044901694,-0.0065710296114531025,0.2177496248539513,0.0,0.0,0.0
4666.0,9.582635240997718,5.8213156422298145,0.0,0.0,0.00015873242891743683,0.0,0.0,4.106780404100649,-15.0709270738,0.0,0.0,1.7145352381291659,0.0,0.0005706501435858005,0.0,0.06560171205552907,-0.006569213898768925,0.21775382544341895,0.0,0.0,0.0
4667.0,9.582596911331613,5.821469281474423,0.0,0.0,0.00015780019667830563,0.0,0.0,4.106938672951857,-15.0709270738,0.0,0.0,1.7145306085225656,0.0,0.0005673009963655252,0.0,0.06560261802337171,-0.006567413558231941,0.21775800813398638,0.0,0.0,0.0
4668.0,9.582558318290852,5.821621891356233,0.0,0.0,0.00015683755647683104,0.0,0.0,4.107095994357954,-15.0709270738,0.0,0.0,1.7145258969982784,0.0,0.0005638425189976323,0.0,0.06560351817739124,-0.0065656289467865,0.21776217213418803,0.0,0.0,0.0
4669.0,9.582519468285655,5.821773442200735,0.0,0.0,0.00015584461786384763,0.0,0.0,4.107252337965277,-15.0709270738,0.0,0.0,1.714521104235458,0.0,0.0005602751033460782,0.0,0.06560441234311318,-0.006563860419291259,0.21776631665426077,0.0,0.0,0.0
4670.0,9.582480367785935,5.821923904461891,0.0,0.0,0.00015482149608521907,0.0,0.0,4.107407673532563,-15.0709270738,0.0,0.0,1.7145162309293278,0.0,0.0005565991617437713,0.0,0.06560530034677498,-0.0065621083284506665,0.21777044090628955,0.0,0.0,0.0
4671.0,9.582441023320245,5.822073248727735,0.0,0.0,0.00015376831207319553,0.0,0.0,4.10756197093664,-15.0709270738,0.0,0.0,1.714511277791095,0.0,0.0005528151269629317,0.0,0.06560618201535885,-0.006560373024746796,0.2177745441043534,0.0,0.0,0.0
4672.0,9.582401441474719,5.822221445725956,0.0,0.0,0.00015268519243672398,0.0,0.0,4.107715200178105,-15.0709270738,0.0,0.0,1.7145062455478506,0.0,0.0005489234521816938,0.0,0.06560705717662457,-0.006558654856371318,0.2177786254646712,0.0,0.0,0.0
4673.0,9.582361628892006,5.822368466329475,0.0,0.0,0.0001515722694507114,0.0,0.0,4.107867331387,-15.0709270738,0.0,0.0,1.7145011349424744,0.0,0.0005449246109469553,0.0,0.06560792565914214,-0.006556954169157969,0.21778268420574742,0.0,0.0,0.0
4674.0,9.582321592270183,5.822514281562003,0.0,0.0,0.00015042968104424475,0.0,0.0,4.10801833482847,-15.0709270738,0.0,0.0,1.7144959467335328,0.0,0.0005408190971334821,0.0,0.06560878729232439,-0.006555271306514884,0.21778671954851758,0.0,0.0,0.0
4675.0,9.582281338361666,5.822658862603584,0.0,0.0,0.0001492575707877645,0.0,0.0,4.10816818090841,-15.0709270738,0.0,0.0,1.7144906816951737,0.0,0.0005366074248992599,0.0,0.0656096419064595,-0.0065536066093577205,0.21779073071649388,0.0,0.0,0.0
4676.0,9.582240873972095,5.822802180796122,0.0,0.0,0.00014805608787919064,0.0,0.0,4.1083168401791,-15.0709270738,0.0,0.0,1.7144853406170224,0.0,0.0005322901286370827,0.0,0.06561048933274347,-0.006551960416042654,0.21779471693591057,0.0,0.0,0.0
4677.0,9.582200205959223,5.822944207648892,0.0,0.0,0.0001468253871290034,0.0,0.0,4.1084642833448255,-15.0709270738,0.0,0.0,1.714479924304067,0.0,0.0005278677629223907,0.0,0.06561132940331246,-0.006550333062300087,0.21779867743586895,0.0,0.0,0.0
4678.0,9.58215934123178,5.8230849148440305,0.0,0.0,0.00014556562894427934,0.0,0.0,4.108610481267484,-15.0709270738,0.0,0.0,1.7144744335765463,0.0,0.0005233409024573561,0.0,0.06561216195127502,-0.0065487248811683385,0.2178026114484824,0.0,0.0,0.0
4679.0,9.582118286748331,5.8232242742420075,0.0,0.0,0.00014427697931167986,0.0,0.0,4.10875540497217,-15.0709270738,0.0,0.0,1.7144688692698375,0.0,0.000518710142011203,0.0,0.06561298681074423,-0.006547136202927822,0.21780651820902117,0.0,0.0,0.0
4680.0,9.582077049516128,5.823362257887078,0.0,0.0,0.00014295960977939837,0.0,0.0,4.108899025652746,-15.0709270738,0.0,0.0,1.7144632322343325,0.0,0.0005139760963567886,0.0,0.06561380381686975,-0.006545567355035781,0.21781039695605667,0.0,0.0,0.0
4681.0,9.582035636589938,5.823498838012714,0.0,0.0,0.00014161369743806212,0.0,0.0,4.109041314677397,-15.0709270738,0.0,0.0,1.7144575233353168,0.0,0.0005091394002034246,0.0,0.06561461280586972,-0.006544018662060988,0.21781424693160586,0.0,0.0,0.0
4682.0,9.58199405507087,5.823633987047007,0.0,0.0,0.0001402394249005916,0.0,0.0,4.109182243594162,-15.0709270738,0.0,0.0,1.7144517434528446,0.0,0.0005042007081259506,0.0,0.06561541361506254,-0.006542490445619151,0.2178180673812749,0.0,0.0,0.0
4683.0,9.581952312105198,5.823767677618057,0.0,0.0,0.00013883698028102095,0.0,0.0,4.109321784136443,-15.0709270738,0.0,0.0,1.7144458934816136,0.0,0.000499160694490071,0.0,0.0656162060828985,-0.006540983024308625,0.21782185755440264,0.0,0.0,0.0
4684.0,9.581910414883147,5.823899882559328,0.0,0.0,0.00013740655717227573,0.0,0.0,4.109459908228501,-15.0709270738,0.0,0.0,1.7144399743308272,0.0,0.0004940200533739416,0.0,0.06561699004899137,-0.006539496713646467,0.21782561670420408,0.0,0.0,0.0
4685.0,9.581868370637702,5.824030574914984,0.0,0.0,0.0001359483546229163,0.0,0.0,4.109596587990914,-15.0709270738,0.0,0.0,1.7144339869240692,0.0,0.0004887794984860318,0.0,0.06561776535414969,-0.006538031826005,0.21782934408791282,0.0,0.0,0.0
4686.0,9.58182618664338,5.824159727945193,0.0,0.0,0.00013446257711284304,0.0,0.0,4.109731795746033,-15.0709270738,0.0,0.0,1.7144279321991602,0.0,0.00048343976307925154,0.0,0.06561853184040804,-0.006536588670548793,0.21783303896692346,0.0,0.0,0.0
4687.0,9.581783870215007,5.82428731513141,0.0,0.0,0.0001329494345279685,0.0,0.0,4.1098655040233885,-15.0709270738,0.0,0.0,1.7144218111080214,0.0,0.00047800159986135664,0.0,0.06561928935105815,-0.006535167553172017,0.21783670060693372,0.0,0.0,0.0
4688.0,9.581741428706485,5.824413310181623,0.0,0.0,0.00013140914213385837,0.0,0.0,4.109997685565093,-15.0709270738,0.0,0.0,1.7144156246165307,0.0,0.00047246578090164173,0.0,0.06562003773067973,-0.006533768776436341,0.21784032827808544,0.0,0.0,0.0
4689.0,9.581698869509534,5.824537687035579,0.0,0.0,0.0001298419205483419,0.0,0.0,4.1101283133312,-15.0709270738,0.0,0.0,1.7144093737043793,0.0,0.0004668330975339183,0.0,0.06562077682517127,-0.006532392639509221,0.21784392125510585,0.0,0.0,0.0
4690.0,9.58165620005245,5.824660419869969,0.0,0.0,0.00012824799571309838,0.0,0.0,4.110257360505047,-15.0709270738,0.0,0.0,1.7144030593649218,0.0,0.00046110436025580365,0.0,0.06562150648178063,-0.006531039438102834,0.21784747881744793,0.0,0.0,0.0
4691.0,9.58161342779883,5.824781483103589,0.0,0.0,0.00012662759886421723,0.0,0.0,4.110384800498562,-15.0709270738,0.0,0.0,1.7143966826050265,0.0,0.0004552803986243091,0.0,0.06562222654913538,-0.006529709464413294,0.2178510002494302,0.0,0.0,0.0
4692.0,9.581570560246302,5.824900851402467,0.0,0.0,0.00012498096650174136,0.0,0.0,4.110510606957545,-15.0709270738,0.0,0.0,1.714390244444922,0.0,0.0004493620611477615,0.0,0.06562293687727308,-0.006528403007060438,0.21785448484037584,0.0,0.0,0.0
4693.0,9.581527604925244,5.825018499684953,0.0,0.0,0.00012330834035818766,0.0,0.0,4.110634753766914,-15.0709270738,0.0,0.0,1.714383745918039,0.0,0.00044335021517403524,0.0,0.06562363731767121,-0.006527120351028329,0.21785793188475164,0.0,0.0,0.0
4694.0,9.581484569397485,5.825134403126776,0.0,0.0,0.00012160996736605948,0.0,0.0,4.110757215055921,-15.0709270738,0.0,0.0,1.7143771880708547,0.0,0.0004372457467751468,0.0,0.06562432772327713,-0.006525861777605946,0.21786134068230578,0.0,0.0,0.0
4695.0,9.581441461255018,5.8252485371660665,0.0,0.0,0.00011988609962434581,0.0,0.0,4.110877965203339,-15.0709270738,0.0,0.0,1.7143705719627276,0.0,0.00043104956062819163,0.0,0.06562500794853757,-0.006524627564328728,0.2178647105382055,0.0,0.0,0.0
4696.0,9.581398288118683,5.825360877508343,0.0,0.0,0.00011813699436401369,0.0,0.0,4.110996978842607,-15.0709270738,0.0,0.0,1.7143638986657361,0.0,0.00042476257989264586,0.0,0.06562567784942816,-0.006523417984920427,0.21786804076317345,0.0,0.0,0.0
4697.0,9.581355057636854,5.825471400131458,0.0,0.0,0.00011636291391250083,0.0,0.0,4.1111142308669475,-15.0709270738,0.0,0.0,1.7143571692645105,0.0,0.0004183857460840576,0.0,0.06562633728348258,-0.0065222333092357365,0.21787133067362396,0.0,0.0,0.0
4698.0,9.581311777484116,5.8255800812905045,0.0,0.0,0.00011456412565720674,0.0,0.0,4.111229696434442,-15.0709270738,0.0,0.0,1.7143503848560622,0.0,0.0004119200189441195,0.0,0.06562698610982151,-0.006521073803203367,0.21787457959179818,0.0,0.0,0.0
4699.0,9.581268455359938,5.825686897522689,0.0,0.0,0.00011274090200799334,0.0,0.0,4.111343350973075,-15.0709270738,0.0,0.0,1.714343546549614,0.0,0.00040536637630716137,0.0,0.06562762418918153,-0.006519939728769769,0.2178777868458985,0.0,0.0,0.0
4700.0,9.58122509898733,5.825791825652158,0.0,0.0,0.00011089352035869345,0.0,0.0,4.111455170185736,-15.0709270738,0.0,0.0,1.7143366554664219,0.0,0.0003987258139630565,0.0,0.06562825138394347,-0.006518831343843401,0.2178809517702224,0.0,0.0,0.0
4701.0,9.581181716111503,5.825894842794785,0.0,0.0,0.00010902226304763694,0.0,0.0,4.111565130055184,-15.0709270738,0.0,0.0,1.7143297127396009,0.0,0.0003919993455165759,0.0,0.06562886755816089,-0.006517748902239662,0.21788407370529533,0.0,0.0,0.0
4702.0,9.581138314498517,5.825995926362917,0.0,0.0,0.00010712741731719601,0.0,0.0,4.111673206848971,-15.0709270738,0.0,0.0,1.7143227195139454,0.0,0.0003851880022431936,0.0,0.065629472577588,-0.006516692653626421,0.21788715199800263,0.0,0.0,0.0
4703.0,9.581094901933923,5.826095054070072,0.0,0.0,0.00010520927527235777,0.0,0.0,4.111779377124327,-15.0709270738,0.0,0.0,1.7143156769457457,0.0,0.0003782928329413725,0.0,0.06563006630970751,-0.006515662843470202,0.21789018600172083,0.0,0.0,0.0
4704.0,9.581051486221396,5.8261922039356016,0.0,0.0,0.00010326813383832663,0.0,0.0,4.111883617733,-15.0709270738,0.0,0.0,1.714308586202602,0.0,0.00037131490378133897,0.0,0.06563064862375825,-0.006514659712982984,0.217893175076448,0.0,0.0,0.0
4705.0,9.581008075181371,5.8262873542892955,0.0,0.0,0.00010130429471716357,0.0,0.0,4.111985905826055,-15.0709270738,0.0,0.0,1.7143014484632406,0.0,0.0003642552981503692,0.0,0.06563121939076241,-0.006513683499069736,0.21789611858893299,0.0,0.0,0.0
4706.0,9.580964676649664,5.826380483775951,0.0,0.0,9.931806434346744e-05,0.0,0.0,4.1120862188586305,-15.0709270738,0.0,0.0,1.7142942649173207,0.0,0.0003571151164946064,0.0,0.06563177848355255,-0.006512734434276468,0.21789901591280397,0.0,0.0,0.0
4707.0,9.58092129847609,5.8264715713598925,0.0,0.0,9.730975383910575e-05,0.0,0.0,4.112184534594646,-15.0709270738,0.0,0.0,1.7142870367652465,0.0,0.0003498954761574341,0.0,0.06563232577679842,-0.0065118127467391484,0.21790186642869597,0.0,0.0,0.0
4708.0,9.580877948523078,5.826560596329438,0.0,0.0,9.527967896699888e-05,0.0,0.0,4.112280831111468,-15.0709270738,0.0,0.0,1.7142797652179702,0.0,0.00034259751121441866,0.0,0.06563286114703346,-0.006510918660133119,0.21790466952437726,0.0,0.0,0.0
4709.0,9.580834634664281,5.826647538301321,0.0,0.0,9.322816008396366e-05,0.0,0.0,4.1123750868045255,-15.0709270738,0.0,0.0,1.7142724514967957,0.0,0.00033522237230484134,0.0,0.06563338447268095,-0.006510052393623386,0.21790742459487486,0.0,0.0,0.0
4710.0,9.58079136478318,5.826732377225063,0.0,0.0,9.115552209262639e-05,0.0,0.0,4.112467280391883,-15.0709270738,0.0,0.0,1.7142650968331807,0.0,0.00032777122645985594,0.0,0.06563389563408004,-0.0065092141618155325,0.217910131042599,0.0,0.0,0.0
4711.0,9.580748146771674,5.826815093387295,0.0,0.0,8.906209439240926e-05,0.0,0.0,4.1125573909187585,-15.0709270738,0.0,0.0,1.7142577024685366,0.0,0.0003202452569272845,0.0,0.0656343945135113,-0.006508404174707327,0.21791278827746652,0.0,0.0,0.0
4712.0,9.580704988528687,5.8268956674160215,0.0,0.0,8.694821082959534e-05,0.0,0.0,4.112645397761998,-15.0709270738,0.0,0.0,1.7142502696540234,0.0,0.00031264566299306953,0.0,0.06563488099522206,-0.006507622637641125,0.21791539571702306,0.0,0.0,0.0
4713.0,9.580661897958755,5.826974080284841,0.0,0.0,8.481420964648437e-05,0.0,0.0,4.112731280634496,-15.0709270738,0.0,0.0,1.7142427996503447,0.0,0.000304973659799425,0.0,0.06563535496545155,-0.006506869751256972,0.2179179527865644,0.0,0.0,0.0
4714.0,9.580618882970608,5.827050313317106,0.0,0.0,8.266043342964016e-05,0.0,0.0,4.112815019589566,-15.0709270738,0.0,0.0,1.7142352937275405,0.0,0.00029723047815968947,0.0,0.06563581631245552,-0.006506145711446476,0.21792045891925627,0.0,0.0,0.0
4715.0,9.580575951475756,5.827124348190035,0.0,0.0,8.048722905724198e-05,0.0,0.0,4.112896595025257,-15.0709270738,0.0,0.0,1.7142277531647787,0.0,0.0002894173643699236,0.0,0.06563626492653073,-0.0065054507093075115,0.21792291355625332,0.0,0.0,0.0
4716.0,9.580533111387075,5.827196166938761,0.0,0.0,7.829494764554706e-05,0.0,0.0,4.112975987688621,-15.0709270738,0.0,0.0,1.7142201792501401,0.0,0.00028153558001727793,0.0,0.06563670070003906,-0.006504784931099433,0.21792531614681693,0.0,0.0,0.0
4717.0,9.580490370617373,5.827265751960332,0.0,0.0,7.608394449446774e-05,0.0,0.0,4.113053178679922,-15.0709270738,0.0,0.0,1.7142125732804097,0.0,0.00027358640178514257,0.0,0.06563712352743127,-0.006504148558199516,0.21792766614843143,0.0,0.0,0.0
4718.0,9.58044773707797,5.827333086017649,0.0,0.0,7.385457903227753e-05,0.0,0.0,4.113128149456794,-15.0709270738,0.0,0.0,1.7142049365608552,0.0,0.00026557112125512913,0.0,0.0656375333052705,-0.006503541767059695,0.21792996302691964,0.0,0.0,0.0
4719.0,9.58040521867727,5.827398152243353,0.0,0.0,7.160721475944677e-05,0.0,0.0,4.113200881838338,-15.0709270738,0.0,0.0,1.7141972704050144,0.0,0.00025749104470588693,0.0,0.06563792993225535,-0.006502964729164479,0.21793220625655657,0.0,0.0,0.0
4720.0,9.58036282331933,5.827460934143641,0.0,0.0,6.934221919162449e-05,0.0,0.0,4.11327135800917,-15.0709270738,0.0,0.0,1.714189576134471,0.0,0.0002493474929088121,0.0,0.0656383133092427,-0.0065024176109895054,0.21793439532018227,0.0,0.0,0.0
4721.0,9.580320558902422,5.82752141560204,0.0,0.0,6.705996380176693e-05,0.0,0.0,4.1133395605234035,-15.0709270738,0.0,0.0,1.7141818550786363,0.0,0.00024114180092065133,0.0,0.0656386833392702,-0.006501900573960939,0.2179365297093132,0.0,0.0,0.0
4722.0,9.580278433317604,5.827579580883104,0.0,0.0,6.476082396142917e-05,0.0,0.0,4.11340547230858,-15.0709270738,0.0,0.0,1.7141741085745243,0.0,0.00023287531787305758,0.0,0.06563903992757827,-0.006501413774415682,0.21793860892425232,0.0,0.0,0.0
4723.0,9.580236454447281,5.827635414636064,0.0,0.0,6.244517888122124e-05,0.0,0.0,4.113469076669538,-15.0709270738,0.0,0.0,1.7141663379665264,0.0,0.00022454940675910328,0.0,0.06563938298163201,-0.00650095736356246,0.2179406324741978,0.0,0.0,0.0
4724.0,9.580194630163767,5.827688901898404,0.0,0.0,6.011341155044187e-05,0.0,0.0,4.113530357292218,-15.0709270738,0.0,0.0,1.7141585446061862,0.0,0.00021616544421679688,0.0,0.06563971241114246,-0.0065005314874437975,0.21794259987735037,0.0,0.0,0.0
4725.0,9.580152968327846,5.827740028099384,0.0,0.0,5.776590867590007e-05,0.0,0.0,4.113589298247416,-15.0709270738,0.0,0.0,1.7141507298519674,0.0,0.00020772482030963907,0.0,0.06564002812808777,-0.006500136286898675,0.2179445106610193,0.0,0.0,0.0
4726.0,9.580111476787334,5.827788779063493,0.0,0.0,5.54030606199305e-05,0.0,0.0,4.113645883994469,-15.0709270738,0.0,0.0,1.714142895069024,0.0,0.00019922893830424008,0.0,0.06564033004673371,-0.006499771897526235,0.2179463643617268,0.0,0.0,0.0
4727.0,9.580070163375636,5.827835141013846,0.0,0.0,5.302526133761335e-05,0.0,0.0,4.113700099384874,-15.0709270738,0.0,0.0,1.714135041628972,0.0,0.00019067921444503456,0.0,0.06564061808365418,-0.006499438449650299,0.21794816052531138,0.0,0.0,0.0
4728.0,9.580029035910307,5.827879100575506,0.0,0.0,5.0632908313211496e-05,0.0,0.0,4.113751929665858,-15.0709270738,0.0,0.0,1.7141271709096486,0.0,0.0001820770777261418,0.0,0.065640892157751,-0.006499136068284658,0.2179498987070293,0.0,0.0,0.0
4729.0,9.579988102191614,5.827920644778749,0.0,0.0,4.822640249582692e-05,0.0,0.0,4.1138013604838655,-15.0709270738,0.0,0.0,1.7141192842948838,0.0,0.0001734239696603756,0.0,0.0656411521902735,-0.006498864873099516,0.21795157847165478,0.0,0.0,0.0
4730.0,9.57994737000109,5.827959761062257,0.0,0.0,4.580614823429847e-05,0.0,0.0,4.113848377887998,-15.0709270738,0.0,0.0,1.7141113831742585,0.0,0.00016472134404548435,0.0,0.06564139810483777,-0.006498624978388476,0.21795319939357866,0.0,0.0,0.0
4731.0,9.579906847100098,5.827996437276246,0.0,0.0,4.337255321133964e-05,0.0,0.0,4.113892968333378,-15.0709270738,0.0,0.0,1.7141034689428682,0.0,0.00015597066672761543,0.0,0.06564162982744529,-0.00649841649303666,0.21795476105690556,0.0,0.0,0.0
4732.0,9.57986654122839,5.82803066168553,0.0,0.0,4.0926028376931136e-05,0.0,0.0,4.113935118684449,-15.0709270738,0.0,0.0,1.7140955430010818,0.0,0.00014717341536205696,0.0,0.0656418472865015,-0.006498239520489862,0.21795626305554944,0.0,0.0,0.0
4733.0,9.57982646010267,5.82806242297251,0.0,0.0,3.846698788097983e-05,0.0,0.0,4.11397481621821,-15.0709270738,0.0,0.0,1.7140876067543003,0.0,0.00013833107917129775,0.0,0.06564205041283372,-0.0064980941587241825,0.21795770499332756,0.0,0.0,0.0
4734.0,9.579786611415159,5.8280917102400975,0.0,0.0,3.599584900525635e-05,0.0,0.0,4.114012048627384,-15.0709270738,0.0,0.0,1.7140796616127139,0.0,0.00012944515870045,0.0,0.06564223913970874,-0.00649798050021709,0.21795908648405304,0.0,0.0,0.0
4735.0,9.579747002832153,5.8281185130145685,0.0,0.0,3.351303209461492e-05,0.0,0.0,4.114046804023509,-15.0709270738,0.0,0.0,1.7140717089910593,0.0,0.00012051716557004698,0.0,0.06564241340285004,-0.006497898631919033,0.21796040715162562,0.0,0.0,0.0
4736.0,9.5797076419926,5.828142821248346,0.0,0.0,3.101896048751389e-05,0.0,0.0,4.114079070939975,-15.0709270738,0.0,0.0,1.7140637503083713,0.0,0.00011154862222628141,0.0,0.06564257314045462,-0.006497848635226192,0.2179616666301209,0.0,0.0,0.0
4737.0,9.579668536506656,5.828164625322713,0.0,0.0,2.851406044584556e-05,0.0,0.0,4.114108838334975,-15.0709270738,0.0,0.0,1.7140557869877382,0.0,0.00010254106168871588,0.0,0.06564271829320935,-0.006497830585954184,0.21796286456387792,0.0,0.0,0.0
4738.0,9.579629693954265,5.828183916050448,0.0,0.0,2.599876108408441e-05,0.0,0.0,4.114136095594396,-15.0709270738,0.0,0.0,1.7140478204560523,0.0,9.349602729549768e-05,0.0,0.06564284880430689,-0.006497844554312654,0.21796400060758486,0.0,0.0,0.0
4739.0,9.579591121883729,5.828200684678398,0.0,0.0,2.3473494297768563e-05,0.0,0.0,4.114160832534638,-15.0709270738,0.0,0.0,1.7140398521437605,0.0,8.441507244613088e-05,0.0,0.06564296461946133,-0.006497890604880693,0.21796507442636354,0.0,0.0,0.0
4740.0,9.579552827810282,5.828214922889972,0.0,0.0,2.0938694691323203e-05,0.0,0.0,4.114183039405355,-15.0709270738,0.0,0.0,1.7140318834846164,0.0,7.529976034183734e-05,0.0,0.06564306568692328,-0.006497968796583667,0.21796608569585174,0.0,0.0,0.0
4741.0,9.579514819214676,5.8282266228075565,0.0,0.0,1.8394799505240604e-05,0.0,0.0,4.114202706892132,-15.0709270738,0.0,0.0,1.7140239159154245,0.0,6.615166372355895e-05,0.0,0.06564315195749457,-0.006498079182670438,0.21796703410228407,0.0,0.0,0.0
4742.0,9.579477103541754,5.8282357769948705,0.0,0.0,1.584224854262499e-05,0.0,0.0,4.114219826119079,-15.0709270738,0.0,0.0,1.7140159508757913,0.0,5.697236460763072e-05,0.0,0.06564322338454245,-0.006498221810692026,0.21796791934257087,0.0,0.0,0.0
4743.0,9.579439688199043,5.828242378459231,0.0,0.0,1.3281484095117474e-05,0.0,0.0,4.114234388651362,-15.0709270738,0.0,0.0,1.714007989807869,0.0,4.776345401917938e-05,0.0,0.06564327992401361,-0.006498396722481037,0.21796874112437575,0.0,0.0,0.0
4744.0,9.579402580555344,5.8282464206537545,0.0,0.0,1.0712950868211983e-05,0.0,0.0,4.11424638649765,-15.0709270738,0.0,0.0,1.7140000341561041,0.0,3.8526531723287006e-05,0.0,0.06564332153444738,-0.00649860395413214,0.21796949916619082,0.0,0.0,0.0
4745.0,9.579365787939322,5.828247897479472,0.0,0.0,8.1370959059748e-06,0.0,0.0,4.114255812112495,-15.0709270738,0.0,0.0,1.7139920853669777,0.0,2.9263205953964716e-05,0.0,0.06564334817698883,-0.006498843535983512,0.21797019319741068,0.0,0.0,0.0
4746.0,9.579329317638107,5.828246803287379,0.0,0.0,5.554368515177733e-06,0.0,0.0,4.114262658398628,-15.0709270738,0.0,0.0,1.7139841448887507,0.0,1.997509314097283e-05,0.0,0.06564335981540122,-0.006499115492599336,0.2179708229584041,0.0,0.0,0.0
4747.0,9.579293176895897,5.828243132880398,0.0,0.0,2.9652201888607735e-06,0.0,0.0,4.114266918709189,-15.0709270738,0.0,0.0,1.7139762141712085,0.0,1.0663817634544435e-05,0.0,0.06564335641607807,-0.006499419842753262,0.21797138820058412,0.0,0.0,0.0
4748.0,9.579257372912565,5.828236881515272,0.0,0.0,3.7010452933795077e-07,0.0,0.0,4.114268586849872,-15.0709270738,0.0,0.0,1.7139682946654,0.0,1.3310114280618548e-06,0.0,0.06564333794805485,-0.006499756599412904,0.2179718886864764,0.0,0.0,0.0
4749.0,9.579221912842275,5.828228044904373,0.0,0.0,-2.2305228293476755e-06,0.0,0.0,4.114267657080993,-15.0709270738,0.0,0.0,1.7139603878233798,0.0,-8.021686121292453e-06,0.0,0.0656433043830201,-0.006500125769725321,0.21797232418978563,0.0,0.0,0.0
4750.0,9.579186803792096,5.8282166192174385,0.0,0.0,-4.836204299499539e-06,0.0,0.0,4.114264124119488,-15.0709270738,0.0,0.0,1.7139524950979501,0.0,-1.7392628573837253e-05,0.0,0.06564325569532611,-0.006500527355003616,0.21797269449545986,0.0,0.0,0.0
4751.0,9.579152052820632,5.8282026010832215,0.0,0.0,-7.44648041836257e-06,0.0,0.0,4.114257983140824,-15.0709270738,0.0,0.0,1.7139446179423974,0.0,-2.6780162690606166e-05,0.0,0.06564319186199927,-0.006500961350714415,0.2179729993997531,0.0,0.0,0.0
4752.0,9.579117666936646,5.828185987591069,0.0,0.0,-1.0060889927225995e-05,0.0,0.0,4.114249229780835,-15.0709270738,0.0,0.0,1.7139367578102336,0.0,-3.618262871843141e-05,0.0,0.06564311286274974,-0.006501427746466587,0.21797323871028623,0.0,0.0,0.0
4753.0,9.579083653097701,5.828166776292414,0.0,0.0,-1.2678969851022371e-05,0.0,0.0,4.11423786013748,-15.0709270738,0.0,0.0,1.7139289161549343,0.0,-4.559836067685562e-05,0.0,0.0656430186799809,-0.006501926526000651,0.2179734122461055,0.0,0.0,0.0
4754.0,9.579050018208802,5.828144965202191,0.0,0.0,-1.5300255578403228e-05,0.0,0.0,4.1142238707725145,-15.0709270738,0.0,0.0,1.7139210944296766,0.0,-5.502568664680103e-05,0.0,0.06564290929879818,-0.006502457667179676,0.21797351983773966,0.0,0.0,0.0
4755.0,9.579016769121043,5.82812055280017,0.0,0.0,-1.7924280942283712e-05,0.0,0.0,4.114207258713094,-15.0709270738,0.0,0.0,1.7139132940870763,0.0,-6.446292906096813e-05,0.0,0.06564278470701737,-0.006503021141980828,0.2179735613272545,0.0,0.0,0.0
4756.0,9.57898391263027,5.828093538032209,0.0,0.0,-2.0550578300837174e-05,0.0,0.0,4.114188021453283,-15.0709270738,0.0,0.0,1.7139055165789259,0.0,-7.390840499589499e-05,0.0,0.06564264489517267,-0.006503616916488264,0.21797353656830604,0.0,0.0,0.0
4757.0,9.578951455475732,5.828063920311422,0.0,0.0,-2.3178678618935132e-05,0.0,0.0,4.114166156955491,-15.0709270738,0.0,0.0,1.7138977633559307,0.0,-8.33604264656604e-05,0.0,0.06564248985652403,-0.006504244950886862,0.21797344542619138,0.0,0.0,0.0
4758.0,9.578919404338768,5.828031699519272,0.0,0.0,-2.5808111550004295e-05,0.0,0.0,4.114141663651827,-15.0709270738,0.0,0.0,1.7138900358674451,0.0,-9.281730071712842e-05,0.0,0.06564231958706421,-0.006504905199457012,0.21797328777789754,0.0,0.0,0.0
4759.0,9.578887765841475,5.827996876006574,0.0,0.0,-2.8438405518302997e-05,0.0,0.0,4.114114540445366,-15.0709270738,0.0,0.0,1.713882335561208,0.0,-0.00010227733052674247,0.0,0.06564213408552516,-0.006505597610570735,0.21797306351214857,0.0,0.0,0.0
4760.0,9.5788565465454,5.827959450594419,0.0,0.0,-3.1069087801588554e-05,0.0,0.0,4.11408478671134,-15.0709270738,0.0,0.0,1.7138746638830797,0.0,-0.00011173881449876591,0.0,0.06564193335338414,-0.00650632212668853,0.2179727725294503,0.0,0.0,0.0
4761.0,9.578825752950229,5.827919424575019,0.0,0.0,-3.369968461417175e-05,0.0,0.0,4.114052402298242,-15.0709270738,0.0,0.0,1.7138670222767773,0.0,-0.00012120004736495482,0.0,0.06564171739486924,-0.006507078684357417,0.2179724147421333,0.0,0.0,0.0
4762.0,9.578795391492498,5.827876799712457,0.0,0.0,-3.6329721190335916e-05,0.0,0.0,4.114017387528847,-15.0709270738,0.0,0.0,1.7138594121836102,0.0,-0.0001306593202855817,0.0,0.06564148621696428,-0.006507867214210095,0.21797199007439375,0.0,0.0,0.0
4763.0,9.578765468544303,5.827831578243365,0.0,0.0,-3.895872186811534e-05,0.0,0.0,4.113979743201152,-15.0709270738,0.0,0.0,1.7138518350422132,0.0,-0.00014011492115178998,0.0,0.06564123982941353,-0.006508687640965127,0.2179714984623321,0.0,0.0,0.0
4764.0,9.578735990412017,5.827783762877513,0.0,0.0,-4.158621017340979e-05,0.0,0.0,4.113939470589227,-15.0709270738,0.0,0.0,1.713844292288286,0.0,-0.00014956513488919576,0.0,0.06564097824472571,-0.0065095398834281865,0.2179709398539899,0.0,0.0,0.0
4765.0,9.578706963335028,5.827733356798315,0.0,0.0,-4.4211708904423716e-05,0.0,0.0,4.1138965714439895,-15.0709270738,0.0,0.0,1.7138367853543253,0.0,-0.0001590082437626947,0.0,0.06564070147817753,-0.006510423854494338,0.21797031420938437,0.0,0.0,0.0
4766.0,9.57867839348447,5.827680363663244,0.0,0.0,-4.683474021641644e-05,0.0,0.0,4.113851047993885,-15.0709270738,0.0,0.0,1.7138293156693596,0.0,-0.00016844252768242422,0.0,0.06564040954781683,-0.006511339461151497,0.2179696215005409,0.0,0.0,0.0
4767.0,9.578650286961977,5.8276247876041785,0.0,0.0,-4.945482570675199e-05,0.0,0.0,4.1138029029454914,-15.0709270738,0.0,0.0,1.713821884658687,0.0,-0.00017786626451083933,0.0,0.06564010247446508,-0.006512286604484871,0.21796886171152355,0.0,0.0,0.0
4768.0,9.578622649798447,5.827566633227642,0.0,0.0,-5.2071486500222916e-05,0.0,0.0,4.113752139484032,-15.0709270738,0.0,0.0,1.7138144937436097,0.0,-0.0001872777303708092,0.0,0.0656397802817196,-0.006513265179682481,0.21796803483846341,0.0,0.0,0.0
4769.0,9.578595487952803,5.8275059056149745,0.0,0.0,-5.4684243334643315e-05,0.0,0.0,4.113698761273807,-15.0709270738,0.0,0.0,1.7138071443411675,0.0,-0.00019667519995471644,0.0,0.065639442995955,-0.006514275076041881,0.2179671408895848,0.0,0.0,0.0
4770.0,9.57856880731078,5.827442610322413,0.0,0.0,-5.729261664669336e-05,0.0,0.0,4.113642772458535,-15.0709270738,0.0,0.0,1.7137998378638777,0.0,-0.00020605694683449466,0.0,0.0656390906463244,-0.006515316176977759,0.21796617988522915,0.0,0.0,0.0
4771.0,9.578542613683712,5.827376753381081,0.0,0.0,-5.9896126657997645e-05,0.0,0.0,4.113584177661613,-15.0709270738,0.0,0.0,1.7137925757194683,0.0,-0.00021542124377253976,0.0,0.06563872326475993,-0.006516388360030809,0.21796515185787724,0.0,0.0,0.0
4772.0,9.578516912807332,5.827308341296903,0.0,0.0,-6.249429346142382e-05,0.0,0.0,4.1135229819862875,-15.0709270738,0.0,0.0,1.7137853593106156,0.0,-0.00022476636303344556,0.0,0.06563834088597288,-0.006517491496877539,0.21796405685216888,0.0,0.0,0.0
4773.0,9.578491710340593,5.8272373810504225,0.0,0.0,-6.508663710758761e-05,0.0,0.0,4.1134591910157425,-15.0709270738,0.0,0.0,1.71377819003468,0.0,-0.00023409057669651246,0.0,0.06563794354745325,-0.006518625453341309,0.21796289492492038,0.0,0.0,0.0
4774.0,9.57846701186448,5.827163880096539,0.0,0.0,-6.767267769154685e-05,0.0,0.0,4.113392810813094,-15.0709270738,0.0,0.0,1.7137710692834451,0.0,-0.0002433921569689667,0.0,0.06563753128946889,-0.0065197900894042315,0.2179616661451403,0.0,0.0,0.0
4775.0,9.57844282288086,5.827087846364159,0.0,0.0,-7.025193543966859e-05,0.0,0.0,4.113323847921307,-15.0709270738,0.0,0.0,1.713763998442852,0.0,-0.0002526693764998305,0.0,0.06563710415506402,-0.006520985259220416,0.2179603705940425,0.0,0.0,0.0
4776.0,9.578419148811314,5.827009288255758,0.0,0.0,-7.282393079665787e-05,0.0,0.0,4.113252309363015,-15.0709270738,0.0,0.0,1.713756978892743,0.0,-0.00026192050869440237,0.0,0.06563666219005732,-0.006522210811130066,0.2179590083650575,0.0,0.0,0.0
4777.0,9.57839599499601,5.826928214646859,0.0,0.0,-7.538818451272627e-05,0.0,0.0,4.113178202640265,-15.0709270738,0.0,0.0,1.713750012006594,0.0,-0.0002711438280292672,0.0,0.06563620544303954,-0.006523466587674817,0.21795757956384124,0.0,0.0,0.0
4778.0,9.578373366692565,5.82684463488542,0.0,0.0,-7.794421773089226e-05,0.0,0.0,4.113101535734161,-15.0709270738,0.0,0.0,1.7137430991512588,0.0,-0.00028033761036780683,0.0,0.0656357339653705,-0.006524752425614136,0.2179560843082819,0.0,0.0,0.0
4779.0,9.578351269074938,5.826758558791142,0.0,0.0,-8.049155207438812e-05,0.0,0.0,4.113022317104434,-15.0709270738,0.0,0.0,1.713736241686708,0.0,-0.00028950013327611827,0.0,0.06563524781117569,-0.0065260681559425465,0.2179545227285044,0.0,0.0,0.0
4780.0,9.578329707232319,5.826669996654681,0.0,0.0,-8.302970973416936e-05,0.0,0.0,4.1129405556889145,-15.0709270738,0.0,0.0,1.7137294409657668,0.0,-0.0002986296763393256,0.0,0.06563474703734234,-0.006527413603908433,0.21795289496687298,0.0,0.0,0.0
4781.0,9.578308686168045,5.826578959236781,0.0,0.0,-8.555821355649925e-05,0.0,0.0,4.1128562609029204,-15.0709270738,0.0,0.0,1.7137226983338607,0.0,-0.00030772452147818447,0.0,0.06563423170351491,-0.006528788589033427,0.21795120117799088,0.0,0.0,0.0
4782.0,9.578288210798519,5.8264854577673155,0.0,0.0,-8.807658713060278e-05,0.0,0.0,4.112769442638561,-15.0709270738,0.0,0.0,1.713716015128755,0.0,-0.00031678295326595824,0.0,0.06563370187209014,-0.006530192925133127,0.21794944152869872,0.0,0.0,0.0
4783.0,9.57826828595215,5.826389503944245,0.0,0.0,-9.058435487636449e-05,0.0,0.0,4.112680111263946,-15.0709270738,0.0,0.0,1.7137093926802995,0.0,-0.0003258032592454726,0.0,0.06563315760821159,-0.006531626420338915,0.21794761619807004,0.0,0.0,0.0
4784.0,9.578248916368302,5.8262911099324874,0.0,0.0,-9.308104213206411e-05,0.0,0.0,4.112588277622316,-15.0709270738,0.0,0.0,1.7137028323101715,0.0,-0.0003347837302463259,0.0,0.06563259897976362,-0.006533088877120646,0.2179457253774047,0.0,0.0,0.0
4785.0,9.578230106696257,5.826190288362697,0.0,0.0,-9.556617524212611e-05,0.0,0.0,4.112493953031076,-15.0709270738,0.0,0.0,1.7136963353316208,0.0,-0.00034372266070216765,0.0,0.06563202605736496,-0.006534580092310616,0.2179437692702203,0.0,0.0,0.0
4786.0,9.578211861494193,5.826087052329965,0.0,0.0,-9.803928164487131e-05,0.0,0.0,4.112397149280747,-15.0709270738,0.0,0.0,1.7136899030492172,0.0,-0.0003526183489680022,0.0,0.06563143891436166,-0.006536099857128538,0.21794174809224115,0.0,0.0,0.0
4787.0,9.578194185228178,5.825981415392424,0.0,0.0,-0.00010049988996025468,0.0,0.0,4.11229787863383,-15.0709270738,0.0,0.0,1.7136835367585945,0.0,-0.00036146909763745775,0.0,0.0656308376268196,-0.006537647957207474,0.2179396620713851,0.0,0.0,0.0
4788.0,9.578177082271175,5.825873391569777,0.0,0.0,-0.00010294753007756904,0.0,0.0,4.112196153823574,-15.0709270738,0.0,0.0,1.7136772377462028,0.0,-0.00037027321385994864,0.0,0.06563022227351645,-0.006539224172621025,0.2179375114477481,0.0,0.0,0.0
4789.0,9.578160556902064,5.825762995341727,0.0,0.0,-0.00010538173324310511,0.0,0.0,4.112091988052674,-15.0709270738,0.0,0.0,1.7136710072890535,0.0,-0.0003790290096576935,0.0,0.06562959293593319,-0.006540828277911387,0.2179352964735864,0.0,0.0,0.0
4790.0,9.578144613304682,5.82565024164633,0.0,0.0,-0.00010780203214774761,0.0,0.0,4.1119853949918586,-15.0709270738,0.0,0.0,1.7136648466544715,0.0,-0.00038773480224251546,0.0,0.06562894969824505,-0.006542460042118614,0.21793301741329707,0.0,0.0,0.0
4791.0,9.578129255566864,5.8255351458782565,0.0,0.0,-0.00011020796101449,0.0,0.0,4.111876388778409,-15.0709270738,0.0,0.0,1.7136587570998474,0.0,-0.0003963889143323617,0.0,0.06562829264731199,-0.00654411922881086,0.21793067454339532,0.0,0.0,0.0
4792.0,9.578114487679523,5.825417723886971,0.0,0.0,-0.00011259905568585698,0.0,0.0,4.11176498401458,-15.0709270738,0.0,0.0,1.7136527398723906,0.0,-0.0004049896744674998,0.0,0.0656276218726686,-0.006545805596115686,0.21792826815249053,0.0,0.0,0.0
4793.0,9.57810031353572,5.8252979919748205,0.0,0.0,-0.00011497485371121241,0.0,0.0,4.111651195765939,-15.0709270738,0.0,0.0,1.7136467962088817,0.0,-0.00041353541732631145,0.0,0.06562693746651364,-0.006547518896752397,0.21792579854125949,0.0,0.0,0.0
4794.0,9.578086736929768,5.825175966895043,0.0,0.0,-0.00011733489443394329,0.0,0.0,4.111535039559612,-15.0709270738,0.0,0.0,1.7136409273354305,0.0,-0.0004220244840406467,0.0,0.06562623952369896,-0.0065492588780655114,0.21792326602241768,0.0,0.0,0.0
4795.0,9.578073761556347,5.825051665849682,0.0,0.0,-0.00011967871907849528,0.0,0.0,4.111416531382452,-15.0709270738,0.0,0.0,1.7136351344672303,0.0,-0.00043045522251065074,0.0,0.0656255281417179,-0.006551025282059114,0.21792067092068784,0.0,0.0,0.0
4796.0,9.578061391009626,5.8249251064874255,0.0,0.0,-0.00012200587083725225,0.0,0.0,4.111295687679107,-15.0709270738,0.0,0.0,1.7136294188083188,0.0,-0.00043882598771903357,0.0,0.06562480342069325,-0.006552817845432463,0.21791801357276702,0.0,0.0,0.0
4797.0,9.578049628782418,5.824796306901351,0.0,0.0,-0.0001243158949572387,0.0,0.0,4.111172525350014,-15.0709270738,0.0,0.0,1.7136237815513367,0.0,-0.0004471351420447063,0.0,0.06562406546336477,-0.006554636299616334,0.21791529432729087,0.0,0.0,0.0
4798.0,9.578038478265336,5.82466528562659,0.0,0.0,-0.000126608338826628,0.0,0.0,4.1110470617493,-15.0709270738,0.0,0.0,1.7136182238772903,0.0,-0.0004553810555757204,0.0,0.06562331437507601,-0.006556480370810733,0.21791251354479585,0.0,0.0,0.0
4799.0,9.57802794274597,5.82453206163791,0.0,0.0,-0.00012888275206104354,0.0,0.0,4.110919314682597,-15.0709270738,0.0,0.0,1.713612746955313,0.0,-0.00046356210642146267,0.0,0.06562255026376082,-0.006558349780023301,0.2179096715976791,0.0,0.0,0.0
4800.0,9.578018025408092,5.824396654347203,0.0,0.0,-0.00013113868658963488,0.0,0.0,4.110789302404773,-15.0709270738,0.0,0.0,1.7136073519424304,0.0,-0.0004716766810240404,0.0,0.06562177323992932,-0.006560244243109026,0.2179067688701563,0.0,0.0,0.0
4801.0,9.578008729330856,5.824259083600901,0.0,0.0,-0.00013337569674091453,0.0,0.0,4.110657043617572,-15.0709270738,0.0,0.0,1.7136020399833294,0.0,-0.0004797231744688032,0.0,0.06562098341665329,-0.006562163470810761,0.21790380575821736,0.0,0.0,0.0
4802.0,9.578000057488037,5.824119369677298,0.0,0.0,-0.00013559333932833544,0.0,0.0,4.110522557467174,-15.0709270738,0.0,0.0,1.713596812210124,0.0,-0.0004876999907939279,0.0,0.06562018090955117,-0.006564107168800848,0.21790078266957918,0.0,0.0,0.0
4803.0,9.577992012747272,5.823977533283796,0.0,0.0,-0.00013779117373559545,0.0,0.0,4.110385863541671,-15.0709270738,0.0,0.0,1.713591669742125,0.0,-0.0004956055432990177,0.0,0.0656193658367725,-0.006566075037723676,0.21789770002363731,0.0,0.0,0.0
4804.0,9.577984597869328,5.823833595554061,0.0,0.0,-0.00013996876200165573,0.0,0.0,4.110246981868447,-15.0709270738,0.0,0.0,1.7135866136856137,0.0,-0.0005034382548526652,0.0,0.06561853831898189,-0.006568066773239345,0.21789455825141435,0.0,0.0,0.0
4805.0,9.577977815507385,5.8236875780450985,0.0,0.0,-0.00014212566890545002,0.0,0.0,4.110105932911487,-15.0709270738,0.0,0.0,1.7135816451336119,0.0,-0.0005111965581988957,0.0,0.06561769847934257,-0.006570082066068225,0.21789135779550695,0.0,0.0,0.0
4806.0,9.577971668206327,5.823539502734252,0.0,0.0,-0.00014426146205027323,0.0,0.0,4.109962737568589,-15.0709270738,0.0,0.0,1.713576765165663,0.0,-0.0005188788962624497,0.0,0.06561684644349927,-0.00657212060203656,0.21788809911002988,0.0,0.0,0.0
4807.0,9.577966158402072,5.823389392016108,0.0,0.0,-0.00014637571194783407,0.0,0.0,4.109817417168502,-15.0709270738,0.0,0.0,1.7135719748476061,0.0,-0.0005264837224528435,0.0,0.06561598233956087,-0.00657418206212286,0.2178847826605587,0.0,0.0,0.0
4808.0,9.577961288420894,5.823237268699329,0.0,0.0,-0.000148467992101955,0.0,0.0,4.109669993467975,-15.0709270738,0.0,0.0,1.7135672752313544,0.0,-0.0005340095009671529,0.0,0.06561510629808229,-0.006576266122505683,0.21788140892406926,0.0,0.0,0.0
4809.0,9.577957060478791,5.823083156003401,0.0,0.0,-0.0001505378790919001,0.0,0.0,4.109520488648721,-15.0709270738,0.0,0.0,1.7135626673546795,0.0,-0.0005414547070914426,0.0,0.06561421845204618,-0.00657837245461193,0.21787797838887604,0.0,0.0,0.0
4810.0,9.577953476680847,5.822927077555297,0.0,0.0,-0.00015258495265531755,0.0,0.0,4.109368925314302,-15.0709270738,0.0,0.0,1.7135581522409948,0.0,-0.0005488178275007972,0.0,0.06561331893684391,-0.006580500725166333,0.21787449155456762,0.0,0.0,0.0
4811.0,9.577950539020627,5.822769057386069,0.0,0.0,-0.00015460879577078437,0.0,0.0,4.10921532648693,-15.0709270738,0.0,0.0,1.7135537308991395,0.0,-0.0005560973605579038,0.0,0.06561240789025613,-0.006582650596241871,0.21787094893194003,0.0,0.0,0.0
4812.0,9.577948249379585,5.822609119927349,0.0,0.0,-0.00015660899473993073,0.0,0.0,4.109059715604181,-15.0709270738,0.0,0.0,1.7135494043231683,0.0,-0.0005632918166101063,0.0,0.06561148545243302,-0.006584821725311052,0.21786735104292837,0.0,0.0,0.0
4813.0,9.577946609526496,5.822447290007776,0.0,0.0,-0.0001585851392691312,0.0,0.0,4.108902116515635,-15.0709270738,0.0,0.0,1.7135451734921414,0.0,-0.0005703997182848838,0.0,0.06561055176587384,-0.0065870137652983135,0.2178636984205357,0.0,0.0,0.0
4814.0,9.577945621116898,5.822283592849347,0.0,0.0,-0.00016053682255074978,0.0,0.0,4.108742553479431,-15.0709270738,0.0,0.0,1.7135410393699164,0.0,-0.0005774196007837024,0.0,0.06560960697540616,-0.006589226364633077,0.21785999160876024,0.0,0.0,0.0
4815.0,9.57794528569256,5.822118054063679,0.0,0.0,-0.00016246364134391816,0.0,0.0,4.108581051158737,-15.0709270738,0.0,0.0,1.7135370029049426,0.0,-0.00058435001217417,0.0,0.06560865122816459,-0.0065914591673039424,0.21785623116252012,0.0,0.0,0.0
4816.0,9.577945604680975,5.821950699648206,0.0,0.0,-0.00016436519605483722,0.0,0.0,4.108417634618145,-15.0709270738,0.0,0.0,1.7135330650300613,0.0,-0.0005911895136804493,0.0,0.06560768467356898,-0.006593711812913752,0.21785241764757612,0.0,0.0,0.0
4817.0,9.577946579394855,5.8217815559822865,0.0,0.0,-0.00016624109081657675,0.0,0.0,4.108252329319986,-15.0709270738,0.0,0.0,1.7135292266623008,0.0,-0.0005979366799718471,0.0,0.0656067074633023,-0.006595983936735453,0.21784855164045236,0.0,0.0,0.0
4818.0,9.577948211031657,5.821610649823239,0.0,0.0,-0.00016809093356837037,0.0,0.0,4.108085161120559,-15.0709270738,0.0,0.0,1.7135254887026807,0.0,-0.0006045900994495595,0.0,0.06560571975128794,-0.006598275169768991,0.21784463372835472,0.0,0.0,0.0
4819.0,9.577950500673136,5.821438008302306,0.0,0.0,-0.00016991433613438027,0.0,0.0,4.107916156266288,-15.0709270738,0.0,0.0,1.7135218520360178,0.0,-0.0006111483745314841,0.0,0.06560472169366661,-0.0066005851387990755,0.21784066450908732,0.0,0.0,0.0
4820.0,9.577953449284902,5.821263658920531,0.0,0.0,-0.0001717109143019206,0.0,0.0,4.1077453413898,-15.0709270738,0.0,0.0,1.7135183175307303,0.0,-0.0006176101219350587,0.0,0.06560371344877282,-0.0066029134664536415,0.2178366445909667,0.0,0.0,0.0
4821.0,9.577957057716002,5.821087629544568,0.0,0.0,-0.0001734802878991227,0.0,0.0,4.10757274350592,-15.0709270738,0.0,0.0,1.7135148860386478,0.0,-0.0006239739729580634,0.0,0.06560269517711079,-0.006605259771263486,0.21783257459273406,0.0,0.0,0.0
4822.0,9.577961326698532,5.820909948402415,0.0,0.0,-0.00017522208087202964,0.0,0.0,4.1073983900075905,-15.0709270738,0.0,0.0,1.7135115583948242,0.0,-0.0006302385737573378,0.0,0.06560166704133008,-0.006607623667722537,0.21782845514346538,0.0,0.0,0.0
4823.0,9.577966256847251,5.820730644079071,0.0,0.0,-0.0001769359213611004,0.0,0.0,4.107222308661719,-15.0709270738,0.0,0.0,1.7135083354173526,0.0,-0.0006364025856253462,0.0,0.06560062920620072,-0.006610004766349001,0.21782428688247976,0.0,0.0,0.0
4824.0,9.577971848659235,5.820549745512125,0.0,0.0,-0.00017862144177711468,0.0,0.0,4.107044527604941,-15.0709270738,0.0,0.0,1.7135052179071835,0.0,-0.0006424646852645527,0.0,0.06559958183858779,-0.006612402673747478,0.217820070459245,0.0,0.0,0.0
4825.0,9.577978102513535,5.820367281987259,0.0,0.0,-0.00018027827887645258,0.0,0.0,4.106865075339319,-15.0709270738,0.0,0.0,1.7135022066479406,0.0,-0.0006484235650595147,0.0,0.06559852510742578,-0.00661481699267176,0.21781580653328197,0.0,0.0,0.0
4826.0,9.577985018670864,5.8201832831337,0.0,0.0,-0.00018190607383575046,0.0,0.0,4.106683980727952,-15.0709270738,0.0,0.0,1.713499302405748,0.0,-0.0006542779333466977,0.0,0.06559745918369235,-0.006617247322088501,0.21781149577406644,0.0,0.0,0.0
4827.0,9.577992597273305,5.819997778919577,0.0,0.0,-0.00018350447232590253,0.0,0.0,4.1065012729905215,-15.0709270738,0.0,0.0,1.7134965059290552,0.0,-0.0006600265146819005,0.0,0.06559638424038174,-0.006619693257241863,0.21780713886092923,0.0,0.0,0.0
4828.0,9.57800083834403,5.819810799647225,0.0,0.0,-0.00018507312458540138,0.0,0.0,4.106316981698762,-15.0709270738,0.0,0.0,1.7134938179484633,0.0,-0.0006656680501052665,0.0,0.06559530045247773,-0.006622154389718693,0.21780273648295367,0.0,0.0,0.0
4829.0,9.578009741787058,5.819622375948412,0.0,0.0,-0.000186611685493002,0.0,0.0,4.106131136771854,-15.0709270738,0.0,0.0,1.713491239176558,0.0,-0.000671201297403822,0.0,0.06559420799692622,-0.006624630307514548,0.21779828933887235,0.0,0.0,0.0
4830.0,9.578019307387011,5.819432538779493,0.0,0.0,-0.0001881198146396924,0.0,0.0,4.105943768471749,-15.0709270738,0.0,0.0,1.7134887703077437,0.0,-0.0006766250313714827,0.0,0.0655931070526074,-0.006627120595100844,0.21779379813696068,0.0,0.0,0.0
4831.0,9.57802953480891,5.819241319416502,0.0,0.0,-0.00018959717639996067,0.0,0.0,4.105754907398424,-15.0709270738,0.0,0.0,1.713486412018078,0.0,-0.0006819380440664883,0.0,0.06559199780030739,-0.00662962483349222,0.21778926359492895,0.0,0.0,0.0
4832.0,9.578040423597985,5.819048749450174,0.0,0.0,-0.00019104344000233975,0.0,0.0,4.105564584485057,-15.0709270738,0.0,0.0,1.7134841649651174,0.0,-0.0006871391450661981,0.0,0.0655908804226897,-0.006632142600315194,0.21778468643981286,0.0,0.0,0.0
4833.0,9.578051973179496,5.818854860780896,0.0,0.0,-0.00019245827959921534,0.0,0.0,4.105372830993144,-15.0709270738,0.0,0.0,1.7134820297877527,0.0,-0.000692227161719194,0.0,0.06558975510426611,-0.006634673469877131,0.2177800674078612,0.0,0.0,0.0
4834.0,9.578064182858599,5.818659685613597,0.0,0.0,-0.00019384137433588723,0.0,0.0,4.105179678507535,-15.0709270738,0.0,0.0,1.713480007106062,0.0,-0.0006972009393946552,0.0,0.06558862203136717,-0.006637217013236302,0.2177754072444229,0.0,0.0,0.0
4835.0,9.578077051820207,5.81846325645257,0.0,0.0,-0.00019519240841886672,0.0,0.0,4.104985158931413,-15.0709270738,0.0,0.0,1.7134780975211568,0.0,-0.0007020593417289398,0.0,0.06558748139211246,-0.006639772798272464,0.21777070670383064,0.0,0.0,0.0
4836.0,9.578090579128888,5.818265606096225,0.0,0.0,-0.00019651107118339676,0.0,0.0,4.104789304481194,-15.0709270738,0.0,0.0,1.7134763016150307,0.0,-0.0007068012508693274,0.0,0.06558633337638022,-0.0066423403897581945,0.21776596654928418,0.0,0.0,0.0
4837.0,9.578104763728785,5.818066767631789,0.0,0.0,-0.00019779705716018163,0.0,0.0,4.104592147681367,-15.0709270738,0.0,0.0,1.7134746199504223,0.0,-0.0007114255677148707,0.0,0.06558517817577685,-0.006644919349430983,0.21776118755273077,0.0,0.0,0.0
4838.0,9.578119604443541,5.817866774429931,0.0,0.0,-0.00019905006614130957,0.0,0.0,4.104393721359265,-15.0709270738,0.0,0.0,1.7134730530706666,0.0,-0.0007159312121542985,0.0,0.06558401598360583,-0.006647509236066024,0.21775637049474394,0.0,0.0,0.0
4839.0,9.578135099976274,5.8176656601393315,0.0,0.0,-0.00020026980324536293,0.0,0.0,4.10419405863977,-15.0709270738,0.0,0.0,1.7134716014995615,0.0,-0.0007203171233009486,0.0,0.06558284699483644,-0.006650109605549584,0.2177515161644008,0.0,0.0,0.0
4840.0,9.57815124890954,5.817463458681187,0.0,0.0,-0.00020145597898168832,0.0,0.0,4.103993192939957,-15.0709270738,0.0,0.0,1.71347026574123,0.0,-0.0007245822597246302,0.0,0.06558167140607199,-0.006652720010953073,0.21774662535915718,0.0,0.0,0.0
4841.0,9.578168049705344,5.8172602042436585,0.0,0.0,-0.00020260830931383017,0.0,0.0,4.10379115796367,-15.0709270738,0.0,0.0,1.7134690462799886,0.0,-0.0007287255996804287,0.0,0.06558048941551767,-0.006655340002608048,0.21774169888472134,0.0,0.0,0.0
4842.0,9.578185500705159,5.817055931276253,0.0,0.0,-0.00020372651572209978,0.0,0.0,4.1035879876960335,-15.0709270738,0.0,0.0,1.7134679435802198,0.0,-0.0007327461413343514,0.0,0.06557930122294824,-0.006657969128181299,0.2177367375549254,0.0,0.0,0.0
4843.0,9.578203600129974,5.816850674484157,0.0,0.0,-0.0002048103252652766,0.0,0.0,4.10338371639791,-15.0709270738,0.0,0.0,1.7134669580862472,0.0,-0.0007366429029857994,0.0,0.06557810702967509,-0.006660606932751209,0.21773174219159575,0.0,0.0,0.0
4844.0,9.578222346080357,5.816644468822498,0.0,0.0,-0.00020585947064142343,0.0,0.0,4.103178378600289,-15.0709270738,0.0,0.0,1.7134660902222096,0.0,-0.0007404149232868038,0.0,0.06557690703851318,-0.006663252958884161,0.21772671362442098,0.0,0.0,0.0
4845.0,9.578241736536544,5.816437349490563,0.0,0.0,-0.00020687369024780623,0.0,0.0,4.102972009098615,-15.0709270738,0.0,0.0,1.7134653403919486,0.0,-0.0007440612614579875,0.0,0.06557570145374755,-0.006665906746711983,0.21772165269081875,0.0,0.0,0.0
4846.0,9.578261769358546,5.8162293519259505,0.0,0.0,-0.00020785272823990256,0.0,0.0,4.102764642947062,-15.0709270738,0.0,0.0,1.7134647089788881,0.0,-0.0007475809975011972,0.0,0.06557449048109945,-0.00666856783400982,0.2177165602358006,0.0,0.0,0.0
4847.0,9.578282442286282,5.816020511798674,0.0,0.0,-0.00020879633458948928,0.0,0.0,4.102556315452747,-15.0709270738,0.0,0.0,1.7134641963459263,0.0,-0.000750973232408771,0.0,0.06557327432769224,-0.006671235756274541,0.21771143711183522,0.0,0.0,0.0
4848.0,9.578303752939734,5.815810865005206,0.0,0.0,-0.00020970426514179622,0.0,0.0,4.102347062169882,-15.0709270738,0.0,0.0,1.7134638028353244,0.0,-0.0007542370883693915,0.0,0.06557205320201687,-0.006673910046803788,0.2177062841787101,0.0,0.0,0.0
4849.0,9.57832569881912,5.815600447662475,0.0,0.0,-0.00021057628167171042,0.0,0.0,4.102136918893871,-15.0709270738,0.0,0.0,1.713463528768604,0.0,-0.0007573717089704717,0.0,0.06557082731389716,-0.006676590236775581,0.2177011023033915,0.0,0.0,0.0
4850.0,9.578348277305087,5.815389296101804,0.0,0.0,-0.00021141215193902334,0.0,0.0,4.10192592165536,-15.0709270738,0.0,0.0,1.7134633744464445,0.0,-0.0007603762593970431,0.0,0.0655695968744546,-0.006679275855328445,0.2176958923598831,0.0,0.0,0.0
4851.0,9.578371485658938,5.815177446862803,0.0,0.0,-0.00021221164974270923,0.0,0.0,4.1017141067142155,-15.0709270738,0.0,0.0,1.7134633401485875,0.0,-0.0007632499266271044,0.0,0.06556836209607302,-0.006681966429642028,0.21769065522908243,0.0,0.0,0.0
4852.0,9.57839532102286,5.814964936687207,0.0,0.0,-0.00021297455497421754,0.0,0.0,4.101501510553467,-15.0709270738,0.0,0.0,1.7134634261337398,0.0,-0.0007659919196233688,0.0,0.06556712319236283,-0.006684661485018409,0.21768539179863663,0.0,0.0,0.0
4853.0,9.578419780420202,5.814751802512665,0.0,0.0,-0.00021370065366977303,0.0,0.0,4.101288169873182,-15.0709270738,0.0,0.0,1.7134636326394839,0.0,-0.0007686014695213863,0.0,0.06556588037812497,-0.006687360544963647,0.21768010296279605,0.0,0.0,0.0
4854.0,9.578444860755742,5.814538081466489,0.0,0.0,-0.0002143897380616714,0.0,0.0,4.101074121584298,-15.0709270738,0.0,0.0,1.7134639598821915,0.0,-0.0007710778298139981,0.0,0.06556463386931471,-0.00669006313127006,0.21767478962226644,0.0,0.0,0.0
4855.0,9.578470558816003,5.814323810859342,0.0,0.0,-0.00021504160662855497,0.0,0.0,4.100859402802403,-15.0709270738,0.0,0.0,1.7134644080569394,0.0,-0.0007734202765320654,0.0,0.06556338388300502,-0.006692768764098786,0.21766945268406002,0.0,0.0,0.0
4856.0,9.57849687126958,5.8141090281788905,0.0,0.0,-0.00021565606414466573,0.0,0.0,4.100644050841462,-15.0709270738,0.0,0.0,1.7134649773374289,0.0,-0.000775628108421464,0.0,0.06556213063734963,-0.006695476962063018,0.2176640930613445,0.0,0.0,0.0
4857.0,9.57852379466749,5.81389377108341,0.0,0.0,-0.00021623292172805408,0.0,0.0,4.100428103207496,-15.0709270738,0.0,0.0,1.713465667875914,0.0,-0.0007777006471162665,0.0,0.065560874351546,-0.006698187242311485,0.21765871167329148,0.0,0.0,0.0
4858.0,9.578551325443533,5.813678077395341,0.0,0.0,-0.00021677199688774045,0.0,0.0,4.100211597592218,-15.0709270738,0.0,0.0,1.713466479803123,0.0,-0.0007796372373081025,0.0,0.0655596152457979,-0.006700899120612419,0.21765330944492262,0.0,0.0,0.0
4859.0,9.578579459914698,5.813461985094812,0.0,0.0,-0.0002172731135698177,0.0,0.0,4.099994571866618,-15.0709270738,0.0,0.0,1.7134674132281944,0.0,-0.0007814372469116499,0.0,0.06555835354127772,-0.006703612111438079,0.21764788730695483,0.0,0.0,0.0
4860.0,9.578608194281571,5.81324553231311,0.0,0.0,-0.00021773610220248126,0.0,0.0,4.099777064074501,-15.0709270738,0.0,0.0,1.7134684682386094,0.0,-0.0007831000672262158,0.0,0.06555708946008856,-0.006706325728049509,0.21764244619564424,0.0,0.0,0.0
4861.0,9.578637524628773,5.813028757326117,0.0,0.0,-0.00021816079973997987,0.0,0.0,4.099559112425984,-15.0709270738,0.0,0.0,1.7134696449001323,0.0,-0.0007846251130933762,0.0,0.06555582322522611,-0.0067090394825817384,0.21763698705262868,0.0,0.0,0.0
4862.0,9.578667446925415,5.812811698547704,0.0,0.0,-0.0002185470497054751,0.0,0.0,4.099340755290951,-15.0709270738,0.0,0.0,1.7134709432567528,0.0,-0.0007860118230506351,0.0,0.0655545550605402,-0.006711752886129463,0.21763151082476861,0.0,0.0,0.0
4863.0,9.578697957025584,5.8125943945230905,0.0,0.0,-0.00021889470223279746,0.0,0.0,4.09912203119246,-15.0709270738,0.0,0.0,1.7134723633306308,0.0,-0.0007872596594810586,0.0,0.06555328519069621,-0.0067144654488328626,0.21762601846398727,0.0,0.0,0.0
4864.0,9.57872905066884,5.812376883922161,0.0,0.0,-0.00021920361410709746,0.0,0.0,4.098902978800111,-15.0709270738,0.0,0.0,1.7134739051220498,0.0,-0.0007883681087588771,0.0,0.06555201384113621,-0.006717176679964021,0.21762051092710938,0.0,0.0,0.0
4865.0,9.57876072348074,5.812159205532747,0.0,0.0,-0.00021947364880436985,0.0,0.0,4.098683636923379,-15.0709270738,0.0,0.0,1.7134755686093674,0.0,-0.0007893366813909792,0.0,0.0655507412380398,-0.006719886088013494,0.21761498917569821,0.0,0.0,0.0
4866.0,9.578792970973378,5.811941398253878,0.0,0.0,-0.00021970467652985618,0.0,0.0,4.098464044504901,-15.0709270738,0.0,0.0,1.713477353748977,0.0,-0.0007901649121543146,0.0,0.065549467608285,-0.0067225931807773365,0.21760945417589234,0.0,0.0,0.0
4867.0,9.578825788545961,5.811723501088992,0.0,0.0,-0.00021989657425530178,0.0,0.0,4.098244240613728,-15.0709270738,0.0,0.0,1.713479260475264,0.0,-0.0007908523602291213,0.0,0.06554819317940848,-0.00672529746544423,0.21760390689824025,0.0,0.0,0.0
4868.0,9.578859171485389,5.811505553139121,0.0,0.0,-0.00022004922575506982,0.0,0.0,4.098024264438542,-15.0709270738,0.0,0.0,1.7134812887005788,0.0,-0.0007913986093279854,0.0,0.06554691817956614,-0.006727998448683131,0.2175983483175346,0.0,0.0,0.0
4869.0,9.578893114966863,5.811287593596033,0.0,0.0,-0.00022016252164109735,0.0,0.0,4.097804155280833,-15.0709270738,0.0,0.0,1.7134834383152002,0.0,-0.000791803267820683,0.0,0.06554564283749302,-0.006730695636731052,0.21759277941264482,0.0,0.0,0.0
4870.0,9.57892761405452,5.811069661735357,0.0,0.0,-0.00022023635939668725,0.0,0.0,4.097583952548047,-15.0709270738,0.0,0.0,1.7134857091873101,0.0,-0.0007920659688547777,0.0,0.06554436738246328,-0.006733388535481097,0.21758720116634905,0.0,0.0,0.0
4871.0,9.578962663702079,5.810851796909672,0.0,0.0,-0.00022027064340912722,0.0,0.0,4.097363695746697,-15.0709270738,0.0,0.0,1.7134881011629748,0.0,-0.0007921863704719459,0.0,0.06554309204424995,-0.006736076650570813,0.21758161456516467,0.0,0.0,0.0
4872.0,9.57899825875352,5.810634038541566,0.0,0.0,-0.00022026528500112617,0.0,0.0,4.097143424475446,-15.0709270738,0.0,0.0,1.71349061406612,0.0,-0.0007921641557199963,0.0,0.06554181705308451,-0.006738759487470727,0.2175760205991779,0.0,0.0,0.0
4873.0,9.579034393943772,5.810416426116671,0.0,0.0,-0.00022022020246106284,0.0,0.0,4.09692317841815,-15.0709270738,0.0,0.0,1.713493247698521,0.0,-0.0007919990327605611,0.0,0.06554054263961623,-0.006741436551573082,0.21757042026187284,0.0,0.0,0.0
4874.0,9.57907106389943,5.810198999176673,0.0,0.0,-0.00022013532107203687,0.0,0.0,4.096702997336885,-15.0709270738,0.0,0.0,1.713496001839788,0.0,-0.0007916907349724293,0.0,0.06553926903487144,-0.006744107348280737,0.21756481454995857,0.0,0.0,0.0
4875.0,9.57910826313949,5.809981797312296,0.0,0.0,-0.00022001057313971614,0.0,0.0,4.096482921064932,-15.0709270738,0.0,0.0,1.713498876247364,0.0,-0.0007912390210504975,0.0,0.06553799647021266,-0.006746771383096373,0.21755920446319643,0.0,0.0,0.0
4876.0,9.579145986076105,5.809764860156262,0.0,0.0,-0.00021984589801896866,0.0,0.0,4.096262989499746,-15.0709270738,0.0,0.0,1.7135018706565157,0.0,-0.0007906436751002971,0.0,0.06553672517729744,-0.006749428161711743,0.21755359100422547,0.0,0.0,0.0
4877.0,9.579184227015364,5.809548227376233,0.0,0.0,-0.00021964124213928163,0.0,0.0,4.096043242595893,-15.0709270738,0.0,0.0,1.7135049847803403,0.0,-0.0007899045067281089,0.0,0.06553545538803732,-0.0067520771900970444,0.2175479751783877,0.0,0.0,0.0
4878.0,9.57922298015809,5.809331938667725,0.0,0.0,-0.00021939655902894787,0.0,0.0,4.0958237203579575,-15.0709270738,0.0,0.0,1.7135082183097676,0.0,-0.000789021351126594,0.0,0.0655341873345563,-0.006754717974590596,0.21754235799355207,0.0,0.0,0.0
4879.0,9.579262239600652,5.80911603374701,0.0,0.0,-0.00021911180933802414,0.0,0.0,4.095604462833441,-15.0709270738,0.0,0.0,1.7135115709135693,0.0,-0.0007879940691559578,0.0,0.06553292124914961,-0.0067573500219883925,0.2175367404599377,0.0,0.0,0.0
4880.0,9.579301999335817,5.808900552343995,0.0,0.0,-0.00021878696086004762,0.0,0.0,4.095385510105623,-15.0709270738,0.0,0.0,1.713515042238372,0.0,-0.0007868225474205986,0.0,0.06553165736424196,-0.006759972839634018,0.21753112358993645,0.0,0.0,0.0
4881.0,9.579342253253596,5.808685534195084,0.0,0.0,-0.00021842198855250822,0.0,0.0,4.09516690228641,-15.0709270738,0.0,0.0,1.7135186319086744,0.0,-0.000785506698341234,0.0,0.065530395912346,-0.00676258593550845,0.21752550839793466,0.0,0.0,0.0
4882.0,9.579382995142133,5.808471019036029,0.0,0.0,-0.00021801687455606824,0.0,0.0,4.0949486795091605,-15.0709270738,0.0,0.0,1.7135223395268682,0.0,-0.0007840464602224742,0.0,0.06552913712602046,-0.006765188818319973,0.21751989590013415,0.0,0.0,0.0
4883.0,9.5794242186886,5.808257046594758,0.0,0.0,-0.00021757160821252522,0.0,0.0,4.094730881921493,-15.0709270738,0.0,0.0,1.7135261646732642,0.0,-0.0007824417973158296,0.0,0.06552788123782832,-0.006767780997594175,0.21751428711437237,0.0,0.0,0.0
4884.0,9.579465917480114,5.808043656584197,0.0,0.0,-0.000217086186081511,0.0,0.0,4.094513549678078,-15.0709270738,0.0,0.0,1.713530106906119,0.0,-0.0007806926998781276,0.0,0.06552662848029482,-0.006770361983764045,0.2175086830599426,0.0,0.0,0.0
4885.0,9.579508085004688,5.807830888695081,0.0,0.0,-0.0002165606119559228,0.0,0.0,4.094296722933409,-15.0709270738,0.0,0.0,1.713534165761672,0.0,-0.0007787991842253234,0.0,0.0655253790858655,-0.006772931288259926,0.21750308475741204,0.0,0.0,0.0
4886.0,9.579550714652179,5.807618782588744,0.0,0.0,-0.000215994896876078,0.0,0.0,4.094080441834565,-15.0709270738,0.0,0.0,1.7135383407541784,0.0,-0.0007767612927816795,0.0,0.065524133286864,-0.006775488423599568,0.21749749322844109,0.0,0.0,0.0
4887.0,9.579593799715273,5.807407377889908,0.0,0.0,-0.0002153890591425946,0.0,0.0,4.0938647465139555,-15.0709270738,0.0,0.0,1.7135426313759528,0.0,-0.0007745790941243175,0.0,0.06552289131544993,-0.006778032903478282,0.21749190949560065,0.0,0.0,0.0
4888.0,9.579637333390481,5.807196714179467,0.0,0.0,-0.00021474312432798447,0.0,0.0,4.0936496770820545,-15.0709270738,0.0,0.0,1.7135470370974124,0.0,-0.0007722526830231013,0.0,0.06552165340357666,-0.006780564242858805,0.21748633458218974,0.0,0.0,0.0
4889.0,9.579681308779163,5.8069868309872525,0.0,0.0,-0.00021405712528695835,0.0,0.0,4.0934352736201225,-15.0709270738,0.0,0.0,1.71355155736713,0.0,-0.0007697821804758446,0.0,0.06552041978294901,-0.0067830819580613905,0.2174807695120519,0.0,0.0,0.0
4890.0,9.579725718888556,5.806777767784803,0.0,0.0,-0.00021333110216543928,0.0,0.0,4.093221576172922,-15.0709270738,0.0,0.0,1.7135561916118816,0.0,-0.000767167733738837,0.0,0.06551919068498092,-0.0067855855668536025,0.2174752153093919,0.0,0.0,0.0
4891.0,9.57977055663284,5.806569563978128,0.0,0.0,-0.00021256510240828133,0.0,0.0,4.093008624741418,-15.0709270738,0.0,0.0,1.71356093923671,0.0,-0.0007644095163526737,0.0,0.06551796634075317,-0.0067880745885401245,0.21746967299859143,0.0,0.0,0.0
4892.0,9.579815814834205,5.806362258900462,0.0,0.0,-0.00021175918076568286,0.0,0.0,4.0927964592754815,-15.0709270738,0.0,0.0,1.7135657996249805,0.0,-0.0007615077281633549,0.0,0.06551674698097089,-0.0067905485440527685,0.2174641436040245,0.0,0.0,0.0
4893.0,9.579861486223958,5.806155891805028,0.0,0.0,-0.00021091339929830126,0.0,0.0,4.092585119666576,-15.0709270738,0.0,0.0,1.7135707721384517,0.0,-0.0007584625953386791,0.0,0.06551553283592125,-0.006793006956039752,0.2174586281498725,0.0,0.0,0.0
4894.0,9.57990756344362,5.805950501857787,0.0,0.0,-0.00021002782738105554,0.0,0.0,4.092374645740449,-15.0709270738,0.0,0.0,1.7135758561173375,0.0,-0.0007552743703798836,0.0,0.065514324135431,-0.006795449348955332,0.21745312765993918,0.0,0.0,0.0
4895.0,9.579954039046068,5.805746128130203,0.0,0.0,-0.0002091025417056199,0.0,0.0,4.092165077249814,-15.0709270738,0.0,0.0,1.7135810508803893,0.0,-0.0007519433321285441,0.0,0.06551312110882407,-0.0067978752491492656,0.2174476431574648,0.0,0.0,0.0
4896.0,9.580000905496687,5.8055428095920005,0.0,0.0,-0.0002081376262816052,0.0,0.0,4.091956453867035,-15.0709270738,0.0,0.0,1.7135863557249653,0.0,-0.0007484697857687252,0.0,0.06551192398487915,-0.006800284184955874,0.21744217566494028,0.0,0.0,0.0
4897.0,9.58004815517453,5.805340585103925,0.0,0.0,-0.00020713317243642077,0.0,0.0,4.091748815176806,-15.0709270738,0.0,0.0,1.7135917699271186,0.0,-0.0007448540628243529,0.0,0.06551073299178733,-0.006802675686783138,0.21743672620392132,0.0,0.0,0.0
4898.0,9.58009578037351,5.805139493410514,0.0,0.0,-0.0002060892788138195,0.0,0.0,4.091542200668836,-15.0709270738,0.0,0.0,1.713597292741678,0.0,-0.0007410965211518246,0.0,0.06550954835710965,-0.006805049287201506,0.21743129579484177,0.0,0.0,0.0
4899.0,9.580143773303602,5.804939573132871,0.0,0.0,-0.00020500605137112072,0.0,0.0,4.091336649730533,-15.0709270738,0.0,0.0,1.7136029234023384,0.0,-0.0007371975449278358,0.0,0.06550837030773478,-0.006807404521032526,0.2174258854568274,0.0,0.0,0.0
4900.0,9.580192126092065,5.804740862761448,0.0,0.0,-0.00020388360337511072,0.0,0.0,4.0911322016396925,-15.0709270738,0.0,0.0,1.7136086611217554,0.0,-0.0007331575446324265,0.0,0.06550719906983674,-0.006809740925437277,0.21742049620750903,0.0,0.0,0.0
4901.0,9.580240830784684,5.804543400648833,0.0,0.0,-0.0002027220553966176,0.0,0.0,4.090928895557191,-15.0709270738,0.0,0.0,1.713614505091642,0.0,-0.0007289769570272338,0.0,0.06550603486883251,-0.006812058040004551,0.2174151290628359,0.0,0.0,0.0
4902.0,9.580289879347022,5.804347225002554,0.0,0.0,-0.00020152153530375857,0.0,0.0,4.090726770519685,-15.0709270738,0.0,0.0,1.7136204544828697,0.0,-0.0007246562451289488,0.0,0.06550487792933998,-0.006814355406838654,0.2174097850368888,0.0,0.0,0.0
4903.0,9.5803392636657,5.804152373877891,0.0,0.0,-0.0002002821782538611,0.0,0.0,4.090525865432316,-15.0709270738,0.0,0.0,1.7136265084455742,0.0,-0.0007201958981779831,0.0,0.0655037284751356,-0.006816632570647144,0.2174044651416932,0.0,0.0,0.0
4904.0,9.58038897554968,5.803958885170696,0.0,0.0,-0.000199004126684054,0.0,0.0,4.090326219061431,-15.0709270738,0.0,0.0,1.7136326661092642,0.0,-0.0007155964316023309,0.0,0.0655025867291124,-0.006818889078828161,0.21739917038703221,0.0,0.0,0.0
4905.0,9.580439006731579,5.803766796610237,0.0,0.0,-0.00019768753030052907,0.0,0.0,4.090127870027301,-15.0709270738,0.0,0.0,1.7136389265829362,0.0,-0.0007108583869766331,0.0,0.06550145291323786,-0.006821124481557472,0.21739390178025986,0.0,0.0,0.0
4906.0,9.58048934886899,5.80357614575205,0.0,0.0,-0.00019633254606647133,0.0,0.0,4.089930856796861,-15.0709270738,0.0,0.0,1.7136452889551892,0.0,-0.0007059823319764361,0.0,0.06550032724851212,-0.006823338331875206,0.2173886603261143,0.0,0.0,0.0
4907.0,9.580539993545825,5.803386969970809,0.0,0.0,-0.00019493933818866033,0.0,0.0,4.089735217676463,-15.0709270738,0.0,0.0,1.7136517522943464,0.0,-0.0007009688603276563,0.0,0.0654992099549259,-0.006825530185772158,0.21738344702653095,0.0,0.0,0.0
4908.0,9.580590932273667,5.803199306453214,0.0,0.0,-0.0001935080781027383,0.0,0.0,4.089540990804633,-15.0709270738,0.0,0.0,1.7136583156485807,0.0,-0.0006958185917512372,0.0,0.06549810125141892,-0.006827699602275958,0.2173782628804557,0.0,0.0,0.0
4909.0,9.580642156493148,5.803013192190901,0.0,0.0,-0.00019203894445714905,0.0,0.0,4.089348214144858,-15.0709270738,0.0,0.0,1.7136649780460438,0.0,-0.0006905321719030136,0.0,0.06549700135583812,-0.006829846143536614,0.21737310888365902,0.0,0.0,0.0
4910.0,9.580693657575337,5.802828663973371,0.0,0.0,-0.00019053212309574577,0.0,0.0,4.089156925478371,-15.0709270738,0.0,0.0,1.713671738495,0.0,-0.0006851102723087802,0.0,0.06549591048489622,-0.006831969374911817,0.21736798602854907,0.0,0.0,0.0
4911.0,9.580745426823135,5.802645758380936,0.0,0.0,-0.00018898780703906722,0.0,0.0,4.088967162396978,-15.0709270738,0.0,0.0,1.713678595983958,0.0,-0.0006795535902945619,0.0,0.06549482885413022,-0.006834068865051918,0.21736289530398617,0.0,0.0,0.0
4912.0,9.580797455472709,5.802464511777696,0.0,0.0,-0.00018740619646428797,0.0,0.0,4.088778962295879,-15.0709270738,0.0,0.0,1.7136855494818173,0.0,-0.0006738628489121087,0.0,0.06549375667786006,-0.006836144185984258,0.21735783769509653,0.0,0.0,0.0
4913.0,9.580849734694914,5.802284960304539,0.0,0.0,-0.0001857874986838385,0.0,0.0,4.088592362366531,-15.0709270738,0.0,0.0,1.7136925979380084,0.0,-0.000668038796859603,0.0,0.06549269416914758,-0.006838194913197274,0.21735281418308725,0.0,0.0,0.0
4914.0,9.580902255596747,5.80210713987216,0.0,0.0,-0.00018413192812269873,0.0,0.0,4.088407399589517,-15.0709270738,0.0,0.0,1.7136997402826433,0.0,-0.0006620822083975927,0.0,0.06549164153975534,-0.0068402206257239945,0.21734782574506087,0.0,0.0,0.0
4915.0,9.580955009222814,5.801931086154117,0.0,0.0,-0.0001824397062943666,0.0,0.0,4.088224110727452,-15.0709270738,0.0,0.0,1.713706975426665,0.0,-0.0006559938832601573,0.0,0.06549059900010595,-0.0068422209062252715,0.21734287335383057,0.0,0.0,0.0
4916.0,9.5810079865568,5.8017568345799075,0.0,0.0,-0.00018071106177550272,0.0,0.0,4.088042532317903,-15.0709270738,0.0,0.0,1.7137143022620043,0.0,-0.0006497746465613138,0.0,0.06548956675924111,-0.006844195341072237,0.21733795797773592,0.0,0.0,0.0
4917.0,9.58106117852297,5.801584420328078,0.0,0.0,-0.00017894623017925424,0.0,0.0,4.087862700666339,-15.0709270738,0.0,0.0,1.7137217196617396,0.0,-0.0006434253486966741,0.0,0.06548854502478127,-0.006846143520428685,0.2173330805804588,0.0,0.0,0.0
4918.0,9.581114575987671,5.801413878319368,0.0,0.0,-0.0001771454541272595,0.0,0.0,4.0876846518391075,-15.0709270738,0.0,0.0,1.7137292264802602,0.0,-0.0006369468652403623,0.0,0.06548753400288514,-0.006848065038332449,0.21732824212083984,0.0,0.0,0.0
4919.0,9.581168169760852,5.801245243209878,0.0,0.0,-0.00017530898322033522,0.0,0.0,4.087508421656446,-15.0709270738,0.0,0.0,1.7137368215534314,0.0,-0.0006303400968371995,0.0,0.06548653389820952,-0.006849959492776586,0.21732344355269573,0.0,0.0,0.0
4920.0,9.5812219505976,5.801078549384279,0.0,0.0,-0.00017343707400785093,0.0,0.0,4.0873340456855125,-15.0709270738,0.0,0.0,1.7137445036987664,0.0,-0.0006236059690901742,0.0,0.06548554491386935,-0.006851826485790025,0.21731868582463626,0.0,0.0,0.0
4921.0,9.581275909199684,5.800913830949053,0.0,0.0,-0.00017152998995579054,0.0,0.0,4.087161559233453,-15.0709270738,0.0,0.0,1.7137522717155997,0.0,-0.0006167454324432012,0.0,0.06548456725139777,-0.006853665623517358,0.21731396987988275,0.0,0.0,0.0
4922.0,9.581330036217118,5.800751121725772,0.0,0.0,-0.00016958800141350818,0.0,0.0,4.086990997340507,-15.0709270738,0.0,0.0,1.7137601243852645,0.0,-0.000609759462059195,0.0,0.06548360111070667,-0.0068554765162984616,0.21730929665608673,0.0,0.0,0.0
4923.0,9.581384322249733,5.800590455244411,0.0,0.0,-0.0001676113855791797,0.0,0.0,4.086822394773133,-15.0709270738,0.0,0.0,1.7137680604712777,0.0,-0.000602649057693465,0.0,0.06548264669004719,-0.006857258778747127,0.21730466708514906,0.0,0.0,0.0
4924.0,9.581438757848758,5.800431864736703,0.0,0.0,-0.0001656004264639499,0.0,0.0,4.086655786017184,-15.0709270738,0.0,0.0,1.713776078719519,0.0,-0.000595415243562435,0.0,0.06548170418597055,-0.006859012029829484,0.2173000820930402,0.0,0.0,0.0
4925.0,9.581493333518425,5.800275383129535,0.0,0.0,-0.00016355541485478962,0.0,0.0,4.086491205271111,-15.0709270738,0.0,0.0,1.7137841778584244,0.0,-0.0005880590682077384,0.0,0.0654807737932892,-0.006860735892941394,0.21729554259962064,0.0,0.0,0.0
4926.0,9.581548039717571,5.80012104303838,0.0,0.0,-0.0001614766482760533,0.0,0.0,4.086328686439205,-15.0709270738,0.0,0.0,1.7137923565991748,0.0,-0.000580581604355658,0.0,0.06547985570503798,-0.006862429995985589,0.2172910495184625,0.0,0.0,0.0
4927.0,9.581602866861264,5.799968876760775,0.0,0.0,-0.00015936443094975437,0.0,0.0,4.086168263124882,-15.0709270738,0.0,0.0,1.7138006136358932,0.0,-0.0005729839487719745,0.0,0.0654789501124357,-0.006864093971447827,0.21728660375667178,0.0,0.0,0.0
4928.0,9.581657805322429,5.799818916269848,0.0,0.0,-0.00015721907375455295,0.0,0.0,4.086009968624002,-15.0709270738,0.0,0.0,1.7138089476458456,0.0,-0.0005652672221122064,0.0,0.06547805720484691,-0.006865727456472695,0.21728220621471114,0.0,0.0,0.0
4929.0,9.581712845433502,5.799671193207879,0.0,0.0,-0.0001550408941834666,0.0,0.0,4.085853835918238,-15.0709270738,0.0,0.0,1.7138173572896411,0.0,-0.0005574325687672782,0.0,0.06547717716974397,-0.006867330092938467,0.21727785778622394,0.0,0.0,0.0
4930.0,9.581767977488074,5.799525738879916,0.0,0.0,-0.00015283021630030903,0.0,0.0,4.085699897668478,-15.0709270738,0.0,0.0,1.7138258412114382,0.0,-0.0005494811567046422,0.0,0.06547631019266925,-0.006868901527531404,0.21727355935785897,0.0,0.0,0.0
4931.0,9.581823191742563,5.799382584247437,0.0,0.0,-0.00015058737069485818,0.0,0.0,4.085548186208283,-15.0709270738,0.0,0.0,1.713834398039154,0.0,-0.0005414141773048535,0.0,0.06547545645719782,-0.006870441411819375,0.21726931180909587,0.0,0.0,0.0
4932.0,9.581878478417888,5.799241759922055,0.0,0.0,-0.0001483126944367635,0.0,0.0,4.085398733537377,-15.0709270738,0.0,0.0,1.7138430263846782,0.0,-0.0005332328451936427,0.0,0.0654746161449002,-0.006871949402324523,0.21726511601207196,0.0,0.0,0.0
4933.0,9.581933827701153,5.799103296159286,0.0,0.0,-0.00014600653102819422,0.0,0.0,4.085251571315197,-15.0709270738,0.0,0.0,1.7138517248440888,0.0,-0.0005249383980694891,0.0,0.06547378943530549,-0.006873425160595595,0.2172609728314095,0.0,0.0,0.0
4934.0,9.581989229747345,5.798967222852351,0.0,0.0,-0.00014366923035524158,0.0,0.0,4.08510673085448,-15.0709270738,0.0,0.0,1.7138604919978713,0.0,-0.0005165320965267436,0.0,0.06547297650586485,-0.006874868353279134,0.21725688312404434,0.0,0.0,0.0
4935.0,9.582044674681034,5.798833569526045,0.0,0.0,-0.00014130114863807126,0.0,0.0,4.0849642431149045,-15.0709270738,0.0,0.0,1.7138693264111406,0.0,-0.0005080152238742923,0.0,0.06547217753191518,-0.00687627865219001,0.21725284773905562,0.0,0.0,0.0
4936.0,9.582100152598095,5.798702365330654,0.0,0.0,-0.00013890264837984232,0.0,0.0,4.084824138696786,-15.0709270738,0.0,0.0,1.7138782266338684,0.0,-0.0004993890859498174,0.0,0.06547139268664313,-0.006877655734381413,0.2172488675174961,0.0,0.0,0.0
4937.0,9.582155653567423,5.798573639035927,0.0,0.0,-0.00013647409831439223,0.0,0.0,4.084686447834815,-15.0709270738,0.0,0.0,1.7138871912011115,0.0,-0.0004906550109296584,0.0,0.06547062214104951,-0.00687899928221368,0.21724494329222424,0.0,0.0,0.0
4938.0,9.582211167632671,5.7984474190251,0.0,0.0,-0.00013401587335269965,0.0,0.0,4.084551200391857,-15.0709270738,0.0,0.0,1.7138962186332432,0.0,-0.00048181434913431527,0.0,0.06546986606391386,-0.0068803089834225395,0.21724107588773672,0.0,0.0,0.0
4939.0,9.582266684813991,5.798323733288989,0.0,0.0,-0.00013152835452812914,0.0,0.0,4.084418425852799,-15.0709270738,0.0,0.0,1.7139053074361907,0.0,-0.00047286847282961074,0.0,0.06546912462175954,-0.006881584531186424,0.21723726612000283,0.0,0.0,0.0
4940.0,9.582322195109773,5.798202609420129,0.0,0.0,-0.00012901192894046695,0.0,0.0,4.084288153318456,-15.0709270738,0.0,0.0,1.7139144561016737,0.0,-0.0004638187760235474,0.0,0.06546839797881894,-0.006882825624193123,0.21723351479629943,0.0,0.0,0.0
4941.0,9.58237768849841,5.798084074606979,0.0,0.0,-0.0001264669896987551,0.0,0.0,4.084160411499536,-15.0709270738,0.0,0.0,1.713923663107443,0.0,-0.00045466667425888494,0.0,0.06546768629699927,-0.006884031966705326,0.21722982271504754,0.0,0.0,0.0
4942.0,9.582433154940059,5.797968155628184,0.0,0.0,-0.00012389393586293167,0.0,0.0,4.084035228710655,-15.0709270738,0.0,0.0,1.7139329269175292,0.0,-0.00044541360440146944,0.0,0.0654669897358485,-0.006885203268625545,0.21722619066565008,0.0,0.0,0.0
4943.0,9.582488584378412,5.797854878846908,0.0,0.0,-0.00012129317238428368,0.0,0.0,4.083912632864422,-15.0709270738,0.0,0.0,1.7139422459824862,0.0,-0.00043606102442433784,0.0,0.06546630845252172,-0.006886339245559897,0.21722261942833088,0.0,0.0,0.0
4944.0,9.582543966742472,5.797744270205217,0.0,0.0,-0.00011866511004472705,0.0,0.0,4.083792651465571,-15.0709270738,0.0,0.0,1.713951618739646,0.0,-0.00042661041318765196,0.0,0.06546564260174789,-0.0068874396188813025,0.21721910977397502,0.0,0.0,0.0
4945.0,9.58259929194834,5.797636355218536,0.0,0.0,-0.00011601016539491094,0.0,0.0,4.083675311605166,-15.0709270738,0.0,0.0,1.71396104361337,0.0,-0.0004170632702144536,0.0,0.06546499233579706,-0.0068885041157915605,0.21721566246397062,0.0,0.0,0.0
4946.0,9.582654549901,5.797531158970166,0.0,0.0,-0.0001133287606911688,0.0,0.0,4.083560639954862,-15.0709270738,0.0,0.0,1.7139705190153043,0.0,-0.0004074211154623225,0.0,0.06546435780444756,-0.006889532469382523,0.21721227825005168,0.0,0.0,0.0
4947.0,9.582709730496122,5.7974287061058725,0.0,0.0,-0.00011062132383131392,0.0,0.0,4.083448662761231,-15.0709270738,0.0,0.0,1.713980043344641,0.0,-0.0003976854890909301,0.0,0.06546373915495421,-0.0068905244186964615,0.21720895787414307,0.0,0.0,0.0
4948.0,9.582764823621861,5.797329020828536,0.0,0.0,-0.00010788828828929552,0.0,0.0,4.083339405840155,-15.0709270738,0.0,0.0,1.7139896149883809,0.0,-0.0003878579512255486,0.0,0.06546313653201627,-0.0068914797087853835,0.21720570206820597,0.0,0.0,0.0
4949.0,9.582819819160667,5.797232126892874,0.0,0.0,-0.00010513009304871915,0.0,0.0,4.083232894571279,-15.0709270738,0.0,0.0,1.7139992323215951,0.0,-0.000377940081716531,0.0,0.0654625500777463,-0.0068923980907694,0.21720251155408574,0.0,0.0,0.0
4950.0,9.582874706991088,5.797138047600236,0.0,0.0,-0.0001023471825352503,0.0,0.0,4.083129153892541,-15.0709270738,0.0,0.0,1.7140088937076952,0.0,-0.0003679334798948292,0.0,0.06546197993163909,-0.006893279321894194,0.21719938704336067,0.0,0.0,0.0
4951.0,9.582929476989602,5.79704680579346,0.0,0.0,-9.954000654789971e-05,0.0,0.0,4.083028208294759,-15.0709270738,0.0,0.0,1.7140185974987014,0.0,-0.00035783976432354856,0.0,0.06546142623054108,-0.006894123165587407,0.21719632923719256,0.0,0.0,0.0
4952.0,9.582984119032423,5.796958423851813,0.0,0.0,-9.670902018920831e-05,0.0,0.0,4.082930081816294,-15.0709270738,0.0,0.0,1.714028342035519,0.0,-0.0003476605725456023,0.0,0.06546088910862036,-0.006894929391514176,0.2171933388261788,0.0,0.0,0.0
4953.0,9.58303862299734,5.796872923685993,0.0,0.0,-9.385468379433963e-05,0.0,0.0,4.0828347980377835,-15.0709270738,0.0,0.0,1.7140381256482096,0.0,-0.00033739756082749726,0.0,0.06546036869733683,-0.00689569777563151,0.21719041649020596,0.0,0.0,0.0
4954.0,9.583092978765535,5.7967903267332135,0.0,0.0,-9.097746285909044e-05,0.0,0.0,4.082742380076942,-15.0709270738,0.0,0.0,1.7140479466562715,0.0,-0.00032705240389928895,0.0,0.06545986512541303,-0.006896428100241742,0.21718756289830532,0.0,0.0,0.0
4955.0,9.583147176223427,5.796710653952358,0.0,0.0,-8.807782796682792e-05,0.0,0.0,4.08265285058344,-15.0709270738,0.0,0.0,1.7140578033689184,0.0,-0.0003166267946907381,0.0,0.06545937851880515,-0.006897120154044908,0.21718477870850955,0.0,0.0,0.0
4956.0,9.583201205264498,5.796633925819215,0.0,0.0,-8.515625471437193e-05,0.0,0.0,4.08256623173385,-15.0709270738,0.0,0.0,1.7140676940853652,0.0,-0.0003061224440637365,0.0,0.06545890900067478,-0.006897773732190235,0.21718206456771166,0.0,0.0,0.0
4957.0,9.583255055791135,5.796560162321783,0.0,0.0,-8.221322363682341e-05,0.0,0.0,4.082482545226673,-15.0709270738,0.0,0.0,1.7140776170951098,0.0,-0.0002955410805410056,0.0,0.06545845669136073,-0.006898388636326261,0.21717942111152522,0.0,0.0,0.0
4958.0,9.583308717716474,5.796489382955662,0.0,0.0,-7.924922013135515e-05,0.0,0.0,4.082401812277439,-15.0709270738,0.0,0.0,1.714087570678223,0.0,-0.00028488445003112934,0.0,0.06545802170835177,-0.006898964674650274,0.21717684896414646,0.0,0.0,0.0
4959.0,9.58336218096624,5.796421606719519,0.0,0.0,-7.626473437998044e-05,0.0,0.0,4.0823240536138785,-15.0709270738,0.0,0.0,1.7140975531056402,0.0,-0.00027415431554997615,0.0,0.06545760416625931,-0.006899501661956367,0.21717434873821845,0.0,0.0,0.0
4960.0,9.583415435480592,5.796356852110631,0.0,0.0,-7.326026127130258e-05,0.0,0.0,4.082249289471183,-15.0709270738,0.0,0.0,1.7141075626394482,0.0,-0.00026335245693852246,0.0,0.06545720417679102,-0.006899999419682598,0.2171719210346963,0.0,0.0,0.0
4961.0,9.583468471215973,5.796295137120518,0.0,0.0,-7.023630032126576e-05,0.0,0.0,4.082177539587334,-15.0709270738,0.0,0.0,1.7141175975331846,0.0,-0.00025248067057715237,0.0,0.06545682184872453,-0.006900457775957006,0.2171695664427153,0.0,0.0,0.0
4962.0,9.583521278146952,5.796236479230648,0.0,0.0,-6.719335559291215e-05,0.0,0.0,4.082108823198516,-15.0709270738,0.0,0.0,1.7141276560321321,0.0,-0.0002415407690964516,0.0,0.06545645728788187,-0.0069008765656424775,0.2171672855394599,0.0,0.0,0.0
4963.0,9.583573846268076,5.796180895408233,0.0,0.0,-6.413193561516465e-05,0.0,0.0,4.082043159034614,-15.0709270738,0.0,0.0,1.714137736373619,0.0,-0.0002305345810845669,0.0,0.06545611059710425,-0.006901255630380507,0.2171650788900351,0.0,0.0,0.0
4964.0,9.583626165595716,5.796128402102098,0.0,0.0,-6.105255330064114e-05,0.0,0.0,4.08198056531478,-15.0709270738,0.0,0.0,1.7141478367873182,0.0,-0.00021946395079115122,0.0,0.06545578187622743,-0.006901594818633977,0.21716294704733974,0.0,0.0,0.0
4965.0,9.583678226169923,5.796079015238652,0.0,0.0,-5.7955725862519555e-05,0.0,0.0,4.081921059743101,-15.0709270738,0.0,0.0,1.7141579554955513,0.0,-0.0002083307378279667,0.0,0.06545547122205739,-0.006901893985728519,0.2171608905519415,0.0,0.0,0.0
4966.0,9.583730018056269,5.796032750217925,0.0,0.0,-5.4841974730458124e-05,0.0,0.0,4.081864659504332,-15.0709270738,0.0,0.0,1.714168090713593,0.0,-0.00019713681686616037,0.0,0.06545517872834676,-0.006902152993893074,0.21715890993195425,0.0,0.0,0.0
4967.0,9.583781531347698,5.795989621909707,0.0,0.0,-5.1711825465594174e-05,0.0,0.0,4.081811381259729,-15.0709270738,0.0,0.0,1.7141782406499786,0.0,-0.0001858840773302982,0.0,0.06545490448577149,-0.0069023717122989325,0.21715700570291685,0.0,0.0,0.0
4968.0,9.583832756166377,5.795949644649764,0.0,0.0,-4.8565807674625734e-05,0.0,0.0,4.081761241142954,-15.0709270738,0.0,0.0,1.7141884035068102,0.0,-0.00017457442308917224,0.0,0.06545464858190826,-0.006902550017097969,0.21715517836767428,0.0,0.0,0.0
4969.0,9.583883682665533,5.795912832236148,0.0,0.0,-4.540445492299684e-05,0.0,0.0,4.0817142547560765,-15.0709270738,0.0,0.0,1.7141985774800714,0.0,-0.0001632097721434574,0.0,0.06545441110121222,-0.00690268779145943,0.21715342841626123,0.0,0.0,0.0
4970.0,9.58393430103131,5.7958791979255935,0.0,0.0,-4.2228304647195027e-05,0.0,0.0,4.081670437165658,-15.0709270738,0.0,0.0,1.7142087607599352,0.0,-0.0001517920563102487,0.0,0.0654541921249953,-0.006902784925605698,0.21715175632578673,0.0,0.0,0.0
4971.0,9.5839846014846,5.795848754430007,0.0,0.0,-3.903789806617402e-05,0.0,0.0,4.0816298028989255,-15.0709270738,0.0,0.0,1.7142189515310813,0.0,-0.00014032322090452558,0.0,0.06545399173140513,-0.006902841316846806,0.21715016256032188,0.0,0.0,0.0
4972.0,9.584034574282892,5.795821513913041,0.0,0.0,-3.583378009192314e-05,0.0,0.0,4.081592365940031,-15.0709270738,0.0,0.0,1.7142291479730103,0.0,-0.00012880522441762157,0.0,0.06545380999540436,-0.006902856869613658,0.2171486475707891,0.0,0.0,0.0
4973.0,9.584084209722107,5.795797487986767,0.0,0.0,-3.2616499239189005e-05,0.0,0.0,4.081558139726407,-15.0709270738,0.0,0.0,1.7142393482603602,0.0,-0.00011724003819271965,0.0,0.0654536469887505,-0.006902831495490341,0.21714721179485377,0.0,0.0,0.0
4974.0,9.584133498138433,5.795776687708433,0.0,0.0,-2.938660753436912e-05,0.0,0.0,4.0815271371452075,-15.0709270738,0.0,0.0,1.7142495505632258,0.0,-0.00010562964609744355,0.0,0.06545350277997655,-0.006902765113244849,0.21714585565681796,0.0,0.0,0.0
4975.0,9.584182429910156,5.795759123577323,0.0,0.0,-2.6144660423589553e-05,0.0,0.0,4.081499370529843,-15.0709270738,0.0,0.0,1.7142597530474797,0.0,-9.397604419358944e-05,0.0,0.06545337743437171,-0.00690265764885882,0.21714457956751637,0.0,0.0,0.0
4976.0,9.584230995459487,5.795744805531701,0.0,0.0,-2.2891216679984063e-05,0.0,0.0,4.081474851656607,-15.0709270738,0.0,0.0,1.7142699538750943,0.0,-8.22812404040606e-05,0.0,0.0654532710139632,-0.006902509035555976,0.21714338392421448,0.0,0.0,0.0
4977.0,9.584279185254395,5.795733742945856,0.0,0.0,-1.962683831018554e-05,0.0,0.0,4.081453591741393,-15.0709270738,0.0,0.0,1.7142801512044628,0.0,-7.054725417704378e-05,0.0,0.06545318357749799,-0.006902319213829333,0.21714226911050885,0.0,0.0,0.0
4978.0,9.584326989810416,5.7957259446272404,0.0,0.0,-1.6352090460047573e-05,0.0,0.0,4.081435601436514,-15.0709270738,0.0,0.0,1.7142903431907266,0.0,-5.877611614749196e-05,0.0,0.06545311518042574,-0.006902088131467116,0.21714123549622985,0.0,0.0,0.0
4979.0,9.584374399692473,5.795721418813701,0.0,0.0,-1.3067541319612196e-05,0.0,0.0,4.081420890827603,-15.0709270738,0.0,0.0,1.714300527986098,0.0,-4.6969867795970564e-05,0.0,0.0654530658748818,-0.006901815743577552,0.21714028343734654,0.0,0.0,0.0
4980.0,9.58442140551669,5.795720173170816,0.0,0.0,-9.773762027336624e-06,0.0,0.0,4.081409469430624,-15.0709270738,0.0,0.0,1.7143107037401917,0.0,-3.513056110491368e-05,0.0,0.06545303570967098,-0.006901502012612165,0.21713941327587374,0.0,0.0,0.0
4981.0,9.58446799795219,5.795722214789313,0.0,0.0,-6.4713265735961205e-06,0.0,0.0,4.081401346188967,-15.0709270738,0.0,0.0,1.7143208686003462,0.0,-2.3260258212351373e-05,0.0,0.06545302473025187,-0.006901146908388084,0.21713862533978195,0.0,0.0,0.0
4982.0,9.584514167722904,5.795727550182605,0.0,0.0,-3.160811703478466e-06,0.0,0.0,4.081396529470646,-15.0709270738,0.0,0.0,1.7143310207119589,0.0,-1.136103106316377e-05,0.0,0.06545303297872172,-0.006900750408108877,0.21713791994290865,0.0,0.0,0.0
4983.0,9.584559905609357,5.795736185284409,0.0,0.0,1.5720318111390386e-07,0.0,0.0,4.081395027065594,-15.0709270738,0.0,0.0,1.714341158218815,0.0,5.650389420806356e-07,0.0,0.06545306049380187,-0.00690031249638412,0.21713729738487308,0.0,0.0,0.0
4984.0,9.584605202450458,5.7957481254464716,0.0,0.0,3.4821361200398582e-06,0.0,0.0,4.081396846183054,-15.0709270738,0.0,0.0,1.7143512792634175,0.0,1.2515861300651543e-05,0.0,0.0654531073108238,-0.006899833165247865,0.21713675795099247,0.0,0.0,0.0
4985.0,9.58465004914528,5.795763375436393,0.0,0.0,6.813402694154292e-06,0.0,0.0,4.081401993449072,-15.0709270738,0.0,0.0,1.7143613819873211,0.0,2.448933676347911e-05,0.0,0.06545317346171567,-0.006899312414175532,0.2171363019122014,0.0,0.0,0.0
4986.0,9.584694436654834,5.79578193943555,0.0,0.0,1.0150416125188136e-05,0.0,0.0,4.081410474904087,-15.0709270738,0.0,0.0,1.714371464531463,0.0,3.6483357693223886e-05,0.0,0.06545325897498962,-0.0068987502500996445,0.21713592952497285,0.0,0.0,0.0
4987.0,9.58473835600384,5.79580382103712,0.0,0.0,1.3492587376253995e-05,0.0,0.0,4.08142229600062,-15.0709270738,0.0,0.0,1.7143815250365,0.0,4.849580842452409e-05,0.0,0.06545336387572946,-0.006898146687424417,0.2171356410312424,0.0,0.0,0.0
4988.0,9.584781798282476,5.795829023244212,0.0,0.0,1.683932525296616e-05,0.0,0.0,4.081437461601071,-15.0709270738,0.0,0.0,1.7143915616431409,0.0,6.052456562638042e-05,0.0,0.06545348818557903,-0.006897501748038715,0.2171354366583344,0.0,0.0,0.0
4989.0,9.58482475464814,5.795857548468091,0.0,0.0,2.0190036505153004e-05,0.0,0.0,4.081455975975607,-15.0709270738,0.0,0.0,1.7144015724924841,0.0,7.256749866659974e-05,0.0,0.06545363192273124,-0.006896815461327907,0.217135316618891,0.0,0.0,0.0
4990.0,9.584867216327186,5.795889398526511,0.0,0.0,2.3544125929147464e-05,0.0,0.0,4.08147784280016,-15.0709270738,0.0,0.0,1.7144115557263513,0.0,8.46224699782469e-05,0.0,0.06545379510191754,-0.006896087864184358,0.21713528111080305,0.0,0.0,0.0
4991.0,9.584909174616659,5.79592457464215,0.0,0.0,2.6900996470636843e-05,0.0,0.0,4.081503065154524,-15.0709270738,0.0,0.0,1.714421509487626,0.0,9.668733542803796e-05,0.0,0.06545397773439818,-0.0068953190010166004,0.21713533031714455,0.0,0.0,0.0
4992.0,9.584950620886016,5.795963077441147,0.0,0.0,3.0260049328059136e-05,0.0,0.0,4.081531645520558,-15.0709270738,0.0,0.0,1.7144314319205893,0.0,0.00010875994468662943,0.0,0.06545417982795285,-0.006894508923757162,0.21713546440610823,0.0,0.0,0.0
4993.0,9.58499154657885,5.796004906951747,0.0,0.0,3.362068405652023e-05,0.0,0.0,4.081563585780487,-15.0709270738,0.0,0.0,1.7144413211712601,0.0,0.00012083814160071193,0.0,0.06545440138687213,-0.00689365769186899,0.21713568353094526,0.0,0.0,0.0
4994.0,9.58503194321459,5.796050062603045,0.0,0.0,3.698229867222631e-05,0.0,0.0,4.081598887215316,-15.0709270738,0.0,0.0,1.7144511753877287,0.0,0.00013291976456688924,0.0,0.06545464241194948,-0.006892765372350743,0.21713598782990595,0.0,0.0,0.0
4995.0,9.585071802390198,5.796098543223838,0.0,0.0,4.0344289757400526e-05,0.0,0.0,4.081637550503337,-15.0709270738,0.0,0.0,1.7144609927205012,0.0,0.00014500264690723165,0.0,0.06545490290047375,-0.006891832039740517,0.21713637742618452,0.0,0.0,0.0
4996.0,9.585111115781853,5.7961503470415865,0.0,0.0,4.370605256568059e-05,0.0,0.0,4.081679575718752,-15.0709270738,0.0,0.0,1.7144707713228344,0.0,0.00015708461724649287,0.0,0.06545518284622248,-0.0068908577761183365,0.217136852427865,0.0,0.0,0.0
4997.0,9.585149875146628,5.796205471681474,0.0,0.0,4.706698112796659e-05,0.0,0.0,4.081724962330399,-15.0709270738,0.0,0.0,1.714480509351075,0.0,0.00016916349989088146,0.0,0.06545548223945569,-0.006889842671107219,0.2171374129278712,0.0,0.0,0.0
4998.0,9.585188072324156,5.796263914165576,0.0,0.0,5.042646835870764e-05,0.0,0.0,4.081773709200576,-15.0709270738,0.0,0.0,1.7144902049650002,0.0,0.00018123711520834615,0.0,0.06545580106691022,-0.006888786821873091,0.21713805900391797,0.0,0.0,0.0
4999.0,9.585225699238274,5.79632567091214,0.0,0.0,5.378390616261199e-05,0.0,0.0,4.081825814583984,-15.0709270738,0.0,0.0,1.714499856328156,0.0,0.00019330328001032125,0.0,0.06545613931179498,-0.006887690333123142,0.21713879071846598,0.0,0.0,0.0
5000.0,9.585262747898673,5.7963907377349635,0.0,0.0,5.713868554175425e-05,0.0,0.0,4.081881276126768,-15.0709270738,0.0,0.0,1.7145094616081957,0.0,0.00020535980793483854,0.0,0.06545649695378644,-0.006886553317102806,0.21713960811867877,0.0,0.0,0.0
