,V(m/s),alpha(deg),beta(deg),p(deg/s),q(deg/s),r(deg/s),phi(deg),theta(deg),elevator(deg),aileron(deg),rudder(deg),gamma(deg),pb,qc,rb,CD_act,CL_act,Cm_act,CY_act,Cr_act,Cn_act
1.0,12.334810933223377,3.011216422363377,-1.654607751467863,-0.0032175247566345352,0.00045469007275015486,0.05401309605671345,0.6292613476717137,3.4093420736708717,-7.2157,-7.9351248015,0.0,-0.3981256513074949,-0.008986252684871406,0.0012699078316678702,0.15085364252660824,0.039696800875699524,-0.0018967605850236172,0.10781941779829668,0.017669521189893136,0.02103548893879742,0.00012434514171147555
2.0,12.334804340783142,3.0115810883771212,-1.7077160740090074,-0.003215852599910033,0.00031653941885017277,0.054015862216626125,0.6292624097525196,3.4091344197098006,-7.2157,-7.9351248015,0.0,-0.39755333133267934,-0.008981587304194466,0.0008840661495807807,0.15086144878765254,0.039698463670024685,-0.0019015345956605728,0.10785445106514226,0.018350486426378612,0.02103424722735743,0.000248425299243433
3.0,12.33479500746826,3.0118078390839136,-1.7607898488116627,-0.003212873546506595,0.000178828751018638,0.05401912170708717,0.6292656216433826,3.408788802212352,-7.2157,-7.9351248015,0.0,-0.39698096312843845,-0.008973273865527352,0.0004994530082471605,0.15087066641013586,0.03969964291396006,-0.0019081223270606823,0.1078860760154427,0.019030924738324274,0.02103347597483646,0.00037218480432758654
4.0,12.334783453722599,3.0118972945481253,-1.8138295271166742,-0.0032085509250232742,4.163321616077636e-05,0.054022874124519414,0.6292722083291419,3.4083056905418303,-7.2157,-7.9351248015,0.0,-0.39640839599370503,-0.008961209556840077,0.0001162780280756278,0.15088128791008676,0.03970034051271938,-0.001916510085150487,0.10791429318210859,0.01971082048031112,0.021033171256952542,0.0004956276119281993
5.0,12.334770194078654,3.0118501545896534,-1.866835559152329,-0.0032028530455841305,-9.497035648460778e-05,0.05402711985578797,0.6292834294902212,3.407685628894331,-7.2157,-7.9351248015,0.0,-0.3958354743046777,-0.008945305480708635,-0.0002652444049963202,0.15089330808330642,0.03970055864639537,-0.001926682992256755,0.1079391046988536,0.020390158306731215,0.021033328925480207,0.0006187575917410296
6.0,12.334755736886477,3.011667200234204,-1.9198083951952576,-0.0031957533510241953,-0.00023090371503306848,0.054031860094389914,0.629300574556324,3.406929237812177,-7.2157,-7.9351248015,0.0,-0.39526203757797296,-0.008925487078236479,-0.000644895866004162,0.15090672405334427,0.039700299775906986,-0.0019386249863196994,0.10796051438500542,0.021068923208731934,0.021033944605856145,0.0007415785272903925
7.0,12.334740584038899,3.0113492948727436,-1.972748486650956,-0.0031872305489873804,-0.00036608745151667775,0.054037096851298795,0.6293249576203578,3.4060372154386243,-7.2157,-7.9351248015,0.0,-0.39468792056588065,-0.00890169449973647,-0.0010224546368708435,0.15092153530461092,0.03969956664795089,-0.0019523188244867096,0.10797852782463122,0.021747100551086022,0.021035013695659313,0.0008640941157420793
8.0,12.33472523069421,3.0108973851239074,-2.0256562871472914,-0.00317726872433709,-0.0005004412743312961,0.054042832960338634,0.6293579122313966,3.40501033850764,-7.2157,-7.9351248015,0.0,-0.39411295338373264,-0.008873882920475272,-0.0013976964689745956,0.15093774370026106,0.039698362298931325,-0.0019677460910968725,0.10799315243963659,0.022424676108774733,0.02103653136397445,0.000986307968443862
9.0,12.334710164997412,3.0103125013942833,-2.0785322536342394,-0.003165857431355283,-0.0006338842855523688,0.05404907207800481,0.6294007860860402,3.4038494630635303,-7.2157,-7.9351248015,0.0,-0.393536961669247,-0.008842022799991132,-0.0017703953595316348,0.1509553534845994,0.039696690057846665,-0.0019848872100496143,0.10800439755651865,0.023101636103071456,0.021038492551644607,0.0011082236121981283
10.0,12.334695867801255,3.009595758132676,-2.1313768474830153,-0.0031529917652831194,-0.0007663352620794396,0.05405581867769337,0.6294549356380094,3.402555524906213,-7.2157,-7.9351248015,0.0,-0.39295976677353694,-0.00880610008371174,-0.0021403243388880347,0.1509743712698845,0.039694553548114735,-0.002003721461532916,0.10801227446647799,0.02377796723691561,0.0210408919724147,0.0012298444912642445
11.0,12.334682812388182,3.0087483537756357,-2.184190535577738,-0.0031386724128359906,-0.0008977129395507274,0.054063078038345536,0.6295217206462196,3.401129539758966,-7.2157,-7.9351248015,0.0,-0.3923811859833304,-0.008766116345821527,-0.0025072562657600093,0.15099480600753287,0.039691956688323204,-0.002024227003069895,0.10801679647861867,0.0244536567293697,0.021043724114964503,0.0013511739700806996
12.0,12.334671464194402,3.0077715703827486,-2.2369737913927925,-0.003122905681407111,-0.0010279362979547495,0.054070856227559694,0.6296024986819074,3.3995726031565123,-7.2157,-7.9351248015,0.0,-0.39180103277376377,-0.008722088872555267,-0.0028709646274193623,0.1510166689438526,0.039688903691895545,-0.0020463808948245274,0.10801797896599263,0.025128692348957225,0.021046983245826247,0.001472215336690002
13.0,12.334662280537232,3.0066667729614025,-2.2897270960491287,-0.003105703506756842,-0.0011569248478561524,0.05407916007926909,0.6296986196156299,3.397885890052386,-7.2157,-7.9351248015,0.0,-0.39121911709098356,-0.008674050685327173,-0.003231224341791102,0.15103997356056326,0.039685399065667294,-0.002070159129091427,0.10801583940427084,0.025803062445684977,0.021050663413178107,0.0015929718068419625
14.0,12.334655710346912,3.005435408481958,-2.342450939342866,-0.0030870834390689327,-0.0012845989161476877,0.05408799716612861,0.6298114201051309,3.3960706541455647,-7.2157,-7.9351248015,0.0,-0.39063524566360686,-0.008622050503340207,-0.003587812558413371,0.15106473550048724,0.039681447607371606,-0.0020955366638768513,0.10801039740285329,0.02647675598156063,0.021054758451501815,0.0017134465287439006
15.0,12.334652193904011,3.004079004585481,-2.3951458207397507,-0.0030670686073397584,-0.0014108799302396443,0.054097375766798274,0.6299422181051574,3.3941282269274344,-7.2157,-7.9351248015,0.0,-0.3900492223419536,-0.00856615264555849,-0.003940509455205965,0.15109097247891995,0.03967705440203746,-0.002122487460462723,0.10800167472825853,0.027149762559424705,0.021059261987088882,0.0018336425884195725
16.0,12.334652162583618,3.0025991679874084,-2.4478122503292465,-0.003045687662151856,-0.0015356906996020082,0.05410730482835428,0.6300923074203166,3.3920600164512202,-7.2157,-7.9351248015,0.0,-0.3894608484638118,-0.008506436872165032,-0.004289099028002732,0.15111870418130804,0.0396722248173082,-0.0021509845248289944,0.10798969531966368,0.027822072449925773,0.021064167444376707,0.0019535630156320635
17.0,12.334656038607395,3.0009975825817197,-2.5004507497323076,-0.003022974696968393,-0.001658955693583105,0.05411779392409911,0.6302629523219933,3.3898675058270675,-7.2157,-7.9351248015,0.0,-0.38886992324534786,-0.008442998165866886,-0.004633369869824957,0.15114795214797927,0.03966696449769229,-0.002180999952794707,0.10797448529649648,0.028493676616478017,0.021069468053092663,0.0020732107903198025
18.0,12.33466396314593,2.999275977646423,-2.5530618456959613,-0.0029988625839415,-0.001780602526384894,0.0541288534364571,0.6304554010845184,3.3875522511875853,-7.2157,-7.9351248015,0.0,-0.38827627354116245,-0.008375649010419857,-0.00497311943132292,0.1511787436169724,0.03966235156854102,-0.0022099839059714216,0.10795486577779059,0.029165097643949547,0.021079396252175284,0.002192700428137906
19.0,12.334674214359811,2.997435969744409,-2.6056460100725976,-0.002972560610718948,-0.0019005519757447306,0.054140496446463765,0.6306713380824559,3.3851158796029166,-7.2157,-7.9351248015,0.0,-0.38767990985850753,-0.008302182227079008,-0.005308126864687053,0.15121113619760734,0.0396589719496533,-0.0022365437796269746,0.10793020735909173,0.029836664220794482,0.021096243201605396,0.002312089653600885
20.0,12.334686502229419,2.995479464845516,-2.6582037290916167,-0.0029438470236900303,-0.0020186839771251684,0.05415273683670464,0.6309130437517312,3.3825601165764834,-7.2157,-7.9351248015,0.0,-0.3870806517309675,-0.008221978722182466,-0.005638056792071081,0.1512451721969007,0.039655351656775945,-0.002264126403737847,0.10790219892096493,0.030507661905809728,0.021114150633336794,0.0024312239699375154
21.0,12.334701044299393,2.9934085587439783,-2.7107355122753156,-0.00291271175789751,-0.0021348716228477504,0.054165589274501914,0.631182859221532,3.3798868106695155,-7.2157,-7.9351248015,0.0,-0.3864782519255372,-0.008135010301359814,-0.005962554515343944,0.15128088988982705,0.03965149453886414,-0.0022927020888138597,0.10787087029545148,0.031178089298891855,0.021133099045330162,0.00255010473589372
22.0,12.334718052126236,2.9912254793457853,-2.7632418845091284,-0.002879155777253023,-0.0022489879035670094,0.0541790694750555,0.6314831328068717,3.377097935032196,-7.2157,-7.9351248015,0.0,-0.3858724556864108,-0.008041279590437739,-0.006281265039903205,0.1513183305469981,0.03964740471443215,-0.002322239844888649,0.10783625470996744,0.03184794573060987,0.02115306780386817,0.002668733226287714
23.0,12.33473773101681,2.9889325859113187,-2.8157233876191476,-0.002843191200972778,-0.0023609062662599788,0.05419319413684231,0.6318162090808305,3.374195587209537,-7.2157,-7.9351248015,0.0,-0.3852630012982181,-0.00794082038949343,-0.0065938346356677335,0.15135753825714426,0.03964308657174406,-0.0023527074286643426,0.1077983888744012,0.03251723129821662,0.02117403515146483,0.0027871106451103182
24.0,12.334760279769213,2.9865323676852467,-2.8681805818801394,-0.0028048413866569198,-0.0024705011768336818,0.054207980866553936,0.6321844178370771,3.371181988397917,-7.2157,-7.9351248015,0.0,-0.38464962071267017,-0.007833697905650649,-0.0068999124110673635,0.15139855972034538,0.0396385447677632,-0.00238407139696737,0.10775731305324485,0.03318594689901809,0.021195978220072346,0.002905238139951194
25.0,12.33478589041737,2.9840274419116954,-2.920614047441309,-0.002764140969125573,-0.0025776486851897093,0.054223448094099104,0.6325900629852074,3.368059482148534,-7.2157,-7.9351248015,0.0,-0.3840320402368387,-0.007720008862120095,-0.007199151893975906,0.15144144401346452,0.03963378422584779,-0.00241629716637487,0.10771307112229024,0.03385409426082965,0.021218873049597884,0.0030231168176340292
26.0,12.334814747980708,2.981420551235682,-2.9730243856576695,-0.002721135854332656,-0.0026822269905481875,0.05423961497831284,0.6330354114224813,3.3648305325166237,-7.2157,-7.9351248015,0.0,-0.3834099812809417,-0.0075998814815687755,-0.007491212613429157,0.15148624232956334,0.039628810132186984,-0.0024493490788403405,0.10766571060949076,0.03452167596926804,0.02124269461171722,0.003140747760925793
27.0,12.334847030220319,2.9787145604942364,-3.0254122203155642,-0.0026758831678524537,-0.0027841170048191234,0.054256501304124474,0.633522681926155,3.361497721657393,-7.2157,-7.9351248015,0.0,-0.38278316116315647,-0.007473475342391051,-0.007775761675927786,0.15153300769338382,0.03962362793097601,-0.002483190473122142,0.10761528271964974,0.03518869549164934,0.021267416838951315,0.003258132046167971
28.0,12.334882907402914,2.9759124529031427,-3.077778198741751,-0.002628451157616745,-0.0028832029118025008,0.0542741273720408,0.6340540341110698,3.358063746871789,-7.2157,-7.9351248015,0.0,-0.3821512939686462,-0.007340981106967155,-0.00805247533010503,0.15158179465527466,0.03961824331833465,-0.00251778376179463,0.10756184234266082,0.03585515719728593,0.02129301265895031,0.003375270761661976
29.0,12.334922542073965,2.9730173256477324,-3.1301229927863807,-0.0025789190507657794,-0.002979372720001113,0.05429251388089745,0.6346315574974585,3.354531417107386,-7.2157,-7.9351248015,0.0,-0.38151409145965376,-0.007202620121515828,-0.008321040513545114,0.15163265896620998,0.03961266223497845,-0.0025530905135976584,0.10750544804509138,0.03652106637400067,0.0213194540339083,0.003492165026626794
30.0,12.334966088841298,2.9700323848886514,-3.182447299671271,-0.0025273768646641524,-0.00307251880684173,0.05431168180491924,0.6352572607340441,3.3509036489218476,-7.2157,-7.9351248015,0.0,-0.38087126403319616,-0.007058643887675164,-0.008581156375569785,0.15168565723679475,0.039606890857657534,-0.0025890715408574405,0.10744616204496599,0.03718642924070233,0.021346712005010562,0.0036088160105346243
31.0,12.335013694170469,2.9669609401959796,-3.2347518426960153,-0.002473925172321486,-0.003162538452120508,0.05433165226620731,0.6359330610214352,3.3471834619185477,-7.2157,-7.9351248015,0.0,-0.3802225217225681,-0.006909333406476344,-0.008832535769866316,0.15174084658336617,0.03960093558938285,-0.0026256869916899545,0.10738405016967664,0.03785125295589392,0.02137475674179426,0.003725224952620226
32.0,12.335065496193144,2.963806398427499,-3.287037371795696,-0.0024186748226470763,-0.003249334358517229,0.054352446403836414,0.6366607737805752,3.3433739736660812,-7.2157,-7.9351248015,0.0,-0.3795675752385823,-0.006754998395906944,-0.009074906710910081,0.15179828426448475,0.039594803048465244,-0.0026628964466773528,0.1073191817970132,0.03851554562201348,0.021403557596282593,0.003841393181351708
33.0,12.335121624529725,2.9605722570692854,-3.339304663945275,-0.0023617466161564007,-0.0033328151570595882,0.05437408524079815,0.6374421026105631,3.3394783941154578,-7.2157,-7.9351248015,0.0,-0.3789061370461724,-0.006595976383791022,-0.009308013788236981,0.15185802731125575,0.03958850005639785,-0.0027006590196878774,0.10725162977937817,0.03917931628553578,0.02143308316173238,0.003957322133645365
34.0,12.335182200127376,2.957262097059111,-3.3915545234070796,-0.0023032709369347386,-0.0034128958954629815,0.05439658955006448,0.6382786295795447,3.3355000195308375,-7.2157,-7.9351248015,0.0,-0.3782379224717265,-0.006432631678240018,-0.009531619532744772,0.15192013215502975,0.03958203362461716,-0.002738933462491294,0.10718147035131777,0.03984257493279257,0.021463301335814963,0.004073013373604339
35.0,12.335247335114563,2.953879575115399,-3.443787781819211,-0.0022433873418482974,-0.003489498507322573,0.05441997972107,0.6391718058915661,3.3314422259516605,-7.2157,-7.9351248015,0.0,-0.3775626508362615,-0.006265354218449166,-0.0097455057293463,0.1519846542560997,0.039575410940183534,-0.0027776782728045624,0.10710878302057067,0.04050533248149761,0.021494179388031127,0.004188468610560987
36.0,12.335317132673199,2.950428415596654,-3.496005298124106,-0.0021822441081753643,-0.003562552260192465,0.05444427562791956,0.6401229429712968,3.327308462205969,-7.2157,-7.9351248015,0.0,-0.37688004660931496,-0.006094558309126289,-0.009949474670460581,0.15205164773703428,0.03956863935042639,-0.0028168518053857255,0.10703365044290399,0.041167600767992106,0.02152568403114207,0.004303689716205865
37.0,12.335391686929364,2.9469124019183837,-3.5482079583379234,-0.0021199977410082814,-0.003631994180651076,0.05446949650062102,0.6411332040073611,3.323102242496613,-7.2157,-7.9351248015,0.0,-0.37618984057822935,-0.005920681242341284,-0.010143350345008469,0.15212116502427034,0.03956172634660428,-0.0028564123857795984,0.10695615828107276,0.04182939253025374,0.02155778149638045,0.004418678740591832
38.0,12.335471082863576,2.943335367556545,-3.6003966751628385,-0.002056812441950736,-0.0036977694545219653,0.054495660800619475,0.6422035959936719,3.31882713858384,-7.2157,-7.9351248015,0.0,-0.37549177102729514,-0.005744181811073077,-0.01032697955777702,0.15219325650152019,0.03955467954663447,-0.0028963184263046116,0.1068763950483061,0.042490721386740385,0.021590437612188196,0.004533437926810648
39.0,12.335555396241437,2.9397011866684584,-3.6525723874457294,-0.001992859540803215,-0.0037598318004948635,0.05452278610186997,0.6433349623066478,3.314486771589529,-7.2157,-7.9351248015,0.0,-0.37478558492107084,-0.0055655387192042605,-0.010500232974229425,0.15226797017844282,0.0395475066769512,-0.0029365285438578553,0.10679445193678742,0.04315160181116556,0.021623617886211453,0.004647969724150692
40.0,12.335644693565504,2.9360137643639552,-3.7047360594880834,-0.0019283168920918084,-0.0038181438154722826,0.054550888978631154,0.6445279758545037,3.3100848034499935,-7.2157,-7.9351248015,0.0,-0.3740710390860382,-0.0053852488931700635,-0.010663006086064655,0.15234535137787397,0.03954021555355561,-0.0029770016791043005,0.10671042263165949,0.04381204910332774,0.021657287590267166,0.0047622767995588134
41.0,12.335739032049053,2.932277026661226,-3.75688868021325,-0.00186336823845118,-0.003872677290052366,0.05457998490109184,0.6457831328329664,3.3056249280458725,-7.2157,-7.9351248015,0.0,-0.37334790138464635,-0.005203825700905756,-0.01081522009307156,0.15242544244471473,0.03953281406232467,-0.00301769721660608,0.10662440311114589,0.044472079356139005,0.021691411847981366,0.004876362047245951
42.0,12.335838459612413,2.928494910163441,-3.8090312621983866,-0.001798202543020909,-0.003923413492648374,0.05461008813985773,0.6471007471197531,3.301110862039135,-7.2157,-7.9351248015,0.0,-0.37261595187569396,-0.0050217970841535085,-0.010956822697075366,0.15250828247934184,0.03952531013864995,-0.0030585751054394428,0.10653649143344017,0.045131709419020304,0.021725955724785147,0.004990228596295562
43.0,12.33594301490238,2.9246713514936946,-3.8611648405795633,-0.0017330132931548613,-0.003970343420839058,0.05464121168022734,0.6484809453380064,3.2965463354486326,-7.2157,-7.9351248015,0.0,-0.371874983954938,-0.00483970361058428,-0.011087788804039638,0.1525939070981294,0.03951771174648047,-0.0030995959798396783,0.10644678751107034,0.045790956857850146,0.021760884319941682,0.005103879816155112
44.0,12.336052727335227,2.920810276527181,-3.913290471839536,-0.0016679977778753716,-0.004013468018642017,0.054673367147075005,0.6499236626165761,3.2919350819969635,-7.2157,-7.9351248015,0.0,-0.37112480546978244,-0.0046580964525610715,-0.011208121130662886,0.15268234822336058,0.0395100268568474,-0.003140721279408634,0.10635539287350093,0.04644983991167151,0.021796162860265724,0.0052173193199145165
45.0,12.336167617163627,2.9169155894607526,-3.9654092324885815,-0.0016033563416272783,-0.004052798358503734,0.054706564741036835,0.6514286390726134,3.2872808292626345,-7.2157,-7.9351248015,0.0,-0.37036523980188196,-0.004477535299715692,-0.011317850712096218,0.1527736339044688,0.039502263425950805,-0.0031819133684149598,0.10626241041878692,0.047108377446376935,0.021831756795186393,0.005330550965300331
46.0,12.336287695567805,2.9129911617611097,-4.017522217649599,-0.0015392916170007998,-0.004088355786905283,0.05474081318656367,0.6529954170393827,3.28258728867263,-7.2157,-7.9351248015,0.0,-0.36959612691152044,-0.004298586212830439,-0.011417037307705586,0.1528677881721791,0.0394944293728919,-0.003223135653714286,0.10616794415514262,0.04776658890560562,0.021867631892794323,0.005443578853341061
47.0,12.336412964771094,2.9090408210338494,-4.069630539559299,-0.0014760077391965866,-0.0041201720325915155,0.05477611969226512,0.6546233390595281,3.2778581453715128,-7.2157,-7.9351248015,0.0,-0.36881732433766334,-0.00412181942680823,-0.011505769702109795,0.15296483092673024,0.039486532557136154,-0.003264352700815272,0.10607209893333511,0.048424494259096625,0.021903754336505765,0.005556407324686429
48.0,12.336543418179973,2.9050683398564354,-4.1217353259978164,-0.0014137095451006048,-0.004148289276543972,0.05481248992382285,0.6563115466612474,3.2730970480041024,-7.2157,-7.9351248015,0.0,-0.36802870814766697,-0.0039478071107782765,-0.011584165899042678,0.1530647778609512,0.03947858075579495,-0.0033055303476166448,0.10597498017085505,0.04908211394875167,0.02194009082196891,0.005669040953591616
49.0,12.33667904054857,2.901077424618847,-4.173837718659438,-0.0013526017599205862,-0.004172760182933603,0.05484992798960082,0.6580589799319527,3.26830759844957,-7.2157,-7.9351248015,0.0,-0.3672301738307229,-0.003777121093619064,-0.011652373205915107,0.15316764041854536,0.0394705816408151,-0.0033466358153429465,0.10587669356885845,0.049739468832667035,0.02197660865383155,0.005781484539606012
50.0,12.336819808167535,2.897071704416217,-4.225938871477308,-0.0012928881744093813,-0.004193647890408793,0.05488843643892764,0.6598643779010316,3.263493341545478,-7.2157,-7.9351248015,0.0,-0.36642163712926124,-0.0036103305633851997,-0.011710568207289242,0.1532734257875106,0.039462542756167146,-0.0033876378162084678,0.10577734482290893,0.05039658012739823,0.02201327584198434,0.005893743097034357
51.0,12.33696568907706,2.893054720038177,-4.278039948915025,-0.0012347708157634013,-0.004211025963197026,0.054928016272873637,0.6617262797402812,3.2586577548408595,-7.2157,-7.9351248015,0.0,-0.36560303480268264,-0.0034479997492990904,-0.011758956625824123,0.1533821369281979,0.039454471495124294,-0.003428506657344281,0.10567703932858583,0.05105346934872341,0.02205006119689018,0.006005821842266124
52.0,12.337116643303704,2.889029913099885,-4.33014212423794,-0.0011784491153364496,-0.004224978301624904,0.05496866696719419,0.6636430267874855,3.2538042384178816,-7.2157,-7.9351248015,0.0,-0.3647743253179967,-0.00329068559511238,-0.011797773069607746,0.15349377263508973,0.03944637507772478,-0.003469214340528777,0.10557588188305206,0.05171015825117101,0.022086934423608002,0.006117726179095904
53.0,12.337272623120652,2.8850006153598047,-4.382246577776659,-0.0011241190763503146,-0.004235599011791004,0.05501038650696476,0.6656127653954432,3.248936104821961,-7.2157,-7.9351248015,0.0,-0.36393548946215626,-0.003138935432754733,-0.011827280665156549,0.15360832763097182,0.03943826052851101,-0.003509734657270197,0.10547397638370444,0.05236666876657566,0.022123866214118295,0.006229461682183502
54.0,12.337433573330847,2.8809700382692673,-4.434354495194864,-0.0010719724448135914,-0.004242992234259337,0.05505317143229238,0.6676334506055521,3.244056569140389,-7.2157,-7.9351248015,0.0,-0.36308653087112175,-0.002993284665269169,-0.011847770575738228,0.1537257926917807,0.03943013465463865,-0.003550043278798709,0.10537142552505205,0.053023022941922064,0.022160828337557965,0.006341034078826211
55.0,12.337599431572393,2.8769412627986197,-4.486467065772995,-0.001022195886879217,-0.004247271931777695,0.05509701689435669,0.6697028506418246,3.2391687392695974,-7.2157,-7.9351248015,0.0,-0.36222747647097764,-0.0028542544680834254,-0.01185956140505801,0.15384615480004132,0.039422004024448905,-0.0035901178405369355,0.1052683304949886,0.05367924287673178,0.022197793727973977,0.006452449229238179
56.0,12.33777012864552,2.872917229584403,-4.53858548071864,-0.0009749701758791333,-0.004248561636165018,0.05514191672091189,0.6718185522179521,3.234275606411111,-7.2157,-7.9351248015,0.0,-0.3613583768267077,-0.002722349517685779,-0.011862998486741385,0.15396939732447124,0.03941387494659667,-0.003629938020630226,0.10516479067164153,0.05433535066024096,0.022234736569208425,0.006563713105551041
57.0,12.337945588860263,2.868900729441461,-4.590710931513667,-0.0009304693922713726,-0.004246994154654715,0.055187863490271626,0.6739779666467792,3.2293800358360434,-7.2157,-7.9351248015,0.0,-0.36047930639458237,-0.0025980557567615186,-0.011858453060447516,0.15409550022302262,0.03940575344982605,-0.003669485612132539,0.10506090332199261,0.054991368308609075,0.022271632376532305,0.006674831769767279
58.0,12.338125730403974,2.8648943942831737,-4.642844608307219,-0.0008888601397206491,-0.004242711236126593,0.05523484861270339,0.6761783367382893,3.2244847579576272,-7.2157,-7.9351248015,0.0,-0.3595903636744535,-0.002481838204802746,-0.011846321335856214,0.15422444026636853,0.039397645263483834,-0.003708744588460121,0.10495676330347499,0.05564731770239037,0.02230845807465147,0.0067858113509116
59.0,12.338310465727632,2.8609006884921544,-4.694987698362677,-0.0008503007805084568,-0.0042358631978082015,0.05528286241807899,0.678416744468963,3.2195923597507856,-7.2157,-7.9351248015,0.0,-0.3586916712586312,-0.0023741388231300954,-0.01182702344618679,0.15435619127861738,0.039389555798859714,-0.0037477011617427503,0.10485246276975514,0.0563032205244897,0.022345192071715692,0.00689665802163639
60.0,12.338499701949884,2.856921900782694,-4.747141384565594,-0.0008149406934325619,-0.004226608513176835,0.05533189424856455,0.6806901194021601,3.2147052765571185,-7.2157,-7.9351248015,0.0,-0.35778337577442443,-0.002275374443159815,-0.01180100229332837,0.15449072439186506,0.03938149013144002,-0.0037863438337222277,0.10474809088191042,0.05695909819881525,0.022381814328971208,0.007007377974544665
61.0,12.33869334127758,2.85296013659504,-4.799306843998471,-0.0007829195573089467,-0.004215113361945522,0.055381932555088324,0.6829952478359976,3.2098257843128826,-7.2157,-7.9351248015,0.0,-0.35686564771784246,-0.0021859347666144777,-0.011768722287086824,0.15462800831106832,0.039373452984159646,-0.003824663438869093,0.10464373352620943,0.05761497182982993,0.022418306425707392,0.007117977398497624
62.0,12.33889128144159,2.8490173110602166,-4.8514852465870595,-0.0007543666631316724,-0.004201551143169745,0.05543296499629819,0.6853287826520794,3.20495599223662,-7.2157,-7.9351248015,0.0,-0.35593868117640337,-0.0021061804462102264,-0.01173066798148228,0.15476800958565223,0.03936544871173393,-0.0038626531794115,0.1045394730396946,0.05827086214319355,0.022454651619160753,0.007228462455173935
63.0,12.339093416146499,2.8450951425725446,-4.90367775382164,-0.000729400257877941,-0.004186101952665706,0.055484978538713876,0.6876872538353677,3.200097836012001,-7.2157,-7.9351248015,0.0,-0.35500269343945634,-0.0020364412551584763,-0.011687342611461546,0.1549106928842461,0.03935748128614949,-0.0039003086519952684,0.10443538794475583,0.05892678942767801,0.022490834899052913,0.0073388392561440415
64.0,12.339299635532774,2.84119514700531,-4.9558855175555445,-0.0007081269228669719,-0.0041689520260851315,0.05553795955679167,0.6900670796325065,3.1952530715002108,-7.2157,-7.9351248015,0.0,-0.3540579244949007,-0.001977014353595757,-0.011639266533819907,0.15505602126897888,0.03934955428338942,-0.003937627865720064,0.10433155269386733,0.059582773478528445,0.022526843036454545,0.007449113840715388
65.0,12.33950982664989,2.8373186326031385,-5.0081096788819925,-0.0006906409894922945,-0.004150293149145159,0.055591893931652196,0.6924645783130029,3.190423269014829,-7.2157,-7.9351248015,0.0,-0.35310463641169054,-0.001928162659802274,-0.011586975576554841,0.15520395646585977,0.039341670871464715,-0.00397461125132547,0.10422803742563953,0.06023883354243458,0.022562664626684055,0.007559292154792991
66.0,12.339723873938853,2.8334666955826013,-5.06035136708914,-0.0006770239950478165,-0.004130322036664143,0.055646767147273825,0.6948759804948715,3.1856098081906117,-7.2157,-7.9351248015,0.0,-0.35214311260801034,-0.0018901133337882706,-0.01153101930129825,0.15535445912791443,0.0393338337998199,-0.00401126166132932,0.10412490773331377,0.060894988264269125,0.02259829012596781,0.00766938003098514
67.0,12.339941659722474,2.829640216470361,-5.112611698692179,-0.0006673441812587033,-0.004109239682204361,0.05570256438302554,0.6972974419936493,3.1808138734759006,-7.2157,-7.9351248015,0.0,-0.3511736570055395,-0.0018630563805177162,-0.011471959183891638,0.1555074890879498,0.039326045390176145,-0.004047584360952601,0.10402222444679723,0.061551255635742964,0.02263371188160861,0.007779383170165423
68.0,12.340163064701699,2.8258398572058083,-5.164891776540279,-0.0006616560380088812,-0.004087250680269977,0.05575927060150215,0.6997250571511126,3.1760364502765617,-7.2157,-7.9351248015,0.0,-0.35019659307075335,-0.0018471433797019252,-0.01141036671857824,0.15566300559806936,0.03931830752887082,-0.004083587009697229,0.10392004342930225,0.062207652946121815,0.022668924155429992,0.007889307124680963
69.0,12.340387968456273,2.8220660590326276,-5.217192688995258,-0.0006599998946279585,-0.004064562523152235,0.055816870630730944,0.702154872597579,3.171278321777368,-7.2157,-7.9351248015,0.0,-0.34921226274474026,-0.0018424863487316655,-0.01134682145168495,0.15582096755335856,0.039310621660747516,-0.0041192796334768925,0.10381841538961584,0.06286419673514414,0.022703923140286394,0.007999157283371996
70.0,12.340616249947923,2.81831904120107,-5.269515509178056,-0.000662401560961749,-0.004041384874653119,0.05587534923994015,0.7045829013993672,3.166540066464644,-7.2157,-7.9351248015,0.0,-0.348221025263574,-0.0018491567449258099,-0.011281908951053195,0.15598133369750164,0.03930298878464504,-0.004154674587236042,0.10371738571098126,0.06352090274827793,0.022738706969453168,0.008108938858540969
71.0,12.340847788024238,2.8145988004999123,-5.321861294278402,-0.0006688720203025504,-0.004017928823052605,0.05593469120821496,0.7070051375408264,3.161822056371727,-7.2157,-7.9351248015,0.0,-0.3472232558718149,-0.001867184612858107,-0.011216218717848949,0.15614406280846843,0.039295409450528784,-0.004189786508028467,0.10361699429752755,0.06417778589445206,0.022773275718735015,0.008218656874979776
72.0,12.341082461921399,2.8109051116341597,-5.374231084922505,-0.000679407176098075,-0.003994406115812515,0.05599488138551355,0.709417570688349,3.1571244560664353,-7.2157,-7.9351248015,0.0,-0.34621934443227564,-0.0018965578820818155,-0.011150342047736135,0.15630911386282154,0.039287883758301875,-0.004224632258563635,0.10351727543912957,0.06483486020639713,0.022807631401157866,0.008328316161132585
73.0,12.341320151763849,2.807237528461491,-5.426625904593231,-0.0006939876541916454,-0.003971028378631086,0.0560559047456718,0.7118162011819433,3.152447222397219,-7.2157,-7.9351248015,0.0,-0.34520969393572765,-0.0019372218201053001,-0.011084869848732424,0.15647644617763137,0.039280411358327556,-0.004259230861267033,0.10341825769552528,0.06549213880373342,0.022841777954136354,0.008437921342438991
74.0,12.341560739059013,2.803595386097289,-5.479046759096961,-0.0007125786621711689,-0.0039480063215758445,0.05611774643118884,0.7141970551982897,3.1477901050120654,-7.2157,-7.9351248015,0.0,-0.3441947189147765,-0.0019890786449808834,-0.011020390423379945,0.15664601952944385,0.039272991453688275,-0.004293603422939454,0.1033199638004568,0.06614963385894383,0.022875721219037172,0.00854747683686868
75.0,12.341804107185137,2.7999778038948273,-5.531494636071251,-0.000735129907220826,-0.003925548935127719,0.056180391789753065,0.7165562000277321,3.1431526476614926,-7.2157,-7.9351248015,0.0,-0.3431748437666653,-0.0020519873013552085,-0.010957487223153938,0.15681779425021306,0.03926562280420028,-0.004327773050139358,0.10322241058653653,0.0668073565663752,0.0229094689130877,0.008656986852624917
76.0,12.342050141870336,2.7963836893038394,-5.583970504527526,-0.0007615755736774834,-0.003903862679065791,0.05624382640263782,0.7188897594063837,3.138534190294141,-7.2157,-7.9351248015,0.0,-0.3421505009903014,-0.002125763403292527,-0.01089673658329798,0.1569917313005865,0.03925830373219627,-0.00436176475545192,0.10312560893147124,0.06746531711441442,0.022943030593609373,0.008766455387960122
77.0,12.342298731660918,2.7928117426072343,-5.636475314423257,-0.0007918343612940108,-0.0038831506672090837,0.05630803610526413,0.7211939288434478,3.1339338719505565,-7.2157,-7.9351248015,0.0,-0.3411221293433222,-0.0022101793466238477,-0.01083870544651375,0.157167792321399,0.03925103213008154,-0.004395605354848578,0.10302956372620464,0.06812352466099159,0.022976417614585503,0.008875886233013846
78.0,12.342549768377072,2.789260462532245,-5.68900999625851,-0.0008258095850042427,-0.0038636118511089085,0.05637300700039206,0.7234649908829965,3.1293506344577535,-7.2157,-7.9351248015,0.0,-0.3400901719255085,-0.0023049645929956782,-0.01078394908414483,0.15734593966469115,0.03924380546966278,-0.004429323356380868,0.1029342738654632,0.06878198731256834,0.023009643075604744,0.008985282973551369
79.0,12.342803147554049,2.785728152728707,-5.741575460692322,-0.0008633893367696014,-0.0038454402058519226,0.05643872546455964,0.7256993302387975,3.1247832269240665,-7.2157,-7.9351248015,0.0,-0.3390550741953593,-0.0024098061271929983,-0.010733008823676424,0.15752613640600605,0.039236620813241155,-0.004462948840492226,0.10283973226111001,0.06944071210677509,0.023042721763252758,0.009094648996450929
80.0,12.343058768866944,2.7822129291035798,-5.794172598175063,-0.000904446709865923,-0.0038288239211898803,0.05650517814853586,0.7278934487403561,3.120230211030676,-7.2157,-7.9351248015,0.0,-0.3380172819270961,-0.002524349088693619,-0.010686409791525256,0.15770834634013112,0.03922947482645472,-0.004496513332271572,0.10274592587863046,0.07009970499886764,0.02307567008505657,0.009203987496759665
81.0,12.343316536537264,2.7787127279971675,-5.846802278593812,-0.0009488400857411675,-0.0038139446012566787,0.05657235197268913,0.7300439800281459,3.1156899671129907,-7.2157,-7.9351248015,0.0,-0.3369772391158232,-0.0026481975777762263,-0.010644658680214988,0.15789253396282754,0.039222363792847825,-0.004530049666011643,0.10265283579698677,0.07075897085217847,0.023108505996118415,0.00931330148611308
82.0,12.343576359719474,2.775225315182868,-5.899465350928734,-0.0009964134833410558,-0.0038009764761664,0.056640234118292686,0.7321477039360346,3.1111607010218534,-7.2157,-7.9351248015,0.0,-0.3359353858389853,-0.002780915635853813,-0.010608241549121699,0.15807866444142354,0.03921528363013836,-0.004563591842474318,0.1025604372919924,0.07141851343274434,0.023141248918607762,0.009422593802290907
83.0,12.343838152865798,2.7717482956685977,-5.9521626429195305,-0.001046996970560783,-0.0037900856288073216,0.05670881201589037,0.7342015604991912,3.1066404517512716,-7.2157,-7.9351248015,0.0,-0.33489215608267386,-0.002922028399039324,-0.010577621668030288,0.15826670357743333,0.039208229908146104,-0.004597174879303164,0.10246869994326628,0.07207833540829485,0.02317391965431261,0.009531867119663908
84.0,12.344101836067571,2.7682791242744242,-6.00489496074219,-0.0011004071372374287,-0.0037814292401561122,0.056778073331928795,0.7362026635262764,3.10212709981611,-7.2157,-7.9351248015,0.0,-0.33384797554168566,-0.0030710234232728924,-0.010553237412765702,0.15845661776459116,0.03920119786833886,-0.004630834655061023,0.10237758776473609,0.07273843835178984,0.02320654029048285,0.009641123960271811
85.0,12.344367335371532,2.7648151169573034,-6.057663088697491,-0.0011564476288502999,-0.003775154856433343,0.05684800595492231,0.7381483136754828,3.0976183763599012,-7.2157,-7.9351248015,0.0,-0.3328032594025978,-0.003227352178652076,-0.010535500222151677,0.15864837394585932,0.03919418244494546,-0.0046646077474067245,0.10228705935856558,0.07339882274969504,0.02323913409923045,0.009750366705262688
86.0,12.34463458306949,2.761353462850258,-6.110467788913954,-0.001214909739845838,-0.0037713996814058947,0.05691859798245415,0.7400360109750008,3.0931118729696623,-7.2157,-7.9351248015,0.0,-0.33175841011940443,-0.0033904317099098954,-0.010524792625504134,0.1588419395730693,0.039187178287578166,-0.004698531265960003,0.10219706809228729,0.07405948801518367,0.02327172543078191,0.009859597606418712
87.0,12.34490351795992,2.7578912369798063,-6.163309801069239,-0.0012755730652508402,-0.003770289897113557,0.05698983771032947,0.741863466729747,3.0886050521713586,-7.2157,-7.9351248015,0.0,-0.3307138151915523,-0.0035596464592826086,-0.010521466349785347,0.15903728257288957,0.03918017978529956,-0.004732642680437719,0.10210756229882595,0.07472043250644843,0.023304339600909513,0.009968818797492694
88.0,12.345174085580059,2.754425413622011,-6.216189842135225,-0.0013382062089833356,-0.0037719400162559164,0.05706171362518221,0.7436286147576993,3.084095258576446,-7.2157,-7.9351248015,0.0,-0.32966984495443485,-0.0037343502473023067,-0.010525840515428481,0.15923437132277282,0.03917318109206269,-0.0047669796446762475,0.10201848549900168,0.07538165355030302,0.02333700277289746,0.010078032305084333
89.0,12.345446238407247,2.7509528802541463,-6.269108606153218,-0.0014025675470156166,-0.003776452269421337,0.057134214401797806,0.7453296219009423,3.0795797306467487,-7.2157,-7.9351248015,0.0,-0.3286268503926024,-0.003913868406341367,-0.0105381999296892,0.1594331746404229,0.0391661761534461,-0.004801579817185483,0.10192977664600658,0.07604314747124193,0.023369741834428137,0.010187240058794355
90.0,12.345719936028308,2.74747045205573,-6.322066764046934,-0.0014684060432895035,-0.0037839160302721836,0.05720732890634748,0.7469648977585323,3.075055613041832,-7.2157,-7.9351248015,0.0,-0.3275851609861018,-0.004097500061029037,-0.010558793486191216,0.15963366179013505,0.039159158734599124,-0.004836480678908333,0.1018413703912509,0.07670490962611562,0.023402584269801737,0.01029644390040916
91.0,12.345995145275857,2.743974886909518,-6.375064963481886,-0.001535462116031165,-0.003794407281719251,0.057281046206637175,0.7485331035905411,3.0705199695099905,-7.2157,-7.9351248015,0.0,-0.32654508260047255,-0.004284520548958285,-0.01058783267910539,0.15983580250910256,0.0391521224493063,-0.004871719348885629,0.10175319737087965,0.07736693444456193,0.02343555802792952,0.010405645591887756
92.0,12.346271840330596,2.740462900850042,-6.4281038287808405,-0.0016034685518626932,-0.003807988126023392,0.057355355590356406,0.7500331603451336,3.065969796281036,-7.2157,-7.9351248015,0.0,-0.3255068954309941,-0.004474183974406207,-0.01062549024013658,0.1600395670564524,0.039145060790073676,-0.004907332398550374,0.10166518451216572,0.07802921547531462,0.023468691386566567,0.01051484682194653
93.0,12.346550002788707,2.7369311839044093,-6.481183960905701,-0.0016721514648614427,-0.003824706341653388,0.05743024659217024,0.7514642557632609,3.061402035916217,-7.2157,-7.9351248015,0.0,-0.3244708520118076,-0.004665725887107359,-0.010671898906188242,0.1602449262873749,0.039137967159133855,-0.004943355665396887,0.10157725535889049,0.07869174543848657,0.023502012813274333,0.010624049211065485
94.0,12.346829621693626,2.73337641626737,-6.534305937516889,-0.0017412312974770946,-0.003844594989605925,0.05750570903033329,0.7528258505185198,3.05681359156788,-7.2157,-7.9351248015,0.0,-0.32343717530050986,-0.004858366077449577,-0.01072715032523113,0.16045185175425108,0.039130834900260814,-0.0049798240667887385,0.10148933041473085,0.07935451628389692,0.023535550823625996,0.010733254314771738
95.0,12.347110693531583,2.729795284750138,-6.587470313121664,-0.001810423859981737,-0.003867672071755949,0.05758173305331974,0.7541176833529089,3.0522013415988942,-7.2157,-7.9351248015,0.0,-0.32240605684875634,-0.005051311478809762,-0.01079129410751902,0.16066031583616425,0.03912365733128043,-0.005016771414685393,0.10140132750358077,0.08001751925548072,0.023569333837189142,0.010842463625091666
96.0,12.347393222190437,2.726184499440107,-6.640677619323096,-0.0018794414049014027,-0.0038939402436535377,0.05765830919676112,0.7553397751726252,3.0475621545093925,-7.2157,-7.9351248015,0.0,-0.3213776550692855,-0.005243759167116507,-0.010864337028870191,0.16087029189761598,0.03911642777715729,-0.005054230232080122,0.10131316214564595,0.08068074496178271,0.023603390031839283,0.010951678570101691
97.0,12.34767721888148,2.7225408105064846,-6.693928365181363,-0.001947993732659657,-0.003923386584016575,0.057735428450766,0.7564924320716531,3.042892904116108,-7.2157,-7.9351248015,0.0,-0.32035209360962336,-0.005434899447120812,-0.010946242392268705,0.16108175447665793,0.03910913960353376,-0.005092231571951343,0.10122474794806423,0.08134418345249907,0.023637747196975804,0.011060900511548705
98.0,12.347962702023997,2.718861025084952,-6.747223037698849,-0.0020157893244565485,-0.003955982422986906,0.0578130823374673,0.7575762472547115,3.0381904849274544,-7.2157,-7.9351248015,0.0,-0.3193294598425025,-0.005623919014279603,-0.011036929553533572,0.16129467950201118,0.03910178625059283,-0.005130804839535461,0.10113599700872097,0.08200782430098587,0.023672432586227258,0.011170130740554
99.0,12.348249697092577,2.715142024172803,-6.8005621024399945,-0.002082536498210765,-0.003991683231021385,0.057891262998406016,0.7585921018351236,3.033451827655581,-7.2157,-7.9351248015,0.0,-0.3183098034827778,-0.005810004180612983,-0.011136273616257096,0.1615090445380824,0.03909436126711252,-0.005169977618731947,0.10104682033184784,0.08267165669260845,0.023707472770246377,0.011279370471458473
100.0,12.348538236427222,2.7113807794645974,-6.853946004296137,-0.00214794458321064,-0.004030428570078315,0.057969963291119725,0.7595411644873443,3.0286739148048962,-7.2157,-7.9351248015,0.0,-0.3172931353402988,-0.005992344152388993,-0.011244105300626308,0.16172482905611357,0.03908685834457563,-0.005209775503450118,0.10095712825391684,0.08333566951875472,0.02374289349020658,0.01138862083391087
101.0,12.348828359006573,2.707574370057216,-6.907375168404588,-0.002211725108952103,-0.004072142108534608,0.0580491768940636,0.7604248899382164,3.023853796275056,-7.2157,-7.9351248015,0.0,-0.3162794262178399,-0.006170134347023148,-0.011360210990113948,0.1619420147290288,0.03907927135119593,-0.005250221934702013,0.1008668308782693,0.08399985147628426,0.023778719512620526,0.011497882863345004
102.0,12.34912011018461,2.7037199989523506,-6.9608500012299315,-0.002273593003490127,-0.004116731701029906,0.05812889841875572,0.7612450162855029,3.01898860491513,-7.2157,-7.9351248015,0.0,-0.3152686059627796,-0.006342579736157734,-0.011484332959359331,0.16216058574688186,0.03907159436571918,-0.0052913380442371274,0.10077583851685049,0.08466419117213014,0.02381497448610762,0.011607157490033944
103.0,12.349413541391442,2.699815009283883,-7.0143708918140675,-0.0023332677964959937,-0.004164089534181425,0.05820912352781117,0.7620035611368516,3.0140755719646304,-7.2157,-7.9351248015,0.0,-0.3142605626807473,-0.0065088982015117,-0.01161616978585583,0.1623805291491722,0.03906382171085497,-0.00533314250550123,0.10068406213735795,0.0853286772327145,0.023851680800741466,0.011716445526950049
104.0,12.349708709798856,2.6958569001973522,-7.067938213199802,-0.0023904748220970875,-0.004214092338848312,0.058289849057315095,0.762702816567071,3.009112042316309,-7.2157,-7.9351248015,0.0,-0.3132551421189569,-0.006668323889769377,-0.011755376947323067,0.16260183516969864,0.03905594798619434,-0.0053756513926850776,0.10059141381405357,0.08599329841778194,0.023888859450609243,0.011825747656697243
105.0,12.350005677951568,2.6918433423087578,-7.121552324030852,-0.0024449464164801623,-0.004266601669347589,0.0583710731417884,0.7633453428964101,3.004095489535132,-7.2157,-7.9351248015,0.0,-0.3122521472263742,-0.0068201105525088415,-0.011901567605870444,0.16282449758906875,0.03904796810046659,-0.005418878048607349,0.10049780718043705,0.08665804373819745,0.02392652990021359,0.011935064417816015
106.0,12.350304513365163,2.6877721926703324,-7.17521357032904,-0.002496423105164217,-0.004321464249736582,0.058452795339824386,0.7639339612974295,2.999023530567597,-7.2157,-7.9351248015,0.0,-0.3112513378972648,-0.006963534856961503,-0.012054313579257693,0.1630485140894931,0.039039877302988774,-0.005462832962150981,0.10040315788193349,0.0873229025771981,0.023964709955343264,0.01204439619079152
107.0,12.35060528809195,2.6836415091716335,-7.228922287447131,-0.0025446547747963156,-0.004378512386980399,0.058535016758325245,0.764471745242996,2.9938939400756444,-7.2157,-7.9351248015,0.0,-0.3102524309040109,-0.007097899653246568,-0.012213146498731484,0.16327388660607417,0.03903167121416135,-0.005507523655942922,0.10030738402670816,0.08798786481453273,0.024003415639031533,0.012153743184119698
108.0,12.350908078256074,2.679449564305357,-7.282678802193397,-0.002589401824293898,-0.004437564450519013,0.058617740173147,0.7649620108129196,2.988704664329744,-7.2157,-7.9351248015,0.0,-0.30925510002438683,-0.007222537183640053,-0.012377559152068887,0.16350062166846335,0.039023345854864416,-0.005552954584933923,0.10021040663269029,0.08865292095286846,0.024042661073211295,0.012263105420805803
109.0,12.351212963559382,2.6751948582286857,-7.336483435121433,-0.0026304362901511474,-0.004498425417438686,0.05870097014387352,0.7654083058817482,2.983453834596429,-7.2157,-7.9351248015,0.0,-0.30825897636774346,-0.007336812219420474,-0.012547007009593589,0.16372873072651398,0.03901489767461047,-0.005599127046498131,0.10011215006886397,0.08931806224579293,0.024082458366662764,0.012372482725682282
110.0,12.35152002675971,2.670876131052733,-7.390336502976181,-0.0026675429407454457,-0.0045608874821386446,0.05878471312038819,0.7658143982152259,2.9781397799564964,-7.2157,-7.9351248015,0.0,-0.30726364890376345,-0.007440125110883925,-0.012720909930054636,0.16395823045340965,0.039006323578312074,-0.005646039102630885,0.10001254248886828,0.0899832808266918,0.0241228175098336,0.012481874713939618
111.0,12.351829353123376,2.6664923742947435,-7.444238321284495,-0.002700520334523615,-0.004624730729068231,0.05886897753889682,0.76618426250788,2.972761039491373,-7.2157,-7.9351248015,0.0,-0.30626866519662954,-0.00753191473624217,-0.012898654042375774,0.16418914301970752,0.038997620951525466,-0.005693685514779397,0.09991151625494223,0.09064856983773834,0.024163746277092422,0.012591280781262836
112.0,12.352141029853827,2.6620428414301585,-7.498189207075996,-0.002729181837016648,-0.004689723866794441,0.05895377390508073,0.7665220663991127,2.9673163737767516,-7.2157,-7.9351248015,0.0,-0.30527353234659316,-0.007611661335309102,-0.013079593798402444,0.16442149633180353,0.03898878768403511,-0.005742057691792646,0.09980900835025137,0.09131392355819273,0.024205250136954726,0.012700700095958532
113.0,12.352455145498515,2.6575270574844345,-7.552189481717398,-0.0027533565917264944,-0.004755625021347077,0.0590391148621244,0.7668321555100003,2.961804775624468,-7.2157,-7.9351248015,0.0,-0.30427771814003357,-0.007678889214144942,-0.013263054190899877,0.1646553242285101,0.03897982219164831,-0.005791143651426321,0.09970496077764501,0.09197933753117583,0.02424733217079566,0.012810131593441939
114.0,12.352771789336206,2.652944827607632,-7.60623947384106,-0.0027728904400490307,-0.004822182586481168,0.0591250152414693,0.7671190375477387,2.9562254800158123,-7.2157,-7.9351248015,0.0,-0.30328065240818036,-0.007733169307163437,-0.013448333130195647,0.16489066662973387,0.0389707234360744,-0.005840927995784888,0.09959932094291313,0.09264480868805522,0.02428999300053626,0.01291957397343094
115.0,12.353091050747057,2.648296244578223,-7.660339522346226,-0.002787646785543675,-0.004889136128196204,0.05921149209429348,0.7673873655292821,2.9505779731719484,-7.2157,-7.9351248015,0.0,-0.30228172859372515,-0.007774121583615456,-0.013634703972021102,0.16512756963165515,0.038961490942768476,-0.005891391901026579,0.09949204202064378,0.0933103354695623,0.024333230725759956,0.013029025700163802
116.0,12.353413018567911,2.6435816951863247,-7.714489979449265,-0.0027975073980318114,-0.0049562173405615405,0.05929856470190521,0.7676419201801863,2.9448620007099047,-7.2157,-7.9351248015,0.0,-0.30128030552358,-0.007801417285841564,-0.013821418188294216,0.16536608554333382,0.03895212481662653,-0.0059425131215991404,0.09938308330082163,0.09397591794274643,0.024377040870682876,0.013138485005920571
117.0,12.353737780435347,2.6388018654506045,-7.768691213757386,-0.00280237315320283,-0.005023151049619344,0.05938625456346569,0.767887591568964,2.939077574835651,-7.2157,-7.9351248015,0.0,-0.30027570938504633,-0.007814780987235377,-0.014007708171808728,0.1656062728603016,0.0389426257554258,-0.005994266009213461,0.09927241051435978,0.09464155791286849,0.02442141634136654,0.013247949898084463
118.0,12.354065422119152,2.6339577446274354,-7.822943613338644,-0.0028021647036275197,-0.005089656261873011,0.059474585359719584,0.7681293600413635,2.933224980529102,-7.2157,-7.9351248015,0.0,-0.2992672359016666,-0.0078139924584768,-0.014192790165057145,0.16584819617143343,0.03893299506091209,-0.006046621546701068,0.09915999613581773,0.09530725902934042,0.024466347393523748,0.01335741816992972
119.0,12.354396026848962,2.629050627975442,-7.877247588759772,-0.0027968230773228867,-0.005155447253622036,0.0595635828917088,0.7683722765228733,2.927304780679455,-7.2157,-7.9351248015,0.0,-0.298254152704013,-0.007798888331277499,-0.014375867302723827,0.16609192599621805,0.03892323464744435,-0.006099547396838559,0.09904581966162918,0.09597302688482981,0.02451182161122883,0.01346688741526747
120.0,12.354729674636872,2.6240821182434084,-7.931603576062356,-0.0027863102002791966,-0.00522023469717587,0.0596532749937713,0.7686214422614137,2.9213178201330634,-7.2157,-7.9351248015,0.0,-0.297235701889655,-0.007769363549626966,-0.014556132756744795,0.16633753855045988,0.03891334704811581,-0.006153007966158468,0.09892986786224423,0.09663886910667038,0.0245578238968017,0.01357635504702085
121.0,12.355066441598932,2.6190541258545177,-7.9860120396473135,-0.002770609339647988,-0.005283726819770912,0.05974369142047864,0.7688819880855754,2.915265228620056,-7.2157,-7.9351248015,0.0,-0.2962111027655383,-0.007725372599333496,-0.014732772972247263,0.1665851154394222,0.03890333541828089,-0.006206964483702667,0.09881213500667993,0.09730479543974986,0.024604336472091787,0.01368581831973729
122.0,12.355406399278449,2.6139688677651196,-8.040473475037366,-0.0027497254645975004,-0.00534563059082788,0.059834863707538065,0.7691590532568955,2.909148422530114,-7.2157,-7.9351248015,0.0,-0.29517955476499447,-0.007666930507515801,-0.014904970982158481,0.16683474327846198,0.038893203536426786,-0.006261375094610264,0.09869262305807372,0.09797081782008521,0.024651338891343064,0.013795274355978816
123.0,12.3557496139741,2.6088288649815654,-8.094988411487407,-0.00272368552216801,-0.005405652933022459,0.05992682500707233,0.769457763997495,2.9029691055121756,-7.2157,-7.9351248015,0.0,-0.29414024053061016,-0.007594113604614249,-0.015071909787813064,0.16708651324228507,0.03888295580233988,-0.006316194968368955,0.09857134183894029,0.09863695043834286,0.02469880806577499,0.01390472017646286
124.0,12.35609614607588,2.603636938724148,-8.149557414413271,-0.0026925386258021596,-0.005463501952501007,0.060019609898086884,0.769783211776925,2.8967292678773475,-7.2157,-7.9351248015,0.0,-0.2930923291531995,-0.007507060042450626,-0.015232775792492919,0.16734052054505563,0.038872597232527686,-0.006371376421495888,0.0984483091649493,0.09930320979261743,0.02474671829996708,0.01401415273375683
125.0,12.35644604941192,2.5983962052327683,-8.204181087610454,-0.002656356154582782,-0.005518888183455779,0.060113254173333686,0.7701404314442694,2.890431184788948,-7.2157,-7.9351248015,0.0,-0.29203497955617985,-0.0074059700628670766,-0.015386762274505318,0.16759686385470893,0.03886213345286878,-0.006426869054352715,0.09832355094616471,0.09996961472984514,0.02479504134008665,0.014123568949260569
126.0,12.35679937060924,2.5931100692146143,-8.258860075235761,-0.002615231761581,-0.005571525842180521,0.06020779460417717,0.7705343792934086,2.884077413228318,-7.2157,-7.9351248015,0.0,-0.2909673440137035,-0.007291106012512966,-0.015533072886142977,0.1678556446459193,0.03885157068847461,-0.006482619901738946,0.09819710125481484,0.10063618647529898,0.024843746433950504,0.014232965753143735
127.0,12.357156148471462,2.587782215939837,-8.3135950635268,-0.0025692812900985503,-0.005621134085657224,0.06030326868545428,0.7709699111508557,2.877670787729859,-7.2157,-7.9351248015,0.0,-0.2898885717900219,-0.007162792100417349,-0.015670925164674318,0.1681169664972529,0.03884091575075942,-0.006538573596849378,0.09806900235879974,0.10130294864968911,0.024892800402862406,0.01434234012684045
128.0,12.357516413376523,2.5824166019969246,-8.368386782236461,-0.002518642596978125,-0.005667438269677747,0.06039971436269027,0.7714517605767147,2.871214414883616,-7.2157,-7.9351248015,0.0,-0.2887978128866915,-0.007021413896078205,-0.015799554041381267,0.16838093433906579,0.03883017602172599,-0.006594672548123851,0.0979393047202814,0.10196992727347451,0.024942167725118883,0.014451689147642941
129.0,12.357880186697372,2.577017444725186,-8.423236005762252,-0.002463475282552116,-0.0057101712014790305,0.060497169744378985,0.7719845172700824,2.864711666608606,-7.2157,-7.9351248015,0.0,-0.28769422188341975,-0.00686741756691209,-0.015918215334593283,0.1686476536596716,0.038819359435487935,-0.00665085712846324,0.09780806695884826,0.1026371507580794,0.02499181063102688,0.01456101003488066
130.0,12.358247480248606,2.571589210347417,-8.478143553953322,-0.0024039603272010307,-0.005749074381866613,0.06059567280235383,0.7725726057705983,2.8581661722049994,-7.2157,-7.9351248015,0.0,-0.2865769618575822,-0.006701308855032698,-0.016026189212656927,0.16891722967819187,0.038808474457060795,-0.006707065876232179,0.09767535577889286,0.10330464988379824,0.025041689209227898,0.014670300197121606
131.0,12.358618295761907,2.5661366008314306,-8.533110292581437,-0.0023402996348960586,-0.005783899231816825,0.060695261063557826,0.7732202645478501,2.851581809198168,-7.2157,-7.9351248015,0.0,-0.28544520836673737,-0.006523651794458048,-0.016122783612826645,0.1691897664932826,0.03879753005846705,-0.006763235707418564,0.09754124586099189,0.10397245776426853,0.025091761524075044,0.014779557279791203
132.0,12.358992624393117,2.5606645395146472,-8.588137133465732,-0.0022727154845034775,-0.005814408298581904,0.0607959712967623,0.7739315255699519,2.8449626929924534,-7.2157,-7.9351248015,0.0,-0.2842981534778062,-0.006335067170977412,-0.016207337602160157,0.16946536621760522,0.03878653569221184,-0.0068193021382715845,0.09740581971722978,0.10464060979748518,0.025141983743761746,0.014888779212569595
133.0,12.35937044626366,2.5551781555313675,-8.64322503424498,-0.0022014498900296713,-0.005840376436372711,0.06089783919797895,0.7747101944418306,2.838313165357357,-7.2157,-7.9351248015,0.0,-0.2831350098259895,-0.0061362307280343085,-0.016279224666646722,0.1697441281084504,0.03877550126219865,-0.006875199517693886,0.09726916751055938,0.10530914360342764,0.025192310278853967,0.014997964255903868
134.0,12.359751730038933,2.549682767087622,-8.698374997795138,-0.002126763871382401,-0.005861591956759093,0.06100089907845416,0.775559831202584,2.8316377817735954,-7.2157,-7.9351248015,0.0,-0.2819550146859733,-0.005927871123095199,-0.016337855914984035,0.170026147705325,0.038764437092165704,-0.006930861268619904,0.09713138683844519,0.10597809894846752,0.02524269393083227,0.015107111045956351
135.0,12.36013643254619,2.544183863633661,-8.753588071294178,-0.00204893663761455,-0.005877857744006697,0.06110518355922438,0.7764837318697115,2.824941297671173,-7.2157,-7.9351248015,0.0,-0.2807574340375121,-0.005710767640068885,-0.016382683183644865,0.17031151598555896,0.038753353891735835,-0.006986220137571133,0.0969925824811858,0.10664751765681908,0.02529308605020495,0.015216218637305478
136.0,12.360524498434291,2.53868708698912,-8.808865344940365,-0.0019682646849989256,-0.005888992330659472,0.061210723276243655,0.7774849108160746,2.818228653596212,-7.2157,-7.9351248015,0.0,-0.2795415666070924,-0.0054857476644136,-0.016413202030133682,0.17060031854907973,0.03874226272018345,-0.007041208451540323,0.09685286611546146,0.10731744350938827,0.0253434367037105,0.01532528654272149
137.0,12.360915859877581,2.533198211480741,-8.864207950334533,-0.0018850608126549507,-0.005894830928777955,0.06131754660006636,0.778566084063113,2.811504959347807,-7.2157,-7.9351248015,0.0,-0.2783067478670662,-0.005253683928611922,-0.016428954601622196,0.17089263484341902,0.03873117494803373,-0.007095758381319758,0.09671235599379978,0.10798792213046463,0.02539369485008517,0.015434314769356312
138.0,12.36131043632598,2.5277231231571564,-8.919617058541036,-0.0017996530588085557,-0.005895226412353314,0.06142567937397973,0.7797296535711531,2.804775477130567,-7.2157,-7.9351248015,0.0,-0.27705235397341044,-0.005015491536703269,-0.016429532366467624,0.1711885374397694,0.03872010221661937,-0.0071498022103549,0.09657117659079625,0.10865900086278639,0.025443808523830918,0.015543303850714665
139.0,12.36170813430324,2.522267798149702,-8.975093877846168,-0.001712383561113643,-0.0058900502465351525,0.061535144674329634,0.7809776926045838,2.798045603772808,-7.2157,-7.9351248015,0.0,-0.2757778056231057,-0.004772124777535045,-0.01641457869645561,0.17148809137048454,0.03870905639573071,-0.007203272608172398,0.09642945821706705,0.10933072863158738,0.02549372502638002,0.015652254873812593
140.0,12.362108847255147,2.5168382802524816,-9.030639651236802,-0.0016236073447956866,-0.0058791933594363735,0.06164596259657132,0.7823119322462686,2.7913208520645414,-7.2157,-7.9351248015,0.0,-0.2744825718120598,-0.00452457373732239,-0.016383791287968977,0.17179135353782493,0.03869804953950473,-0.007256102907401758,0.09628733660204783,0.11000315579830948,0.025543391124014728,0.01576116950097905
141.0,12.362512455449224,2.5114406577989516,-9.086255653625589,-0.001533691042694081,-0.005862566952410631,0.06175815007030545,0.783733749131819,2.7846068312734453,-7.2157,-7.9351248015,0.0,-0.2731661734744937,-0.004273860722989352,-0.01633692441066239,0.1720983722029918,0.03868709384070773,-0.007308227383382871,0.09614495244688517,0.1106763340047292,0.025592753251864796,0.015870049985816127
142.0,12.362918825927382,2.50608103991613,-9.1419431888525,-0.0014430115515786017,-0.0058401032448368384,0.06187172070623059,0.7852441544702901,2.7779092269009302,-7.2157,-7.9351248015,0.0,-0.27182818698480027,-0.00402103650859762,-0.016273790972621473,0.1724091865635747,0.03867620158357538,-0.007359581535325531,0.09600245094879482,0.11135031600830805,0.025641757723271343,0.015978899182903003
143.0,12.36332781251269,2.5007655322411444,-9.197703586495427,-0.0013519546293958734,-0.005811756149591071,0.06198668467756087,0.7868437844134829,2.771233779744202,-7.2157,-7.9351248015,0.0,-0.27046824750305776,-0.0037671764179503784,-0.01619426439140266,0.17272382642646847,0.03866538509538195,-0.0074101023679649936,0.09585998129838419,0.11202515550962552,0.025690350943773147,0.016087720550906952
144.0,12.363739255871277,2.49550021218823,-9.253538198525188,-0.0012609134383631056,-0.005777501875539495,0.06210304863802511,0.7885328918313794,2.7645862643338495,-7.2157,-7.9351248015,0.0,-0.26908605214561954,-0.003513376257185381,-0.016098280260789077,0.1730423119821122,0.038654656696918505,-0.007459728672636171,0.09571769615155554,0.11270090697279782,0.025738479628940995,0.016196518148851122
145.0,12.36415298363013,2.490291103857435,-9.309448395842336,-0.0011702870390681063,-0.005737339453547429,0.062220815678087744,0.7903113395462993,2.757972466819984,-7.2157,-7.9351248015,0.0,-0.26768136296254896,-0.0032607481118418938,-0.015985837803559617,0.17336465368457346,0.03864402865206674,-0.00750840130667119,0.09557575107771969,0.11337762543981747,0.025786091025257033,0.01630529662538163
146.0,12.364568810551381,2.485144152679208,-9.365435564734828,-0.0010804788409560836,-0.005691291182670376,0.06233998532051669,0.7921785950731823,2.751398162383284,-7.2157,-7.9351248015,0.0,-0.2662540097040762,-0.0030104160234987764,-0.01585700110105588,0.17369085224056674,0.03863351311666189,-0.007556063470009044,0.0954343039861588,0.11405536633977503,0.025833133133209507,0.016414061200975206
147.0,12.36498653876339,2.4800651998916976,-9.42150110329662,-0.0009918950147847112,-0.005639402993374093,0.062460553555878144,0.7941337269079805,2.7448690922504504,-7.2157,-7.9351248015,0.0,-0.2648038923587528,-0.0027635115616349627,-0.01571190009084854,0.17402089870897652,0.038623122086844056,-0.007602660977892937,0.09529351453248097,0.11473418529393928,0.025879554931748823,0.016522817643131182
148.0,12.365405958048742,2.4750599569500107,-9.477646417847758,-0.0009049428728092085,-0.005581744724823932,0.06258251291796811,0.7961754024005112,2.738390940396575,-7.2157,-7.9351248015,0.0,-0.26333098344656447,-0.0025211693068584616,-0.01555073132435419,0.17435477471086708,0.038612867347102384,-0.0076481425285204185,0.09515354350720831,0.11541413791767816,0.025925306603228518,0.016631572234697127
149.0,12.365826846189032,2.4701339799687885,-9.53387291939638,-0.0008200292226186828,-0.005518410313490286,0.06270585259860562,0.7983018872422997,2.7319693100197022,-7.2157,-7.9351248015,0.0,-0.26183533005091375,-0.0022845222620855206,-0.015373758476840494,0.1746924527483345,0.0386027604182216,-0.007692459964504177,0.09501455220863411,0.11609527962020195,0.025970339757934825,0.016740331735583803
150.0,12.366248969366056,2.46529264430132,-9.59018202018237,-0.0007375587006838079,-0.005449517890538618,0.06283055860062024,0.8005110465939421,2.725609699875455,-7.2157,-7.9351248015,0.0,-0.26031705557413476,-0.002054697208628151,-0.015181312602885393,0.17503389662890873,0.038592812505343854,-0.007735568526996951,0.09487670180217407,0.11677766540309822,0.026014607657291175,0.01684910333823128
151.0,12.366672082618804,2.460541119359958,-9.646575130341015,-0.0006579320917941966,-0.005375209785710726,0.06295661392727633,0.8028003478703815,2.719317480561964,-7.2157,-7.9351248015,0.0,-0.2587763612020062,-0.0018328100244662025,-0.014973792131029087,0.17537906199057124,0.03858303444636235,-0.007777427101333403,0.09474015266852014,0.11746134965860998,0.026058065434808958,0.016957894617291643
152.0,12.367095930355394,2.455884343783838,-9.703053654723096,-0.0005815446406619389,-0.005295652435659993,0.06308399880579754,0.8051668651962117,2.7130978708474722,-7.2157,-7.9351248015,0.0,-0.2572135270636342,-0.001619960982240725,-0.014751662592079863,0.17572789692084753,0.03857343666086575,-0.007817998453044615,0.09460506374298477,0.11814638596858155,0.026100670313844054,0.017066713474093883
153.0,12.367520246918847,2.451327001060815,-9.759618989905322,-0.000508784362045918,-0.005211036194978624,0.06321269094209692,0.8076072855367533,2.706955914134849,-7.2157,-7.9351248015,0.0,-0.2556289130740339,-0.0014172300447091305,-0.01451545607630907,0.17608034266188238,0.03856402909985385,-0.007857249453107583,0.09447159184849672,0.11883282690496433,0.02614238182120928,0.017175568076550653
154.0,12.367944757205368,2.4468734957110834,-9.816272521421904,-0.00044003035581028206,-0.005121575048450277,0.06334266580328955,0.8101179165041789,2.7008964551588766,-7.2157,-7.9351248015,0.0,-0.2540229594477932,-0.0012256721755514633,-0.014265770415599725,0.17643633439193984,0.03855482119644621,-0.007895151291303582,0.09433989102477666,0.11952072383273432,0.02618316199568739,0.017284466795254014
155.0,12.368369177333518,2.4425279301401543,-9.873015621244488,-0.0003756511333701039,-0.005027506223377567,0.06347389692407604,0.8126946958314439,2.694924117013454,-7.2157,-7.9351248015,0.0,-0.25239618687329957,-0.0010463126835117689,-0.014003268087498714,0.1767958020724154,0.03854582181780524,-0.007931679676574127,0.09421011185628392,0.1202101267160291,0.026222975590486263,0.01739341813658529
156.0,12.368793215362476,2.4382940822686736,-9.929849645533508,-0.00031600296199838754,-0.004929089701171031,0.06360635623264364,0.8153332025002127,2.6890432786068805,-7.2157,-7.9351248015,0.0,-0.2507491963382069,-0.0008801426179009348,-0.013728674839064784,0.1771586713482264,0.0385370392184948,-0.007966815023283915,0.09408240080157962,0.12090108392826282,0.02626179026867918,0.017502430673732278
157.0,12.369216572057303,2.4341753840459748,-9.986775932679596,-0.0002614282334716117,-0.00482660762774406,0.06374001439134842,0.8180286695023773,2.6832580526440317,-7.2157,-7.9351248015,0.0,-0.24908266859805694,-0.0007281142334788202,-0.013442778029403283,0.17752486448838456,0.03852848099549357,-0.008000542622325017,0.09395689952680106,0.12159364206692544,0.026299576790677622,0.017611512976563187
158.0,12.369638941698902,2.4301749009532605,-10.043795801648685,-0.00021225386351636028,-0.004720363622636331,0.06387484114712112,0.8207759982081854,2.6775722642345507,-7.2157,-7.9351248015,0.0,-0.24739736328129025,-0.0005911365426753782,-0.01314642469083153,0.17789430135267134,0.03852015404508004,-0.008032852796026772,0.09383374424598268,0.12228784577371675,0.02633630919279263,0.01772067354134982
159.0,12.370060012936161,2.426295312600863,-10.1009105506394,-0.0001687897284877447,-0.0046106819871854525,0.0640108056862919,0.8235697743074185,2.6719894302261142,-7.2157,-7.9351248015,0.0,-0.24569411762525117,-0.0004700709730043259,-0.012840519309722978,0.17826690036965598,0.03851206452180241,-0.00806374103587126,0.09371306507099234,0.12298373756061086,0.026371964955953463,0.017829920721361414
160.0,12.370479469677488,2.4225388945221424,-10.158121456055822,-0.00013132714566156325,-0.004497906812481089,0.06414787698835811,0.8264042852835376,2.666512739361362,-7.2157,-7.9351248015,0.0,-0.24397384483921947,-0.0003657271473697216,-0.012526021329229314,0.17864257951082887,0.03850421779974274,-0.008093208122055114,0.0935949853738764,0.12368135764238868,0.026406525163669124,0.017939262659364623
161.0,12.370896992018794,2.4189075012642247,-10.215429771793273,-0.0001001374034568859,-0.0043824009882658535,0.06428602417313228,0.8292735393742396,2.6611450333562217,-7.2157,-7.9351248015,0.0,-0.24223753209199694,-0.00027885880476697435,-0.012203942377271498,0.17902125724538914,0.03849661843627873,-0.00812126022398445,0.09347962116442127,0.12438074377612188,0.026439974648339682,0.018048707223062933
162.0,12.371312257204737,2.415402550872953,-10.272836728829184,-7.54703478240664e-05,-0.004264545114390183,0.06442521683570701,0.8321712859654815,2.655888788996055,-7.2157,-7.9351248015,0.0,-0.24048623812310232,-0.0002101598786357479,-0.011875343224416883,0.17940285346023468,0.03848927013854116,-0.008147908980841747,0.09336708048574582,0.12508193110803645,0.026472302125049932,0.018158261944490748
163.0,12.371724940619822,2.4120250108661114,-10.330343535105568,-5.7553030935331055e-05,-0.004144736316881367,0.06456542536376333,0.8350910373597309,2.650746101344328,-7.2157,-7.9351248015,0.0,-0.23872109047821644,-0.00016026074983387255,-0.011541330477511371,0.17978729032996196,0.03848217573275706,-0.008173171561420368,0.09325746283073202,0.1257849520281346,0.026503500312008307,0.018267933964342127
164.0,12.372134716805824,2.4087753857851784,-10.387951375684311,-4.658842820105376e-05,-0.004023386971146761,0.0647066212319307,0.8380260918530301,2.64571866815632,-7.2157,-7.9351248015,0.0,-0.2369432823711417,-0.0001297246908689227,-0.011203053016204988,0.18017449312219597,0.03847533713666111,-0.008197070702485078,0.09315085858208577,0.12648983603290523,0.026533566036828826,0.018377729982163103
165.0,12.372541260501762,2.4056537064115795,-10.445661413151276,-4.275422950451387e-05,-0.003900923335294402,0.06484877726817963,0.840969558049417,2.640807775587776,-7.2157,-7.9351248015,0.0,-0.2351540691761964,-0.00011904451764752254,-0.010861698180786037,0.18056439092434176,0.038468755335148645,-0.008219634724984787,0.09304734847879019,0.12719660959641302,0.02656250032789329,0.018487656213267846
166.0,12.372944247702527,2.4026595207286316,-10.503474788240489,-4.620171040123407e-05,-0.0037777840970172807,0.06499186788759179,0.843914380335362,2.636014285285291,-7.2157,-7.9351248015,0.0,-0.23335476455665916,-0.0001286394645816059,-0.010518487721013634,0.1809569172788668,0.03846243035933344,-0.008240897527516527,0.09294700311167346,0.12790529605001824,0.026590308490075067,0.018597718353155667
167.0,12.373343356732091,2.3997918867051213,-10.561392620645238,-5.705468886555807e-05,-0.0036544188379466227,0.06513586928930352,0.8468533654311695,2.631338622941706,-7.2157,-7.9351248015,0.0,-0.23154673623658484,-0.00015885229842499017,-0.010174673516900696,0.1813520107154893,0.038456361269163186,-0.008260898556517477,0.09284988245075851,0.1286159154709507,0.026617000164154258,0.018707921550106456
168.0,12.373738269327106,2.3970493669707276,-10.619416009979084,-7.540857298665966e-05,-0.003531286419831063,0.06528075961295321,0.8497792099307689,2.6267807683957862,-7.2157,-7.9351248015,0.0,-0.22973140142505866,-0.00020994668570209683,-0.009831533083639057,0.1817496151701402,0.03845054613973356,-0.008279682752744294,0.09275603540699554,0.12932848457993754,0.026642589369307086,0.018818270386519037
169.0,12.374128671726568,2.3944300254473343,-10.677546036846447,-0.00010132950481810699,-0.0034088532973390183,0.06542651905157476,0.8526845287360205,2.6223402473510173,-7.2157,-7.9351248015,0.0,-0.22791022190368304,-0.00028210482803204217,-0.009490364874066194,0.18214968028227696,0.038444982051429495,-0.008297300473685553,0.09266549943089708,0.13004301664807102,0.026667094528109316,0.018928768869431147
170.0,12.374514255763117,2.3919314259936537,-10.735783763979889,-0.00013485360536899684,-0.0032875917627075506,0.06557312991856193,0.8555618842865791,2.6180161247835,-7.2157,-7.9351248015,0.0,-0.22608469878984616,-0.0003754253790445408,-0.009152483393239317,0.18255216156402979,0.03843966508400917,-0.008313807391643998,0.09257830015050211,0.13075952141309427,0.026690538473554924,0.01903942043052243
171.0,12.374894719951449,2.389550633113561,-10.79413023739925,-0.000175986325489756,-0.003167978127869515,0.06572057666707129,0.8584038164815395,2.6138070001036313,-7.2157,-7.9351248015,0.0,-0.22425636699007034,-0.0004899216559270963,-0.008819214140799817,0.1829570204367354,0.03843459031473251,-0.00832926436731956,0.09249445105098719,0.13147800500528437,0.026712948437656023,0.01915022793575516
172.0,12.37526977056925,2.387284214771126,-10.852586487546782,-0.00022470190715142297,-0.0030504908500792096,0.06586884586102709,0.8612028731845359,2.609711004130577,-7.2157,-7.9351248015,0.0,-0.22242678935945115,-0.0006255201579343384,-0.00849188839787165,0.18336422413262699,0.03842975182062126,-0.008343737298821794,0.09241395319812301,0.13219846988312287,0.026734356021258704,0.019261193704653592
173.0,12.37563912272601,2.3851282473475406,-10.911153530352115,-0.0002809429593428017,-0.0029356086074228648,0.06601792609772608,0.863951641199704,2.6057257979324726,-7.2157,-7.9351248015,0.0,-0.22059755058493202,-0.000782059403428016,-0.008171837876235776,0.18377374546177735,0.03842514268492295,-0.008357296946141096,0.09233679500764064,0.13292091477895998,0.0267547971447812,0.01937231953906319
174.0,12.376002501415007,2.3830783227670462,-10.969832368181521,-0.0003446201525145187,-0.0028238083309424494,0.06616780788290334,0.8666427776019738,2.6018485735788643,-7.2157,-7.9351248015,0.0,-0.2187702508118181,-0.0009592890961978855,-0.007860389248454409,0.1841855624467914,0.03842075500783555,-0.00837001873121106,0.09226295206242552,0.13364533465490522,0.026774311979655487,0.019483606761069125
175.0,12.376359642543775,2.3811295578105423,-11.02862399062747,-0.00041561203518208066,-0.002715563200418259,0.06631848345999784,0.8692690413015446,2.5980760568451418,-7.2157,-7.9351248015,0.0,-0.2169464990345995,-0.001156869630937766,-0.007558858578481079,0.18459965783018775,0.038416579921533515,-0.00838198251380004,0.09219238697930103,0.13437172066921022,0.026792944860330913,0.019595056259590765
176.0,12.376710293938343,2.37927660562689,-11.08752937509683,-0.0004937649759607647,-0.002611340611146967,0.06646994659623398,0.8718233247191399,2.5944045119016255,-7.2157,-7.9351248015,0.0,-0.21512790627473555,-0.0013743719468152467,-0.0072685456730834565,0.18501601846184962,0.038412607609519714,-0.00839327234357692,0.0921250493269927,0.13510006015344808,0.026810744176777857,0.019706668545008733
177.0,12.377054216316532,2.3775136694430117,-11.146549487159403,-0.0005788932339428945,-0.002511600119317092,0.06662219232899946,0.874298685445762,2.5908297480126232,-7.2157,-7.9351248015,0.0,-0.21331607856961154,-0.0016112777370759395,-0.006990728375125753,0.18543463457632606,0.038408827330311396,-0.008403976188805121,0.09206087559668766,0.13583033660083937,0.026827762247511183,0.0198184438110258
178.0,12.377391184225678,2.375834518464783,-11.205685280622587,-0.0006707791599422889,-0.0024167913738235886,0.0667752166768343,0.8766883777581836,2.5873471282631266,-7.2157,-7.9351248015,0.0,-0.21151260979834374,-0.0018669800215623954,-0.006726656820407445,0.1858554989720844,0.038405227445451,-0.008414185642228674,0.09199978922641458,0.13656252966612442,0.026844055173236226,0.019930382002815418
179.0,12.377720986940162,2.3742325059514258,-11.264937697302978,-0.0007691735307208132,-0.0023273520425781775,0.06692901632013624,0.878985883859362,2.583951580322967,-7.2157,-7.9351248015,0.0,-0.20971907437154114,-0.00214078408790199,-0.006477547680337434,0.18627860610700972,0.03840179545181617,-0.00842399560482501,0.09194170068027353,0.1372966151774337,0.026859682671304588,0.0200424828903744
180.0,12.378043429314216,2.3727005894367155,-11.324307666471421,-0.0008737960178778754,-0.0022437057415632586,0.06708358825741921,0.8811849447113385,2.5806376092501573,-7.2157,-7.9351248015,0.0,-0.20793701981344181,-0.0024319088059267355,-0.006244578413240928,0.18670395112647706,0.03839851801818585,-0.008433503948210824,0.09188650758334231,0.13803256516066376,0.026874707891252052,0.020154746145872045
181.0,12.37835833258558,2.3712313530607902,-11.383796103954507,-0.0009843357926250316,-0.002166259975046037,0.0672389294436184,0.883279590327044,2.57739931232689,-7.2157,-7.9351248015,0.0,-0.20616795926609965,-0.0027394883186298235,-0.006028881547553959,0.18713152884214576,0.038395381026002255,-0.008442811156598427,0.09183409491287582,0.1387703478769192,0.026889197211777082,0.020267171423679755
182.0,12.378665535125664,2.3698170319667695,-11.443403910882507,-0.0011004522671848216,-0.0020954040955172707,0.06739503641750558,0.8852641693867612,2.5742303959132062,-7.2157,-7.9351248015,0.0,-0.20441336394643672,-0.0030625741116392683,-0.005831539020561893,0.18756133268120467,0.03839236961425137,-0.008452019949312273,0.09178433524620061,0.13950992787363597,0.02690322001960427,0.02037975844167401
183.0,12.378964893132016,2.3684495387067566,-11.503131972081329,-0.0012217759730456731,-0.0020315072920471873,0.06755190492574624,0.8871333780448353,2.571124194294782,-7.2157,-7.9351248015,0.0,-0.20267465558802522,-0.003400137461798242,-0.005653576596687359,0.18799335362709474,0.03838946822836722,-0.008461234884986416,0.09173708906548748,0.1402512660500479,0.026916848470763304,0.020492507062335713
184.0,12.37925628125906,2.367120491592152,-11.56298115411404,-0.0013479095757737074,-0.0019749166158607844,0.06770952955148528,0.8888822877925918,2.5680736904925507,-7.2157,-7.9351248015,0.0,-0.20095319890039853,-0.00375107226398591,-0.005495958389633104,0.18842757917371644,0.03838666067304808,-0.008470561948674255,0.09169220511936318,0.1409943197377041,0.026930157234899922,0.02060541737212026
185.0,12.379539593183184,2.365821244913569,-11.622952302985707,-0.0014784290255284132,-0.0019259550520268134,0.0678679033555796,0.8905063722443316,2.565071538993081,-7.2157,-7.9351248015,0.0,-0.199250294079512,-0.004114198233793733,-0.005359581512939222,0.18886399231576986,0.03838393016885557,-0.008480108123212048,0.09164952084109629,0.14173904279677935,0.026943223223320576,0.020718489757548586
186.0,12.379814742098494,2.3645429209460316,-11.68304624153371,-0.0016128848418533455,-0.0018849196462296825,0.06802701753869377,0.8920015327147368,2.5621100903497003,-7.2157,-7.9351248015,0.0,-0.1975671694036687,-0.004488264482092659,-0.005245270883722885,0.18930257059814048,0.038381259412450595,-0.008489980946285943,0.09160886282286601,0.14248538572894495,0.026956125301557006,0.020831724976470137
187.0,12.380081661139705,2.3632764436456073,-11.743263766534003,-0.0017508035307166896,-0.0018520796956511048,0.0681868611324328,0.8933641224580722,2.5591814175954064,-7.2157,-7.9351248015,0.0,-0.1959049739497991,-0.004871953455889997,-0.005153774204531926,0.18974328524712322,0.038378630640302856,-0.008500288054758925,0.09157004734539384,0.14323329580758154,0.026968943987320602,0.02094512422297598
188.0,12.380340303728879,2.3620125739341513,-11.803605645562108,-0.0018916891311614227,-0.00182767501302776,0.06834742072749812,0.8945909694421967,2.55627734439957,-7.2157,-7.9351248015,0.0,-0.19426477046541857,-0.005263885238185466,-0.005085757148359012,0.1901861004057481,0.03837602569569407,-0.008511136717919025,0.09153288096198742,0.14398271722611516,0.026981761134798467,0.021058689184494567
189.0,12.380590643842948,2.3607419464595045,-11.864072613655418,-0.0020350248882928814,-0.0018119142729708627,0.06850868024651544,0.8956793975336366,2.5533894748913966,-7.2157,-7.9351248015,0.0,-0.19264752843189203,-0.005662622197799168,-0.005041798771926026,0.1906309724945297,0.03837342609881783,-0.008522633361411625,0.09149716113581653,0.14473359126524016,0.02699465960632413,0.021172422089683948
190.0,12.380832676199208,2.35945510770928,-11.924665369830953,-0.002180275048685215,-0.0018049734496309207,0.06867062076869697,0.8966272459738114,2.550509225064068,-7.2157,-7.9351248015,0.0,-0.1910541173547884,-0.006066673978366358,-0.005022387182351799,0.1910778497176054,0.03837081311976269,-0.008534883083717512,0.09146267692900853,0.1454858564797586,0.02700772293253482,0.021286325745842705
191.0,12.381066416356228,2.3581425553473334,-11.985384573519482,-0.0023268867736301957,-0.0018069943547627967,0.06883322041286553,0.8974328870309667,2.547627855664456,-7.2157,-7.9351248015,0.0,-0.18948530031712263,-0.006474502813882154,-0.00502791548225124,0.19152667173245788,0.03836816785414818,-0.00854798916713263,0.09142920974191879,0.14623944890571183,0.0270210349622044,0.021400403564696684
192.0,12.38129190072791,2.3567947786331884,-12.04623084098305,-0.0024742921649853126,-0.0018180832851882932,0.06899645428458936,0.898095241717441,2.544736506464336,-7.2157,-7.9351248015,0.0,-0.1879417278311477,-0.006884529156342135,-0.005058678018168237,0.19197736949924923,0.038365471301167214,-0.008562052585295441,0.09139653410069856,0.1469943022884032,0.027034679503015926,0.021514659575578726
193.0,12.381509186508723,2.3554022997760917,-12.107204741788074,-0.00262191039770642,-0.001838309788560976,0.06916029449226183,0.8986137934675925,2.541826231800157,-7.2157,-7.9351248015,0.0,-0.1864239320240655,-0.007295137599171424,-0.005114866957004863,0.1924298653232471,0.038362704443771906,-0.0085771715093917,0.09136441849104932,0.14775034833181616,0.027048739954610265,0.021629098425202303
194.0,12.381718351508459,2.3539557160670763,-12.168306795410357,-0.0027691499524773065,-0.0018677055562051825,0.06932471023591773,0.8989885996780208,2.538888037259662,-7.2157,-7.9351248015,0.0,-0.18493232119258574,-0.007704683078275724,-0.005196569214759253,0.19288407310092046,0.038359848330723915,-0.008593440815244144,0.09133262623581692,0.14850751696980868,0.02706329893531656,0.021743725363435103
195.0,12.381919493895161,2.3524457426244365,-12.229537468051287,-0.002915410941178517,-0.0019062634516220018,0.06948966797142113,0.8992203010186435,2.535912917385085,-7.2157,-7.9351248015,0.0,-0.18346717476064844,-0.008111497330694106,-0.005303763761406831,0.19333989877706498,0.03835688416021448,-0.008610951593564169,0.09130091641384416,0.14926573665932458,0.02707843790403678,0.02185854621470306
196.0,12.382112731845249,2.3508632555804354,-12.29089716974619,-0.0030600875172751693,-0.0019539366830229566,0.06965513165140311,0.8993101284307023,2.5328918942543037,-7.2157,-7.9351248015,0.0,-0.18202863867386831,-0.008513895588997705,-0.00543631932513584,0.19379724101681903,0.038353793364743906,-0.008629790665704018,0.09126904481726317,0.15002493469569292,0.027094236778818958,0.021973567334895493
197.0,12.382298203100193,2.3491993355299283,-12.352386251846157,-0.003202570362553129,-0.0020106381279604854,0.06982106304298896,0.8992599077358823,2.529816056793246,-7.2157,-7.9351248015,0.0,-0.18061672126331763,-0.008910183487773863,-0.005593992518359498,0.1942559920927069,0.03835055769693511,-0.00865004010729914,0.09123676494417204,0.1507850375499,0.027110773553712286,0.022088795553894813
198.0,12.382476064429486,2.347445311054957,-12.414005004953506,-0.003342249240999782,-0.0020762398177666397,0.06998742212095346,0.8990720617893933,2.526676600665134,-7.2157,-7.9351248015,0.0,-0.1792312896101773,-0.00929866415677562,-0.005776426406955164,0.19471603898294593,0.03834715931594136,-0.008671776782230616,0.09120382902340221,0.15154597122750468,0.02712812391555099,0.022204238104115797
199.0,12.382646491000015,2.345592802133326,-12.47575365738846,-0.0034785156100152308,-0.0021505725890814576,0.07015416753350069,0.8987496101190834,2.5234648685748304,-7.2157,-7.9351248015,0.0,-0.17787206644150455,-0.009677645473616919,-0.0059831495430079885,0.19517726467324184,0.0383435808740943,-0.008695071889365719,0.09116998906784596,0.1523076616486391,0.027146360862362325,0.0223199025357053
200.0,12.382809675652357,2.3436337632337843,-12.537632374260514,-0.0036107652785573817,-0.0022334259092448502,0.07032125713640702,0.8982961660023807,2.520172390819723,-7.2157,-7.9351248015,0.0,-0.17653862758593863,-0.010045447447269158,-0.006213575479947092,0.1956395496502368,0.038339805603425064,-0.008719990524549474,0.09113499795257704,0.1530700350482851,0.027165554325136874,0.022435796619319597
201.0,12.38296582808492,2.3415605258957863,-12.599641257212317,-0.0037384011012759804,-0.0023245478817360047,0.07048864858981574,0.8977159309430816,2.5167909259123347,-7.2157,-7.9351248015,0.0,-0.17523040001654833,-0.010400409702081455,-0.00646700278734357,0.19610277357074035,0.03833581740167928,-0.008746591260320152,0.09109861051376375,0.15383301839575264,0.027185770794735428,0.02255192823765766
202.0,12.38311517394727,2.339365840587973,-12.661780344896753,-0.003860835697181688,-0.002423645437169065,0.07065630001055727,0.8970136865206738,2.5133125010942132,-7.2157,-7.9351248015,0.0,-0.1739466605062403,-0.010740899030620253,-0.006742615580781954,0.19656681708693144,0.03833160091743511,-0.008774925745806711,0.09106058466414352,0.15459653983200833,0.027207072955735878,0.022668305267180486
203.0,12.383257953844405,2.3370429176365883,-12.724049614239421,-0.003977494180932844,-0.002530384714591512,0.07082417067151632,0.896194783595966,2.5097294525557774,-7.2157,-7.9351248015,0.0,-0.17268653491918906,-0.011065316982321032,-0.007039484580115281,0.1970315638039558,0.03832714163392387,-0.008805038329234842,0.0910206825206043,0.1553605291232139,0.027229519329044733,0.022784935451684116
204.0,12.383394422254204,2.3345854670131083,-12.786448982528709,-0.004087816894410142,-0.0026443916369823088,0.07099222173830423,0.8952651288682465,2.506034465172724,-7.2157,-7.9351248015,0.0,-0.17144899815961567,-0.011372107453781186,-0.0073565687070683925,0.19749690234282166,0.03832242595114409,-0.008836965705419312,0.09097867153920097,0.1561249181285434,0.02725316392511074,0.022901826269611594
205.0,12.38352484636067,2.3319877367694755,-12.848978310364606,-0.004191262125893748,-0.002765252683912654,0.07116041703234857,0.8942311687909704,2.502220611566408,-7.2157,-7.9351248015,0.0,-0.1702328747969326,-0.011659764245514747,-0.0076927172305700404,0.1979627284783024,0.03831744126585295,-0.008870736590554918,0.09093432565272991,0.15688964128005223,0.027278055909581607,0.023018984797182784
206.0,12.383649504806085,2.3292445499096126,-12.911637405485068,-0.004287308803863915,-0.0028925158633172215,0.07132872380850826,0.8930998708650177,2.4982813902934105,-7.2157,-7.9351248015,0.0,-0.16903684038379785,-0.011926838549152288,-0.008046672465383108,0.19842894731875635,0.03831217604901416,-0.008906371426533864,0.09088742640579194,0.15765463607208297,0.027304239283238788,0.02313641756958589
207.0,12.383768686365617,2.3263513394873687,-12.974426027475639,-0.004375459152219787,-0.0030256918832346235,0.07149711353448719,0.8918787023408243,2.4942107629683354,-7.2157,-7.9351248015,0.0,-0.16785942348096672,-0.012171946328416863,-0.008417073026581512,0.19889547549244044,0.03830661992027821,-0.008943882116915769,0.09083776408209818,0.15841984355740898,0.02733175257802879,0.023254130442605676
208.0,12.383882688548365,2.3233041817238003,-13.03734389335403,-0.00445524129355682,-0.0031642555232211235,0.0716655626586741,0.8905756063731068,2.4900031901238293,-7.2157,-7.9351248015,0.0,-0.16669900840002905,-0.012393775556753412,-0.00880245763921603,0.19936224330309157,0.03830076371907051,-0.00898327179655687,0.09078513881861702,0.15918520884705073,0.02736062857098216,0.02337212845715838
209.0,12.383991816129312,2.3200998269407793,-13.100390684006957,-0.004526211787065132,-0.0033076472039322413,0.07183405335260265,0.8891989756844113,2.4856536656129173,-7.2157,-7.9351248015,0.0,-0.16555383867213802,-0.01259109327424685,-0.009201269499149343,0.19982919681633302,0.03829459957186433,-0.0090245346367681,0.09072936170102759,0.1599506816104472,0.027390894017773008,0.023490415709256904
210.0,12.384096379617045,2.316735728113347,-13.163566051441693,-0.00458795808761291,-0.003455274752115746,0.07200257421402063,0.8877576238062606,2.481157749361075,-7.2157,-7.9351248015,0.0,-0.1644220212477281,-0.01276275242644327,-0.009611861177558792,0.20029629983788252,0.0382881209552201,-0.009067655687718588,0.0906702558348393,0.16071621657244062,0.02742256940762178,0.02360899522794107
211.0,12.384196693662592,2.3132100668500573,-13.226869626800045,-0.004640100912663812,-0.0036065153569813315,0.0721711209165943,0.886260753979177,2.4765115982790014,-7.2157,-7.9351248015,0.0,-0.1633015314289441,-0.012907698447899307,-0.010032500058044696,0.20076353574463127,0.038281322754179656,-0.009112610759632208,0.09060765738646157,0.16148177400333374,0.02745566874118267,0.023727868863673132
212.0,12.384293075415108,2.3095217766187424,-13.29030102906776,-0.004682296503847433,-0.0037607177126232133,0.07233969679256294,0.8847179258052591,2.471711995151871,-7.2157,-7.9351248015,0.0,-0.16219021853312876,-0.013024975553732793,-0.010461374291687385,0.20123090913045605,0.038274201315614084,-0.009159366344142612,0.09054141658846532,0.16224732019811341,0.02749019933298366,0.023847037189618087
213.0,12.38438584283058,2.305670563044705,-13.353859874398255,-0.004714238770258743,-0.003917204339889377,0.07250831333520602,0.8831390197592074,2.46675637532689,-7.2157,-7.9351248015,0.0,-0.161085812282185,-0.013113732703138571,-0.010896599251816054,0.20169844723013924,0.038266754496136694,-0.00920787957697675,0.09047139870327373,0.16301282794080763,0.027526161639902718,0.023966499418100237
214.0,12.384475312940106,2.3016569211192346,-13.41754578595615,-0.004735661300906907,-0.0040752740798332375,0.07267699060879063,0.88153419967567,2.4616428510282717,-7.2157,-7.9351248015,0.0,-0.15998592990903715,-0.013173229199769165,-0.011336224466737247,0.20216620108700006,0.03825898170420883,-0.009258098242931802,0.0903974849395532,0.1637782769498558,0.027563549117067692,0.024086253334353186
215.0,12.384561800084665,2.2974821491685207,-13.4813584041736,-0.004746339234165542,-0.004234204749668362,0.0728457575547258,0.8799138733424225,2.456370233137223,-7.2157,-7.9351248015,0.0,-0.15888808396870235,-0.01320283989506073,-0.011778241005271408,0.20263424643277636,0.038250883936085146,-0.009309960823896148,0.09031957331565257,0.1645436543003302,0.02760234810246097,0.02420629524946087
216.0,12.384645614123674,2.293148359446427,-13.545297397301349,-0.004746090972594223,-0.00439325595099252,0.07301465218395511,0.8782886513401512,2.4509380502841607,-7.2157,-7.9351248015,0.0,-0.15778969083773386,-0.01320205996200726,-0.012220589286712632,0.2031026842519174,0.03824246380526701,-0.00936339659044537,0.09023757946455851,0.16530895481885136,0.027642537731393406,0.024326619974125094
217.0,12.384727058624916,2.2886584852290768,-13.609362472126758,-0.004734779732102795,-0.004551672018970858,0.07318372164715306,0.8766693042803917,2.4453465651110515,-7.2157,-7.9351248015,0.0,-0.15668807988197475,-0.013170509208545437,-0.012661167283807404,0.2035716410067055,0.03823372556515776,-0.009418325737319898,0.09015143737499884,0.16607418144709382,0.027684089881885927,0.024447220814592767
218.0,12.384806429043744,2.2840162843047147,-13.673553384723105,-0.004712314915112569,-0.0047086851001850085,0.07335302217603674,0.8750667186034193,2.439596787573456,-7.2157,-7.9351248015,0.0,-0.1555805032687414,-0.01310793590159992,-0.013097839084587004,0.2040412685044753,0.03822467512464113,-0.009474659562865598,0.09006110006353611,0.1668393455698817,0.02772696915186323,0.024568089591739
219.0,12.384884010899695,2.2792263387686815,-13.737869951088575,-0.004678653298127866,-0.004863518345979362,0.07352261889103695,0.8734918511075225,2.433690485164408,-7.2157,-7.9351248015,0.0,-0.1544641463957266,-0.0130142200749441,-0.013528443776423996,0.20451174339356812,0.03821532005633456,-0.009532300692294188,0.08996654017274722,0.16760446730402884,0.02777113286892225,0.024689216683934045
220.0,12.384960077958919,2.2742940510504868,-13.802312057529457,-0.004633800024962459,-0.0050153892073788505,0.07369258547266393,0.8719556823900487,2.4276301899555843,-7.2157,-7.9351248015,0.0,-0.15333613890509756,-0.012889376296339664,-0.01395080461354835,0.20498326628047234,0.03820566959730198,-0.009591143344398617,0.08986775049088211,0.1683695757442797,0.027816531133290377,0.024810591093929506
221.0,12.385034890430953,2.269225636117674,-13.866879670640532,-0.004577809397762617,-0.0051635128170231135,0.07386300369612044,0.8704691693888338,2.4214192023652057,-7.2157,-7.9351248015,0.0,-0.15219356624753155,-0.012733555871915237,-0.014362738427477827,0.20545606046676285,0.03819573464204539,-0.009651073641142906,0.08976474438873414,0.16913470916296117,0.027863106894435993,0.024932200539588462
222.0,12.385108693188569,2.264028109819355,-13.931572846736408,-0.004510785458924882,-0.0053071054430653625,0.07403396283102148,0.8690431972200418,2.4150615915766047,-7.2157,-7.9351248015,0.0,-0.15103348175724962,-0.012547048468409936,-0.014762065238406227,0.20593037031086947,0.03818552772763152,-0.009711969959336864,0.08965755616983082,0.1698999151602504,0.027910796061637357,0.025054031567861346
223.0,12.385181714019481,2.2587092733507363,-13.996391740590846,-0.004432882358015064,-0.0054453879996227425,0.07420555891043867,0.8676885305150086,2.4085621925462917,-7.2157,-7.9351248015,0.0,-0.14985291919555532,-0.012330283136722556,-0.015146618024558797,0.20640645922626236,0.03817506301084818,-0.009773703323406737,0.08954624133046625,0.17066525076230762,0.027959527648657802,0.025176069690983613
224.0,12.385254161918803,2.2532776938385513,-14.061336613346834,-0.0043443044988473,-0.005577589598137383,0.07437789387585533,0.866415764464341,2.4019265995555013,-7.2157,-7.9351248015,0.0,-0.14864890571695,-0.012083828723148544,-0.015514252605863687,0.20688460733423056,0.038164356237324504,-0.009836137838083556,0.08943087672653875,0.17143078246489812,0.028009223952515344,0.025298299543448505
225.0,12.385326225431097,2.2477426810658567,-14.126407839468362,-0.004245306462969889,-0.0057029511239088115,0.07455107460695476,0.8652352757822275,2.3951611562744946,-7.2157,-7.9351248015,0.0,-0.14741847520863782,-0.011808393657731219,-0.015862857597989524,0.20736510879592895,0.03815342470258978,-0.009899131159653681,0.08931156064462521,0.17219658622054562,0.02805980076617594,0.0254207050578974
226.0,12.385398071050885,2.2421142603730484,-14.191605912615458,-0.004136192706919014,-0.005820728822081029,0.07472521184742481,0.8641571738076408,2.388272942324187,-7.2157,-7.9351248015,0.0,-0.14615868195113846,-0.011504825112275928,-0.016190364392840002,0.20784826885466107,0.03814228720508684,-0.009962535004250945,0.0891884127752127,0.17296274736769937,0.028111167624841782,0.025543269657679033
227.0,12.385469841690368,2.2364031417900123,-14.256931450336916,-0.0040173170317334165,-0.005930197877500274,0.07490041904010512,0.8631912519618044,2.3812697563348793,-7.2157,-7.9351248015,0.0,-0.14486661454486693,-0.011174107523750415,-0.0164947571219472,0.20833440062532663,0.038130963991196844,-0.010026195691517702,0.08906157408651029,0.17372936050086535,0.028163228085350846,0.02566597646346484
228.0,12.38554165522299,2.2306206854719917,-14.32238519749023,-0.0038890818243632603,-0.006030655973088521,0.07507681108678617,0.8623469397829516,2.374160095516869,-7.2157,-7.9351248015,0.0,-0.14353941004487725,-0.01081736048199518,-0.01677408255982803,0.2088238216734832,0.03811947669237398,-0.010089954721822891,0.08893120659777709,0.17449652928113685,0.02821588003805257,0.02578880851097853
229.0,12.385613603111295,2.224778863528851,-14.387968028315226,-0.0037519370717456063,-0.006121426811687173,0.07525450304975292,0.8616332557599928,2.3669531317724464,-7.2157,-7.9351248015,0.0,-0.14217426824359558,-0.010435835983868186,-0.01702645992521911,0.20931685043143458,0.038107848254528925,-0.010153649385098787,0.08879749305161666,0.1752643661870547,0.028269016050377023,0.025911748976610156
230.0,12.385685749127324,2.218890218353928,-14.453680947106657,-0.003606379149448013,-0.0062018635866976585,0.07543360881371194,0.8610587611862213,2.359658684393156,-7.2157,-7.9351248015,0.0,-0.1407684660392281,-0.010030915059122809,-0.01725009053913612,0.20981380250306092,0.03809610285984015,-0.010217113399243305,0.08866063648520105,0.1760329922062278,0.02832252374117298,0.02603478140744563
231.0,12.385758128173519,2.2129678175744822,-14.519525087451164,-0.003452949387892095,-0.006271352387262126,0.07561423972801563,0.8606315152526304,2.352287189400176,-7.2157,-7.9351248015,0.0,-0.13931937182569376,-0.009604103776441532,-0.0174432672998629,0.2103149869126562,0.03808426584121099,-0.010280177575931353,0.08852085970089253,0.1768025364686459,0.02837628618475325,0.026157889952056743
232.0,12.385830745211788,2.2070252057608353,-14.585501710015478,-0.0032922324202519764,-0.006329315524169447,0.07579650325007073,0.8603590315977873,2.3448496655992193,-7.2157,-7.9351248015,0.0,-0.13782445983838398,-0.009157028641096713,-0.01760438393621122,0.2108207023557456,0.03807236358962862,-0.010342670511584807,0.08837840463722152,0.17757313582310358,0.028430182343455034,0.026281059588269547
233.0,12.385903574308044,2.2010763530456567,-14.651612198894819,-0.0031248543171706372,-0.006375214763120799,0.07598050161146416,0.8602482365275208,2.3373576774344564,-7.2157,-7.9351248015,0.0,-0.1362813243887997,-0.008691431398661001,-0.01773194400165361,0.21133123351165542,0.0380604234547171,-0.010404419301165684,0.08823353164165501,0.17834493435863538,0.028484087527397495,0.026404276344064094
234.0,12.38597655779914,2.1951356008184435,-14.717858056553219,-0.0029514805144430834,-0.006408554452428195,0.07616633052863733,0.8603054291129659,2.3298232947386355,-7.2157,-7.9351248015,0.0,-0.13468769392019198,-0.008209163262023117,-0.017824569573170638,0.21184684747843585,0.038048473638811905,-0.010465250272378462,0.08808651864704267,0.1791180828733148,0.028537873879999773,0.026527527507759364
235.0,12.386049605588667,2.1892176046731096,-14.784240897410237,-0.002772813540772583,-0.006428884532633093,0.0763540779798746,0.8605362433697787,2.3222590494888053,-7.2157,-7.9351248015,0.0,-0.1330414448156958,-0.007712178581661314,-0.017881009619828993,0.21236779039055578,0.03803654308491666,-0.010524989737794529,0.08793766025405822,0.1798927382932025,0.028591410887708665,0.026650801823704964
236.0,12.386122594577646,2.1833372747987756,-14.850762440151057,-0.002589590553609318,-0.00643580341590795,0.07654382306993333,0.8609456127146417,2.3146778896889177,-7.2157,-7.9351248015,0.0,-0.13134061489014215,-0.00720252798167004,-0.017900148007181024,0.21289428427856766,0.038024661358934383,-0.01058346476234244,0.08778726672235856,0.1806690630446273,0.028644565912276956,0.026774089669837017
237.0,12.386195368235613,2.1775097140153727,-14.9174244988588,-0.0024025806919250416,-0.006428960723431702,0.07673563500282744,0.8615377368875504,2.3070931305120923,-7.2157,-7.9351248015,0.0,-0.12958341649671956,-0.006682350986411733,-0.01788101110452379,0.21342652422767108,0.038012858526595465,-0.010640503943540276,0.08763566287356211,0.18144722438334832,0.028697204743829332,0.026897383213659344
238.0,12.386267736317082,2.1717501536665953,-14.984228973088703,-0.0022125822555589298,-0.006408059869204505,0.0769295721820872,0.8623160515198651,2.2995184028465676,-7.2157,-7.9351248015,0.0,-0.12776824917997232,-0.00615386816486411,-0.01782277496285859,0.21396467588879345,0.03800116502553313,-0.010695938201780164,0.08748318690949972,0.1822273936844709,0.02874919217285359,0.027020676543480185
239.0,12.386339474727778,2.166073887593137,-15.051177837023095,-0.002020419721486028,-0.00637286047898554,0.07712568145626202,0.86328320051877,2.2919675994003446,-7.2157,-7.9351248015,0.0,-0.12589371180720743,-0.005619372821745092,-0.017724772032043545,0.21450887339147634,0.037989611532983115,-0.010749601577908049,0.08733018914951914,0.18300974569726922,0.02880039257915895,0.027143965772067926
240.0,12.386410325544466,2.160496204419079,-15.118273127863716,-0.0018269406080087347,-0.00632318063320211,0.07732399752552652,0.8644410114286721,2.2844548185303557,-7.2157,-7.9351248015,0.0,-0.12395861411127651,-0.0050812222663174506,-0.01758649738613737,0.21505921770255068,0.03797822882960986,-0.010801332035273701,0.08717703069092697,0.183794457769307,0.028850670535750716,0.027267249110281826
241.0,12.386479997191554,2.1550323183938143,-15.185516933633227,-0.001633012198452965,-0.006258898922794635,0.07752454252301229,0.8657904739192432,2.276994305972688,-7.2157,-7.9351248015,0.0,-0.12196198757887355,-0.004541828691400635,-0.017407614426307033,0.21561577546835897,0.0379670476599842,-0.010850972263355838,0.08702408199693444,0.18458170904443325,0.028899891425480384,0.027390526908680816
242.0,12.386548164777011,2.1496972990410774,-15.252911380570646,-0.001439518136464069,-0.006179956307040404,0.07772732578194623,0.8673317215383326,2.2696003946609933,-7.2157,-7.9351248015,0.0,-0.11990309561991586,-0.004003649696548042,-0.017187960030943347,0.21617857837121268,0.0379560985902597,-0.010898370479995138,0.08687172141673688,0.18537167963937146,0.028947922068242635,0.02751380166561008
243.0,12.38661447058948,2.1445059998755176,-15.320458620315543,-0.0012473549054446763,-0.006086357762452737,0.07793234379686216,0.8690640168559151,2.262287442830809,-7.2157,-7.9351248015,0.0,-0.11778144295529147,-0.0034691784905875166,-0.016927549122832945,0.2167476230229464,0.03794541186361462,-0.010943381229193444,0.08672033364260585,0.18616454980370936,0.028994631356404628,0.027637078000803582
244.0,12.386678524757759,2.139472986455839,-15.38816081708282,-0.0010574282050592788,-0.005978173711898343,0.07813958038410365,0.870985740112652,2.2550697706180296,-7.2157,-7.9351248015,0.0,-0.11559678416219077,-0.002940933809776465,-0.01662657862341879,0.21732287140995415,0.03793501725404547,-0.010985866171362154,0.08657030810911015,0.18696049906813716,0.029039890896068964,0.027760362594113856
245.0,12.386739906073126,2.134612464051865,-15.456020135033654,-0.0008706492380516235,-0.005855541223133631,0.07834900704359443,0.8730943814736026,2.247961595370313,-7.2157,-7.9351248015,0.0,-0.11334913131844804,-0.0024214495886986905,-0.01628543076439751,0.21790425189508245,0.03792494391911511,-0.011025694862825872,0.08642203733981182,0.1877597053857723,0.02908357565168916,0.02788366408957938
246.0,12.38679816297427,2.12993820521093,-15.524038726048518,-0.0006879309208845548,-0.005718664966051984,0.07856058352046547,0.875386536974188,2.240976965900657,-7.2157,-7.9351248015,0.0,-0.11103876068972696,-0.0019132644217383738,-0.015904675727208755,0.21849166077234136,0.03791522025227405,-0.01106274552131277,0.08627591524700884,0.18856234427135396,0.02912556459147634,0.02800699296565668
247.0,12.386852814693826,2.1254634775167345,-15.59221871810489,-0.0005101840319222181,-0.005567817918080956,0.078774258561645,0.877857908231739,2.2341296959227757,-7.2157,-7.9351248015,0.0,-0.10866621840604118,-0.0014189108535197243,-0.015485073581430947,0.21908496436071914,0.03790587373538766,-0.011096905774089214,0.08613233539032103,0.18936858794298608,0.029165741330957798,0.028130361373067618
248.0,12.386903352564806,2.1212009718411755,-15.660562204455386,-0.0003383133110364472,-0.005403341807393789,0.07898997085899434,0.8805033059819232,2.2274332969181496,-7.2157,-7.9351248015,0.0,-0.10623232507697411,-0.00094090453711277,-0.015027575493771268,0.2196840016136001,0.03789693079211435,-0.011128073385327824,0.08599168920014175,0.19017860447096252,0.02920399477197362,0.0282537829423336
249.0,12.386949241484407,2.1171627313965833,-15.729071233791524,-0.00017321352463813258,-0.005225647283925478,0.07920765016706396,0.8833166574850794,2.2209009106946134,-7.2157,-7.9351248015,0.0,-0.10373817929803009,-0.00048173329909185765,-0.014533324180285358,0.22028858721054675,0.037888416642790405,-0.011156156959236121,0.08585436417220754,0.1909925569380218,0.02924021973432687,0.028377272563676226
250.0,12.38698992153198,2.1133600819021616,-15.797747801564192,-1.576551021617505e-05,-0.005035213808630136,0.07942721858011083,0.8862910178330633,2.214545241906031,-7.2157,-7.9351248015,0.0,-0.10118516000386935,-4.384615071036234e-05,-0.014003653575739319,0.22089851508867672,0.037880355161485635,-0.011181076615419314,0.08572074203977303,0.19181060261515337,0.029274317577237502,0.028500846142548074
251.0,12.387024809737115,2.109803563184127,-15.866593842614288,0.00013316778548288477,-0.004832589252001304,0.07964859194971931,0.889418585172649,2.2083784908117945,-7.2157,-7.9351248015,0.0,-0.09857492762766729,0.00037035771546038764,-0.013440087695681151,0.2215135623617164,0.03787276873590046,-0.011202764632909212,0.08559119693011642,0.19263289215682144,0.029306196807691528,0.02862452033460735
252.0,12.387053301993108,2.1065028625339197,-15.935611225246108,0.0002727452604762814,-0.004618389193614245,0.07987168142126443,0.8926907198468957,2.2024122865635007,-7.2157,-7.9351248015,0.0,-0.09590942402958103,0.0007585399040703283,-0.012844338668859251,0.22213349356620785,0.037865678130779144,-0.011221166059263227,0.08546609351234508,0.1934595688191851,0.02933577367272606,0.028748312264454304
253.0,12.387074775110216,2.1034667501527626,-16.0048017468521,0.00040215158960347195,-0.004393295915349234,0.08009639506460796,0.8960979674411983,2.1966576213139946,-7.2157,-7.9351248015,0.0,-0.09319087116123193,0.0011184337313985692,-0.012218303920138762,0.22275806516645436,0.03785910235551538,-0.011236239281126093,0.0853457851437143,0.19429076770458267,0.02936297273264976,0.028872239232897834
254.0,12.387088589002468,2.100703017013622,-16.07416713117087,0.0005206011204657198,-0.0041580570820223504,0.08032263957188404,0.8996300857060318,2.1911247854509006,-7.2157,-7.9351248015,0.0,-0.09042176843727878,0.0014478550364099988,-0.011564062487035584,0.2233870302427732,0.0378530585366249,-0.011247956552653662,0.08523061202191726,0.19512661503521853,0.029387727412168402,0.02899631841790444
255.0,12.387094089000975,2.0982184154730787,-16.14370902723122,0.0006273417191076781,-0.003913484104385176,0.08055032199306734,0.9032760753136896,2.1858233042626143,-7.2157,-7.9351248015,0.0,-0.08760488878953554,0.001744712849355819,-0.010883870456411667,0.22402014328164127,0.037847561795755574,-0.011256304478226589,0.08512089935104075,0.1959672274586449,0.029409980526368378,0.0291205665746927
256.0,12.38709060828598,2.0960186029656294,-16.213429010003892,0.0007216585513226326,-0.003660450180851214,0.08077935147827643,0.907024214391628,2.1807618763493246,-7.2157,-7.9351248015,0.0,-0.08474327338369525,0.0020070198789403034,-0.010180155511736691,0.22465716498151056,0.03784262513389756,-0.0112612844459314,0.08501695552911069,0.19681271138728054,0.02942968477850891,0.02924499974066373
257.0,12.387077470429224,2.0941080891112924,-16.283328582750055,0.0008028777854838129,-0.003399888015853259,0.08100964099449628,0.9108620967603701,2.1759483140948523,-7.2157,-7.9351248015,0.0,-0.08184022498355992,0.002232902779202441,-0.009455510585588212,0.22529786698457566,0.03783825932244517,-0.011262913008361384,0.08491907036536203,0.19766316237385204,0.029446803226587534,0.02936963295099612
258.0,12.387053992037451,2.0924901865640044,-16.353409181022027,0.0008703702028219019,-0.0031327872144153663,0.0812411089836494,0.9147766737893103,2.171389486516743,-7.2157,-7.9351248015,0.0,-0.07889929995273848,0.002420612157377272,-0.008712686616687436,0.22594203644270838,0.03783447280174698,-0.0112612222073884,0.08482751333555746,0.198518664524292,0.029461309715675385,0.029494479970774645
259.0,12.38701948548729,2.091166965922976,-16.423672178237528,0.0009235547010812265,-0.0028601913543133423,0.0814736809287414,0.9187542997691885,2.1670912648120675,-7.2157,-7.9351248015,0.0,-0.07592429888909136,0.0025685322840998696,-0.00795458441568912,0.22658948032523632,0.03783127158776267,-0.011256259839681468,0.08474253188383868,0.19937928994928905,0.02947318927306929,0.02961955304946191
260.0,12.386973261741092,2.0901392150218863,-16.494118892715022,0.0009619016774929731,-0.002583194739072166,0.08170729079518224,0.9227807806854909,2.1630584709146,-7.2157,-7.9351248015,0.0,-0.07291925589271386,0.0026751904673906735,-0.0071842456490882655,0.22724002937731236,0.037828659187422266,-0.01124808965989817,0.08466434977971815,0.2002450982553583,0.029482438463378127,0.029744862703356797
261.0,12.386914633232744,2.0894064029014183,-16.564750596024364,0.0009849362770031301,-0.0023029388369771565,0.08194188231536002,0.9268414262625627,2.159294829375445,-7.2157,-7.9351248015,0.0,-0.06988842647402649,0.0027392660519129203,-0.006404842955889317,0.22789354164035533,0.03782663652325802,-0.011236791518649578,0.08459316553889876,0.20111613607600118,0.029489065700751854,0.029870417531410783
262.0,12.386842916811915,2.0889666487591683,-16.635568522475353,0.0009922414916867393,-0.002020608413225051,0.08217741008612955,0.9309211051338191,2.155802922873674,-7.2157,-7.9351248015,0.0,-0.06683627411450566,0.002759599005022824,-0.005619669217014581,0.22854990545046808,0.03782520186784888,-0.011222461432538914,0.08452915091664076,0.20199243664325037,0.029493091515573534,0.029996224069393417
263.0,12.386757436734728,2.0888166961573553,-16.706573879536922,0.0009834610972708905,-0.001737427364277065,0.0824138404510762,0.935004302979082,2.1525841516561393,-7.2157,-7.9351248015,0.0,-0.06376745549878393,0.0027351980511465756,-0.004832126002713032,0.22920904183686067,0.03782435078858453,-0.011205211583796008,0.08447244948237025,0.20287401939966113,0.029494548773067324,0.030122286686911855
264.0,12.38665752768838,2.0889518927531117,-16.77776785895265,0.0009583024126801901,-0.0014546542653639124,0.08265115214221559,0.9390751834557962,2.1496386971963246,-7.2157,-7.9351248015,0.0,-0.06068680444321295,0.002665248316023604,-0.004045711228373563,0.2298709062500981,0.037824076103219396,-0.011185170247272367,0.0844231752841391,0.20376088965061445,0.02949348284142839,0.03024860753120073
265.0,12.386542537836851,2.0893661757984403,-16.84915164829442,0.0009165388685150421,-0.0011735776438994185,0.08288933665917236,0.9431176517366684,2.1469654903509845,-7.2157,-7.9351248015,0.0,-0.05759931455254419,0.002549118442365381,-0.0032640060540570755,0.2305354895593949,0.03782436784664718,-0.0111624816428239,0.08438141161139778,0.20465303825665182,0.029489951707253718,0.030375186520911885
266.0,12.386411831874504,2.090052063637362,-16.92072644267602,0.0008580123703807903,-0.0008955109932541607,0.08312839836781519,0.9471154204521626,2.1445621842804297,-7.2157,-7.9351248015,0.0,-0.054510120643067594,0.002386367138508503,-0.0024906610676561918,0.23120281826910988,0.03782521324928444,-0.011137305711387338,0.0843472098643287,0.20555044136546854,0.029484026036243973,0.03050202139235629
267.0,12.386264794074092,2.0910006534064234,-16.99249345633288,0.0007826354430118723,-0.0006217875428970634,0.08336835430476812,0.9510520778222924,2.1424251323837877,-7.2157,-7.9351248015,0.0,-0.05142447897736435,0.0021767491217092516,-0.0017293817957978739,0.23187295391693222,0.03782659672740691,-0.011109817813349236,0.0843205885377051,0.2064530601831539,0.02947578917735512,0.030629107799791822
268.0,12.38610083131548,2.0922016251218016,-17.064453933763396,0.0006903931411873907,-0.0003537548023099566,0.08360923367911698,0.9549111577483019,2.140549371484532,-7.2157,-7.9351248015,0.0,-0.048347746362730426,0.0019202204178552292,-0.00098391359036625,0.23254599162985098,0.037828499885736167,-0.01108020834811254,0.08430153232689533,0.2073608407842946,0.029465337108802364,0.03075643947042043
269.0,12.385919376081198,2.093643252311878,-17.136609160121857,0.0005813447135220839,-9.276889730329749e-05,0.083851077067921,0.9586762116211672,2.13892861048415,-7.2157,-7.9351248015,0.0,-0.04528535817227164,0.00161694297958302,-0.00025802594180212977,0.2332220578286882,0.03783090153252621,-0.01104868229408056,0.0842899913632195,0.2082737139606444,0.029452778324556263,0.030884008413770273
270.0,12.385719889404875,2.0953124193285846,-17.20896047055323,0.0004556250053492101,0.00015981128159644169,0.08409393530775013,0.9623308815904275,2.1375552246832146,-7.2157,-7.9351248015,0.0,-0.042242805354629986,0.0012672885851154577,0.0004445037268852648,0.23390130708754409,0.03783377770735123,-0.01101545866860213,0.08428588058539849,0.20919159510822025,0.029438233660219425,0.031011805184104985
271.0,12.385501863758519,2.0971946454442483,-17.281509258166267,0.0003134455870995856,0.0004026300981545618,0.08433786809031499,0.9658589750237249,2.1364202559494565,-7.2157,-7.9351248015,0.0,-0.03922561050520823,0.0008718419805964884,0.001119906729174353,0.23458391817072993,0.03783710172174696,-0.010980769907751174,0.08428907925331096,0.2101143841529063,0.02942183605743013,0.031139819193441033
272.0,12.38526482586464,2.0992741158132846,-17.354256980353686,0.0001550955948348603,0.0006343413356051299,0.08458294227624961,0.9692445398746681,2.1355134188918967,-7.2157,-7.9351248015,0.0,-0.03623930307861212,0.00043140322933610985,0.0017644401891157076,0.23527008928639326,0.03784084421280904,-0.01094486116614891,0.0842994306097076,0.2110419655149352,0.029403730266203496,0.03126803907167951
273.0,12.385008339419288,2.1015337193501007,-17.427205163186784,-1.9057730076049722e-05,0.0008536144862297989,0.08482922994714721,0.9724719406643131,2.1348231131788276,-7.2157,-7.9351248015,0.0,-0.033289393828726865,-5.301076778691107e-05,0.00237440446099816,0.23596003261280377,0.03784497320980403,-0.010907989537376584,0.08431674169492565,0.21197420811296627,0.029384072484890746,0.03139645306929063
274.0,12.384732007712177,2.103955093546166,-17.500355403636537,-0.00020856881472942334,0.001059141143154444,0.08507680622193503,0.975525934769767,2.134336442115549,-7.2157,-7.9351248015,0.0,-0.030381348569382904,-0.0005801656154492722,0.0029461608340777407,0.23665396816988407,0.03784945421380122,-0.010870423195870352,0.08434078331901526,0.21291096540889234,0.02936302993770891,0.03152504949694488
275.0,12.384435476130246,2.1065186762205133,-17.573709369404124,-0.00041291385398179706,0.0012496414718536262,0.08532574686949569,0.9783917487022665,2.134039237575394,-7.2157,-7.9351248015,0.0,-0.02752056135488079,-0.0011486096638873803,0.0034761494610176017,0.23735211712472995,0.037854250290287536,-0.01083244046153906,0.08437129019503957,0.21385207549496776,0.029340780390067208,0.03165381719548427
276.0,12.384118434531235,2.1092037641690764,-17.64726879618046,-0.0006314912467131465,0.0014238707385771758,0.08557612575498973,0.9810551540466667,2.1339160913547612,-7.2157,-7.9351248015,0.0,-0.024712327185684835,-0.0017566751775086175,0.003960907447978589,0.23805469463527365,0.037859322174683546,-0.010794328788700805,0.08440796123665306,0.21479736122535997,0.029317511602189268,0.031782746028689884
277.0,12.383780619474093,2.111988578649323,-17.721035482196488,-0.000863622379754969,0.001580625872642656,0.08582801216249392,0.9835025427247167,2.1339503929996573,-7.2157,-7.9351248015,0.0,-0.021961814350334397,-0.0024024804618851658,0.004397087043589114,0.238761902350583,0.03786462839063529,-0.010756383681297103,0.08445046002241016,0.21574663039477046,0.029293420721802434,0.03191182739044776
278.0,12.383421816293367,2.1148503376076304,-17.795011279973117,-0.0011085527693015314,0.0017187520392242146,0.08608146804123093,0.9857210012359198,2.1341243741276363,-7.2157,-7.9351248015,0.0,-0.01927403652000592,-0.003083932976601839,0.0047814738631747076,0.23947392069925044,0.03787012538091553,-0.010718907536716858,0.08449841542861392,0.21669967596733516,0.02926871361693571,0.032041054717162995
279.0,12.383041861005028,2.1177653345277627,-17.869198085231304,-0.0013654535686048411,0.0018371491988640157,0.08633654522671658,0.9876983835222962,2.1344191592449113,-7.2157,-7.9351248015,0.0,-0.016653824717148602,-0.0037987334587447604,0.005111005083506084,0.24019090110860594,0.0378757676507279,-0.010682208420948199,0.08455142243189427,0.2176562763595929,0.029243604150135973,0.032170423995642024
280.0,12.382640642031598,2.120709023749564,-17.943597822978003,-0.0016334234495895936,0.0019347786293905974,0.08659328269148585,0.9894233820971301,2.134814823033769,-7.2157,-7.9351248015,0.0,-0.0141057992842053,-0.004544381078730001,0.005382787541799357,0.24091295830678724,0.037881507923168516,-0.010646598778177339,0.0846090430821102,0.21861619578187447,0.029218313395679055,0.032299934256172405
281.0,12.382218101734821,2.123656112077493,-18.01821243084198,-0.0019114908647061848,0.002010669385207372,0.08685170388257558,0.9908855970729069,2.135290454060043,-7.2157,-7.9351248015,0.0,-0.011634341982549756,-0.005318179646658136,0.005594115670655905,0.24164016286674248,0.03788729730656138,-0.010612394078373943,0.08467080764560755,0.21957918464301082,0.02919306880161792,0.03242958804019543
282.0,12.38177423774458,2.1265806564687364,-18.093043839793605,-0.002198616693862803,0.0020639246679796195,0.08711181420454779,0.9920756027202768,2.1358242248241694,-7.2157,-7.9351248015,0.0,-0.009243568355433052,-0.0061172448834255705,0.005742489197965672,0.24237253415576115,0.03789308547334579,-0.010579911406842165,0.08473621591833273,0.2205449800237549,0.029168103298776768,0.03255939183180594
283.0,12.381309104073209,2.129456167560149,-18.168093952443975,-0.0024936972796374348,0.00209372808157537,0.08737359870744725,0.9929850111881369,2.1363934680520495,-7.2157,-7.9351248015,0.0,-0.006937300491900444,-0.006938512766412368,0.005825630537447974,0.24311003385589655,0.037898820850155626,-0.010549468000180796,0.08480473870780436,0.22151330622474552,0.029143654359067673,0.032689356442338294
284.0,12.380822812004874,2.1322557187620443,-18.243364619179815,-0.0027955678521651085,0.0020993497426927054,0.08763702003862846,0.9936065330149402,2.136974759093341,-7.2157,-7.9351248015,0.0,-0.0047190403312966644,-0.007778748954690241,0.005841501791434832,0.24385256021944934,0.03790445081869033,-0.010521379733583028,0.08487581948247311,0.22248387539518633,0.029119963005778307,0.03281949733752044
285.0,12.3803155307502,2.1349520606146144,-18.3188576124505,-0.0031030063431246686,0.0020801522169362507,0.08790201671579977,0.9939340340632324,2.137544004264735,-7.2157,-7.9351248015,0.0,-0.0025919436501204984,-0.00863455929335003,0.005788321282721898,0.2445999432193634,0.037909921926936124,-0.010495959564919194,0.08494887618655067,0.22345638824865058,0.02909727277875602,0.032949834897107684
286.0,12.379787487856886,2.137517740069384,-18.394574599581023,-0.003414737586114335,0.0020355962482086214,0.08816850177587322,0.9939625885133013,2.13807653494399,-7.2157,-7.9351248015,0.0,-0.0005587948746059723,-0.009502401390736926,0.005664579526875776,0.24535194074681568,0.03791518011025124,-0.010473515941581343,0.08502330321794974,0.22443053487252432,0.029075828657697825,0.03308039459755101
287.0,12.379238969367666,2.1399252243233704,-18.470517114538513,-0.0037294378984105703,0.001965246247195903,0.08843636185025025,0.9936885275578003,2.13854720718685,-7.2157,-7.9351248015,0.0,0.0013780171365205263,-0.01037859725611282,0.005469054550399162,0.24610823599738169,0.03792017092178096,-0.010454351176625978,0.08509847356653716,0.2254059956375555,0.029055875947048566,0.03321120710911383
288.0,12.378670319717598,2.1421470287974596,-18.546686529128912,-0.0040457400366568485,0.0018687755025059713,0.08870545671201001,0.9931094834473811,2.1389305066033346,-7.2157,-7.9351248015,0.0,0.003216522194124938,-0.011259346978554003,0.005200826453773708,0.2468684361729137,0.03792483977161597,-0.010438759801324655,0.08517374110944642,0.2263824422137513,0.029037659126312017,0.03334230829992578
289.0,12.378081941363332,2.144155848812824,-18.623084024143157,-0.004362238516437421,0.0017459710757391491,0.08897561933411427,0.992224428547802,2.139200658192195,-7.2157,-7.9351248015,0.0,0.00495519062062888,-0.012140743420762757,0.004859291111833508,0.2476320726087092,0.0379291321740498,-0.010427026901817196,0.08524844305970675,0.22735953869845404,0.029021420669893116,0.03347373914074732
290.0,12.377474294137787,2.145924694480063,-18.699710561007702,-0.004677495282968568,0.001596738339524301,0.08924665649023861,0.9910337090817563,2.139331740792583,-7.2157,-7.9351248015,0.0,0.00659295368748003,-0.013018787893955563,0.004444172897427455,0.24839860241478232,0.03793299400222826,-0.010419426448149086,0.0853219025639069,0.22833694286180387,0.02900739984091327,0.03360554550570556
291.0,12.376847894324403,2.147427028275242,-18.776566854521242,-0.004990045717301969,0.0014211051154475827,0.08951834992125056,0.9895390732438292,2.1392978057703167,-7.2157,-7.9351248015,0.0,0.008129222504925426,-0.013889406772130044,0.0039555363082081066,0.24916741169625717,0.03793637174941454,-0.010416219624553923,0.08539343144400292,0.22931430751395812,0.02899583146377422,0.033737777865935854
292.0,12.376203313446046,2.1486369047353886,-18.85365334727687,-0.005298404959501116,0.001219225366956088,0.08979045808077152,0.9877436933945761,2.139072999512736,-7.2157,-7.9351248015,0.0,0.00956390522265238,-0.014748468995859567,0.0033937963709762334,0.24993782039132337,0.037939212796018314,-0.010417653170401806,0.08546233307768432,0.23029128199736687,0.028986944680587677,0.033870490874906185
293.0,12.375541176764571,2.1495291116636484,-18.930970186375948,-0.005601074527245029,0.0009913824008641547,0.09006271846280123,0.9856521820597477,2.1386316892613872,-7.2157,-7.9351248015,0.0,0.010897422402261103,-0.015591804407380061,0.002759727693678042,0.25070908873616254,0.03794146568145593,-0.010423957741760588,0.08552790541091482,0.23126751380611157,0.02898096169693453,0.03400374284618923
294.0,12.374862161488025,2.1500793121916737,-19.00851720303552,-0.005896549205260813,0.0007379915301604433,0.09033485050319942,0.9832706014831555,2.137948591766091,-7.2157,-7.9351248015,0.0,0.01213072042558272,-0.016415222850192035,0.0020544720322743515,0.25148042533517895,0.03794308037982154,-0.010435346303994137,0.08558944409534844,0.23224265033278893,0.02897809652276555,0.03413759512654931
295.0,12.374166994683641,2.150264187004575,-19.086293895674935,-0.006183324177918279,0.00045960215054282927,0.09060655903508423,0.9806064665065626,2.136998904197956,-7.2157,-7.9351248015,0.0,0.013265282806619094,-0.017214533957785067,0.0012795442386548512,0.2522509967822245,0.037944008578256916,-0.010452012566234098,0.08564624574228047,0.23321634074168288,0.02897855371459925,0.03427211136939599
296.0,12.373456450895935,2.1500615759926243,-19.1642994170385,-0.006459902374270314,0.00015689918362325566,0.0908775382661251,0.9776687405772515,2.1357584367132536,-7.2157,-7.9351248015,0.0,0.014303139279370658,-0.01798556754749789,0.0004368364569165943,0.25301993874487033,0.037944203956811536,-0.01047412946889166,0.08569761128361793,0.2341882379650287,0.028982527125506516,0.03440735671588243
297.0,12.372731349470536,2.1494506185547753,-19.24253256586992,-0.006724801991829664,-0.00016929615883891038,0.09114747623350629,0.9744678247135052,2.1342037460156535,-7.2157,-7.9351248015,0.0,0.015246872539121714,-0.018724194527059358,-0.00047137956100938393,0.25378636838976243,0.03794362246848591,-0.010501847735606862,0.08574284942904858,0.23515800081705457,0.02899019866968794,0.034543396893152035
298.0,12.371992551585794,2.1484118917428803,-19.320991783600263,-0.0069765641624774995,-0.000518026332902283,0.09141605968026656,0.9710155392900464,2.1323122692219814,-7.2157,-7.9351248015,0.0,0.016099622520898915,-0.019426348213129475,-0.0014424521429408895,0.2545493979934154,0.03794222261805147,-0.010535294501148488,0.08578128020715489,0.2361252962182211,0.0290017371087403,0.03468029724141347
299.0,12.371240956995718,2.146927545403335,-19.399675156445248,-0.007213760721145093,-0.0008881981823511893,0.09168297928504776,0.967325098539411,2.130062457297457,-7.2157,-7.9351248015,0.0,0.01686508810587828,-0.02008804595329769,-0.002473351500335591,0.2553081495501736,0.03793996573814189,-0.010574572026763325,0.08581223857667519,0.2370898015197028,0.02901729686696521,0.0348181216836025
300.0,12.370477500489425,2.144981433445854,-19.478580423229758,-0.007435002035343254,-0.0012785844556947592,0.09194793516629113,0.9634110777011478,2.1274339072912807,-7.2157,-7.9351248015,0.0,0.017547526154573223,-0.020705410935628103,-0.0035606737490078114,0.2560617701582988,0.037936816261016235,-0.010619756514315438,0.08583507809247984,0.23805120691571283,0.02903701688328505,0.03495693165331627
301.0,12.369703148073997,2.142559240348266,-19.557704989169046,-0.0076389448512819685,-0.001687826149695129,0.09221064257189124,0.9592893727884761,2.124407492573574,-7.2157,-7.9351248015,0.0,0.018151747774691973,-0.021274694063101986,-0.004700647231461708,0.2568094479370161,0.03793274198430544,-0.010670897030245055,0.08584917460913039,0.2390092179288071,0.029061019507491025,0.03509678499842906
302.0,12.368918892889473,2.1396486019927807,-19.63704594573783,-0.007824300110272374,-0.002114435702067648,0.09247083765653914,0.9549771529814223,2.1209654902510304,-7.2157,-7.9351248015,0.0,0.018683111741750302,-0.02179229576433216,-0.005889141206844308,0.2575504282026696,0.037927714328974155,-0.010728014549905632,0.0858539300031659,0.23996355795087873,0.02908940944864456,0.03523773487926607
303.0,12.368125750866586,2.1362392199240436,-19.71660009665219,-0.007989840687381991,-0.002556801048192389,0.09272828324173589,0.9504928056962748,2.11709170492223,-7.2157,-7.9351248015,0.0,0.019147515001813442,-0.02225478760684689,-0.007121676952876733,0.25828402961167957,0.03792170858766219,-0.010791101132203582,0.08584877589354825,0.2409139708202131,0.02912227278347934,0.03537982868137283
304.0,12.367324756139848,2.1323229681235065,-19.796363989876376,-0.008134409002966617,-0.0030131905479812496,0.09298277444799365,0.9458558744232263,2.112771587925257,-7.2157,-7.9351248015,0.0,0.019551380198249646,-0.022658933575191966,-0.008393441299939956,0.2590096599624831,0.037914704161517036,-0.010860119233670699,0.08583317733805129,0.24186022341278865,0.02915967603259802,0.035523106963727416
305.0,12.3665169562306,2.12789399140884,-19.876333955449585,-0.008256924456770585,-0.0034817587796173383,0.09323414408529807,0.9410869894670338,2.1079923512307994,-7.2157,-7.9351248015,0.0,0.019901640178040747,-0.023001710873200416,-0.009699302591210603,0.2597268313387356,0.03790668478359322,-0.010935001170149911,0.08580663648184358,0.24280210822402898,0.02920166531211906,0.035667602463658486
306.0,12.365703407016722,2.1229487945919896,-19.956506148808227,-0.008356390633808374,-0.003960553186920629,0.09348226768667994,0.9362077917691645,2.1027430751439,-7.2157,-7.9351248015,0.0,0.0202057194480898,-0.023280330108139815,-0.011033829034909114,0.26043517427231216,0.037897638726879186,-0.011015648733183888,0.08576869613315105,0.24373944591550004,0.02924826556820085,0.035813339179722174
307.0,12.364885167507753,2.117486321565263,-20.036876599160124,-0.008431902231246602,-0.0044475215568272495,0.0937270680708912,0.9312408500338764,2.097014808997274,-7.2157,-7.9351248015,0.0,0.020471512567988626,-0.023492254714161165,-0.0123913093859796,0.2611344506075194,0.03788755899501976,-0.011101932966977743,0.08571894323974485,0.2446720877996537,0.029299479901548922,0.035960331553329776
308.0,12.364063294446236,2.111508023531714,-20.11744126235053,-0.008482651656020771,-0.004940520293157492,0.09396851932380422,0.9262095714247082,2.0908006640488193,-7.2157,-7.9351248015,0.0,0.020707359482894816,-0.023635219473615927,-0.013765775865586798,0.2618245647577013,0.0378764434938335,-0.01119369411048456,0.08565701223913808,0.24559991823469812,0.029355288988597395,0.03610858376899096
309.0,12.363238836758152,2.105017915653749,-20.198196077548698,-0.008507935243962424,-0.005437323442766303,0.09420665009430075,0.9211381061415522,2.084095897835407,-7.2157,-7.9351248015,0.0,0.02092201781834202,-0.023707247997431784,-0.015151029198463376,0.2625055730622498,0.03786429518178168,-0.011290741707759611,0.08558258825484125,0.24652285690106265,0.029415650605550195,0.03625808919164125
310.0,12.36241282987719,2.0980226214618947,-20.279137026980404,-0.008507159052787115,-0.005935632420604941,0.09444154610907265,0.9160512462315176,2.0768979892839394,-7.2157,-7.9351248015,0.0,0.021124632177955238,-0.023706669029869922,-0.016540665621168356,0.2631776909758703,0.037851122197628984,-0.011392854888275915,0.08549541011086581,0.24744086093075915,0.02948049926087486,0.03640882995766558
311.0,12.361586289969527,2.090531404443181,-20.360260197838997,-0.008479844183399763,-0.006433086371456096,0.0946733518218413,0.9109743190287707,2.0692067039382462,-7.2157,-7.9351248015,0.0,0.021324700504934846,-0.023632131448628347,-0.017928105689517367,0.2638412978525973,0.03783693796364592,-0.01149978281742009,0.08539527313691028,0.24835392686124283,0.02954974594116988,0.036560776733933056
312.0,12.360760208087445,2.0825561863144997,-20.44156184542766,-0.008425631586599017,-0.006927273098405635,0.09490227112587117,0.9059330756590912,2.061024148725798,-7.2157,-7.9351248015,0.0,0.02153203758870159,-0.023482617838377108,-0.019306624691573005,0.2644969391241129,0.03782176126283849,-0.011611245315927662,0.0852820317373446,0.24926209238615407,0.029623277974584427,0.03671388865645504
313.0,12.359935544281713,2.074111551579245,-20.52303845652073,-0.008344286315383854,-0.007415740481724317,0.0951285670740968,0.9009535750836101,2.0523548157602276,-7.2157,-7.9351248015,0.0,0.021756735819017603,-0.023257456524355954,-0.020669384454322356,0.2651453257148102,0.037805616288850416,-0.011726933645603056,0.08515560169823272,0.2501654378765839,0.029700959015169823,0.0368681134572148
314.0,12.359113221704021,2.0652147380639048,-20.604686811884246,-0.008235701186650658,-0.007896008306957327,0.09535256056843283,0.8960620641927245,2.0432056147529014,-7.2157,-7.9351248015,0.0,0.022009123311003354,-0.02295633196254489,-0.022009466318100076,0.2657873305840307,0.03778853266736479,-0.011846511457334803,0.08501596220820479,0.25106408764822963,0.029782629150698223,0.03702338778434813
315.0,12.358294120731921,2.0558856132332157,-20.68650404686711,-0.008099899820075338,-0.008365580417815315,0.09557462799857042,0.8912848544951238,2.033585893687717,-7.2157,-7.9351248015,0.0,0.022299719545498586,-0.022579293394019755,-0.02331990504338873,0.2664239823380858,0.037770545448032905,-0.011969615896190326,0.08486315757099056,0.2519582109519778,0.029868105135612246,0.0371796377172474
316.0,12.357479073149683,2.0461466361861516,-20.768487708965484,-0.007937039026351013,-0.00882195710802855,0.09579519783041261,0.8866481959778492,2.023507447496246,-7.2157,-7.9351248015,0.0,0.022639188689905776,-0.02212676168328725,-0.024593723410135715,0.26705645591002986,0.037751695066174325,-0.012095858857284737,0.0846972985898278,0.25284802266802336,0.029957180749885716,0.037336779474389736
317.0,12.356668856419143,2.036022805338284,-20.850635811275467,-0.007747410521638506,-0.009262647666703287,0.09601474616486101,0.8821781487409945,2.0129845145535543,-7.2157,-7.9351248015,0.0,0.023038290784729742,-0.021599534273494436,-0.02582396727028584,0.2676860603625505,0.03773202727372017,-0.01222482838518682,0.08451856360671599,0.2537337836865719,0.030049627283697797,0.03749472030783562
318.0,12.355864188075056,2.0255415918970034,-20.932946880782918,-0.007531441950018651,-0.009685182993876879,0.0962337913085058,0.8779004530347188,2.002033760896808,-7.2157,-7.9351248015,0.0,0.023507831000195267,-0.02099878820524362,-0.027003740819770142,0.26831422392758714,0.0377115930391067,-0.012356090208869044,0.08432719918254297,0.25461580096140696,0.03014519414696788,0.037653359574487795
319.0,12.35506572027967,2.014732859332724,-21.01542000049487,-0.007289697200841726,-0.010087128206807468,0.09645288741844867,0.8738403983463765,1.9906742521474003,-7.2157,-7.9351248015,0.0,0.02405860718532371,-0.020326081160118095,-0.028126241866453724,0.26894247645413105,0.03769044841606387,-0.012489189403639262,0.08412352040739776,0.2554944272260869,0.0302436096019826,0.03781258997043213
320.0,12.354274034571047,2.0036287691397563,-21.09805484449352,-0.007022876013076436,-0.010466095162890125,0.09667261730355736,0.8700226922015442,1.9789274131913375,-7.2157,-7.9351248015,0.0,0.024701355948418824,-0.01958335050472948,-0.029184796885079273,0.2695724294918625,0.037668654381479136,-0.012623652171113033,0.08390791083382101,0.25637006036618626,0.030344581616585126,0.0379722989110819
321.0,12.353489636839402,1.992263673263403,-21.180851705090696,-0.006731812863993371,-0.010819754831737114,0.09689358448347914,0.8664713293542954,1.966816975740622,-7.2157,-7.9351248015,0.0,0.025446697522780948,-0.018772910325920284,-0.030172895668426528,0.27020575429161636,0.03764627664274583,-0.012758987728094896,0.0836808220292479,0.2572431424447524,0.030447798834702954,0.03813237003649951
322.0,12.352712952564998,1.9806739936437603,-21.263811511376474,-0.006417475144700839,-0.011145849456613845,0.09711640462431388,0.8632094620491124,1.9543689139592775,-7.2157,-7.9351248015,0.0,0.026305079684482813,-0.017897446462482317,-0.031084225404963854,0.2708441580529805,0.037623385415223545,-0.012894690295224904,0.08344277274738005,0.25811415838192997,0.03055293166037468,0.038292684818248636
323.0,12.351944322350313,1.9688980893906587,-21.34693583858868,-0.0060809606301110665,-0.011442204453758306,0.09734169648558734,0.860259272039188,1.9416113683907035,-7.2157,-7.9351248015,0.0,0.027286720999955216,-0.01696000955317332,-0.03191270403629611,0.27148935879354735,0.037600055170642105,-0.013030241176397128,0.08319434772159287,0.25898363429344845,0.030659633450906564,0.038453124241504585
324.0,12.351183997778085,1.9569761121576121,-21.430226907877934,-0.005723494255782512,-0.011706740006772708,0.09757007252672849,0.8576418450435331,1.9285745584677423,-7.2157,-7.9351248015,0.0,0.028401553689869852,-0.01596400613472994,-0.032652512771720585,0.2721430592524956,0.037576364357466925,-0.013165110920247237,0.08293619608665904,0.2598521354962991,0.030767541814350007,0.03861357053397969
325.0,12.350432137625477,1.944949850325329,-21.513687576203722,-0.005346424218694612,-0.011937482321886721,0.0978021293323491,0.8553770483182633,1.91529068392308,-7.2157,-7.9351248015,0.0,0.02965916640224897,-0.014913187836797513,-0.03329812766114796,0.27280692027244424,0.03755239509441024,-0.013298761555409759,0.08266902943796678,0.2607202641933906,0.03087628000614269,0.03877390891155405
326.0,12.349688804463144,1.9328625626375053,-21.597321316267557,-0.0049512174233062745,-0.012132574518074892,0.09803843802400472,0.8534834120057531,1.901793815445645,-7.2157,-7.9351248015,0.0,0.031068747191860258,-0.013811638733055187,-0.033844350150477306,0.2734825341272058,0.03752823283841886,-0.013430648891729857,0.08239361953996766,0.26158865685220917,0.030985458419495807,0.03893402930937705
327.0,12.348953961666249,1.9207588019538953,-21.681132186566785,-0.004539454298177375,-0.012290287133403133,0.09827953483159528,0.8519780149091789,1.8881197749491212,-7.2157,-7.9351248015,0.0,0.03263902700477406,-0.012663760919156395,-0.034286336564219276,0.2741713982786296,0.037503966028592496,-0.013560224880146177,0.0821107956977466,0.26245798129547054,0.031094676163931308,0.03909382806664956
328.0,12.348227470862659,1.9086842297990523,-21.765124791834204,-0.004112823011950195,-0.012409028235246646,0.09852591200000513,0.8508763753194849,1.8743060058325083,-7.2157,-7.9351248015,0.0,0.034378223966544,-0.011474258398301589,-0.03461962647780589,0.2748748900527869,0.03747968570759049,-0.013686940024503165,0.08182144180732626,0.26332893352440984,0.031203522726266635,0.03925320953332541
329.0,12.347509089841578,1.8966854223910117,-21.84930423431067,-0.003673113120560235,-0.012487353126874426,0.0987780092059065,0.8501923474972795,1.860391433621068,-7.2157,-7.9351248015,0.0,0.03629398876994361,-0.010248119364204788,-0.0348401699557966,0.2755942427240715,0.03745548512216752,-0.013810245839068005,0.08152649310157954,0.26420223429767115,0.03131157970829672,0.03941208756758899
330.0,12.346798470943812,1.8848096688342217,-21.9336760564774,-0.003222208680147337,-0.012523973646101225,0.09903620565582612,0.8499380243839141,1.8464163173805201,-7.2157,-7.9351248015,0.0,0.038393351453701596,-0.008990596978828824,-0.03494435364143482,0.2763305234852842,0.03743145930454457,-0.013929597345983088,0.08122693260942195,0.26507862549072236,0.03141842263541957,0.03957038689416671
331.0,12.346095159952684,1.8731047621571013,-22.018246176048354,-0.0027620808622515606,-0.012517767053103097,0.09930081302962195,0.8501236470843678,1.832422092299649,-7.2157,-7.9351248015,0.0,0.04068266985745228,-0.00770718874848936,-0.034929025687264706,0.2770846137624932,0.03740770463637244,-0.014044455607247909,0.08092378734630673,0.26595886626232307,0.031523622830473746,0.03972804429530019
332.0,12.345398595502386,1.8616187838687728,-22.10302081418759,-0.002294780109496148,-0.012467784503990921,0.09957206942349936,0.850757521629991,1.818451203838391,-7.2157,-7.9351248015,0.0,0.04316758003038168,-0.006403614606736415,-0.034791519515535614,0.27785719230558076,0.03738431839708385,-0.01415429028606515,0.08061812425398512,0.2668437290558087,0.03162674934708647,0.03988500960852115
333.0,12.344708109018235,1.8503998827038908,-22.188006418068777,-0.0018224278710832185,-0.012373259104334768,0.09985013443371778,0.8518459434920944,1.8045469338418167,-7.2157,-7.9351248015,0.0,0.04585294886207403,-0.005085793815809383,-0.03452967639088494,0.2786487214492061,0.03736139829846197,-0.014258582232481113,0.08031104590707099,0.2677339954638354,0.031727370956849375,0.04004124650819471
334.0,12.344022925200981,1.8394960482211737,-22.273209579031203,-0.0013472079580664333,-0.0122336135326128,0.10013508550634263,0.8533931302783023,1.7907532190270337,-7.2157,-7.9351248015,0.0,0.04874282919414008,-0.003759820800448892,-0.03414186677651922,0.2794594368948272,0.03733904200728005,-0.014356826088182569,0.08000368600323318,0.2686304519857723,0.03182505818462752,0.0401967330510969
335.0,12.343342163064841,1.828954879922211,-22.35863694770564,-0.0008713575585371355,-0.012048467217689133,0.10042691565996076,0.8554011630030269,1.7771144622616004,-7.2157,-7.9351248015,0.0,0.05184041766061065,-0.0024319400284817843,-0.03362701042926685,0.2802893413129371,0.0373173466578941,-0.014448532905069554,0.07969720465290889,0.2695338857071397,0.03191938538624753,0.04035146197002143
336.0,12.342664837536534,1.818823352564167,-22.444295147581833,-0.0003971579525926968,-0.01181764304715334,0.10072553266740882,0.8578699362818983,1.7636753370700513,-7.2157,-7.9351248015,0.0,0.05514801549411574,-0.0011085200519427867,-0.03298459516913278,0.2811382020063674,0.03729640835670024,-0.014533232771802004,0.0793927834833763,0.27044507993041106,0.03200993286268815,0.04050544070352072
337.0,12.34198986162002,1.8091475783545998,-22.530190688564716,7.307503371791461e-05,-0.011541173575001094,0.10103075975950573,0.8607971177580214,1.7504805858308177,-7.2157,-7.9351248015,0.0,0.05866699252378216,0.00020397317935016664,-0.0322146942362339,0.282005552811086,0.03727632168040427,-0.014610477441921996,0.07909162057094205,0.2713648097861315,0.032096289004697194,0.04065869115432162
338.0,12.341316049129128,1.7999725667399213,-22.616329882116727,0.0005370007973145604,-0.011219306688084033,0.10134233788880191,0.8641781170260527,1.7375748121600663,-7.2157,-7.9351248015,0.0,0.06239775457985508,0.0014990036227774952,-0.031317982123289755,0.28289070034111863,0.03725717917009505,-0.014679842956391794,0.07879492521398454,0.27229383785269184,0.03217805246147472,0.040811249173659525
339.0,12.340642117987565,1.7913419825317196,-22.702718759606853,0.0009922639130702658,-0.01085251068143977,0.10165992956476357,0.8680060642787878,1.7250022680222636,-7.2157,-7.9351248015,0.0,0.06633971450945597,0.0027699929613423623,-0.030295748746384382,0.28379273460992477,0.03723907082316708,-0.014740932252480913,0.07850391255874595,0.2732329098122556,0.03225483432668641,0.04096316377368334
340.0,12.339966694093162,1.783297903157496,-22.789362995481852,0.0014365042396739418,-0.010441478683495767,0.10198312424393396,0.8722717988606864,1.712806636159672,-7.2157,-7.9351248015,0.0,0.07049126699782393,0.0040103488350949745,-0.029149911791788954,0.28471054398268875,0.03722208358520083,-0.01479337774990602,0.07821979808917023,0.2741827501692818,0.032326260334604714,0.0411144960751305
341.0,12.33928831574038,1.7758805758740541,-22.876267836840558,0.001867367143004461,-0.009987132363704763,0.10231144522982197,0.8769638678739544,1.701030808494102,-7.2157,-7.9351248015,0.0,0.07484976737995219,0.005213493390412259,-0.027883027053573234,0.2856428343335847,0.03720630084398305,-0.01483684390400733,0.07794379199182547,0.2751440580568549,0.032391973058620245,0.041265318002585955
342.0,12.338605438592301,1.769128175842015,-22.963438040927226,0.0022825138056041193,-0.00949062484789269,0.10264435800796377,0.8820685349457956,1.6897166612232244,-7.2157,-7.9351248015,0.0,0.07941151461879059,0.006372892057729421,-0.0264982965568599,0.2865881522002686,0.03719180192792961,-0.014871029714569942,0.07767709340708678,0.2761175031546231,0.03245163410373244,0.04141571074474769
343.0,12.337916441190387,1.7630765660274244,-23.05087782196463,0.0026796315928623157,-0.008953342760937153,0.10298127991222049,0.8875697992305266,1.6789048274093,-7.2157,-7.9351248015,0.0,0.08417173861812444,0.007482082474307972,-0.024999574246146034,0.28754491164585216,0.03717866161126011,-0.014895671177707126,0.07742088457834434,0.27710372174058256,0.03250492628392985,0.0415657630021439
344.0,12.337219630987295,1.7577590599693595,-23.138590808622073,0.0030564444485381976,-0.008376907312757708,0.10332159098938107,0.8934494246876133,1.6686344679385594,-7.2157,-7.9351248015,0.0,0.08912459203080014,0.00853470347465271,-0.023391369008270536,0.28851142445774325,0.037166949628361125,-0.01491054366705762,0.07717632491206222,0.2781033128972345,0.03255155577462404,0.041715569049603655
345.0,12.336513250885005,1.753206188528622,-23.226580013258353,0.003410723294190203,-0.00776317434233812,0.10366464590103545,0.8996869796464365,1.6589430418126156,-7.2157,-7.9351248015,0.0,0.09426314671600644,0.009524524077046102,-0.02167884479630923,0.2894859332343744,0.03715673019986061,-0.014915464229454025,0.07694454496306014,0.2791168348907953,0.03259125422953059,0.04186522664538605
346.0,12.335795486257402,1.7494454718094052,-23.314847813896428,0.003740296408866084,-0.007114233235885976,0.10400978667499244,0.9062598866407309,1.649866076816777,-7.2157,-7.9351248015,0.0,0.09957939499262825,0.010445472400137028,-0.019867817624676685,0.29046664683645707,0.03714806157301408,-0.014910293779236274,0.07672664036139809,0.2801448017401546,0.0326237808506195,0.042014834823137115
347.0,12.335064472433348,1.7465011975204074,-23.403395949676682,0.004043059766965683,-0.006432404639441316,0.10435635609378657,0.9131434824700736,1.641436941691365,-7.2157,-7.9351248015,0.0,0.10506425582904244,0.01129166444838948,-0.017964749217483325,0.29145177761051005,0.0371409955790685,-0.014894939174554117,0.07652366569967742,0.28118767999016736,0.032648924399016566,0.04216449160667825
348.0,12.334318302613132,1.7443942071111413,-23.49222553030179,0.004316987313449656,-0.00572023689334053,0.10470371148560594,0.9203110884222968,1.6336866210083787,-7.2157,-7.9351248015,0.0,0.11070758610276266,0.012057432709259092,-0.01597673711191902,0.2924395797305589,0.037135577210318,-0.01486935515836316,0.07633662840236277,0.28224588570163456,0.03266650513405284,0.04231429169094685
349.0,12.333555036188105,1.7431416910800879,-23.581337059731165,0.004560141156464657,-0.004980501125874534,0.10505123866383859,0.9277340905689698,1.6266434940243253,-7.2157,-7.9351248015,0.0,0.11649819705576259,0.012737354508028442,-0.013911501045963377,0.29342838795064535,0.03713184421958914,-0.014833546146401186,0.07616648260179379,0.2833197816679733,0.03267637666706566,0.04246432413512059
350.0,12.332772707430275,1.7427569949007942,-23.670730474110336,0.004770681657929718,-0.004216184956078961,0.10539836574592674,0.9353820300257004,1.6203331188380994,-7.2157,-7.9351248015,0.0,0.12242387606269478,0.013326280068119709,-0.011777365494574563,0.29441665601763506,0.03712982674489064,-0.01478756784426109,0.07601412304878497,0.2844096748661224,0.03267842771607766,0.04261467011597782
351.0,12.331969334515696,1.7432494370471883,-23.760405193634547,0.004946877402629234,-0.003430484770563918,0.10574457657086038,0.9432227030494513,1.6147780232279851,-7.2157,-7.9351248015,0.0,0.12847141381920313,0.01381936022526364,-0.009583238259858046,0.29540299396221337,0.03712954696192658,-0.014731528675771283,0.07588037908898755,0.28551581414668015,0.03267258374714923,0.0427654007908
352.0,12.331142928842754,1.7446241406177359,-23.85036018775075,0.00508711502584485,-0.002626796556218845,0.10608942342791758,0.9512222708257476,1.6099975035720497,-7.2157,-7.9351248015,0.0,0.13462663704568612,0.014212073743013698,-0.007338585067412869,0.29638620346725253,0.03713101876710104,-0.01466559100526119,0.07576600873937107,0.28663838816564546,0.03265880848803984,0.04291657531953572
353.0,12.330291504603796,1.7468818800575425,-23.940594052803387,0.005189908878504027,-0.0018087052889932515,0.10643253880759684,0.9593453787789256,1.6060074332697125,-7.2157,-7.9351248015,0.0,0.14087444678783,0.014500254174664691,-0.005053400171646607,0.29736531050808507,0.03713424749353397,-0.014589972136928715,0.07567169290213599,0.28777752355746505,0.032637105299842414,0.04306823909546238
354.0,12.329413088566293,1.7500189444565784,-24.03110510093216,0.005253910507213214,-0.0009799728981423374,0.10677364588944172,0.9675552852177312,1.6028200820779257,-7.2157,-7.9351248015,0.0,0.14719886237865265,0.014680116212615455,-0.002738173025633393,0.29833959446961794,0.03713922966246179,-0.014504945075424224,0.07559802975594737,0.28893328334641166,0.03260751839248923,0.043220422232150654
355.0,12.328505730017616,1.7540270188600364,-24.121891458740194,0.005277917924379606,-0.00014452484465103047,0.10711256749090034,0.9758139991059123,1.6004439477526693,-7.2157,-7.9351248015,0.0,0.15358307110736713,0.014748281460596573,-0.00040385112415573224,0.299308612971399,0.03714595277221175,-0.014410839032902353,0.07554552936644537,0.29010566559067363,0.03257013387047491,0.0433731383521288
356.0,12.327567510825792,1.7588930849633002,-24.21295117397476,0.005260884640924497,0.0006935646287240674,0.1074492332166621,0.9840824267222418,1.598883601345428,-7.2157,-7.9351248015,0.0,0.16000948361787226,0.014701803557002648,0.0019382008201181266,0.30027222167417256,0.037154395126720766,-0.01430803966913435,0.07551460855941344,0.29129460225098097,0.03252508059580238,0.043526383719240495
357.0,12.32659655556724,1.7645993424797712,-24.304282328205957,0.0052019284308863715,0.0015300885009811756,0.10778368456912836,0.9923205269459824,1.5981395474458195,-7.2157,-7.9351248015,0.0,0.1664597950339517,0.014538192568904828,0.004276245159901386,0.3012305884002871,0.03716452570531808,-0.014196989052780998,0.07550558610065632,0.2924999582732017,0.0324725308560263,0.043680136752295526
358.0,12.325591041671494,1.771123152366348,-24.39588315325782,0.005100339793552288,0.00236072413987199,0.1081160778077465,1.000487474871547,1.5982081005870983,-7.2157,-7.9351248015,0.0,0.1729150517792497,0.014255438566299246,0.006598218807003448,0.3021842009753853,0.03717630407521459,-0.014078185333548997,0.07551867822647174,0.29372153087216846,0.032412700826329015,0.043834357952247265
359.0,12.32454920953236,1.778437002970919,-24.487752148946843,0.004955590074706045,0.0031810515297763277,0.10844668437768186,1.0085418334194842,1.5990812789430526,-7.2157,-7.9351248015,0.0,0.17935572402786626,0.013852034274939702,0.00889178365372056,0.3031338682896052,0.037189680347844936,-0.013952182116639327,0.07555399456752912,0.29495904900215364,0.03234585081579676,0.04398899026883775
360.0,12.3234693725348,1.7865085000318006,-24.57988819952115,0.004767339204219009,0.0039865724487467375,0.10877588876641547,1.0164417325695172,1.6007467163456917,-7.2157,-7.9351248015,0.0,0.18576178368610896,0.013326996693915877,0.011144379614835392,0.3040807141822133,0.03720459517989931,-0.013819587532584634,0.07561153450696925,0.2962121729979648,0.03227228528943772,0.04414395992548947
361.0,12.322349926947071,1.7953003813142423,-24.672290686074106,0.004535443002624598,0.004772730477785332,0.10910418368990887,1.0241450557949223,1.6031875935463853,-7.2157,-7.9351248015,0.0,0.192112787767857,0.012679887551215501,0.013343279969686822,0.30502616387299625,0.03722097981957037,-0.013681062997208247,0.07569118401062253,0.29748049436969815,0.03219235265896515,0.044299177713273526
362.0,12.321189361628369,1.804770556518043,-24.76495959213457,0.004259960004609927,0.005534931724397244,0.10943216255742837,1.0316096332259068,1.6063825895325483,-7.2157,-7.9351248015,0.0,0.19838796698549466,0.011910832457120582,0.015475648682042901,0.3059719227953796,0.03723875619823358,-0.013537321657960236,0.07579271296345533,0.298763535733858,0.03210644483691587,0.044454540756145196
363.0,12.319986267503216,1.8148721729374613,-24.85789559961584,0.003941157742635306,0.006268566145814902,0.10976050921532418,1.0387934410129263,1.6103058536014958,-7.2157,-7.9351248015,0.0,0.20456631933596547,0.01102053860172867,0.01752859938593816,0.30691994782833726,0.03725783706748891,-0.013389126524248895,0.07591577304178909,0.3000607508639287,0.03201499655024551,0.044609934740422345
364.0,12.31873934675528,1.8255537072045411,-24.951100172340425,0.003579518429265965,0.0069690293649521985,0.11008998502427515,1.0456548062992743,1.6149269987867991,-7.2157,-7.9351248015,0.0,0.210626708417742,0.01001031082946756,0.019489255748060003,0.3078724110746965,0.037278126181225356,-0.013237288280545729,0.07605989614562023,0.30137152484466107,0.03191848441108959,0.04476523659181941
365.0,12.317447421694915,1.8367590833042655,-25.044575624450516,0.003175743972384466,0.0076317448838510125,0.11042141338091878,1.0521526171462177,1.6202111171342146,-7.2157,-7.9351248015,0.0,0.2165479661700509,0.008882065910502624,0.02134481295090357,0.30883165649017313,0.03729951852213809,-0.01308266278197039,0.07622449340967244,0.30269517431640897,0.031817425743860206,0.04492031757338023
366.0,12.316109443256737,1.8484278169188193,-25.138325171166212,0.0027307602533603675,0.008252186614614491,0.11075566185250706,1.0582465366840381,1.6261188172375802,-7.2157,-7.9351248015,0.0,0.22230899968123907,0.007638344816736915,0.023082600084324625,0.3098001498279907,0.03732190057193831,-0.012926148232747216,0.0764088548058357,0.3040309477988754,0.031712377169218965,0.045075046767527084
367.0,12.314724499085509,1.8604951860423415,-25.232352959565855,0.002245720594596974,0.008825901665838725,0.1110936221513256,1.0638972206893398,1.6326062843729277,-7.2157,-7.9351248015,0.0,0.2278889016694139,0.00628232279898839,0.024690143284222317,0.3107804225256824,0.03734515062435578,-0.012768682048372615,0.07661214934361801,0.30537802608767584,0.03160393294669151,0.045229294895320606
368.0,12.313291821170862,1.8728924277097503,-25.32666407733511,0.0017220083397611803,0.009348533342390825,0.11143618823311419,1.0690665377138182,1.6396253635135918,-7.2157,-7.9351248015,0.0,0.2332670641961585,0.004817817052201696,0.026155229513170085,0.31177501032098,0.03736913913994906,-0.012611237402571002,0.07683342586940602,0.30673552272221,0.03149272307873608,0.045382938416072646
369.0,12.311810792993505,1.8855469606053585,-25.421264537762188,0.00116123846753416,0.009815844336869786,0.11178423285962728,1.0737177908134188,1.6471236654714803,-7.2157,-7.9351248015,0.0,0.23842329513387828,0.0032492917475078456,0.027465970935616094,0.31278638753981636,0.0373937291417119,-0.012454819460195717,0.07707161445995896,0.30810248452946126,0.031379411179930164,0.04553586384084215
370.0,12.310280956147665,1.8983826332596538,-25.51616123964367,0.000565258157996736,0.010223740110891855,0.11213858301874523,1.0778159398505969,1.6550446963898786,-7.2157,-7.9351248015,0.0,0.24333793686977523,0.0015818602038699054,0.028610869896055005,0.31381689814857816,0.03741877665049824,-0.012300461297224945,0.07732552840090388,0.30947789225546185,0.03126469211558424,0.04568797218425274
371.0,12.308702016406428,1.9113199975049835,-25.611361901205214,-6.385377012184e-05,0.010568292482006395,0.11249999464514249,1.0813278232674803,1.6633280108098945,-7.2157,-7.9351248015,0.0,0.24799198669508904,-0.00017871603177697343,0.029578884558244766,0.3148686848019628,0.037444131159380875,-0.012149219509006305,0.07759386673730796,0.3108606613042056,0.031149289414535507,0.045839183470681805
372.0,12.307073849198328,1.924276606840633,-25.706874967629386,-0.0007237886330564638,0.010845763446046206,0.11286912712936584,1.0842223781554086,1.6719093885431753,-7.2157,-7.9351248015,0.0,0.2523672182974577,-0.0020260314282927122,0.03035949530282783,0.315943617244154,0.037469636146206624,-0.012002169508033806,0.07787521738089419,0.3122496426126039,0.03103395246113541,0.045989441203375156
373.0,12.305396504464863,1.9371673393510087,-25.802709492313344,-0.0014120109471346108,0.011052629273521278,0.11324651814217647,1.0864708573779014,1.680721035603719,-7.2157,-7.9351248015,0.0,0.2564463037472897,-0.003953044268921977,0.030942772005327322,0.3170432215314984,0.037495129623807286,-0.011860400512930771,0.07816806075732158,0.31364362369951027,0.030919453471555024,0.04613871669863674
374.0,12.303670210869614,1.949904744821877,-25.898874992545363,-0.0021257628638862,0.011185604920823532,0.11363255933303781,1.0880470424408843,1.6896918094759055,-7.2157,-7.9351248015,0.0,0.26021293534597145,-0.005952088231053422,0.031319442322335696,0.31816861163628907,0.03752044472756008,-0.011725010231105927,0.07847077397729993,0.31504132993661477,0.03080658425953985,0.046287013182135496
375.0,12.301895379330183,1.9623994157019664,-25.99538128088288,-0.002862070050193817,0.011241668791223085,0.11402747348552418,1.0889274507472375,1.6987474690174769,-7.2157,-7.9351248015,0.0,0.26365194668448955,-0.008014887965544178,0.03148096109712825,0.3193204250604019,0.0375454103402519,-0.011597099238897169,0.07878163551721457,0.3164414260988693,0.03069615279671127,0.04643436954077644
376.0,12.300072605844226,1.9745603815525397,-26.092238274127162,-0.003617749083811704,0.011218087865843948,0.11443129372698933,1.0890915358236384,1.7078109493071845,-7.2157,-7.9351248015,0.0,0.2667494322453552,-0.010132578882347094,0.03141958095391249,0.32049876413101136,0.03756985175447134,-0.011477765065064014,0.07909883039838464,0.3178425182616701,0.030588979572507433,0.046580863621725775
377.0,12.298202673580471,1.986295526606637,-26.189455782409826,-0.004389416428414339,0.011112443200274335,0.11484384539384618,1.0885218790673612,1.7168026617384335,-7.2157,-7.9351248015,0.0,0.26949286486820356,-0.01229573133346724,0.03112842408036169,0.3217031446649718,0.03759359137301345,-0.01136809598636944,0.07942045585897062,0.3192431561209145,0.030485893758965064,0.04672661497029235
378.0,12.296286554204816,1.9975120300128313,-26.287043281523204,-0.005173499044609643,0.010922655747867526,0.11526473114603462,1.0872043715302047,1.725640819623299,-7.2157,-7.9351248015,0.0,0.2718712103895322,-0.014494379364138681,0.030601555100012078,0.322932453670171,0.03761644944801266,-0.011269164547814542,0.07974452751868812,0.3206418358198111,0.0303877291858517,0.04687178690068596
379.0,12.294325408410296,2.0081168282555977,-26.385009672226435,-0.0059662466839421995,0.010647012426281273,0.1156933199034767,1.0851283842369774,1.7342417894964697,-7.2157,-7.9351248015,0.0,0.273875038759128,-0.016718054178166214,0.029834054809910644,0.3241849176977438,0.037638244859695816,-0.011182020824932044,0.08006898604358526,0.32203700337246527,0.030295320132255592,0.04701658779843061
380.0,12.292320585618196,2.0180170991162742,-26.48336303082866,-0.006763745901691791,0.01028419229009186,0.1161287401423791,1.0822869255277923,1.7425204681871733,-7.2157,-7.9351248015,0.0,0.2754966309291009,-0.018955822433227226,0.028822094406501107,0.32545808336512433,0.037658795935745636,-0.011107685451438146,0.08039170432581409,0.3234270587782984,0.0302094969417139,0.04716127156063114
381.0,12.290273622815738,2.027120766356495,-26.582110355874114,-0.0075619358111220294,0.009833292610701667,0.11656987803910682,1.0786767839175218,1.7503906855511167,-7.2157,-7.9351248015,0.0,0.27673008080537853,-0.021196329446200778,0.02756300964771053,0.3267488114334749,0.037677921312258444,-0.011047142442463968,0.08071049520109308,0.32481036092276067,0.03013108146938623,0.04730613709057047
382.0,12.28818624249395,2.035337024062977,-26.68125731621564,-0.00835662558664934,0.009293854597150267,0.11701538088317888,1.0742986549827642,1.7577656325176165,-7.2157,-7.9351248015,0.0,0.2775713915453606,-0.023427847346952475,0.026055374206864716,0.3280532856415565,0.03769544083714526,-0.011001331851449619,0.08102311973386009,0.3261852333580863,0.0300608823717245,0.04745152677641214
383.0,12.286060349647473,2.0425768792839194,-26.78080800614594,-0.009143513706109156,0.008665888420362842,0.11746366609818279,1.0691572508170735,1.7645583138052836,-7.2157,-7.9351248015,0.0,0.2780185654786358,-0.02563832817120247,0.024299071271456515,0.32936703726988514,0.03771117651653702,-0.010971142307428593,0.08132729610633334,0.3275499710525541,0.02999969025159473,0.04759782390019607
384.0,12.283898027796605,2.048753711211194,-26.880764713543222,-0.009918208902862578,0.007949897131920096,0.11791293610992012,1.063261390639446,1.7706820242913581,-7.2157,-7.9351248015,0.0,0.27807168691983586,-0.027815461829009035,0.022295362235579614,0.33068498613345937,0.03772495350429296,-0.01095740348862603,0.08162070915216742,0.3289028481874798,0.029948272674890863,0.047745448942862645
385.0,12.281701533990839,2.0537838447205448,-26.981127707162432,-0.010676252776941463,0.007146899000197358,0.11836119918524732,1.0566240711994936,1.7760508475868253,-7.2157,-7.9351248015,0.0,0.27773299713371946,-0.029946738825049498,0.02004695113908983,0.3320014983792564,0.03773660113406007,-0.010960878597735795,0.08190102057744372,0.3302421270676951,0.029907369078332947,0.047894854773637065
386.0,12.279473292752906,2.0575871355796815,-27.08189504924911,-0.011413143990878274,0.006258447725658022,0.11880629623385514,1.049262515695633,1.7805801748770809,-7.2157,-7.9351248015,0.0,0.27700696070260067,-0.0320195175405288,0.017558043330422296,0.33331046109867285,0.037745953992479556,-0.01098225691355503,0.0821658799107193,0.3315660681934089,0.02987768559231686,0.048046520737540045
387.0,12.277215888923067,2.0600875640811367,-27.183062439555368,-0.012124363950507366,0.005286649947373495,0.11924593342035832,1.041198200010219,1.7841872415453401,-7.2157,-7.9351248015,0.0,0.27590032253579655,-0.03402109581471384,0.014834396685272639,0.33460537335974894,0.037752853031082445,-0.01102214650240848,0.08241293621919435,0.33287294151910635,0.029859889807296296,0.04820094568270755
388.0,12.274932059365373,2.0612138332671033,-27.28462309658401,-0.012805403844162332,0.004234179418670959,0.11967772027807873,1.032456855167995,1.7867916785163374,-7.2157,-7.9351248015,0.0,0.2744221547507659,-0.03593878648760522,0.011883363611933186,0.3358794528263133,0.03775714671316608,-0.011081067180513104,0.08263985061926894,0.3341610388987191,0.029854605517110215,0.04835863999908303
389.0,12.272624683501046,2.060899967305521,-27.386567681468062,-0.013451792885752632,0.0031042872151592067,0.12009921285219503,1.0230684450416225,1.788316074658108,-7.2157,-7.9351248015,0.0,0.2725838926474131,-0.03775999648528148,0.008713922027290974,0.3371257566704815,0.03775869219051496,-0.011159443824620082,0.08284430959652324,0.3354286876860866,0.029862407477761588,0.04852011677120399
390.0,12.270296772639325,2.0590859049726236,-27.488884269303608,-0.014059127578727218,0.0019008073467590744,0.12050796123275712,1.0130671184604028,1.7886865459802892,-7.2157,-7.9351248015,0.0,0.27039935899233436,-0.03947230894750172,0.005336693505397983,0.3383373150130827,0.03775735650325139,-0.011257600132430934,0.08302403913234237,0.33667426542635437,0.02988381622521413,0.048685882179384535
391.0,12.267951458083095,2.0557180826225556,-27.59155837199319,-0.014623101789588379,0.0006281571795389894,0.12090156067249264,1.0024911350255608,1.7878333067917833,-7.2157,-7.9351248015,0.0,0.2678847758307723,-0.04106356781509752,0.0017639468911380505,0.33950727465775077,0.03775301779441578,-0.011375752935958522,0.08317681961212656,0.33789621553825516,0.029919293000582926,0.04885642531458753
392.0,12.265591977995658,2.050750000507413,-27.69457301573018,-0.015139537392179528,-0.0007086678651005681,0.1212777053261231,0.9913827640974413,1.785691237454284,-7.2157,-7.9351248015,0.0,0.26505876305312914,-0.04252196421471158,-0.0019904141599127317,0.3406290504347657,0.0377455665291366,-0.011514007169792354,0.08330050146364643,0.33909306385024374,0.02996923483541059,0.04903220760153857
393.0,12.263221663026046,2.044142765880276,-27.797908875172563,-0.015604415218299651,-0.0021041057765011375,0.12163424350331979,0.9797881565963458,1.7822004429175133,-7.2157,-7.9351248015,0.0,0.26194232296276265,-0.043836123903004856,-0.005910881006009444,0.34169648105792927,0.03773490670652077,-0.011672351591833417,0.08339302144427821,0.3402634358164468,0.030033969853292663,0.04921365205092827
394.0,12.260843920703348,2.0358656059984823,-27.901544465135462,-0.016013906027217258,-0.0035520459116234636,0.12196923320297785,0.9677571894490336,1.7773067958732287,-7.2157,-7.9351248015,0.0,0.2585588101252536,-0.04499519496419683,-0.009980388172856592,0.342703986040265,0.03772095705075213,-0.011850655346308681,0.0834524194635217,0.34140607420272445,0.030113752846694986,0.0494011325836057
395.0,12.258462218625512,2.025896343971699,-28.005456389299628,-0.016364401187313297,-0.005045853626439034,0.12228099659861877,0.9553432827163857,1.7709624581425831,-7.2157,-7.9351248015,0.0,0.2549338858291159,-0.04598893489644856,-0.014180380404216436,0.3436467199304837,0.03770365216640878,-0.012048665447737979,0.08347685579357508,0.342519857000294,0.03020876118915797,0.049594963686233694
396.0,12.256080066484763,2.0142218303930908,-28.109619644019048,-0.016652542748297288,-0.0065784016029793455,0.12256817207947812,0.9426031896533924,1.7631263738365366,-7.2157,-7.9351248015,0.0,0.2510954565565542,-0.046807796176822965,-0.018490898720739047,0.34452071993921735,0.03768294364178573,-0.012266005250149845,0.0834646284872603,0.34360381529583295,0.030319091143006037,0.04979539066780747
397.0,12.253700996989826,2.000838323870735,-28.21400797385133,-0.01687525257306312,-0.00814210771545162,0.12282976242443079,0.9295967601791589,1.7537647279182678,-7.2157,-7.9351248015,0.0,0.24707359595246725,-0.047443009363851485,-0.02289068509719743,0.34532304293707866,0.03765880108312024,-0.012502173948553134,0.08341419079088533,0.344657150804204,0.03044475462101505,0.05000258078874808
398.0,12.251328545764204,1.9857518139524268,-28.318594273970895,-0.01702976019500528,-0.009728979092858043,0.12306517770040834,0.9163866784703413,1.742851364060452,-7.2157,-7.9351248015,0.0,0.2429004498919749,-0.04788666278325954,-0.027357304842244197,0.34605188783749274,0.03763121306214111,-0.012756547139967375,0.08332416831142422,0.34567925275423295,0.030585676457136775,0.05021661552824212
399.0,12.248966230319322,1.9689782805142062,-28.42335103320199,-0.01711362907005432,-0.011330661849359186,0.12327427153591969,0.9030381756342211,1.7303681561321964,-7.2157,-7.9351248015,0.0,0.2386101243820098,-0.048131777847835726,-0.031867285236220955,0.3467066995335918,0.037600187959365906,-0.013028378449859664,0.08319337567443039,0.34666971381040884,0.030741692236305282,0.050437484240687336
400.0,12.246617528220792,1.9505438844564,-28.5282508100725,-0.01712478090314646,-0.01293849577591526,0.12345736952445026,0.8896187186649795,1.7163053282656433,-7.2157,-7.9351248015,0.0,0.23423855619075673,-0.04817237908785286,-0.03639626847602199,0.34728825084286025,0.03756575468609992,-0.013316802207428917,0.08302083239302116,0.34762834471475773,0.030912546726602184,0.05066507942847112
401.0,12.244285854584929,1.930485085506301,-28.633266733086472,-0.017061517746400547,-0.014543573126472215,0.12361528866066543,0.8761976771356458,1.7006617192276705,-7.2157,-7.9351248015,0.0,0.22982336627863043,-0.04800355801423944,-0.04091917651688574,0.3477986993226961,0.037527963269174944,-0.013620837130716813,0.08280577766052549,0.3485551873438948,0.031097892948763965,0.05089919382620041
402.0,12.241974539060147,1.9088486840398193,-28.738373015386923,-0.016922541590749934,-0.016136800497801817,0.12374934690122079,0.8628459693252586,1.6834449877362176,-7.2157,-7.9351248015,0.0,0.22540369630360169,-0.04762153000247071,-0.045410385013915554,0.3482416163458507,0.03748688528410456,-0.013939390960960241,0.08254768378110089,0.3494505258964078,0.03129729190838611,0.05113951945167997
403.0,12.239686802463504,1.885691785072647,-28.84354547317012,-0.016706971203704714,-0.01770896270189814,0.12386136216634769,0.8496356897221746,1.6646717563842364,-7.2157,-7.9351248015,0.0,0.22102002868841053,-0.047023683469726074,-0.049843903273538034,0.34862198645245124,0.037442614124498536,-0.014271265965882528,0.08224626796452963,0.3503148959548594,0.031510213005502816,0.05138564873254643
404.0,12.237425733255835,1.8610816838938473,-28.948762036650926,-0.016414356002576895,-0.01925078747007,0.12395364035122955,0.8366397200760206,1.644367692931029,-7.2157,-7.9351248015,0.0,0.2167139909628184,-0.046208620719312546,-0.05419355694569484,0.3489461757055131,0.03739526509821384,-0.014615165214646144,0.0819015022337317,0.351149091203969,0.031736035124853124,0.051637077766010335
405.0,12.235194264049031,1.8350956741743882,-29.054003242090953,-0.016044686793927773,-0.020753009813224838,0.12402895218906318,0.8239313263881284,1.6225675288495176,-7.2157,-7.9351248015,0.0,0.21252814532487063,-0.04517618994207061,-0.058433170134970784,0.3492218685458956,0.037344975343738485,-0.014969699513743322,0.08151362122598754,0.351954167630718,0.03197404839849254,0.05189321171440629
406.0,12.232995148345921,1.8078207807289048,-29.159252693402564,-0.015598403255044193,-0.022206434895801843,0.12409049909116097,0.8115837444288784,1.5993150161342025,-7.2157,-7.9351248015,0.0,0.20850576459470238,-0.043927507991281436,-0.06253674369059276,0.34945797344393836,0.037291903563595255,-0.01533339488381327,0.08108312771059595,0.35273144508161186,0.03222345662091601,0.05215337228315876
407.0,12.230830937716254,1.7793534203883308,-29.264497482137884,-0.015076398080636206,-0.023601998361436057,0.12414186837356332,0.7996697565456914,1.574662824432575,-7.2157,-7.9351248015,0.0,0.20469059595575567,-0.042464973681902315,-0.06647862665194296,0.34966449845048725,0.03723622957498381,-0.015704700452676742,0.08061079569530741,0.3534825061052908,0.032483380285979684,0.05241680717236991
408.0,12.228703959611813,1.7497989956024123,-29.369728555258046,-0.014480017766321369,-0.02493082317425136,0.12418697855454379,0.7882612626731019,1.5486723815182137,-7.2157,-7.9351248015,0.0,0.20112661408419852,-0.04079227150295706,-0.07023367817142114,0.34985239853167904,0.03717815368130735,-0.016081996639981923,0.08009767104950322,0.35420919206308693,0.03275286020509039,0.05268270134051526
409.0,12.226616296019323,1.719271426386823,-29.474941020939355,-0.013811060048467695,-0.026184272205759154,0.12423001566387758,0.7774288485723726,1.5214136609360105,-7.2157,-7.9351248015,0.0,0.19785776545081246,-0.038914365769752476,-0.07377741769667598,0.35003339730338584,0.03711789587150363,-0.016463603513733414,0.07954506963146435,0.35491359654390414,0.0330308616577858,0.05295018987053366
410.0,12.22456976314207,1.6878926270182621,-29.58013438378613,-0.013071768066320013,-0.027353995996515775,0.12427536173471679,0.7672413544089228,1.4929649212842007,-7.2157,-7.9351248015,0.0,0.19492770573406148,-0.036837485376579715,-0.0770861617495288,0.35021978643938617,0.03705569485707447,-0.016847789208371156,0.07895457296764771,0.355598056170931,0.03331627901931056,0.05321837218650721
411.0,12.222565892290223,1.655791934429857,-29.6853127021538,-0.012264821355867102,-0.028431975344926832,0.12432751684582852,0.75776544681849,1.463412402027128,-7.2157,-7.9351248015,0.0,0.1923795324027291,-0.03456909943730733,-0.08013714626407283,0.35042420659319046,0.036991806959249335,-0.017232778307503287,0.07832802159097663,0.3562651389343531,0.0336079408053851,0.05348632733439599
412.0,12.220605912146288,1.6231054955461726,-29.79048466180282,-0.011393323824624156,-0.029410558612448602,0.12439101624109421,0.7490651976152243,1.4328499809394328,-7.2157,-7.9351248015,0.0,0.19025551460673973,-0.03211788421785119,-0.08290863411214514,0.35065941413318025,0.03692650486071686,-0.017616760111215133,0.07766750620007778,0.3569176302248123,0.03390461507225299,0.05375313001378505
413.0,12.218690732556514,1.5899756208117126,-29.895663561763854,-0.010460788891613578,-0.030282493873657206,0.12447034417181263,0.7412016722554647,1.4013787982594335,-7.2157,-7.9351248015,0.0,0.18859682255227916,-0.02949368186853902,-0.08538000811885806,0.3509380383361064,0.036860076237729716,-0.017997896727266413,0.07697535684964268,0.3575585167756456,0.0342050151103652,0.05401786702976392
414.0,12.216820929982129,1.5565501109109436,-30.00086721005413,-0.009471122006753381,-0.03104095626972913,0.12456984618473936,0.7342325310892861,1.3691068523806296,-7.2157,-7.9351248015,0.0,0.18744325853031407,-0.02670745155410339,-0.08753185052158516,0.35127233391236656,0.0367928222890862,-0.018374330946539428,0.07625413042143361,0.35819096874707995,0.034507805372692525,0.054279653824923536
415.0,12.214996734726645,1.5229815631659929,-30.106117728701914,-0.00842860078825183,-0.031679571133654265,0.12469364161599819,0.7282116463085002,1.3361485714500692,-7.2157,-7.9351248015,0.0,0.1868329917159237,-0.02377121365327762,-0.08934601042108363,0.35167393385040224,0.036725056178505175,-0.01874419388484721,0.07550659665409071,0.358818320202172,0.03481160758351668,0.054537650750684924
416.0,12.213218020037877,1.489426663356528,-30.211441269369555,-0.007337853035309592,-0.03219243363475516,0.12484553805061871,0.7231887373360341,1.302624364595515,-7.2157,-7.9351248015,0.0,0.18680229876101317,-0.020697987758154464,-0.09080566128417283,0.3521536075739747,0.036657101406268024,-0.019105612394683814,0.07473572302653678,0.3594440482323681,0.035115006980400605,0.05479107874410112
417.0,12.211484293166423,1.4560454677717967,-30.316867642678552,-0.006203832886472918,-0.032574125829990516,0.12502894947325008,0.7192090271997937,1.268660155703746,-7.2157,-7.9351248015,0.0,0.18738531206805065,-0.017501725245520846,-0.09189535095837181,0.35272102931531524,0.036589290124768234,-0.019456716270768618,0.07394465879370697,0.36007175099057137,0.03541655865054526,0.05503923409000741
418.0,12.209794688446735,1.4230006792232843,-30.42242986609952,-0.005031795401530464,-0.03281973210305714,0.12524681977205124,0.716312922197418,1.2343869017612605,-7.2157,-7.9351248015,0.0,0.1886137774620238,-0.014197237218636357,-0.09260104692998344,0.353384561431644,0.03652196141088382,-0.019795645291450926,0.07313671846444128,0.360705124882329,0.035714793932493986,0.05528150196788291
419.0,12.208147962452877,1.3904569195707563,-30.528163636947294,-0.003827269847168269,-0.03292485401454449,0.12550155316958994,0.7145357168907103,1.1999400967930622,-7.2157,-7.9351248015,0.0,0.1905168227776941,-0.01080011862900583,-0.09291017968405753,0.35415105714558237,0.036455459505997906,-0.020120556153459666,0.07231536499016841,0.36134794115227664,0.03600822686467004,0.05551736850693007
420.0,12.206542491269172,1.3585800001020236,-30.634106738593744,-0.0025960319640159777,-0.03288562557468244,0.12579495304633528,0.7139073261747402,1.1654592614456794,-7.2157,-7.9351248015,0.0,0.19312073865634427,-0.007326669384415638,-0.09281168699966703,0.3550256868843834,0.03639013203218361,-0.020429629369495276,0.07148419290054164,0.3620040220846185,0.036295360673012755,0.05574643110061133
421.0,12.204976269906002,1.3275361899172777,-30.74029838945902,-0.0013440754855764225,-0.03269872988423776,0.1261281704979588,0.7144520458520358,1.1310874173089596,-7.2157,-7.9351248015,0.0,0.19644877260831817,-0.0037938132327449718,-0.09229606183582255,0.3560117920399812,0.03632632819070048,-0.020721076206305547,0.07064691158004001,0.36267721701463224,0.03657469430047585,0.05596840676224775
422.0,12.203446913883308,1.2974914813616043,-30.84677854565075,-7.758316816358288e-05,-0.03236141797085051,0.1265016638302525,0.7161883428129933,1.0969705442085989,-7.2157,-7.9351248015,0.0,0.20052093715300545,-0.00021901518170204642,-0.09135540613754665,0.3571107695805453,0.03626439694668135,-0.02099314574485554,0.06980732882972487,0.3633713783244595,0.03684472899083131,0.056183138335499754
423.0,12.201951662998404,1.268610850580996,-30.95358716927785,0.0011971024243169317,-0.0318715304817492,0.12691517004704786,0.7191286755862318,1.0632570179758638,-7.2157,-7.9351248015,0.0,0.2053538326051323,0.0033798018265206184,-0.0899834924298047,0.3583219905205234,0.03620468520187557,-0.021244132143841563,0.06896933480318529,0.3640903375722755,0.03710397494757185,0.05639059840703908
424.0,12.200487387290366,1.2410575104995571,-31.06076347546005,0.002473508155862188,-0.031227522685546183,0.1273676892279695,0.7232793456842481,1.0300970256556625,-7.2157,-7.9351248015,0.0,0.21096048484389462,0.006984340318913882,-0.08817583448655902,0.3596427548029334,0.03614753595569727,-0.0214723821831039,0.06813688634778534,0.3648378818806832,0.037350958095254676,0.05659089080313052
425.0,12.199050595209943,1.2149921529733638,-31.16834517187573,0.00374505937164448,-0.030428492993673586,0.12785748252400211,0.7286403798379678,0.9976419547853441,-7.2157,-7.9351248015,0.0,0.2173501981880197,0.010576011169575118,-0.08592976768566428,0.36106828466482555,0.03609328645372173,-0.02167630315460269,0.06731399172434024,0.3656177306891005,0.03758422697497298,0.05678424958703277
426.0,12.197637444001058,1.1905721766056079,-31.276367705328063,0.005005108592182061,-0.029474214945454012,0.12838208431861617,0.7352054428966127,0.9660437532923742,-7.2157,-7.9351248015,0.0,0.22452842331323364,0.014136015420385619,-0.08324453891440019,0.36259175804175864,0.0360422663222682,-0.02185437115579993,0.06650469562300493,0.3664335129570012,0.037802359807450225,0.056971035510142154
427.0,12.196243752296947,1.1679508967339125,-31.38486353025071,0.006246963700169314,-0.028365172320475494,0.1289383289088931,0.7429617808749208,0.9354542567377554,-7.2157,-7.9351248015,0.0,0.2324966399961571,0.017645424594789873,-0.08012140510526827,0.3642043830154517,0.035994795687856074,-0.022005139823925914,0.06571306434308716,0.3672887448909238,0.03800397175629206,0.05715172990681945
428.0,12.194865014930059,1.1472767344383965,-31.493861414304963,0.00746391550315551,-0.027102596759376898,0.1295223918527526,0.7518901933665225,0.9060244800816251,-7.2157,-7.9351248015,0.0,0.24125225435677145,0.021085259145460254,-0.0765637386898037,0.36589551371536183,0.03595118328113994,-0.022127249530188724,0.06494317096214275,0.3681868082586706,0.03818772242007221,0.05732692606110837
429.0,12.193496419949415,1.1286923820701849,-31.603385796224558,0.008649264589170383,-0.02568850700136637,0.13012984590318527,0.7619650343184547,0.8779038718645465,-7.2157,-7.9351248015,0.0,0.2507885102056383,0.024436564774761776,-0.07257713749349204,0.36765280744498147,0.03591172452639474,-0.02221943703109716,0.06419908028724694,0.369130929349331,0.03835232357515266,0.057497318113327145
430.0,12.192132867831624,1.112333943753894,-31.713456210824496,0.009796347428378108,-0.024125748595933486,0.13075573120704884,0.7731542399853296,0.8512395296678165,-7.2157,-7.9351248015,0.0,0.2610944140860775,0.027680486471572348,-0.0681695358916906,0.36946242211384017,0.03587669961967255,-0.0222805455503734,0.0634848333605959,0.37012415863760223,0.03849654718155022,0.05766368761598196
431.0,12.190768992861573,1.0983300505505018,-31.824086795587917,0.010898561711358846,-0.02241803272914949,0.13139463918416636,0.7854193827598788,0.8261753769124447,-7.2157,-7.9351248015,0.0,0.2721546736380571,0.030798340217599397,-0.06335131343817842,0.371309252315838,0.03584637160129052,-0.022309535240168835,0.06280443128398625,0.37116935121503225,0.03861923365198069,0.05782688789166084
432.0,12.18939918664577,1.086800951442642,-31.93528589246204,0.011949390952972292,-0.02056997263287589,0.13204080922313916,0.7987157495157869,0.802851302442146,-7.2157,-7.9351248015,0.0,0.283949649000496,0.03377168242885099,-0.05813539669608391,0.3731772016065105,0.035820984431203906,-0.022305493945255155,0.06216181813318981,0.3722691480586694,0.03871930036978158,0.05798782639038345
433.0,12.188017623705084,1.077857582974363,-32.047055757414434,0.012942428429083778,-0.018587115928214968,0.13268823703601462,0.8129924431038319,0.7814022658634058,-7.2157,-7.9351248015,0.0,0.2964553171109573,0.03658237731087194,-0.052537349673797924,0.37504948770340835,0.03580076107891244,-0.02226764816938097,0.06156086275420193,0.3734259582183318,0.03879575042519055,0.05814744528992602
434.0,12.186618289074282,1.0716006221824816,-32.15939238891121,0.013871400550693372,-0.016475971201201377,0.13333079320905097,0.8281925057164505,0.7619573732292508,-7.2157,-7.9351248015,0.0,0.3096432489532308,0.03921266241676029,-0.04657544812002996,0.3769089764770763,0.03578590164266794,-0.022195374119927398,0.061005339268655936,0.37464194201624945,0.03884768152199877,0.05830670062927407
435.0,12.18519500781356,1.068119529328006,-32.27228548477216,0.014730189815008893,-0.014244027125653598,0.13396235017745348,0.8442530629797932,0.7446389292892972,-7.2157,-7.9351248015,0.0,0.3234806000387087,0.04164521280140851,-0.040270732980810624,0.37873853973235355,0.03577658151570854,-0.02208820868624358,0.06049890616464573,0.3759189953659401,0.03887429498855885,0.058466540311662984
436.0,12.183741476312518,1.0674915887974115,-32.38571853483387,0.015512857504425992,-0.01189976253950497,0.1345769155460434,0.8611054878442733,0.7295614741182886,-7.2157,-7.9351248015,0.0,0.3379301146791228,0.0438632042600776,-0.033647038578663205,0.3805214309229057,0.03577294961985597,-0.021945860189465913,0.06004508391047787,0.3772587353294703,0.03887490480922916,0.05862788135847836
437.0,12.182251295240532,1.0697809583133635,-32.49966905451932,0.016213666330824387,-0.009452646048284366,0.13516876938485897,0.8786755836197528,0.7168308134071721,-7.2157,-7.9351248015,0.0,0.35295014490619137,0.04585037622029055,-0.026730991544282275,0.382241672122431,0.035775126728898494,-0.021768218728060028,0.05964723110060144,0.37866248704223743,0.03884894657535619,0.05879158683720255
438.0,12.180718003969863,1.0750377381890643,-32.61410896179077,0.016827103242641292,-0.006913123971099083,0.1357326028594164,0.8968837858317765,0.7065430529832339,-7.2157,-7.9351248015,0.0,0.3684946852058304,0.047591094919040275,-0.019551977209122218,0.38388444482360784,0.03578320390558689,-0.021555365934547023,0.05930851922270636,0.3801312721405766,0.038795986239631944,0.0589584429240389
439.0,12.179135116270263,1.0832970736969807,-32.72900509708198,0.017347902624476882,-0.004292595755533178,0.13626365532131646,0.9156453829493331,0.6987836491503324,-7.2157,-7.9351248015,0.0,0.3845134245466483,0.04907041753850321,-0.012142071039228666,0.3854364764824884,0.035797241076665036,-0.021307583955560302,0.05903190621980353,0.3816657988283377,0.0387157285449074,0.05912913659314036
440.0,12.177496157047168,1.0945783046230018,-32.844319882709726,0.017771070122292357,-0.0016033763598763983,0.13675784679784783,0.9348707564379186,0.6936264871443925,-7.2157,-7.9351248015,0.0,0.4009518174786093,0.050274157989258016,-0.0045359337326316,0.38688641420423725,0.03581726577004856,-0.021025363470064812,0.058820109107636014,0.3832664537127119,0.03860802498904546,0.05930423444781447
441.0,12.17579469987114,1.1088841766711526,-32.96001211500677,0.01809190732056788,0.0011413544778966157,0.13721190269060807,0.9544656410067264,0.6911330003301223,-7.2157,-7.9351248015,0.0,0.4177511763410303,0.051188955017462616,0.003229330218910027,0.3882251766072793,0.0358432720370048,-0.020709410569609704,0.058675575992309104,0.3849332955257951,0.03847288118183269,0.059484163223040454
442.0,12.174024405024982,1.1262001295141384,-33.07603787906631,0.01830603748038772,0.0039276157102755265,0.1376234674332718,0.9743314063257039,0.691351342682152,-7.2157,-7.9351248015,0.0,0.43484878683198636,0.05180234326941641,0.011114349431001837,0.38944627473551424,0.03587521957997337,-0.020360652340004212,0.05860045791163396,0.38666605082571626,0.03831046344889653,0.059669192491656343
443.0,12.172179057778104,1.1464936759096205,-33.192351572616566,0.018409432518984428,0.006740700345339168,0.1379912038760813,0.9943653618654404,0.6943156265730566,-7.2157,-7.9351248015,0.0,0.4521780493365639,0.052102827872364595,0.0190776956036106,0.39054609293586534,0.03591303310354396,-0.019980241005653397,0.05859658099232448,0.388464111739042,0.03812110454140002,0.059859420097458815
444.0,12.170252606586269,1.1697138853993494,-33.308907022238174,0.01839844137191606,0.009565261398279946,0.1383148752656334,1.0144610868380397,0.7000452369260507,-7.2157,-7.9351248015,0.0,0.4696686484732987,0.052079962984457336,0.027076122889381403,0.3915241208980649,0.035956601902168706,-0.019569556525496933,0.058665419469909774,0.39032653576445836,0.037905308319228795,0.06005476081636831
445.0,12.16823920090943,1.1957909846790893,-33.425658671985474,0.018269819829366544,0.012385406684764417,0.13859540687637847,1.0345087874682857,0.7085442313962357,-7.2157,-7.9351248015,0.0,0.4872467532828536,0.051724434630989,0.03506483175135522,0.39238312857413205,0.036005779693565255,-0.01913020756223823,0.0588080701552953,0.3922520476067811,0.03766375328944614,0.06025493871133833
446.0,12.166133228341803,1.2246360847979942,-33.5425628215663,0.018020761879144424,0.01518480032787064,0.13883492462487598,1.0543956839809834,0.7198008344578816,-7.2157,-7.9351248015,0.0,0.5048352503401127,0.05102814798134018,0.042997751337829335,0.3931292764561369,0.03606038470163278,-0.018664030783139055,0.05902522894802085,0.39423904295112555,0.0373972949007293,0.060459483597915045
447.0,12.16392935075687,1.2561410429698874,-33.659578888663326,0.01764893252238601,0.017946768542790398,0.13903676835565443,1.074006429734522,0.7337870311557342,-7.2157,-7.9351248015,0.0,0.5223540118141532,0.04998431903572067,0.05082783354547017,0.39377215468242266,0.03612019998725288,-0.018173088489515692,0.05931716998872155,0.3962855940211265,0.03710696651781615,0.06066773197587343
448.0,12.161622539185714,1.29017846403613,-33.77667066782708,0.01715250195575155,0.020654407054764366,0.13920547792132906,1.09322356484845,0.7504582639072624,-7.2157,-7.9351248015,0.0,0.5397202001288676,0.04858757048837047,0.05850735136236799,0.39432474564457903,0.036184974019794154,-0.017659664611282537,0.05968372801019882,0.3983894566946557,0.03679397902692463,0.06087883270927476
449.0,12.159208107169908,1.326601843617023,-33.89380755671128,0.016530180938381156,0.023290687416105422,0.13934675067899696,1.1119280064550376,0.7697532332221521,-7.2157,-7.9351248015,0.0,0.556848610394871,0.04683403132079261,0.0659881938373686,0.394803306151224,0.03625442147670218,-0.017126259140217658,0.06012428438691446,0.4005480788783662,0.036459719052646125,0.061091757654168785
450.0,12.156681742359593,1.3652458518562751,-34.0109657193182,0.01578125708560614,0.025838559534239483,0.13946736957669328,1.1299995773478826,0.7915938006549545,-7.2157,-7.9351248015,0.0,0.5736520512013206,0.04472143946195034,0.07322215015738133,0.39522716673378244,0.03632822425345248,-0.016575581108616594,0.060637757296821075,0.4027586097720012,0.03610574579771632,0.061305317341935554
451.0,12.154039536162598,1.405926753551017,-34.128129155422336,0.014905631756998137,0.028281047916092813,0.13957510159280997,1.147317574307193,0.815884989860028,-7.2157,-7.9351248015,0.0,0.5900417636909889,0.042249246639419216,0.08016117586342887,0.3956184473125756,0.03640603266157572,-0.016010540246086082,0.061222596298662314,0.4050179095886623,0.035733786547900874,0.06151818172910095
452.0,12.151278011290707,1.4484429575322606,-34.2452906454776,0.013903857136255606,0.03060133948043309,0.13967856690199976,1.163761376760238,0.842515079416657,-7.2157,-7.9351248015,0.0,0.6059278781156036,0.03941872434314649,0.08675763521510782,0.39600169013520664,0.036487466788619555,-0.015434237463864253,0.0618767814949633,0.40732255924245175,0.03534573091343206,0.06172890592361356
453.0,12.14839414709312,1.492575685588831,-34.36245254109988,0.012777173036818834,0.03278286128742782,0.1397870797578166,1.1792110957013593,0.8713557792806873,-7.2157,-7.9351248015,0.0,0.6212199063081437,0.03623306963774583,0.09296451511841385,0.3964034126114585,0.03657211799095095,-0.01484995432088949,0.06259782729997701,0.40966886947466913,0.034943623904357055,0.06193596069515867
454.0,12.14538540261359,1.5380897491816956,-34.479627372653155,0.011527542911587904,0.0348093471744238,0.13991046269157628,1.1935482619689133,0.9022624814365373,-7.2157,-7.9351248015,0.0,0.6358272677451583,0.032697509394699446,0.09873560783841784,0.39685158436286394,0.036659550488368484,-0.014261141616907426,0.06338279066826268,0.41205288886875924,0.034529657958185876,0.06213776747490118
455.0,12.142249737355042,1.5847344208350433,-34.59683824753899,0.010157688498612906,0.036664893051233216,0.14005883621814677,1.2066565520808812,0.9350745746969954,-7.2157,-7.9351248015,0.0,0.649659846138048,0.028819401375073408,0.10402566187788918,0.3973750344527337,0.0367493030287002,-0.013671407233813666,0.06422828346997911,0.4144704102071326,0.03410616405282932,0.06233273744935141
456.0,12.138985629782278,1.6322443865550205,-34.714119015471404,0.008671122497220168,0.03833400147109941,0.1402423868062897,1.2184225488939178,0.9696158137342719,-7.2157,-7.9351248015,0.0,0.6626285728207486,0.02460833047667036,0.10879050284393993,0.3980027963476001,0.03684089059100768,-0.013084503306563355,0.06513048853108488,0.4169169746542283,0.033675602044663105,0.06251931425439808
457.0,12.135592093637744,1.680340766026337,-34.831514180284024,0.0070721786399206964,0.03980161702085807,0.14047111641241627,1.228736533401059,1.0056947334024158,-7.2157,-7.9351248015,0.0,0.6746460326239212,0.020076198364725684,0.11298712875224388,0.39876339968156777,0.03693380609777968,-0.012504312749682757,0.06608517869901626,0.41938787331373073,0.03324055036960052,0.062696019678709
458.0,12.132068692185806,1.7287321887408857,-34.949078541634044,0.005366038502918438,0.04105315502374641,0.14075457739601563,1.2374933030498076,1.0431051012703263,-7.2157,-7.9351248015,0.0,0.6856270874705594,0.015237304627578267,0.11657378691558136,0.39968411936341475,0.03702752210964828,-0.011934835096163093,0.06708773815623723,0.4218781458070409,0.03280369523363783,0.06286150168960247
459.0,12.128415550535502,1.7771159166423103,-35.06687655431532,0.003558754379623469,0.042074526972081146,0.14110159714112025,1.2445930110718884,1.0816264040248569,-7.2157,-7.9351248015,0.0,0.6954895126174534,0.010108417531308566,0.11951004219378002,0.40079019400823296,0.0371214924807541,-0.011380171525019411,0.06813318509479586,0.4243825756573424,0.03236781939825465,0.0630145839973731
460.0,12.124633366218726,1.8251790072908693,-35.18498139775705,0.00165726752425593,0.042852166950082385,0.14151999721304648,1.2499420204926228,1.121024366974164,-7.2157,-7.9351248015,0.0,0.7041546403167054,0.004708832381660888,0.12175684879209954,0.402104027126547,0.03721515395897258,-0.010844508866105503,0.06921619479409719,0.42689568244018844,0.0319357906356386,0.06315431627368044
461.0,12.120723418218228,1.872599515865957,-35.30347375366425,-0.00033057894683412303,0.04337306401055959,0.1420163123967505,1.2534537657515903,1.161051510177376,-7.2157,-7.9351248015,0.0,0.711548005688581,-0.000939584571438861,0.12327663981820558,0.403644386003757,0.03730792772282286,-0.010332102281275426,0.07033112212050723,0.4294117108772493,0.03151054988988239,0.06328002403368971
462.0,12.116687574645969,1.9190477393640764,-35.422440295663584,-0.0023960332331062753,0.043624805971503575,0.14259551550442012,1.2550496142321406,1.2014477495850362,-7.2157,-7.9351248015,0.0,0.7175999897790402,-0.006812368840245762,0.12403345026928368,0.40542561478654016,0.03739922085602328,-0.00984725623634499,0.07147202249926349,0.4319246173026491,0.031095099134615268,0.06339135707839631
463.0,12.112528299265362,1.9641875118836478,-35.541971901275,-0.004529434875969705,0.043595640337943185,0.1432607544121572,1.25465971947545,1.2419410567736453,-7.2157,-7.9351248015,0.0,0.7222464551100025,-0.012882449280768269,0.12399308984345017,0.407456879980883,0.03748842777130082,-0.009394303306332143,0.07263267050328057,0.4344280542168945,0.030692488867157558,0.06348833527237754
464.0,12.10824865702908,2.0076775656120986,-35.662161603560854,-0.006720222442251704,0.043274557971126636,0.14401310838625758,1.2522238574500328,1.2822481961169574,-7.2157,-7.9351248015,0.0,0.7254293694951413,-0.01912016094921986,0.12312338178154845,0.40974146835235903,0.03757493160711268,-0.008977580305814331,0.07380657536472608,0.4369153539547586,0.03030580512701665,0.06357139030448043
465.0,12.103852318765872,2.049172977678483,-35.783102307425374,-0.008956949721411272,0.04265140466724749,0.14485137137250592,1.2476922369601415,1.3220755632223393,-7.2157,-7.9351248015,0.0,0.7270974144561437,-0.025493281789650938,0.12139448268949901,0.412276159057733,0.03765810563421205,-0.008601401216082532,0.07498699294613266,0.4393795128204605,0.02993815587573174,0.06364140194886238
466.0,12.099343565093946,2.088326727983817,-35.904884303740026,-0.011227311343650896,0.04171702492746294,0.1457718705133308,1.241026275102416,1.3611201527919767,-7.2157,-7.9351248015,0.0,0.7272065751918404,-0.031967095876558015,0.11877929583694234,0.4150506936320106,0.03773731472317847,-0.008270026400193673,0.07616693400753347,0.44181317737236636,0.02959265652955414,0.06369972721909031
467.0,12.094727289564108,2.1247913970061307,-36.0275926232029,-0.013518178773649268,0.04046344087064515,0.14676832867326317,1.2321993286123345,1.39907068733132,-7.2157,-7.9351248015,0.0,0.7257207096748108,-0.03850448609569279,0.11525398668529745,0.4180473690511909,0.037811916938663516,-0.007987627664375257,0.07733916896990069,0.4442086348526079,0.029272414400398277,0.06374822070052885
468.0,12.090009000943,2.1582210349089768,-36.151304280983744,-0.015815647669250747,0.0388840674517631,0.1478317801165815,1.221197371970989,1.4356089398894751,-7.2157,-7.9351248015,0.0,0.7226120950195016,-0.0450660592695333,0.11079860433592364,0.42124078026898093,0.037881265340502505,-0.007758248846273949,0.07849622979341891,0.44655781003293005,0.028980511778260516,0.063789244272202
469.0,12.085194824436094,2.1882732335734674,-36.2760854725569,-0.01810509760323668,0.0369739629209811,0.14895054859504037,1.2080196132574563,1.4704112838535421,-7.2157,-7.9351248015,0.0,0.7178619497199252,-0.05161030678383019,0.1053978062523484,0.4245977391050106,0.037944710085107115,-0.007585761791434761,0.07963041004655155,0.4488522709615169,0.028719987384154804,0.06382566440899382
470.0,12.080291501523678,2.2146114309716625,-36.4019887903691,-0.020371265113822482,0.03473011084458087,0.15011029685413155,1.1926790389209079,1.5031505003428252,-7.2157,-7.9351248015,0.0,0.7114609306288373,-0.058093803703550384,0.09904167614207848,0.4280773958122269,0.03800160093152279,-0.007473817819660836,0.08073376471677429,0.451083246218376,0.02849381594047752,0.06386083531194157
471.0,12.075306387944401,2.2369074722234674,-36.52905053969632,-0.022598330958719274,0.032151727102067186,0.15129415583049036,1.175202878898007,1.5334978686432272,-7.2157,-7.9351248015,0.0,0.7034096035802402,-0.06447144913069212,0.09172661654134373,0.43163158771391263,0.03805129026380212,-0.007425795078306249,0.08179811177777183,0.4532416562894435,0.02830488564880936,0.06389856627352003
472.0,12.070247449215142,2.2548444434688673,-36.65728823965755,-0.0247700222812922,0.029240582212469265,0.1524829404708937,1.1556329838043329,1.5611255571835638,-7.2157,-7.9351248015,0.0,0.6937188862853034,-0.07069675010233559,0.08345628881743163,0.4352054356237629,0.03809313674329105,-0.007444742520184407,0.08281503794564452,0.45531816152283794,0.028155973435624957,0.06394307197033569
473.0,12.065123252930487,2.2681197832483715,-36.78669840120546,-0.02686973014021475,0.026001326311187387,0.15365545705346448,1.1340261062744834,1.5857093217364884,-7.2157,-7.9351248015,0.0,0.6824104615118831,-0.07672215060924181,0.0742425645094706,0.4387382030437306,0.03812650969930501,-0.0075333216133859245,0.08377591138726881,0.45730322880900315,0.028049717924852377,0.06399890480753057
474.0,12.05994295694885,2.2764486615388235,-36.91725467725067,-0.02888064249495639,0.022441801323853747,0.15478890407001392,1.1104540789078161,1.6069315039775467,-7.2157,-7.9351248015,0.0,0.6695171575612768,-0.08249940629926211,0.06410644381707424,0.4421644251757796,0.03815079435275381,-0.007693747266183389,0.08467190434252461,0.459187218611113,0.027988590221452725,0.06407086902942441
475.0,12.054716292456614,2.2795675993197775,-37.048906480107945,-0.030785892274142898,0.01857332262605259,0.15585936512766724,1.085003881693332,1.6244843076401443,-7.2157,-7.9351248015,0.0,0.6550832916796332,-0.08798000410079249,0.053078890364919355,0.4454153045483183,0.03816539794304142,-0.007927729803749936,0.08549402864299345,0.46096049325516614,0.0279748627386897,0.064163917059449
476.0,12.049453540819046,2.2772382822169126,-37.18157815742043,-0.0325687195872646,0.014410911014629447,0.15684238801626632,1.0577775922415846,1.6380733119016253,-7.2157,-7.9351248015,0.0,0.6391649703152873,-0.09311562437087911,0.041201526921712875,0.44842035772462907,0.03816975679297327,-0.00823642013159498,0.08623318691090678,0.46261354647757347,0.028010576467579117,0.06428302942333171
477.0,12.04416550309064,2.2692515013516523,-37.31516880897572,-0.03421264648863558,0.009973455417766463,0.15771363922341866,1.0288922126550362,1.6474211632251066,-7.2157,-7.9351248015,0.0,0.6218303381265458,-0.09785864128411803,0.02852713532157023,0.45110928356576935,0.0381633442991687,-0.008620360428378614,0.0868802417706577,0.4641371531467825,0.028097507261684997,0.0644330806081451
478.0,12.038863461081,2.255431134269102,-37.44955281294358,-0.03570166199457895,0.005283787669504877,0.15844961801524776,0.998479367441717,1.6522713687984163,-7.2157,-7.9351248015,0.0,0.6031597654706855,-0.10216265511186445,0.015119906110979216,0.45341400857910763,0.03814567977738702,-0.00907944279440882,0.08742610468345367,0.46552253687008077,0.028237131883162254,0.06461869426175601
479.0,12.033559128966974,2.2356380601965222,-37.58458111090939,-0.0370204143313548,0.00036865303063171075,0.15902840908251897,0.9666848675516202,1.652392098273344,-7.2157,-7.9351248015,0.0,0.5832459619231782,-0.10598304791183223,0.0010553899115924052,0.4552708499769582,0.03811633802533795,-0.009612878213348379,0.0878618450275325,0.466761551933299,0.028430594714076475,0.06484409216923642
480.0,12.02826459461591,2.2097738885169225,-37.72008327691348,-0.03815440670348364,-0.0047414359934661145,0.1594304480955366,0.9336681364327275,1.647579887129788,-7.2157,-7.9351248015,0.0,0.5621940013871345,-0.10927755210201907,-0.013579886665281954,0.4566227233935089,0.03807495939354632,-0.01021917794486939,0.08817881882225805,0.4678468747843007,0.02867867616681021,0.06511294236727905
481.0,12.022992250041932,2.1777843688547183,-37.85587036724434,-0.0390901922776045,-0.010012469686229488,0.15963927077247078,0.8996014950140582,1.637663126065551,-7.2157,-7.9351248015,0.0,0.5401212427891673,-0.1120068195967421,-0.028689162690710614,0.4574213110793977,0.03802126008271985,-0.010896149050304931,0.08836881509449335,0.4687721991587911,0.028981763915023346,0.06542821247961175
482.0,12.017754710754417,2.139662347049275,-37.99173851614844,-0.03981556363491004,-0.015407335651484817,0.15964221369261464,0.8646693037809896,1.6225052175824364,-7.2157,-7.9351248015,0.0,0.5171571294668387,-0.1141349778087246,-0.044166545745742886,0.45762909911857663,0.03795504232010103,-0.011640905173531366,0.08842421639945772,0.4695324280622706,0.029339828099670735,0.06579203478337037
483.0,12.01256472416505,2.095450134714626,-38.12747320951602,-0.04031973170937308,-0.02088633117364493,0.15943103446444162,0.8290669616649468,1.6020072843404827,-7.2157,-7.9351248015,0.0,0.4934428503741435,-0.11563015802892566,-0.05989845844365097,0.45722118993051014,0.0378762040144906,-0.012449892985049567,0.08833816855045357,0.4701238552630364,0.02975240163316081,0.06620558957006813
484.0,12.007435067678768,2.0452411717542542,-38.26285413592456,-0.04059348924111587,-0.026407779124793973,0.1590024202557839,0.7929997633654602,1.576110324385394,-7.2157,-7.9351248015,0.0,0.46913084736886024,-0.11646498161132958,-0.07576538917107978,0.4561867998400654,0.03778474745706665,-0.013318933895085462,0.08810475331340581,0.4705443287993762,0.030218566623047588,0.06666901299284358
485.0,12.002378437579175,1.9891808812150087,-38.397660484303245,-0.04062935405754135,-0.03192872584075592,0.1583583572099159,0.7566816189760142,1.5447967259774122,-7.2157,-7.9351248015,0.0,0.44438415523759645,-0.11661699008755877,-0.09164388632924121,0.4545303611491475,0.03768078662899652,-0.014243279811482414,0.08771915681778222,0.4707933893128826,0.03073694776400311,0.06718133477791684
486.0,11.997407330299156,1.9274666436272843,-38.53167653205993,-0.04042168804916879,-0.037405693054403416,0.15750633880597656,0.7203336423833351,1.508091078820427,-7.2157,-7.9351248015,0.0,0.41937556480685734,-0.11606900682425544,-0.1074087167541444,0.45227216368343415,0.037564552701566896,-0.015217680927849989,0.08717782584814598,0.47087237680504607,0.031305713308365936,0.06774044994928839
487.0,11.992533918107426,1.8603468521836846,-38.66469734871226,-0.03996678850706247,-0.04279545121241507,0.15645939846400342,0.6841826178016591,1.4660602477692368,-7.2157,-7.9351248015,0.0,0.39428660441444774,-0.11480942005003622,-0.12293509481275354,0.44944849136065923,0.03743639737191759,-0.016236462844790175,0.08647860410555014,0.47078450064883315,0.03192258393240803,0.06834312714264362
488.0,11.987769921606645,1.7881190488042151,-38.79653442939438,-0.03926294948462481,-0.04805577881129225,0.1552359601413842,0.6484593568964476,1.4188127078185673,-7.2157,-7.9351248015,0.0,0.36930634098564785,-0.11283237988305028,-0.13810088038686172,0.44611123351906495,0.037296793766000064,-0.017293609812269482,0.0856208410183496,0.47053486930002003,0.03258484948414152,0.06898505427792878
489.0,11.983126481696642,1.7111271818686284,-38.92702107098512,-0.03831049196881952,-0.05314617209584899,0.15385950967134418,0.613396962114426,1.3664971732022448,-7.2157,-7.9351248015,0.0,0.3446300086663836,-0.11013790519041305,-0.15278864255489108,0.4423269767096155,0.03714633475519058,-0.01838285057952547,0.08460546673880291,0.4701304780350755,0.033289393249778844,0.06966092046020377
490.0,11.978614033782595,1.629758066418541,-39.05601731122836,-0.03711176281250253,-0.05802847167635142,0.15235809843218362,0.5792290149069095,1.3093005864106702,-7.2157,-7.9351248015,0.0,0.3204574800078708,-0.10673189947393177,-0.1668874916256934,0.438175608312115,0.03698572866599308,-0.019497743274915793,0.08343502853015382,0.46958015505532963,0.03403272303315986,0.0703645311393715
491.0,11.974242186988072,1.544437164154427,-39.183414267552585,-0.035671103504928914,-0.06266737721084349,0.15076369889229016,0.5461877103333315,1.2474455625456302,-7.2157,-7.9351248015,0.0,0.2969916016087968,-0.10262607825655674,-0.1802945949481078,0.43374848660429643,0.03681579250295361,-0.020631755913149946,0.08211368572139657,0.46889446828861364,0.03481100802928487,0.07108895193180634
492.0,11.970019610964062,1.4556238310078713,-39.30913773610924,-0.03399479086232698,-0.06703082791578704,0.14911143802475588,0.5145019618858514,1.1811874085882819,-7.2157,-7.9351248015,0.0,0.27443642241958943,-0.09783781340963424,-0.19291631064528228,0.42914625095915915,0.0366374429414519,-0.021778339519829604,0.08064716263444763,0.46808559703898506,0.03562012021148803,0.07182667522002471
493.0,11.96595393257776,1.3638062023509399,-39.43315094103542,-0.032090952540241816,-0.0710902347782656,0.14743873906301283,0.4843955021291137,1.1108108542028214,-7.2157,-7.9351248015,0.0,0.2529953481481184,-0.09238990232124115,-0.20466889659700227,0.4244763592890245,0.036451685467656945,-0.022930991432230218,0.07904266119614606,0.46716717414976994,0.03645567875990507,0.07256980279341568
494.0,11.962051644340937,1.269495898553015,-39.555456356930435,-0.029969460861115106,-0.07482055929566479,0.14578440432283843,0.45608500578506206,1.0366266395483636,-7.2157,-7.9351248015,0.0,0.23286925900465127,-0.08631027162918584,-0.21547877775256558,0.41985044691708423,0.036259602137255806,-0.02408330702635031,0.07730873715432669,0.4661541054532218,0.037313095949502675,0.0733102374207125
495.0,11.958318025929165,1.1732227359096452,-39.67609656169651,-0.02764180879611932,-0.07820024266947048,0.14418767182555367,0.4297782621451074,0.9589681057814424,-7.2157,-7.9351248015,0.0,0.21425463012820278,-0.07963162636764878,-0.22528238119456886,0.41538160162824117,0.03606233848479308,-0.02522901887270039,0.07545514575549965,0.46506237391987104,0.03818762289545806,0.07403987635083142
496.0,11.954757079588216,1.0755296200292728,-39.79515411000109,-0.02512097204639065,-0.0812109979653861,0.14268727642289078,0.4056724231507949,0.8781879257037207,-7.2157,-7.9351248015,0.0,0.19734169432555204,-0.07239105581457515,-0.23402557335810956,0.4111816442645697,0.035861090137163966,-0.0263620230773589,0.07349266427416279,0.4639088360739769,0.0390743936218994,0.07475080027397239
497.0,11.9513714796638,0.9769677813780333,-39.9127504477436,-0.022421261064226483,-0.08383748525433599,0.14132054243085845,0.3839523521930108,0.794655096129166,-7.2157,-7.9351248015,0.0,0.18231268524886735,-0.06462960715236096,-0.24166275577044669,0.40735849396257134,0.03565708966726248,-0.027476393268041903,0.07143289981564249,0.4627110179321396,0.039968466070536474,0.07543545215275292
498.0,11.948162535965357,0.8780924872542522,-40.02904391358861,-0.019558166584748172,-0.08606689574051334,0.1401225299407207,0.3647890967266208,0.708752291266154,-7.2157,-7.9351248015,0.0,0.16934019598809813,-0.05639183739059642,-0.24815569334076906,0.40401368343687416,0.035451594169814166,-0.028566383296653258,0.06928809129905145,0.4614869170092436,0.04086485888693584,0.0760868014418364
499.0,11.945130170219072,0.7794593328233006,-40.14422689395939,-0.01654820185785058,-0.0878884750988197,0.13912525156380773,0.34833850529957205,0.6208736493101409,-7.2157,-7.9351248015,0.0,0.15858568351315971,-0.04772535299985746,-0.2534721617938476,0.4012400742456937,0.03524587395681386,-0.029626420223405496,0.0670709144656588,0.46025481590455763,0.04175858309875093,0.07669849043158843
500.0,11.942272904507792,0.681621178056357,-40.25852221256192,-0.013408744336295651,-0.08929301858303391,0.13835697095158556,0.33474000668201637,0.5314230342675366,-7.2157,-7.9351248015,0.0,0.15019814378882046,-0.03868034553213252,-0.2575845079728819,0.39911980637144656,0.03504120266266026,-0.030651089510723446,0.06479429819361579,0.4590331117306892,0.042644668114530625,0.07726496065783078
