,V(m/s),alpha(deg),beta(deg),p(deg/s),q(deg/s),r(deg/s),phi(deg),theta(deg),elevator(deg),aileron(deg),rudder(deg),gamma(deg),pb,qc,rb,CD_act,CL_act,Cm_act,CY_act,Cr_act,Cn_act
1.0,12.278080129592574,2.9887523459269363,8.767339703936885,0.0171140914548955,-0.003893368738083588,-0.291423174091675,-0.01475674994858083,3.3599144924245787,-7.2157,0.0,7.5938950253,-0.37116214649764245,0.04801894468827792,-0.010924065620300717,-0.8176790053080838,0.03964703662814339,-0.0024626792870216796,0.10808814873679237,-0.09584877709593678,0.0013834435549192755,-0.0006804122288685752
2.0,12.278021942893265,2.9826088856813673,9.053819673760838,0.017092879132313017,-0.007851258800573163,-0.2913243765590922,-0.014745070497743913,3.3539660740851214,-7.2157,0.0,7.5938950253,-0.3713571884037541,0.04795965415658994,-0.022029270426275928,-0.8174056716252909,0.03964566374629586,-0.0028007224254698315,0.10868468568095524,-0.09946658674519371,0.0013883846961838056,-0.0013788791449078491
3.0,12.277935970608311,2.972520908241926,9.33996901140598,0.017057858910462496,-0.011793796601679488,-0.29115951431007675,-0.014713318831240925,3.344067189063518,-7.2157,0.0,7.5938950253,-0.37154628082159213,0.0478617286221536,-0.03309157939090705,-0.8169488171296585,0.03963620323406301,-0.003176350579489097,0.10917636399610897,-0.10304680300948046,0.0013964995519578488,-0.0020952951379786533
4.0,12.277830375676139,2.9585063993748744,9.625723365021786,0.017009369836093736,-0.015716327722555015,-0.29092944159182055,-0.014651245969431351,3.3302356716436776,-7.2157,0.0,7.5938950253,-0.37172927226880326,0.04772608619958718,-0.04409797769438592,-0.8163102890469994,0.03961863559558723,-0.00358888946280516,0.10956263400932587,-0.1065866460313993,0.0014077706602515197,-0.002829541065145262
5.0,12.27771328883242,2.940587742247095,9.911019511529602,0.016947738879730306,-0.019614321162571884,-0.2906352421997154,-0.014548512773965065,3.312494000738167,-7.2157,0.0,7.5938950253,-0.37190625849107173,0.04755361121991404,-0.0550357666899762,-0.8154925806002715,0.03959295150779116,-0.00403763315058718,0.10984308385812129,-0.11008342225656598,0.001422176972061713,-0.0035814454492393913
6.0,12.277592797721528,2.9187916015346436,10.195795575094541,0.01687327923464434,-0.02348337263547114,-0.2902782195301829,-0.01439476512691245,3.2908691745520833,-7.2157,0.0,7.5938950253,-0.3720775730174397,0.04734514975454897,-0.06589257361932668,-0.8144988050646714,0.0395591518278179,-0.004521846394430068,0.11001743785825485,-0.11353453098843622,0.001439693969037108,-0.004350786561668551
7.0,12.277476936171022,2.8931488065357684,10.479991235098826,0.016786288868859203,-0.027319206959738662,-0.28985988638060456,-0.014179707903885988,3.2653925819263083,-7.2157,0.0,7.5938950253,-0.3722437753905399,0.04710150583370188,-0.07665635901056007,-0.8133326690594509,0.039517247583481546,-0.005040766838593447,0.11008555465030559,-0.11693747051342568,0.0014602937795791986,-0.005137294582564057
8.0,12.277373673643888,2.8636942340260974,10.763547923499114,0.016687049336143907,-0.031117679601167035,-0.2893819545883913,-0.013893177189332286,3.2360998712549853,-7.2157,0.0,7.5938950253,-0.372405637228888,0.04682343837625806,-0.08731542190993986,-0.8119984453166236,0.039467259947804874,-0.005593607131725457,0.11004742515260527,-0.12028984379461348,0.001483945292623921,-0.005940653819580602
9.0,12.277290904881278,2.8304666915159764,11.046409011534426,0.01657582484863875,-0.03487477743233318,-0.28884632458951637,-0.013525210214151552,3.2030308178159217,-7.2157,0.0,7.5938950253,-0.3725641262999453,0.04651165883904963,-0.09785840311613078,-0.8105009451354256,0.0394092201987338,-0.006179556930125587,0.10990317034780343,-0.12358936373470598,0.0015106142684701536,-0.006760504968770776
10.0,12.277236439746565,2.7935088014885117,11.328519985822279,0.016452861610504455,-0.03858661877856097,-0.2882550749647858,-0.013066112530830168,3.1662291902902155,-7.2157,0.0,7.5938950253,-0.3727203888017039,0.046166829584458086,-0.10827428659905046,-0.808845490699197,0.03934316966510277,-0.006797784790276172,0.10965303892952818,-0.1268338580109472,0.0015402634461452118,-0.007596447403147556
11.0,12.27721799327963,2.7528668871136537,11.609828613938491,0.01631838740885959,-0.04224945282289071,-0.2876104520300259,-0.012506521978852747,3.1257426171805354,-7.2157,0.0,7.5938950253,-0.3728757300668817,0.045789562956602685,-0.11855239929317056,-0.8070378873990822,0.03926915965988596,-0.007447439949873763,0.10929740483435957,-0.13002127348631518,0.001572852646920702,-0.008448041476754875
12.0,12.277243175968557,2.7085908598506188,11.890285099620959,0.016172611455302334,-0.04585965844372944,-0.28691485951450857,-0.011837469032830587,3.08162245376802,-7.2157,0.0,7.5938950253,-0.37303159391740115,0.0453804210480837,-0.1286824094580861,-0.8050843962773467,0.03918725140170974,-0.00812765399790659,0.1088367646827072,-0.1331496802026648,0.001608338873712229,-0.009314810834233196
13.0,12.27731948424422,2.6607341092698333,12.169842227770186,0.016015724468536892,-0.049413742558329275,-0.2861708483605588,-0.011050433167118975,3.0339236501773543,-7.2157,0.0,7.5938950253,-0.373189540907521,0.04493991613146171,-0.13865432379755618,-0.8029917066728622,0.039097515925525524,-0.008837542435443435,0.10827173515025133,-0.1362172749625078,0.0016466764062111534,-0.01019624471794282
14.0,12.277454291201725,2.609353395348023,12.448455499440048,0.015847898986071546,-0.05290833804318755,-0.28538110666661054,-0.010137394913310803,2.982704621049864,-7.2157,0.0,7.5938950253,-0.3733512257018412,0.04446851172245137,-0.14845848352243426,-0.8007669091230176,0.0390000339832548,-0.009576206129719385,0.1076030502894368,-0.13922238450689348,0.0016878168917037785,-0.01109180026664737
15.0,12.277654837551314,2.554508743417518,12.726083257022177,0.015669289890649397,-0.056340201299059096,-0.2845484497861863,-0.009090883330540119,2.928027117256841,-7.2157,0.0,7.5938950253,-0.37351837383932285,0.04396662423526253,-0.15808555953342698,-0.7984174685504674,0.038894895935122714,-0.010342732664827239,0.10683155881817744,-0.1421634682974189,0.0017317094316312669,-0.012000904801524468
16.0,12.277928222800105,2.4962633418845233,13.002686799827657,0.015480035135033546,-0.05970620952371124,-0.2836758105865126,-0.007904018652692548,2.869956100021054,-7.2157,0.0,7.5938950253,-0.3736927581365306,0.04343462518469458,-0.16752654688697635,-0.795951197740152,0.038782201632298764,-0.011136197592857746,0.10595822139050387,-0.14503912091079957,0.0017783006640306985,-0.012922958096830396
17.0,12.278281396664966,2.43468344277204,13.278230490261441,0.015280256647011017,-0.06300335775004315,-0.28276622986286876,-0.00657054992111784,2.808559617754558,-7.2157,0.0,7.5938950253,-0.3738761749825179,0.04287284388452866,-0.1767727586923142,-0.7933762310922249,0.03866206029136683,-0.01195566558968594,0.10498410786144342,-0.14784807405471234,0.0018275348420728514,-0.013857334633875201
18.0,12.278721150715933,2.3698382650921297,13.552681850769613,0.015070061395013965,-0.06622875570094532,-0.2818228468983706,-0.005084887456017001,2.7439086858663453,-7.2157,0.0,7.5938950253,-0.3740704207742156,0.042281570587500504,-0.1858158195704717,-0.790700998620103,0.0385345903610558,-0.012800191519790893,0.10391039455601842,-0.15058919821383765,0.001879353908974644,-0.014803385838051637
19.0,12.27925411024883,2.3017999010098382,13.82601165171849,0.014849542593588243,-0.0693796245055057,-0.2808488901537565,-0.003442130064098274,2.6760771697447705,-7.2157,0.0,7.5938950253,-0.3742772687349323,0.04166106000869694,-0.19464765878733303,-0.7879342001499512,0.03839991938158,-0.013668821414537138,0.10273836154995453,-0.15326150393520444,0.001933697569613147,-0.015760442299494422
20.0,12.279886726385092,2.2306432247277,14.098193990339084,0.014618781027069436,-0.07245329331408598,-0.2798476680678832,-0.001638086924145737,2.605141671077439,-7.2157,0.0,7.5938950253,-0.37449844634973894,0.041011535171611074,-0.20326050315327546,-0.7850847796685325,0.038258183836869554,-0.014560593368256516,0.10146938996755073,-0.1558641427621373,0.0019905033592034827,-0.01672781597852628
21.0,12.280625268396323,2.156445803995456,14.369206360841988,0.014377846469252381,-0.07544719584259568,-0.27882255994702615,0.00033070586438354666,2.531181417635651,-7.2157,0.0,7.5938950253,-0.3747356136401949,0.040333191514313346,-0.21164686976209923,-0.7821618997604498,0.03810952899991524,-0.01547453835626992,0.10010495930023114,-0.15839640782633566,0.002049706709424763,-0.017704802397379434
22.0,12.281475816250717,2.079287814134345,14.639029715777665,0.014126799176555453,-0.07835886686917054,-0.27777700691966817,0.002466974041919864,2.4542781566215774,-7.2157,0.0,7.5938950253,-0.3749903424872323,0.039626201192236296,-0.2197995586223461,-0.779174916073231,0.03795410877141477,-0.01640968097869727,0.09864664474760695,-0.16085773410792348,0.0021112410123868717,-0.018690682819776865
23.0,12.282444253378147,1.9992519544588063,14.907648518686578,0.013865691432175978,-0.0811859386995894,-0.2767145029331736,0.004772699188953346,2.3745160516540302,-7.2157,0.0,7.5938950253,-0.3752640971952239,0.03889071751390884,-0.22771164521521126,-0.7761333517492611,0.037792085511886744,-0.017365040133543362,0.09709611458146022,-0.16324769837371067,0.002175037682826917,-0.019684726419834438
24.0,12.2835362596505,1.9164233669801916,15.175050788053893,0.013594569118995424,-0.08392613761129265,-0.2756385857694926,0.007249117855699129,2.2919815834526447,-7.2157,0.0,7.5938950253,-0.37555821647245313,0.03812687944658029,-0.23537647299551312,-0.7730468717669743,0.037623629867416485,-0.018339629622135374,0.09545512753193612,-0.1655660188044208,0.0022410262189083963,-0.020686192441424056
25.0,12.284757304573635,1.8308895572865422,15.44122813255562,0.013313473299507293,-0.08657728027992984,-0.27455282805870274,0.009896725671910123,2.2067634542701517,-7.2157,0.0,7.5938950253,-0.3758738969836095,0.037334816130007754,-0.242787645835963,-0.7699252571396712,0.03744892058921485,-0.01933245868954258,0.09372553019441186,-0.1678125543222767,0.0023091342619695706,-0.021694332348644464
26.0,12.286112640687143,1.7427403175088592,15.706175777557883,0.013022441781789813,-0.08913727018707528,-0.27346082827165347,0.012715286249807757,2.118952496117607,-7.2157,0.0,7.5938950253,-0.376212178608748,0.03651465133869783,-0.24993902040059754,-0.7667783789284529,0.037268144347204574,-0.020342532502149603,0.0919092544550016,-0.1699873036310999,0.0023792876555313353,-0.022708391967409924
27.0,12.28760729716797,1.652067651306753,15.96989258280942,0.012721510651510122,-0.0916040940031967,-0.27236620167608977,0.01570384465715172,2.0286415828273454,-7.2157,0.0,7.5938950253,-0.3765739315205925,0.03566650783554357,-0.25682469842094174,-0.7636161720356963,0.0370814955378995,-0.021368852564093873,0.0900083149324502,-0.17209040398196407,0.002451410503830446,-0.023727613617415794
28.0,12.289246073633722,1.5589657008339415,16.23238105124995,0.012410715751106567,-0.09397581793620785,-0.27127257124425963,0.018860745203450244,1.9359255460023117,-7.2157,0.0,7.5938950253,-0.3769598451683702,0.03479051156302562,-0.26343901883845156,-0.7604486087568011,0.036889176086906554,-0.022410417073831627,0.08802480643425724,-0.17412212967844698,0.0025254252300925878,-0.024751238232907688
29.0,12.291033534141317,1.4635306756757545,16.49364732884423,0.01209009408862886,-0.09625058403302339,-0.2701835585040027,0.02218365325041744,1.8409010949075444,-7.2157,0.0,7.5938950253,-0.37737041923178993,0.03388679562189172,-0.26977654976915727,-0.7572856720802335,0.03669139524645745,-0.0234662212216753,0.08596090142523174,-0.17608289033662888,0.0026012526347030797,-0.02577850746979788
30.0,12.292974001376356,1.365860783785556,16.75370119534369,0.011759685160200177,-0.0984266064194825,-0.26910277432953694,0.025669580728204505,1.7436667403691184,-7.2157,0.0,7.5938950253,-0.3778059565835623,0.03295550399142938,-0.2758320802412442,-0.754137328738724,0.03648836938846335,-0.024535257428757458,0.08381884750728653,-0.1779732289161739,0.002678811953372398,-0.026808665795771895
31.0,12.295071551028327,1.266056164483747,17.012556045874767,0.011419532171677719,-0.10050216746281394,-0.2680338096724582,0.029314915011853196,1.644322722757024,-7.2157,0.0,7.5938950253,-0.37826655827327715,0.03199679495003787,-0.2816006116535664,-0.751013502027477,0.036280321793678634,-0.025616515527530696,0.0816009649101058,-0.17979381954008083,0.0027580209153308327,-0.027840962559137872
32.0,12.297330006346352,1.1642188236206794,17.27022886325525,0.011069683146806042,-0.10247561384045777,-0.26698022623771683,0.03311545078801956,1.5429709441404413,-7.2157,0.0,7.5938950253,-0.3787521205197619,0.031010844159721048,-0.28707734890271924,-0.7479240444179962,0.036067482437656055,-0.02670898288361291,0.07930964399332754,-0.18154546512197872,0.0028387958015228167,-0.028874654031323173
33.0,12.29975293286979,1.060452571042406,17.52674018094728,0.010710191910957711,-0.10434535249949826,-0.2659455471134026,0.03706642452045779,1.4397149047159088,-7.2157,0.0,7.5938950253,-0.3792623336735028,0.02999784738329745,-0.29225769112819056,-0.7448787100082892,0.03585008777427189,-0.02781164445853728,0.07694734276203555,-0.1832290948211388,0.002921051502708401,-0.029909005417140075
34.0,12.302343633327533,0.9548629605346718,17.782114036567386,0.010341118941416285,-0.10610984649214172,-0.26493324736694596,0.041162551104187914,1.334659643620257,-7.2157,0.0,7.5938950253,-0.3797966830855851,0.028958022808490864,-0.2971372220290963,-0.7418871268614234,0.03562838051769248,-0.028923482812766414,0.0745165843986127,-0.18484576134665415,0.003004701577318222,-0.030943292826250572
35.0,12.305105142699244,0.8475572324550668,18.03637791589028,0.009962532077055691,-0.10776761067452445,-0.263946744623723,0.04539806228282564,1.2279116842502082,-7.2157,0.0,7.5938950253,-0.3803544517951415,0.027891612958561227,-0.3017116997118949,-0.7389587692944025,0.03540260942374014,-0.030043478048180416,0.07201995481533212,-0.18639663813346857,0.003089658308850499,-0.03197680519867958
36.0,12.308040223431227,0.7386442592949156,18.28956268730291,0.009574507082186856,-0.10931720725857996,-0.2629893896469507,0.049766746391336714,1.1195789842186465,-7.2157,0.0,7.5938950253,-0.3809347249237309,0.026798886174697938,-0.3059770460360263,-0.7361029301878341,0.035173029071693826,-0.031170607689147083,0.06946010023340737,-0.18788301641409122,0.003175832762545185,-0.03300884617677093
37.0,12.311151360798943,0.628234494440573,18.54170252668852,0.009177128061257566,-0.11075724120964366,-0.26206445694010067,0.054261988977573485,1.0097708900832054,-7.2157,0.0,7.5938950253,-0.3815363956426324,0.025680137660967415,-0.3099293354333845,-0.7333286933936763,0.034939899647624416,-0.03230384650122595,0.06683972479555586,-0.18930630221088185,0.0032631348410224518,-0.034038735915668084
38.0,12.314440758407512,0.5164399244276634,18.792834832746134,0.008770487722986497,-0.1120863554858353,-0.2611751353947918,0.05887681385041363,0.8985980969855882,-7.2157,0.0,7.5938950253,-0.38215817255792484,0.024535690088126883,-0.313564783187635,-0.7306449063233077,0.03470348673041505,-0.03344216624654216,0.06416158822040721,-0.19066801327471217,0.0033514733385310276,-0.03506581282423696
39.0,12.31791033382083,0.40337402500093006,19.04300013277832,0.008354687494370247,-0.1133032261189416,-0.2603245190082023,0.0636039241001764,0.7861726133395558,-7.2157,0.0,7.5938950253,-0.38279858833862573,0.023365893758034682,-0.3168797331703579,-0.7280601528011591,0.03446406108165018,-0.03458453537488701,0.06142850350827921,-0.19196977599657133,0.0034407559934173096,-0.03608943522833984
40.0,12.32156171430923,0.28915172130631567,19.29224197900873,0.007929837486807763,-0.11440655714042787,-0.2595155976944462,0.06843574263823655,0.6726077307015538,-7.2157,0.0,7.5938950253,-0.3834560093952381,0.022171126335655628,-0.3198706450425548,-0.7255827262700915,0.03422189844057224,-0.035729918649653955,0.058643334708915154,-0.1932133223192737,0.0035308895383991076,-0.037108982948517874
41.0,12.32539623270491,0.17388935255038046,19.540606835519654,0.007496056318325862,-0.11539507536025076,-0.25875124821408013,0.07336445180735607,0.5580179989503136,-7.2157,0.0,7.5938950253,-0.3841286463999331,0.02095179216073391,-0.3225340809419328,-0.7232206034335997,0.03397727932529975,-0.036877276707796405,0.055808994762701535,-0.19440048667682064,0.003621779748208835,-0.0381238587844426
42.0,12.329414923353683,0.057704641464974935,19.788143955928373,0.007053470797550655,-0.11626752501023746,-0.25803422524494923,0.07838203162214505,0.44251920689036417,-7.2157,0.0,7.5938950253,-0.3848145654253892,0.019708321156047575,-0.32486669168833365,-0.7209814184167758,0.03373048884147531,-0.03802556555309278,0.05292844342764096,-0.19553320298915552,0.0037133314841600834,-0.039133489898950914
43.0,12.333589398476903,-0.05928242271343574,20.034882494739968,0.006602641317362842,-0.11702257963767657,-0.25736664240653595,0.08348037599669249,0.32622838482018857,-7.2157,0.0,7.5938950253,-0.3855108075336243,0.018442400345453327,-0.3268657434806291,-0.7188727096752611,0.033578375258755296,-0.03923455197789423,0.050052639149870834,-0.19820891567894178,0.0038197228745588895,-0.039900803966139084
44.0,12.337766185471914,-0.1769468784734296,20.280753493169534,0.00614595671883752,-0.11765883547161392,-0.25674813342843106,0.0886527353961053,0.20926397871623925,-7.2157,0.0,7.5938950253,-0.38621085718966885,0.017160984069650213,-0.3285316661917322,-0.7169023195645148,0.03351977518278697,-0.040502781084862584,0.04718455151414237,-0.2024586808446112,0.0039407754863473796,-0.040424022090507834
45.0,12.341917415267451,-0.2951671587230157,20.52578379286023,0.005683958265493589,-0.11817566602202535,-0.2561801462314136,0.09389368702202419,0.09174542011719652,-7.2157,0.0,7.5938950253,-0.38691257884021224,0.015865635432305385,-0.3298637932403108,-0.7150757650310328,0.03346080029998246,-0.04176992408748646,0.0442807073427338,-0.20674602273005843,0.004062517692709245,-0.040931744733316414
46.0,12.346042969663236,-0.41382203083498736,20.770023574312496,0.005216769344181388,-0.1185725494459268,-0.2556644379099777,0.09919777220081837,-0.02620733189676694,-7.2157,0.0,7.5938950253,-0.3876146989382204,0.014556704876910938,-0.3308610166390504,-0.7133977994115941,0.033401549921545495,-0.04303464814110701,0.041344101247500764,-0.21107003338663138,0.0041848289493470175,-0.04142397918936231
47.0,12.350142615052635,-0.532789700254549,21.013524791646997,0.004744503177599086,-0.11884894475914749,-0.25520260400505895,0.1045594244777349,-0.1444737967420287,-7.2157,0.0,7.5938950253,-0.38831590351252027,0.013234513929343151,-0.3315221754575003,-0.7118727274662174,0.0333421243025756,-0.04429561273563874,0.03837773861319327,-0.2154297493267481,0.004307587954460717,-0.04190077071405074
48.0,12.354216001438648,-0.6519477896562942,21.25634101133943,0.004267262663814336,-0.11900428463890808,-0.25479607595631926,0.10997297621199552,-0.26293294919252935,-7.2157,0.0,7.5938950253,-0.38901484046376483,0.011899354742646955,-0.3318460358255817,-0.7105043991195422,0.03328262453344891,-0.045551469176186396,0.035384634824916605,-0.2198241497825553,0.004430672627373939,-0.0423622027756965
49.0,12.358262661598827,-0.7711733099867064,21.498527248525253,0.003785140204981848,-0.11903796853911086,-0.25444611869764366,0.1154326621149096,-0.3814631892902779,-7.2157,0.0,7.5938950253,-0.3897101206964285,0.010551489609200026,-0.3318312717947871,-0.7092962036137678,0.0332231524379661,-0.04680085999389942,0.03236781475660182,-0.22425215464676837,0.004553960079356152,-0.042808397317172384
50.0,12.362282010393445,-0.8903426235599861,21.740139801036044,0.003298217532507686,-0.11894935613131,-0.2541538283560285,0.12093261958908247,-0.4999423056463318,-7.2157,0.0,7.5938950253,-0.39040031791365426,0.009191150460680485,-0.33147644708949753,-0.7082510639624638,0.03316381047778781,-0.048042418289899726,0.0293303125183481,-0.22871262208456994,0.004677326576705704,-0.04323951503413563
51.0,12.366273344211832,-1.0093313993916018,21.981236081289797,0.0028065655364906588,-0.11873776108496578,-0.2539201300130802,0.126466885748667,-0.6182474324864219,-7.2157,0.0,7.5938950253,-0.3910839669051799,0.007818538377801443,-0.3307799977825722,-0.7073714315917979,0.033104701662587326,-0.04927476701541106,0.026275171460192887,-0.23320434580609045,0.004800647496162905,-0.043655755677084934
52.0,12.370235840552612,-1.1280145609719674,22.221874446116654,0.0023102441077799338,-0.11840244520153824,-0.2537457754874022,0.1320293910225395,-0.7362550008093526,-7.2157,0.0,7.5938950253,-0.3917595601626148,0.00643382313311363,-0.3297402159319522,-0.7066592810530035,0.03304592946526035,-0.050496518191542335,0.023205444429578295,-0.23772605198963337,0.004923797272728948,-0.044057358384516444
53.0,12.374168557734357,-1.246266226702329,22.46211402455943,0.0018093020014294746,-0.11794261291825585,-0.25363134109525376,0.13761394926421291,-0.8538406840413773,-7.2157,0.0,7.5938950253,-0.39242554266095175,0.005037142791326076,-0.328355234218488,-0.7061161046873036,0.032987597741443365,-0.05170627207253499,0.020124194279509587,-0.24227639584644575,0.005046649339974609,-0.04444460205445115
54.0,12.378070434734227,-1.3639596432365904,22.70201454364455,0.0013037767307086626,-0.117357406199023,-0.2535772253460592,0.14321424431419302,-0.9708793385862717,-7.2157,0.0,7.5938950253,-0.3930803046503186,0.0036286033925672857,-0.3266230116296111,-0.7057429071221235,0.032929810652503576,-0.05290261625668129,0.01703449462414072,-0.24685395781848127,0.005169076062933183,-0.04481780576158721
55.0,12.381940291153146,-1.480967111996732,22.94163615207426,0.0007936945011498115,-0.11664589983192401,-0.25358364652865845,0.148823812982323,-1.0872449396891681,-7.2157,0.0,7.5938950253,-0.3937221723075639,0.002208278744822193,-0.3245413202388766,-0.7055401994753677,0.03287267259107617,-0.05408412474956066,0.01393943083826853,-0.2514572394012803,0.005290948663685274,-0.04517732922728193
56.0,12.38577682730733,-1.5971599091560411,23.181039241744717,0.0002790701943832614,-0.11580709715516374,-0.253650640143676,0.15443602443946108,-1.2028105130527456,-7.2157,0.0,7.5938950253,-0.39434939610329556,0.0007762103524509761,-0.3221077331378593,-0.7055079931429169,0.03281628810813665,-0.05524935698472952,0.010842101296964224,-0.2560846585848079,0.005412137139759583,-0.04552357334947571
57.0,12.389578624447187,-1.7124081994139633,23.42028426694777,-0.00024009258826397802,-0.11483992623607758,-0.2537780561370821,0.1600440560296372,-1.3174480626674978,-7.2157,0.0,7.5938950253,-0.39496013674646546,-0.0006675924917553922,-0.31931961358446903,-0.7056457930434715,0.03276076184050827,-0.05639685680754251,0.007745618851315868,-0.2607345449058798,0.005532510175494111,-0.04585698079952455
58.0,12.393344145106061,-1.8265809439194602,23.659431561066253,-0.0007638014122423732,-0.11374323653106855,-0.2539655558899889,0.16564086553571086,-1.4310284953439245,-7.2157,0.0,7.5938950253,-0.39555244857553573,-0.002123152423080282,-0.31617410544051167,-0.7059525901945527,0.03270619843761638,-0.05752515142838549,0.004653112535987776,-0.2654051341066799,0.005651935046526875,-0.04617803669269255
59.0,12.397071733582738,-1.939545802736782,23.89854115052455,-0.0012920748160054677,-0.11251579605800875,-0.25421260892001823,0.17121915995360845,-1.5434215424640536,-7.2157,0.0,7.5938950253,-0.3961242602727284,-0.0035905235016757023,-0.3126681249813333,-0.7064268534940297,0.03265270248621244,-0.05863275035226953,0.0015677295040172588,-0.27009456239487806,0.0057702775176150314,-0.046487269338761475
60.0,12.40075961656329,-2.0511690322890956,24.13767256570794,-0.0018249420265301888,-0.11115628911679691,-0.2545184892502626,0.17677136085259226,-1.6544956795031411,-7.2157,0.0,7.5938950253,-0.3966733527859545,-0.005069790461061159,-0.30879835417170226,-0.7070665205831584,0.032600378431701243,-0.059718144292476655,-0.0015073628160458055,-0.2748008603020112,0.005887401734016707,-0.04678525107881979
61.0,12.404405903889481,-2.1613153782620267,24.37688464851616,-0.0023624425735539792,-0.10966331459840944,-0.25488227140300757,0.1822895664218811,-1.7641180439101742,-7.2157,0.0,7.5938950253,-0.39719733435185245,-0.006561067679461815,-0.3045612355147634,-0.7078689876699672,0.03254933049461463,-0.060779804076769806,-0.004568974345906397,-0.27952194613814224,0.006003170106711855,-0.04707259921378658
62.0,12.408008589482836,-2.2698479645015195,24.616235356169703,-0.0029046257918359524,-0.10803538492793452,-0.2553028259770645,0.1877655103275112,-1.8721543519783825,-7.2157,0.0,7.5938950253,-0.39769361252313695,-0.008064497844848705,-0.29995296859497655,-0.708831098196109,0.032499662580684645,-0.06181617955558841,-0.007613889771857309,-0.2842556190424087,0.006117443191787705,-0.04734997702958393
63.0,12.41156555243536,-2.3766281784991894,24.85578156084159,-0.0034515502006327576,-0.10627092569274421,-0.2557788147698675,0.19319051752784472,-1.9784688153848322,-7.2157,0.0,7.5938950253,-0.3981593631143572,-0.009580250284257425,-0.2949695084514686,-0.7099491302362703,0.032451478182878794,-0.06282569852265338,-0.010638865753814356,-0.28899955163095103,0.006230079564371768,-0.04761809492307811
64.0,12.415074558279935,-2.481515554124272,25.09557884464379,-0.004003282749453904,-0.10436827601314166,-0.2563086854085029,0.19855545722188475,-2.0829240581317814,-7.2157,0.0,7.5938950253,-0.3985914959924908,-0.011108518927637786,-0.2896065659351846,-0.7112187825270917,0.03240488027367041,-0.06380676565950959,-0.013640627935756218,-0.29375128224593894,0.006340935687561866,-0.047877711631940094
65.0,12.41853326045558,-2.584367652335158,25.335681289456748,-0.004559897919018672,-0.10232568971951128,-0.2568906654576705,0.20385069313186246,-2.185381034682306,-7.2157,0.0,7.5938950253,-0.39898661765285226,-0.012649519876104144,-0.28385961022162154,-0.7126351590326285,0.03235997118572916,-0.06475776151674562,-0.016615867764944083,-0.2985082068120458,0.006449865776879226,-0.048129635570408454
66.0,12.421939201984944,-2.6850399406861554,25.576141261053337,-0.0051214766661705656,-0.10014133740718445,-0.25752275597733015,0.20906603135077895,-2.285698950149174,-7.2157,0.0,7.5938950253,-0.39934099053698136,-0.014203488543993427,-0.27772387367072593,-0.7141927519659242,0.03231685247913182,-0.06567704154595647,-0.019561239128100472,-0.3032675703098222,0.006556721660858341,-0.04837472627154545
67.0,12.425289817383742,-2.783385672537423,25.817009186936257,-0.005688105201309419,-0.09781330944788132,-0.25820272450858645,0.2141906660171071,-2.3837351834694993,-7.2157,0.0,7.5938950253,-0.3996504890679238,-0.015770676343577608,-0.2711943592466663,-0.7158854232016413,0.03227562479311293,-0.06656293519796039,-0.022473354813687747,-0.3080264578790681,0.006661352638487232,-0.04861389593493348
68.0,12.428582434824277,-2.8792557669788326,26.058333327281204,-0.006259873586670586,-0.09533962004465876,-0.25892809747334283,0.21921312311310834,-2.4793452145786645,-7.2157,0.0,7.5938950253,-0.39991055240016804,-0.0173513468806027,-0.2642658507325524,-0.717706384033231,0.032236387680301605,-0.06741374510435091,-0.02534878281057424,-0.31278178556956815,0.0067636053343250666,-0.04884811107683367
69.0,12.431814278577583,-2.9724986905927415,26.30015953835863,-0.00683687414351085,-0.09271821242572344,-0.25969615198155666,0.22412120272064995,-2.572382556685733,-7.2157,0.0,7.5938950253,-0.40011613390700873,-0.018945771628024802,-0.2569329259986048,-0.7196481732502416,0.032199239421326235,-0.06822774636116077,-0.028184042454742066,-0.31753029076152617,0.006863323552251972,-0.049078394277589935
70.0,12.434959440827337,-3.062955232262057,26.542520424781085,-0.007415763123061536,-0.08994664618303701,-0.26050358817811753,0.22890258327424784,-2.6626986207419443,-7.2157,0.0,7.5938950253,-0.4002566115201125,-0.02054474249032794,-0.249189551099932,-0.7217030868046851,0.03222723488961722,-0.06928338770369147,-0.030789087395022008,-0.32288344142203673,0.007055346661960959,-0.049203839978464614
71.0,12.437941114809822,-3.150456006163705,26.785420509967803,-0.007985513974937472,-0.08702360340480103,-0.2613454986194126,0.23355324749502127,-2.7501425377901363,-7.2157,0.0,7.5938950253,-0.4003134683735685,-0.02211788541988143,-0.24103371366871398,-0.7238619594941238,0.03228206143087888,-0.0704066192623932,-0.03327513145803168,-0.32847499148885473,0.007283782383592626,-0.049286788139657034
72.0,12.440757288167866,-3.2348514233737307,27.028893133717045,-0.008546178350212468,-0.08395051466112807,-0.26221724710840044,0.2380731254002647,-2.8345638555037698,-7.2157,0.0,7.5938950253,-0.4002875678699609,-0.023665427863047536,-0.23246938776198706,-0.7261120809322316,0.0323361455129703,-0.07147261186845075,-0.03572033436979977,-0.33403262684319573,0.007507030446901376,-0.04937326514422
73.0,12.443408883581276,-3.3159934059434977,27.27296858508113,-0.009098301323770458,-0.08072878297538857,-0.2631141396100858,0.24246071941159175,-2.9158135904197247,-7.2157,0.0,7.5938950253,-0.400179815523773,-0.025188956140263365,-0.22350037674738213,-0.7284404293366522,0.032389411254157945,-0.07247921708797884,-0.03812116651910202,-0.3395501469055956,0.007724573015425637,-0.04946496627769034
74.0,12.44589691418005,-3.3937345400909105,27.517672745644624,-0.00964249310445135,-0.07735971772122745,-0.26403140094895633,0.24671299126685717,-2.9937441461913474,-7.2157,0.0,7.5938950253,-0.39999039389956303,-0.02669023291281484,-0.21413019036497957,-0.7308337699895526,0.03244177868032186,-0.07342430887606098,-0.040474113265639725,-0.3450211532454401,0.007935884646228863,-0.049563607262907004
75.0,12.448222488927138,-3.4679278881106073,27.763027030911438,-0.010179422624071876,-0.07384452931560959,-0.2649641810043333,0.2508252582022971,-3.068209226805317,-7.2157,0.0,7.5938950253,-0.3997186613052901,-0.02817117943635822,-0.20436203138123718,-0.733278670406058,0.03249316352862419,-0.0743057809203862,-0.04277567116572105,-0.3504390413102475,0.008140431560993441,-0.04967092381101034
76.0,12.450386818201835,-3.538426796237681,28.00904833645752,-0.010709811011055906,-0.07018432492910533,-0.26590755820260986,0.2547910973867141,-3.139063745482468,-7.2157,0.0,7.5938950253,-0.39936305075521306,-0.02963385754340463,-0.19419878507492672,-0.7357615079627647,0.032543477043320376,-0.07512154399841708,-0.045022343911942334,-0.3557969918301431,0.008337670896441647,-0.049788671665679074
77.0,12.452391219590597,-3.6050846998413903,28.255748985963823,-0.011234424974391935,-0.06638010532834687,-0.26685654033389816,0.2586022589093759,-3.2061637303150827,-7.2157,0.0,7.5938950253,-0.3989209695263076,-0.03108045142035994,-0.183643011870995,-0.7382684700782346,0.03259262576214766,-0.07586952338346457,-0.04721063798916891,-0.3610879619174347,0.008527049939163187,-0.04991862712475197
78.0,12.45423712389469,-3.66775492744082,28.503136678287973,-0.011754070120873787,-0.0624327629813439,-0.26780606274725016,0.26224858758247693,-3.2693662278080144,-7.2157,0.0,7.5938950253,-0.39838869963280565,-0.03251324923685675,-0.17269694348285355,-0.7407855471084559,0.03264051129178989,-0.07654765633755856,-0.0493370580489869,-0.36630467588871335,0.00870800535027154,-0.05006258801720803
79.0,12.455926081366494,-3.726290505172016,28.751214430803017,-0.012269584225782488,-0.05834308156978588,-0.2687509840042846,0.2657179537868551,-3.3285292056218627,-7.2157,0.0,7.5938950253,-0.39776129955015316,-0.033934624677207086,-0.16136248296189495,-0.7432985181886927,0.03268703007102842,-0.07715388973158785,-0.05139810200568756,-0.3714396158462816,0.00887996238576692,-0.0502223751072641
80.0,12.457459768188645,-3.780543963492996,28.999980516327028,-0.012781830474346957,-0.054111737063883794,-0.2696860790957844,0.26899619356809645,-3.3835114559588724,-7.2157,0.0,7.5938950253,-0.39703250753412345,-0.03534701841588036,-0.14964120908590742,-0.7457929303191054,0.032732073120353186,-0.07768617783579118,-0.05339025585866819,-0.37648501206696994,0.009042334119052952,-0.05039983389109783
81.0,12.458839993212221,-3.830367148088191,29.249428391087342,-0.013291690688503824,-0.04973930052473073,-0.2706060303498117,0.27206705817979815,-3.434172501184229,-7.2157,0.0,7.5938950253,-0.3961946469039619,-0.03675291957103771,-0.13753438554556657,-0.7482540710555714,0.03277552577702951,-0.07814248032626792,-0.05530998824888443,-0.3814328332595836,0.009194520672741523,-0.05059683674539267
82.0,12.460068704971961,-3.875611037126294,29.499546611306606,-0.013800058550686512,-0.04522624280661678,-0.2715054161833321,0.27491217327202727,-3.4803725034349386,-7.2157,0.0,7.5938950253,-0.39523853369135553,-0.03815484716239534,-0.12504297541041962,-0.7506669352299402,0.03281726741490393,-0.07852076055570516,-0.05715374476067274,-0.3862747767673943,0.009335908467689075,-0.050815285380497656
83.0,12.461147998997884,-3.9161255672341833,29.750318736164456,-0.01430783283363489,-0.04057294133724124,-0.27237869787249674,0.2775110079361957,-3.521972180133474,-7.2157,0.0,7.5938950253,-0.39415338710070946,-0.039555331592110214,-0.11216766137280176,-0.7530161861862265,0.0328571711485901,-0.07881898413894198,-0.05891794198487536,-0.39100225880927014,0.009465869498141072,-0.05105711354446999
84.0,12.462080125443531,-3.9517594707735286,30.00172321507786,-0.014815910642552851,-0.03577968915733321,-0.2732202045398687,0.2798408538427748,-3.558832727491846,-7.2157,0.0,7.5938950253,-0.39292674328168253,-0.040956896160044554,-0.09890887227996058,-0.7552861120818292,0.03289510352211336,-0.0790351179062697,-0.06059896136475455,-0.3956064048722755,0.009583760642920817,-0.05132428991758203
85.0,12.462867497051386,-3.9823601272448506,30.253733257455366,-0.01532518067337621,-0.030846706402793703,-0.27402411658030684,0.2818768147454395,-3.5908157542616825,-7.2157,0.0,7.5938950253,-0.391544372983168,-0.04236203861773542,-0.08526681647122238,-0.7574605778666129,0.03293092418261303,-0.07916712927945302,-0.06219314285268257,-0.40007804038986483,0.009688923023785356,-0.05161882112999739
86.0,12.463512697475625,-4.00777343189497,30.506316683315863,-0.01583651648847108,-0.025774154412040617,-0.2747844477712322,0.2835918066741155,-3.6177832281551714,-7.2157,0.0,7.5938950253,-0.3899902037397984,-0.043773212758737655,-0.07124152243810364,-0.7595229736185265,0.03296448554031578,-0.07921298612729816,-0.06369677841306141,-0.40440768186316756,0.009780681423383886,-0.051942754828214734
87.0,12.464018489981205,-4.027843684866683,30.759435753422018,-0.016350769808789488,-0.0205621526386452,-0.2754950263379367,0.28495656919956386,-3.639597437528246,-7.2157,0.0,7.5938950253,-0.3882462473384374,-0.04519281003679314,-0.05683288732046765,-0.7614561599832986,0.03299563241670416,-0.07917065715913595,-0.06510610541538098,-0.40858552860827196,0.009858343776691045,-0.05229818270851812
88.0,12.464387826536171,-4.042413504502458,31.01304697786343,-0.016868763819390797,-0.015210798544401292,-0.2761494752707511,0.28593968822293464,-3.65612097107877,-7.2157,0.0,7.5938950253,-0.3862925334236884,-0.04662314119758159,-0.04204073374057123,-0.7632424115385632,0.03302420168362208,-0.0790381129157629,-0.0664172999707981,-0.41260145533984216,0.009921200751343687,-0.052687243428037454
89.0,12.464623857311022,-4.0513237686949815,31.267100902336228,-0.017391286483325483,-0.00972019064039388,-0.2767411922185794,0.28650763082426345,-3.667216718466281,-7.2157,0.0,7.5938950253,-0.3841070502287005,-0.04806641790471265,-0.026864875458328375,-0.7648633589803938,0.03305002189698695,-0.07881332741812021,-0.06762647027614507,-0.4164450058307345,0.009968525433978742,-0.0531121252961026
90.0,12.464729940594632,-4.05441358846397,31.52154187170671,-0.017919083857204525,-0.0040904548330724195,-0.2772633293127977,0.28662479279305403,-3.6727478949032024,-7.2157,0.0,7.5938950253,-0.38166569356076785,-0.049524734336221565,-0.011305192304280476,-0.7662999311134867,0.033072912929824456,-0.0784942805342015,-0.06872965004089064,-0.42010538791841623,0.009999573141440763,-0.05357506864037989
91.0,12.464709653130729,-4.051520318227598,31.776307770818338,-0.01845285340038274,0.0016782257816648667,-0.2777087733070288,0.28625355956045295,-3.6725780928972473,-7.2157,0.0,7.5938950253,-0.3789422253303507,-0.05100004872424108,0.004638285189726297,-0.767532297715752,0.03309268561050928,-0.07807896112427112,-0.06972279208531607,-0.42357147016171004,0.010013581377586366,-0.05407836773383859
92.0,12.464566800871916,-4.04247960752406,32.03132974290742,-0.01899323726861125,0.0075855775513563,-0.2780701264520037,0.2853543813543514,-3.6665713644373525,-7.2157,0.0,7.5938950253,-0.3759082430867071,-0.05249416480786859,0.020965281089908763,-0.7685398144443676,0.033109141373388266,-0.07756537102333091,-0.07060176221205906,-0.4268317804854523,0.010009769958339628,-0.054624372159962874
93.0,12.464305430139673,-4.027125499219243,32.286531886435064,-0.0195408155823153,0.013631199224434698,-0.27833968856067526,0.2838858635039385,-3.65459233700683,-7.2157,0.0,7.5938950253,-0.3725331622124126,-0.05400871316767938,0.03767516897863062,-0.7693009710536123,0.033122071930381115,-0.07695152991777603,-0.07136233346824095,-0.4298745071856847,0.009987341329621856,-0.05521548748489575
94.0,12.463929839168564,-4.005290579503705,32.54183093162524,-0.02009609965938812,0.019814521157864546,-0.27850944075692485,0.281804872926284,-3.6365063668727395,-7.2157,0.0,7.5938950253,-0.3687842126309655,-0.055545132410028314,0.054766856256145996,-0.7697933443049688,0.03313125897369638,-0.07623548117018428,-0.0720001809316179,-0.43268750270354467,0.009945481104758506,-0.05585417509649997
95.0,12.463444590000785,-3.976806185228558,32.797135898523244,-0.02065952520262943,0.026134760734786378,-0.27857103144141515,0.27906666193149043,-3.6121797331343846,-7.2157,0.0,7.5938950253,-0.36462645209417355,-0.05710465017043407,0.0722386576850288,-0.769993557066566,0.03313647392146085,-0.0754152986420447,-0.07251087717155998,-0.4352582906114659,0.009883358849914183,-0.056542951061830375
96.0,12.46285452068316,-3.9415026743458155,33.05234773895905,-0.021231445432778023,0.032590873993353586,-0.278515765050054,0.27562501058137767,-3.5814798760101443,-7.2157,0.0,7.5938950253,-0.3600227983356712,-0.05868826390818766,0.09008815815090541,-0.7698772452210579,0.03313747771982627,-0.07448909455877806,-0.07288988855408196,-0.43757407628990624,0.00980012914797255,-0.05728438384646247
97.0,12.462164757702645,-3.89920976539307,33.30735896541753,-0.0218121241595833,0.03918150351742179,-0.2783345942235894,0.2714323889255483,-3.544275682793609,-7.2157,0.0,7.5938950253,-0.35493408259946113,-0.06029672146913324,0.10831206475110125,-0.7694190341269638,0.03313402071697188,-0.07345502845446925,-0.07313257257950993,-0.439621761805642,0.009694932972999752,-0.05808109073180576
98.0,12.461380728578169,-3.8497569520814476,33.562053270484924,-0.022401728785633897,0.04590492269836622,-0.27801811605027227,0.2664401405134482,-3.5004378248093793,-7.2157,0.0,7.5938950253,-0.3493191272720684,-0.061930501400637536,0.12690604848722534,-0.7685925265060648,0.03312584262633682,-0.07231131722513531,-0.07323417646146672,-0.44138796553258786,0.009566899408932615,-0.05893573276032082
99.0,12.460508174506295,-3.792973999093944,33.81630514125862,-0.023000323240828437,0.05275897654608907,-0.2775565730862347,0.2605986886364671,-3.449839148537258,-7.2157,0.0,7.5938950253,-0.343134850556686,-0.0635897930124294,0.1458645760316098,-0.7673703037556606,0.033112672598357956,-0.07105624630891728,-0.07318983717642659,-0.4428590470817519,0.009415147747328125,-0.059851008033887
100.0,12.459553162935574,-3.728691525160275,34.06997947387521,-0.023607860849561273,0.05974101930723309,-0.2769398598988618,0.2538577667843618,-3.392355123841434,-7.2157,0.0,7.5938950253,-0.336336401318841,-0.06527447618962347,0.16518073226385913,-0.7657239428053413,0.0330942294219078,-0.06968818199913508,-0.07299458323374432,-0.44402113812673344,0.00923878999979465,-0.06082964318796671
101.0,12.458522099919803,-3.656741679323459,34.322931194128124,-0.02422417713804381,0.06684784924064824,-0.2761575359152474,0.24616667479881166,-3.3278643519283793,-7.2157,0.0,7.5938950253,-0.3288773273950798,-0.06698410098024236,0.18484603453528056,-0.7636240507484844,0.03307022187846279,-0.06820558488152725,-0.07264333843630762,-0.44486017972325037,0.009036933860978568,-0.061874382864285975
102.0,12.457421742073713,-3.576958916029242,34.575004891006664,-0.024848982595836764,0.07407564100501839,-0.27519884538869815,0.23747456216658164,-3.2562491352526965,-7.2157,0.0,7.5938950253,-0.32070978077654555,-0.06871786699934553,0.20485023991794976,-0.7610403195727781,0.03304034927370818,-0.06660702437007546,-0.07213092792115806,-0.44536196672343387,0.00880868615756646,-0.06298797700819961
103.0,12.45625920792614,-3.4891808742263395,34.82603447088705,-0.02548185541378474,0.08141987623176114,-0.2740527453186384,0.2277307398078297,-3.177396111082752,-7.2157,0.0,7.5938950253,-0.3117847631435873,-0.07047460271590149,0.22518114703324046,-0.7579416033843885,0.03300430217270787,-0.06489119429649806,-0.07145208678677765,-0.4455121998756591,0.008553156817530645,-0.06417316582450991
104.0,12.455041988435836,-3.3932493650353694,35.0758428410334,-0.02612223423027682,0.08887527298804776,-0.27270794217018274,0.2168850215733315,-3.0911969498161276,-7.2157,0.0,7.5938950253,-0.30205241521924187,-0.07225274471724616,0.24582439443247156,-0.7542960205582285,0.032961763365824646,-0.06305692948674109,-0.07060147162827338,-0.4452965461758564,0.008269463391627305,-0.06543266223812233
105.0,12.45377795640417,-3.2890114716974805,35.32424163200937,-0.026769410929256936,0.09643571497978772,-0.2711529382356438,0.20488809645921727,-2.997549118387419,-7.2157,0.0,7.5938950253,-0.2914623533100613,-0.07405031707977985,0.2667632579192798,-0.7500710832422017,0.03291240909313852,-0.06110322323362923,-0.06957367531225082,-0.4447007079937218,0.007956736155771449,-0.06676913172446194
106.0,12.4524753744877,-3.1763207644192004,35.57103096954279,-0.027422523546814306,0.10409418150184173,-0.26937608845743954,0.1916919322705088,-2.896356708227063,-7.2157,0.0,7.5938950253,-0.27996405619213727,-0.07586491101385684,0.2879784496571212,-0.7452338565849665,0.03285591055502736,-0.05902924554837279,-0.0683632453283878,-0.4437105014339923,0.007614123818171499,-0.06818516940000759
107.0,12.451142901482678,-3.0550386313569153,35.81599930730362,-0.028080549358613028,0.1118426793110087,-0.2673656684859747,0.17725021110670944,-2.787531326200232,-7.2157,0.0,7.5938950253,-0.2675073051566832,-0.07769366499592774,0.3094479223915612,-0.7397511499321895,0.032791935735680795,-0.056834362045077955,-0.06696470605304111,-0.4423119443058722,0.007240799848814125,-0.06968327429658772
108.0,12.449764971126518,-2.92503087622398,36.058907994733296,-0.028737101244508543,0.11967231552736844,-0.2651097414309602,0.16151977510241367,-2.6709930029780464,-7.2157,0.0,7.5938950253,-0.25403787324593363,-0.07951902226020414,0.33114771881069494,-0.7335906029935421,0.0327951181967552,-0.054808302695667124,-0.0652085657499546,-0.4414851151568932,0.006995167744930646,-0.07112740954611171
109.0,12.448238937394636,-2.786167387922486,36.29945086592915,-0.02936671815668483,0.12757036178396974,-0.2625972766278692,0.1444768263447575,-2.5466718605949503,-7.2157,0.0,7.5938950253,-0.23949552732753565,-0.08127120997482504,0.3530458392998657,-0.7267273889364694,0.03285403926183727,-0.05290324643372036,-0.06311933239674274,-0.44108761571847555,0.006856016686442291,-0.07253885970639354
110.0,12.446551425192087,-2.638367855373313,36.537366003783504,-0.02996189184376104,0.13551798767686943,-0.2598209944482011,0.1261164453529288,-2.4145139076887974,-7.2157,0.0,7.5938950253,-0.22385394768451583,-0.08292957131309471,0.3750914221925614,-0.7191416283086937,0.03291341524210242,-0.05090542998660509,-0.06081364304780275,-0.44038588709555115,0.006707138031257753,-0.0740199118836346
111.0,12.44470370272459,-2.4815809370369784,36.772393724143,-0.030517838578903757,0.14349454283393984,-0.2567755328293359,0.10644126863919326,-2.2744846154432397,-7.2157,0.0,7.5938950253,-0.2070963215937387,-0.0844808815185418,0.39722817985187897,-0.7108178159383526,0.032972993915199325,-0.04881577507428783,-0.058286540300588954,-0.4393723137494966,0.006548440008413171,-0.07557107482854572
112.0,12.442697420587127,-2.3157829540942276,37.00426968560058,-0.031029525601951605,0.15147800812571072,-0.25345746729728774,0.0854616308694501,-2.1265703160898792,-7.2157,0.0,7.5938950253,-0.1892126380043484,-0.08591120726110145,0.41939598814776097,-0.7017457270916702,0.033032521505301664,-0.04663556169359454,-0.0555335171208117,-0.43804023381192675,0.0063798621842552665,-0.07719236792613321
113.0,12.440534609792095,-2.1409800115299946,37.232726987400866,-0.031491675924889245,0.15944512178290315,-0.24986557456077965,0.0631962350032958,-1.9707794324657852,-7.2157,0.0,7.5938950253,-0.17020057906420938,-0.08720591756229719,0.4415312217448837,-0.6919211523951312,0.03309174623033104,-0.04436643870473038,-0.05255059228987358,-0.43638406760184945,0.006201378384413847,-0.07888327075984586
114.0,12.438217674732675,-1.9572099793243483,37.457498546512895,-0.03189877718407458,0.16737153787688644,-0.24600109574396653,0.03967279966137463,-1.8071435683304287,-7.2157,0.0,7.5938950253,-0.1500664109939196,-0.08834970594088654,0.46356717904783423,-0.6813466342203879,0.033150422091300265,-0.042010430896323454,-0.04933438814137646,-0.43439944412735004,0.006012999516638889,-0.08064267495927019
115.0,12.435749380784294,-1.7645442833067941,37.678319752296865,-0.032245095102156486,0.17523201786692577,-0.24186799403461318,0.014928668193043303,-1.6357184289703306,-7.2157,0.0,7.5938950253,-0.12882585433646354,-0.08932662538099756,0.48543459912786296,-0.6700321902086227,0.03320831282486671,-0.03956994205551417,-0.04588220946178401,-0.4320833229200553,0.0058147762327897074,-0.08246883960940486
116.0,12.43313283635073,-1.5630894524589516,37.89493139127928,-0.03252469210295802,0.18300065498129642,-0.23747320087475496,-0.010988637518819795,-1.4565845415593823,-7.2157,0.0,7.5938950253,-0.10650491089956926,-0.09012013767527449,0.5070622703936355,-0.6579960077492837,0.03326519592347291,-0.037047753612456644,-0.042192122193701866,-0.4294341083104568,0.005606801362502264,-0.08435935159459733
117.0,12.430371469284001,-1.352988367995612,38.107082827921836,-0.03273145157965651,0.19065113007801782,-0.23282684426969666,-0.03802093663111569,-1.2698477456443489,-7.2157,0.0,7.5938950253,-0.08314062235126318,-0.09071317858082624,0.5283777276823436,-0.6452650916274717,0.03332086661245799,-0.03444701849387421,-0.03826303034283836,-0.42645175307513666,0.005389212046560995,-0.08631109231142339
118.0,12.42746899774641,-1.134421159751505,38.31453542004578,-0.032859108246765925,0.19815699633723163,-0.22794245238489025,-0.06609900118372469,-1.0756394261487254,-7.2157,0.0,7.5938950253,-0.05878173360277961,-0.09108824003555042,0.5493080308673911,-0.6318758458446735,0.033375141661487744,-0.031771249909500185,-0.034094749261989556,-0.4231378482927473,0.005162191495238987,-0.0883202122025176
119.0,12.424429395734466,-0.9076056975756578,38.5170661399332,-0.03290128490669728,0.20549198869614693,-0.2228371253867795,-0.09514227941465318,-0.8741164645766704,-7.2157,0.0,7.5938950253,-0.03348923299898743,-0.09122747040800565,0.5697806140709111,-0.6178745699347866,0.03342786289989186,-0.029024304908869134,-0.02968807327988312,-0.41949569625345207,0.004925970296339082,-0.09038211452847102
120.0,12.421256853642586,-0.672797629877181,38.714471364302035,-0.03285153582999142,0.21263035238853903,-0.2175316685096589,-0.12505874950862259,-0.6654608887654039,-7.2157,0.0,7.5938950253,-0.0073367411117770676,-0.09111279338944821,0.5897241902406236,-0.603317850074094,0.03347890030332696,-0.026210362683342606,-0.025044835473705902,-0.415530363393662,0.004680827199851261,-0.09249144969951024
121.0,12.41795573440219,-0.4302899284042011,38.90657078862863,-0.032703396784036526,0.21954718334885298,-0.21205067963703975,-0.15574492187713287,-0.44987920764948797,-7.2157,0.0,7.5938950253,0.01958927924528686,-0.09072604567987659,0.6090696913514239,-0.5882728260383588,0.033528154523791036,-0.02333389774738796,-0.020167957267196272,-0.4112487104880294,0.004427089311475797,-0.09464212132703234
122.0,12.414530525880995,-0.18041190790965944,39.09321141400073,-0.03245044154939797,0.2262187716558577,-0.20642258530388374,-0.18708600652870389,-0.22760142507758416,-7.2157,0.0,7.5938950253,0.047189517167924716,-0.09004913307403763,0.6277512200157285,-0.5728173166833586,0.033575558747344726,-0.020399648310360126,-0.01506148548734456,-0.40665939773222304,0.004165131636096581,-0.09682730492458061
123.0,12.410966362905315,0.07647182062819818,39.27424299270608,-0.03208597361814162,0.23262291208244223,-0.20067913092637002,-0.21895620790238463,0.0011202606474521315,-7.2157,0.0,7.5938950253,0.07535155998074605,-0.08906331375200198,0.6457079236950047,-0.5570393036497662,0.033745633920461336,-0.017367054564481347,-0.009743279655520128,-0.40566972328976775,0.003919272520247525,-0.09858418702849817
124.0,12.406928985325976,0.33995338641012013,39.44907570672521,-0.03159732452887498,0.23873831158547065,-0.1948482078713525,-0.25121623049100744,0.23601273593824884,-7.2157,0.0,7.5938950253,0.10394065047187129,-0.08773547678939532,0.6628985177433395,-0.5410299977623134,0.03421841664856022,-0.014165533616868283,-0.004245018849893343,-0.4139842604056712,0.003724203424053708,-0.0992462569591403
125.0,12.40229969143948,0.6095919142410068,39.61746296628359,-0.03097607390086478,0.24454476571047606,-0.1889680852224669,-0.2837113866795096,0.4767826232755293,-7.2157,0.0,7.5938950253,0.1328092909654775,-0.0860425705259615,0.6792746013500097,-0.5248986637863131,0.03469936809087365,-0.010903224412659819,0.001452140329366046,-0.42243136005867715,0.003523598571624514,-0.09988165974461086
126.0,12.39707630547061,0.8849191012500164,39.7793724612523,-0.03021636212100019,0.2500245832869792,-0.18308375403982383,-0.3162773454850373,0.7231180651163694,-7.2157,0.0,7.5938950253,0.16180103613364694,-0.08396767507263807,0.694788568046122,-0.5087679684514533,0.03518778498575956,-0.007586723508383648,0.0073399450173362475,-0.4309995492239002,0.0033176527865708427,-0.10048410536701616
127.0,12.391257624329699,1.1654410868755143,39.934821922623776,-0.029312788771225565,0.25516283377769955,-0.17724355763699545,-0.3487418407614466,0.9746912308470925,-7.2157,0.0,7.5938950253,0.19074985602842176,-0.08149500266913765,0.7094001182238564,-0.4927700436641352,0.035682952772486815,-0.004222887789740139,0.01340912936805461,-0.4396772924470975,0.003106572998959737,-0.10104680552569617
128.0,12.384843401260333,1.4506427576461614,40.08388249288776,-0.028260499992772234,0.25994747427146025,-0.17149881848630544,-0.3809261081081276,1.2311609783181379,-7.2157,0.0,7.5938950253,0.21948177932802349,-0.07861013605161359,0.7230766024655984,-0.4770455390862662,0.03618414966116641,-0.0008187662353819347,0.019649489361805397,-0.44845319514845294,0.0028905766441891787,-0.10156251179495725
129.0,12.377834322341172,1.739992369441506,40.22668163886895,-0.027055274218402228,0.26436938287288064,-0.16590340459921485,-0.41264652193010043,1.4921755845633689,-7.2157,0.0,7.5938950253,0.2478167848781372,-0.07530026437190718,0.7357931123324424,-0.4617425100065431,0.03669065067554026,0.002618468825877303,0.026049980208557644,-0.4573162129886582,0.002669890063365649,-0.10202356354633642
130.0,12.370231976108009,2.0329463623723028,40.36340554298491,-0.02569360409148772,0.26842228706217325,-0.16051324363181055,-0.44371641452913196,1.7573754518428286,-7.2157,0.0,7.5938950253,0.27557091052947413,-0.07155441083573286,0.7475322861488696,-0.44701516138063996,0.037201731689123,0.0060815879584613305,0.03259883605622793,-0.4662558618517172,0.0024447469672694553,-0.10242194504917085
131.0,12.362038816582508,2.3289542255346443,40.49430091948546,-0.024172772369748755,0.2721025782625507,-0.15538579445198653,-0.4739480536831619,2.026395685465353,-7.2157,0.0,7.5938950253,0.3025585400692914,-0.06736364611804863,0.7582838041707671,-0.4330224729346697,0.03771667348642996,0.009563365135778011,0.03928371094806988,-0.47526242253985423,0.0022153870302335523,-0.10274935093263521
132.0,12.3532581199972,2.6274632553544515,40.61967621420815,-0.022490919701384334,0.27540900716097483,-0.1505794867438767,-0.5031547503693439,2.298868433138914,-7.2157,0.0,7.5938950253,0.32859482221553726,-0.06272128180163582,0.7680435561640911,-0.4199267325216166,0.038234765887061435,0.013056629214241361,0.04609183916295835,-0.4843271339878899,0.0019820546829413103,-0.10299725904299377
133.0,12.343893935503461,2.927923042674127,40.73990215908095,-0.02064710237201677,0.27834225813541436,-0.14615313929431017,-0.5311530642301026,2.5744248721580485,-7.2157,0.0,7.5938950253,0.3534981705160787,-0.057623038599688585,0.7768124744806414,-0.4078920051481817,0.03875531196937405,0.01655430311308695,0.05301021224643156,-0.49344236868960367,0.0017449981745285906,-0.10315700968737694
134.0,12.333811393996072,3.2297763473468186,40.85534377431859,-0.018669570832641137,0.2809041925628946,-0.14216268430668702,-0.5577719115721268,2.8526966274257903,-7.2157,0.0,7.5938950253,0.3770797199210283,-0.05214663129173289,0.7846033253356236,-0.3970795659117509,0.039617909865921334,0.020789261106300055,0.05964191390207043,-0.5060629901935105,0.0008167264599912831,-0.10291235406086713
135.0,12.322674387727291,3.532503584466311,40.966314748957714,-0.01663051095533463,0.2831036504639494,-0.1386453504033049,-0.5829102967581647,3.1333187650565204,-7.2157,0.0,7.5938950253,0.39918481940979067,-0.04649324362427981,0.7914613704470219,-0.3876051716623154,0.04058961390426158,0.025249723506664525,0.06623308926366261,-0.5198393376678874,-0.0003352254032845854,-0.10246759159649914
136.0,12.31048268521599,3.835680729308122,41.07331974258353,-0.014537022538819363,0.2849553649001554,-0.13562976300988666,-0.6065090654055694,3.4159381792894767,-7.2157,0.0,7.5938950253,0.41974255001864513,-0.040680811570756086,0.7974270848534253,-0.37955013261192994,0.041562528836484536,0.029697659164129912,0.07289202460080453,-0.5336770205853345,-0.001493600244471194,-0.10191590198028577
137.0,12.297248266308689,4.138912322279559,41.17689686276469,-0.012394484570396538,0.2864728019143177,-0.13314145376493475,-0.6285217741735525,3.700214909908638,-7.2157,0.0,7.5938950253,0.43869741237092086,-0.03472240164655405,0.8025362920407767,-0.3729877597713018,0.042535595540133156,0.03412759577325853,0.07960782956958992,-0.5475667152073593,-0.0026566828878043683,-0.10125424743464903
138.0,12.282984405273204,4.441829357561456,41.27760887041759,-0.010208668895268317,0.28766768104250406,-0.1312026607001822,-0.648915619330313,3.9858206216668313,-7.2157,0.0,7.5938950253,0.456008735894625,-0.02863218187356895,0.8068195224329798,-0.36798317998196156,0.04350783669168996,0.038534330513522126,0.08637056345799071,-0.5615009313826984,-0.003822889106035436,-0.10047994832146256
139.0,12.26770553858175,4.744088075827002,41.37603941265707,-0.00798569082979313,0.28854962097466585,-0.1298322164767814,-0.6676722049413193,4.272436728998938,-7.2157,0.0,7.5938950253,0.47165134682806453,-0.022425305874938538,0.8103010307277436,-0.36459302381838904,0.044478355847157536,0.04291288237673721,0.09317127986281853,-0.575473942187127,-0.004990765109980432,-0.09959071566735828
140.0,12.251427135322489,5.045368239452491,41.47278915626628,-0.0057319546013737425,0.28912583333002495,-0.12904545274233858,-0.684788139561024,4.559752206321827,-7.2157,0.0,7.5938950253,0.4856160331306638,-0.016117782347821772,0.8129979347060924,-0.36286514198466435,0.04544633541472633,0.047258438140137325,0.10000205310093732,-0.5894816779309014,-0.006158984257143633,-0.09858468516326331
141.0,12.234165571919025,5.345370940115697,41.56847184382712,-0.0034540947187660606,0.2894008719247611,-0.12885411714575623,-0.7002754524356839,4.847461132962772,-7.2157,0.0,7.5938950253,0.4979098071529249,-0.00972633256939204,0.8149194956697132,-0.36283834067606185,0.046411033517703246,0.05156629362473292,0.10685598571858973,-0.6035215867114139,-0.007326341151684174,-0.09746045296299272
142.0,12.215938012768493,5.64381599817334,41.6637102907998,-0.00115891438014475,0.2893764436895099,-0.12926629982255627,-0.7141618218475965,5.135260028194626,-7.2157,0.0,7.5938950253,0.5085559699787137,-0.0032682386202562714,0.8160665578593863,-0.36454212719747026,0.047371779762029914,0.055831791995142835,0.11372719682251839,-0.6175924641524246,-0.008491743353929222,-0.09621711354628842
143.0,12.196762298315708,5.940439020835797,41.75913233843156,0.001146678008933576,0.2890512860355857,-0.13028636672303956,-0.7264906096603257,5.422845037116507,-7.2157,0.0,7.5938950253,0.5175939837192898,0.003238815059404479,0.8164311610222197,-0.367996458718272,0.0483279699383203,0.060050260922211926,0.12061079131426675,-0.6316942553457359,-0.009654200954065953,-0.09485429980585512
144.0,12.176429852582013,6.234983409474833,41.8553602191514,0.003441803031484709,0.2884203526984094,-0.13191415592744193,-0.7373242747391492,5.7099088056277445,-7.2157,0.0,7.5938950253,0.5250746038470888,0.009737674825064215,0.8160093944411183,-0.3732163472150029,0.049813283059685964,0.06450135645022842,0.1271046257393723,-0.6461328021334303,-0.011140520844173352,-0.09344843157421545
145.0,12.154486496644,6.527217690331306,41.95300023079042,0.005689525320523263,0.2874777308174731,-0.13413827580107412,-0.7467683763958303,5.9961373685551305,-7.2157,0.0,7.5938950253,0.5310803217761757,0.0161260738860622,0.8148108790442488,-0.3801940627128045,0.051422241116507464,0.06896670135891511,0.1335034853844405,-0.6606792895534581,-0.012703411767405155,-0.09194345405061918
146.0,12.130958954442407,6.816947017395015,42.052652280772165,0.007881792905859254,0.28621897131244495,-0.1369396071421135,-0.7549548151289693,6.2812118286381615,-7.2157,0.0,7.5938950253,0.5357351887568536,0.022383042150795236,0.812816496926887,-0.3888867717517268,0.05301766980964917,0.07337029854968452,0.13990563172607492,-0.6752582914025718,-0.01425911212527676,-0.09032399749052888
147.0,12.105888024941933,7.103984422136118,42.15489279336229,0.010011728309389945,0.2846375849419055,-0.1402952635906103,-0.762028174141855,6.564807658462867,-7.2157,0.0,7.5938950253,0.5391767636732503,0.02849060222165222,0.8099996283664354,-0.39924141217386716,0.05459788907344985,0.0777080540217952,0.1463093855774844,-0.6898718599913088,-0.015806869441302177,-0.08859470822654132
148.0,12.079316625497203,7.388147163597599,42.26027065874981,0.01207298381317628,0.2827253906481349,-0.1441788059939218,-0.7681442070189611,6.846592874565675,-7.2157,0.0,7.5938950253,0.5415542890319234,0.034431938929889855,0.8063278751439582,-0.41119543600722186,0.05616122997393559,0.08197576128184311,0.15271358514007785,-0.7045219968811346,-0.01734600228371775,-0.08676084563374498
149.0,12.051289672692603,7.669253831725025,42.36930376785004,0.014059809046700601,0.2804729643981925,-0.14856045995825778,-0.7734681977210548,7.126226622199941,-7.2157,0.0,7.5938950253,0.5430272095250839,0.040191584039039684,0.8017642829888846,-0.4246771909531649,0.05770601250121836,0.08616908841958024,0.15911743918572366,-0.7192104052615292,-0.018875878559440937,-0.08482827568726986
150.0,12.02185398216273,7.947121810711432,42.48247584067358,0.01596711532192575,0.277870107602064,-0.15340736337197305,-0.7781731679237454,7.403358200979672,-7.2157,0.0,7.5938950253,0.5437636097317604,0.04575559840075392,0.7962686305368842,-0.4396063765211131,0.05923052778699267,0.09028357430777383,0.16552038157546317,-0.7339382578203819,-0.020395894980905303,-0.08280345824880149
151.0,11.991058182377975,8.221565127788335,42.60023357914341,0.017790536374282892,0.27490632001571186,-0.15868384700839805,-0.7824379497403817,7.67762654379856,-7.2157,0.0,7.5938950253,0.5439385839897746,0.051111750837364654,0.7897987467410614,-0.45589458797498783,0.060733024991882954,0.09431463327115261,0.17192193034715017,-0.7487059833691763,-0.021905457958545947,-0.08069342690787439
152.0,11.958952637316562,8.492392697683805,42.72298417696922,0.019526485071914824,0.27157126178215624,-0.16435175001076677,-0.7864451444345989,7.948660146997567,-7.2157,0.0,7.5938950253,0.5437325506862374,0.056249692688674136,0.7823118171069676,-0.4734459579849443,0.06221170291646461,0.09825756721774774,0.17832155446095344,-0.7635130748480182,-0.023403966098185097,-0.0785057604691719
153.0,11.925589373132532,8.759406957918149,42.85109321938964,0.021172205530351956,0.26785518945630715,-0.17037077035811019,-0.7903789903118934,8.216077435251112,-7.2157,0.0,7.5938950253,0.5433295226670367,0.0611611265237649,0.7737656385820986,-0.4921579013998195,0.06366470620028333,0.102107583907228,0.18471855107671326,-0.7783579206426764,-0.024890794409642567,-0.07624854553333776
154.0,11.891019578201021,9.022402628855927,42.984883775423,0.02272598659984111,0.2637493286527326,-0.17669886215883307,-0.7944231606119544,8.479487529843968,-7.2157,0.0,7.5938950253,0.5429150990119584,0.06584046331903962,0.7641198731809064,-0.511922107380193,0.06514469025006529,0.1059411124207165,0.19104140701010958,-0.7928835853309456,-0.026327510907206614,-0.07397055291697402
155.0,11.854924538826873,9.281118774504474,43.12475633527852,0.024212914442223475,0.2592411720105236,-0.18329683355759704,-0.7987491464566596,8.738489656371131,-7.2157,0.0,7.5938950253,0.5426291181333429,0.07036189052091109,0.7533458645402992,-0.5326542480618851,0.06717248674880158,0.11052901157084735,0.1966137421599981,-0.8036915228399696,-0.02735149141082329,-0.07206439098851061
156.0,11.817107359030018,9.535262573071783,43.271044737631385,0.025651896114746633,0.2543152603555916,-0.19013070598788606,-0.803494863931599,8.992667897756059,-7.2157,0.0,7.5938950253,0.5425946753157245,0.07478207604484004,0.7413963885633407,-0.5542814008774749,0.06916102667504662,0.11499074540783229,0.20219141136416763,-0.8145705735752834,-0.028366769774269378,-0.0701050934810345
157.0,11.77764986381388,9.784546735827133,43.42396145129854,0.027043774982841853,0.24895840569421349,-0.1971651086059813,-0.8087868476639444,9.241592095603197,-7.2157,0.0,7.5938950253,0.542954640223936,0.07910390094218755,0.7282112454808829,-0.5767142061460926,0.07110772858710104,0.11931853937185184,0.20777400989018802,-0.825515945196435,-0.029372614479973764,-0.0680998324224552
158.0,11.73663603716138,10.028667042458515,43.58368264340023,0.02839004082859653,0.2431582488389005,-0.20436350914587467,-0.8147440664651701,9.484819151480988,-7.2157,0.0,7.5938950253,0.5438478909775277,0.08333196185418205,0.7137310593918813,-0.5998586705580549,0.07300987558554284,0.12350431647654453,0.2133607653924542,-0.8365213026602637,-0.030368206371033372,-0.06605619994380046
159.0,11.694151889044273,10.267301615479528,43.75034748843779,0.0296928151297577,0.23690335240845345,-0.21168840397940325,-0.8214760662141795,9.721893894286602,-7.2157,0.0,7.5938950253,0.5454077211929267,0.08747256670904696,0.6978975959870334,-0.6236164525896585,0.07486461305170386,0.12753969934325265,0.2189504950198352,-0.8475786797648825,-0.031352629739519695,-0.06398219727181712
160.0,11.650285321927253,10.500110254164692,43.92405768214576,0.030954826284376555,0.23018325855821375,-0.21910149427295955,-0.8290811523155472,9.95235003412596,-7.2157,0.0,7.5938950253,0.5477602200387324,0.09153370377030078,0.6806539958644268,-0.6478851177573408,0.07666894711133734,0.1314160115141186,0.22454156910520306,-0.8586783952784897,-0.03232486356944794,-0.06188622550129908
161.0,11.605125997151612,10.726733800802373,44.10487713719278,0.03217937406185877,0.22298851349162316,-0.2265638413791249,-0.8376446322610019,10.175711171608324,-7.2157,0.0,7.5938950253,0.5510226291940494,0.09552498065967806,0.6619449277562255,-0.6725583451163357,0.07841974357164079,0.13512427757357703,0.23013188070168972,-0.8698089723081044,-0.03328377285661691,-0.0597770794779923
162.0,11.558765201879508,10.946793514785405,44.29283183054451,0.03337028264619295,0.21531066279983815,-0.23403599473973313,-0.847237138209204,10.391491834295952,-7.2157,0.0,7.5938950253,0.5553016804894533,0.09945753002876258,0.6417166716258164,-0.6975260659739676,0.0801137271170304,0.1386552218489881,0.23571881984913756,-0.880957059433248,-0.034228099929872365,-0.05766394615690006
163.0,11.511295717512946,11.159890434768588,44.48790976540336,0.03453184176164859,0.20714222366594678,-0.24147808609457122,-0.8579130485842806,10.59919851680732,-7.2157,0.0,7.5938950253,0.5606919179612682,0.10334387873286395,0.61991714750541,-0.7226745164145005,0.08174748060639928,0.14199926575650484,0.24129925108121092,-0.8921073520938659,-0.03515645570786801,-0.05555640874973672
164.0,11.46281169065351,11.365604715818138,44.690061004526804,0.035668735536056664,0.19847664187825811,-0.24884988471183017,-0.869709026569522,10.7983307076917,-7.2157,0.0,7.5938950253,0.5672740081264376,0.10719777768128871,0.5964959119306771,-0.7478861870611258,0.08331744439118527,0.1451465242006617,0.2468694923347856,-0.9032425128018201,-0.036067310842982286,-0.05346445782621597
165.0,11.413408507726437,11.563494937133704,44.89919772680731,0.03678595896224641,0.18930824334398225,-0.25611080969327316,-0.8826426921537945,10.988381894560083,-7.2157,0.0,7.5938950253,0.5751130425736211,0.11103399001196634,0.5714041496705625,-0.7730396566424849,0.0848199156678579,0.14808680181620704,0.25242529311643086,-0.9143430889618361,-0.036958986730603396,-0.051398510275925825
166.0,11.363182674346634,11.753097386460329,45.115194255680045,0.03788872206375482,0.17963219130036662,-0.2632198971553528,-0.8967114432105585,11.168840548878592,-7.2157,0.0,7.5938950253,0.5842568375817372,0.11486803587546872,0.5445946939028199,-0.7980093004641675,0.08625104798799059,0.1508095902464453,0.25796180953553105,-0.925387427460198,-0.0378296463983647,-0.0493694366625212
167.0,11.312231700350459,11.933925339595454,45.33788700660226,0.03898234215532227,0.1694444616056268,-0.27013572222986176,-0.9118914401017977,11.339191103029655,-7.2157,0.0,7.5938950253,0.5947342365657988,0.11871589292228228,0.5160221127837222,-0.8226648708521793,0.08760685117063853,0.15330406806941627,0.2634735736507768,-0.936351585724667,-0.038677285336835926,-0.04738859700473631
168.0,11.260593696747648,12.105465316291589,45.56708936512634,0.04007807534451804,0.15874114595502356,-0.2768165446174353,-0.9281356361736247,11.49891483120327,-7.2157,0.0,7.5938950253,0.6065504850883183,0.12261251340747918,0.48564335286602567,-0.8468763032294636,0.08909510918678673,0.1556459606735245,0.2687522120425796,-0.9462088582394552,-0.039290504075520434,-0.045518654699396324
169.0,11.208144445681972,12.267154194923876,45.80262231773679,0.04120340582719607,0.14751348321222724,-0.28322241294156564,-0.9453573550784119,11.647487689232696,-7.2157,0.0,7.5938950253,0.6196665056911801,0.12664516750529228,0.4534059603968656,-0.8705287635364036,0.0906180905102424,0.15778811630785367,0.2738798374664639,-0.9553842439591207,-0.03976305803037418,-0.04374917037329705
170.0,11.154984008084593,12.418391949956298,46.044219760003344,0.04236357622636242,0.13575181240450215,-0.28931260669666614,-0.9634364186268735,11.784377020982381,-7.2157,0.0,7.5938950253,0.634014928973917,0.13083167129065043,0.4192430875692596,-0.8934857543028911,0.09203831651954722,0.1596635139738405,0.2789767185551193,-0.9644760785785988,-0.040224259189233495,-0.04206051675937559
171.0,11.101236581645068,12.55854737825222,46.291571864007,0.043560788559720766,0.12344771970489722,-0.29504363313114507,-0.9822313406541612,11.909042493858259,-7.2157,0.0,7.5938950253,0.649504884393961,0.13518036075040565,0.3830901100572257,-0.9155964821228708,0.09334939667448278,0.16125769595817324,0.28403712349875404,-0.9734566625773378,-0.0406725679970862,-0.04046557848346005
172.0,11.047027951166204,12.686958022438764,46.544327564171105,0.04479626207897927,0.11059451154356258,-0.3003689377413239,-1.0015796956678458,12.020937848147899,-7.2157,0.0,7.5938950253,0.6660201742908658,0.13969650800584074,0.3448874158296596,-0.9366962726021011,0.0945445803748956,0.16255575145907422,0.2890544207608175,-0.9822957182941008,-0.04110630243161481,-0.03897837664315684
173.0,10.992485472697076,12.80293110873999,46.802091327218,0.046070089868251694,0.09718786556397682,-0.30523869209739946,-1.0212983761476,12.119513244468092,-7.2157,0.0,7.5938950253,0.6834178642718989,0.14438177788847806,0.3045827967655725,-0.9566055801368618,0.0956167605714657,0.16354241152648946,0.29402091542445075,-0.9909602850145178,-0.0415236319802564,-0.037614134301498126
174.0,10.937738062082545,12.905745331901905,47.064419677255685,0.04738110318074007,0.08322659275835687,-0.30959967440461295,-1.0411841083983746,12.204218325673336,-7.2157,0.0,7.5938950253,0.7015270062285683,0.1492336893891304,0.26213428263242644,-0.9751292929763365,0.09655848579696069,0.16420217478526047,0.29892766655852027,-0.9994146428930994,-0.04192257338390744,-0.036389315389021966
175.0,10.882916182753114,12.994653658212648,47.330817575828846,0.048726748031631475,0.06871350387320319,-0.31339527436733017,-1.0610142693362083,12.274506092790094,-7.2157,0.0,7.5938950253,0.720147565422554,0.15424509768346392,0.2175134098876254,-0.9920564507392247,0.09736198256094608,0.16451946705658213,0.3037642890346576,-1.0076202775214853,-0.0423009888129577,-0.03532162745212822
176.0,10.828151826582776,13.068887322624175,47.600734789351385,0.050102979059566774,0.05365636610871094,-0.31656565558042415,-1.0805480516171078,12.329837682017816,-7.2157,0.0,7.5938950253,0.7390496406063587,0.15940371507949144,0.17070889308249038,-1.0071605024942938,0.09801919019973876,0.16447883730147217,0.3085187451616289,-1.015535898484794,-0.04265658722682418,-0.03442997787091332
177.0,10.773578480655322,13.127661193862055,47.8735624103264,0.051504176061091395,0.0380689278542341,-0.3190481088302938,-1.0995280280059965,12.369688109514,-7.2157,0.0,7.5938950253,0.7579730843480554,0.1646916916686973,0.12173063638355676,-1.0202002397753975,0.09852181036281438,0.16406519129990554,0.31317713373766987,-1.023117526450335,-0.042986929737298375,-0.033734372761281446
178.0,10.719331071847247,13.170180669899242,48.148629732574825,0.052923088829860465,0.021971979896714698,-0.3207776278147461,-1.1176821669118109,12.393553021570005,-7.2157,0.0,7.5938950253,0.7766276483292369,0.17008527845334137,0.07061398723188983,-1.0309215383076733,0.0988613733172348,0.1632640631175119,0.317723486590569,-1.0303186640071553,-0.043289439838060745,-0.03325574795426026
179.0,10.665545880317861,13.195650242848703,48.42520171222654,0.05435081592465834,0.005394411582097174,-0.3216877343415848,-1.1347263485759511,12.40095644923807,-7.2157,0.0,7.5938950253,0.7946937936106337,0.17555459698127313,0.01742409447098166,-1.0390600324094543,0.09902932312796153,0.16206192268389033,0.3221395852611936,-1.0370905653912026,-0.043561419365056635,-0.033015722404171846
180.0,10.612360412370462,13.203283834819324,48.70247727283803,0.05577682267454994,-0.011625789610881877,-0.321711572546409,-1.1503674244613948,12.391459518376978,-7.2157,0.0,7.5938950253,0.8118243164423458,0.18106353972848546,-0.03773980872606078,-1.0443448246730072,0.09901712348543232,0.1604465157263142,0.3264048130074862,-1.0433826191445348,-0.043800071001262895,-0.033036266305550024
181.0,10.559913222803551,13.192316952514007,48.97958873158257,0.05718900303840668,-0.02904065588924641,-0.3207832807254625,-1.164306850004115,12.364670009087718,-7.2157,0.0,7.5938950253,0.8276469434262896,0.1865698243067619,-0.0947404182473887,-1.0465032986377383,0.09881638546295354,0.15840722992091238,0.3304960595134837,-1.0491428554310012,-0.044002528020784484,-0.03333927925317271
182.0,10.508343676912082,13.162020636937553,49.255602630592904,0.058573788818719386,-0.04679154262895788,-0.3188396348962759,-1.1762449023464498,12.320252594217045,-7.2157,0.0,7.5938950253,0.8417680427205081,0.1920252217519632,-0.15339892690312945,-1.0452670525336687,0.09841901775954026,0.15593547853659423,0.3343876972686748,-1.0543185859677824,-0.04416589176879304,-0.03394607805042876
183.0,10.457791642836515,13.111717095237447,49.52952224974462,0.059916308163863036,-0.06480869025940639,-0.315821940416535,-1.1858854696692334,12.257939517746848,-7.2157,0.0,7.5938950253,0.8537775774905985,0.1973759744638804,-0.2134924327896607,-1.0403789077976489,0.09781739899318373,0.15302509020104382,0.33805164917679104,-1.0588571792140566,-0.044287277086751405,-0.034876799243222976
184.0,10.408397106101402,13.040796795703388,49.80029205127117,0.061200593297861254,-0.08301111747585654,-0.3116781275998379,-1.1929413675575133,12.177541404386494,-7.2157,0.0,7.5938950253,0.8632553913168941,0.2025634127540541,-0.2747524876204889,-1.0316008686409748,0.0970045703474994,0.14967269090777519,0.341457566183869,-1.0627069665901914,-0.04436386551393891,-0.03614972797121279
185.0,10.360299700029959,12.948736687586354,50.066804260167835,0.06240983506273959,-0.1013069134380222,-0.30636498546873786,-1.1971401015017182,12.078957826599193,-7.2157,0.0,7.5938950253,0.8697788609871608,0.20752477053392207,-0.3368650781337699,-1.018722822214062,0.09597444536035596,0.1458780622435469,0.34457313123844685,-1.065818267254474,-0.044392965632419,-0.03778057195415299
186.0,10.31363814833093,12.835119080285024,50.32790771618298,0.0635266792731186,-0.11959398498266785,-0.29985044629780544,-1.1982299550312163,11.96218720056116,-7.2157,0.0,7.5938950253,0.872931879723863,0.21219419078738017,-0.3994723029253896,-1.0015716788193787,0.09472203193046892,0.141644458304723,0.34736450145932923,-1.068144509709482,-0.044372079390074884,-0.03978170685290705
187.0,10.268549619545075,12.699650589663532,50.582419043853534,0.06453355724776892,-0.13776129647589902,-0.29211581456927926,-1.1959862428393904,11.827335544554318,-7.2157,0.0,7.5938950253,0.8723150451092145,0.21650390070220382,-0.46217594883716173,-0.9800205661719836,0.09324365980231955,0.13697886314557475,0.3497968938950727,-1.0696434188289943,-0.044298972664268806,-0.04216142617744527
188.0,10.225168997160573,12.542180443158294,50.82913607918075,0.0654130404233367,-0.15569061503742465,-0.28315781978496163,-1.190217531067113,11.67462361821883,-7.2157,0.0,7.5938950253,0.8675568249394647,0.22038552548224077,-0.5245430847674676,-0.9539976204110402,0.0915372050094343,0.13189217108288884,0.3518353118437945,-1.0702782275681753,-0.044171747758429726,-0.04492323455264528
189.0,10.183628073928876,12.362717341946642,51.06685337015123,0.06614820691751618,-0.17325874359582547,-0.27299036561338313,-1.180771596613176,11.504391974168424,-7.2157,0.0,7.5938950253,0.8583253677782174,0.22377149987855574,-0.5861136790881857,-0.9234938694842532,0.0896023011878338,0.12639927392208658,0.353445398760564,-1.07001886457042,-0.04398891500721128,-0.048065226655247255
190.0,10.144054684015138,12.161444020520827,51.2943794406369,0.06672300653008677,-0.1903401905594928,-0.26164585008777047,-1.167540877941045,11.31710349814883,-7.2157,0.0,7.5938950253,0.8443405223719971,0.22659652836686728,-0.6464101159773226,-0.888569690946891,0.08744052651792533,0.12051904222096407,0.35459439599319087,-1.068843063098653,-0.04374946026088546,-0.051579594737180746
191.0,10.106558544287894,11.938727778467335,51.5105583180599,0.06712361635771405,-0.20681030653175625,-0.24917594092113762,-1.1504670560242338,11.113343075680989,-7.2157,0.0,7.5938950253,0.8253847027863461,0.22880276934923557,-0.7049496649921204,-0.8493604551061379,0.08522730754129049,0.11437325182276513,0.3550861767772599,-1.06608310708988,-0.043321364082262004,-0.05548562967609251
192.0,10.070906159443396,11.69509389591825,51.71436245686547,0.0673630796634643,-0.22255336778993073,-0.23564966970452272,-1.1295330217706587,10.893812314806985,-7.2157,0.0,7.5938950253,0.8012815811112652,0.23043190529883803,-0.7612982783256175,-0.8060973851601737,0.0833189627834702,0.10819344081648616,0.35455732523547584,-1.060435389564396,-0.04244311081165572,-0.05982386783188328
193.0,10.037044226799635,11.431233482157088,51.90479532314556,0.06744110704767099,-0.23746413212221346,-0.22114861559602253,-1.1047524369798232,10.659317462529405,-7.2157,0.0,7.5938950253,0.7719160196276835,0.2314771246687111,-0.8150446652180087,-0.7590451566349428,0.08127569078094551,0.10175143689841301,0.35342065930825367,-1.0536323273614359,-0.04146226432025127,-0.06447758011201637
194.0,10.005034755374762,11.14802160998528,52.08091445117604,0.06734955008691752,-0.2514457741688073,-0.205769168725422,-1.076190102222628,10.410760152516572,-7.2157,0.0,7.5938950253,0.7372614574687084,0.2319024428423788,-0.8657947855165592,-0.7085180647456195,0.0791049912488407,0.09507609344358156,0.35166318053849727,-1.045698479554156,-0.040381748611720295,-0.06941540199847537
195.0,9.974933793737629,10.8465082725501,52.241872731346064,0.0670818457956948,-0.2644127321758416,-0.1896216121116552,-1.0439641075956008,10.149126895771184,-7.2157,0.0,7.5938950253,0.6973813767789157,0.2316776868346272,-0.9131908854549476,-0.6548880095171834,0.07681526605570771,0.08819761597546275,0.34927865483293635,-1.0366704038082442,-0.03920552878466227,-0.07460120903127444
196.0,9.946791221174346,10.527908247092713,52.38693231541664,0.06663314799419598,-0.2762929964240962,-0.1728281595036339,-1.0082445798796076,9.875476255309412,-7.2157,0.0,7.5938950253,0.6524319917833008,0.2307791424749576,-0.9569210326389418,-0.5985779697703608,0.07441572177392355,0.08114706761268001,0.3462681371024613,-1.0265962407438227,-0.03793857981229193,-0.07999480146891086
197.0,9.92065060003248,10.193586199077917,52.515476599057834,0.06600041286410473,-0.28703003054864523,-0.15552057095727562,-0.969251108067227,9.590924149343834,-7.2157,0.0,7.5938950253,0.6026620497340822,0.22919003146436423,-0.9967274275709755,-0.5400536603376198,0.07191625519057629,0.07395585935085824,0.3426402800630224,-1.0155349589535643,-0.03658682544615544,-0.08555273925081573
198.0,9.896549092974956,9.845037347094296,52.627019849197,0.06518243883200289,-0.2965842328487338,-0.13783744308710377,-0.9272489335481426,9.296627708019876,-7.2157,0.0,7.5938950253,0.5484096390744195,0.22690081124909367,-1.0324130892142624,-0.47981370776217724,0.0693273248167998,0.06665524355828799,0.3384114035194428,-1.003555282747874,-0.03515704834674461,-0.09122929194227322
199.0,9.874517447318349,9.483864242203087,52.7212141382457,0.06417986319858895,-0.30493386937861067,-0.11992128993486209,-0.8825440467972968,8.993768174951946,-7.2157,0.0,7.5938950253,0.49009606725114097,0.22390929976956356,-1.0638465986959194,-0.41837876739768637,0.06665981180155386,0.05927582812741008,0.33360531385885966,-0.9907343417963104,-0.03365677409825879,-0.09697746136767718
200.0,9.854580047094458,9.111750422168512,52.79785336195462,0.0629951198591552,-0.31207543981226205,-0.10191554108560741,-0.8354773786321947,8.683533384360087,-7.2157,0.0,7.5938950253,0.4282170378084249,0.2202206353570345,-1.0909646935895834,-0.35628006202398876,0.06392487386867282,0.051847126782708766,0.32825287782996104,-0.9771560964735131,-0.03209413319324579,-0.10275003080974798
201.0,9.836526021058711,8.730406256534826,52.856946338656414,0.0616447135729377,-0.31802506336345093,-0.08396175482031601,-0.7864158669523722,8.367100053594255,-7.2157,0.0,7.5938950253,0.3633062029405707,0.21589536570545595,-1.1138041427853296,-0.29405528408784376,0.062127744154391276,0.04537405524051591,0.3215445543910418,-0.9576733535702284,-0.02993453720015333,-0.10906425165698233
202.0,9.819629238330311,8.34146728236918,52.89880724472917,0.06017329763030347,-0.3228213542407215,-0.06618865582627959,-0.7357151533184484,8.045612486446664,-7.2157,0.0,7.5938950253,0.29585479592251573,0.21110472229157543,-1.1325474092424959,-0.2322082777132477,0.06073288657064389,0.03933215403659595,0.31400167400849105,-0.9352864600616819,-0.027488718164534073,-0.11556384852509721
203.0,9.803861078429087,7.94660017222165,52.9236575500303,0.05858794344816807,-0.32651333816621925,-0.04870909922245738,-0.6837264863639199,7.7201677247362275,-7.2157,0.0,7.5938950253,0.2264324474854229,0.2058734447217197,-1.1473422980845247,-0.17115995981478496,0.059331457732415424,0.03333215496015296,0.3060277702296827,-0.9122916660815124,-0.024994221254591033,-0.12197480018784447
204.0,9.789218730374804,7.547439237460194,52.93182003601114,0.05689506000867623,-0.3291608138050049,-0.03162669529308079,-0.6308084907307162,7.391806238469872,-7.2157,0.0,7.5938950253,0.15563299899032224,0.2002238249327433,-1.1583753870364542,-0.11129995997187385,0.05792488966551817,0.027388709966580597,0.2976766834620141,-0.8888157463765199,-0.022463504160758055,-0.12825993451442558
205.0,9.775698797442319,7.145561983897721,52.92371811763293,0.055101777772445466,-0.3308328813702188,-0.015034808042411071,-0.577321344644499,7.0615027509932355,-7.2157,0.0,7.5938950253,0.0840592329044858,0.19418113053538433,-1.1658698778839178,-0.05298333631111629,0.05651456020553489,0.021514694258351126,0.289003503894873,-0.8649824387809114,-0.01990870963249317,-0.13438570202807487
206.0,9.76329727846139,6.742469380214091,52.899865792236476,0.05321589196256667,-0.33160618703559835,0.0009842364467711959,-0.5236213400273386,6.730158722544628,-7.2157,0.0,7.5938950253,0.012310657669463154,0.1877733951781638,-1.17007941247249,0.0034728990241922795,0.05510185730099673,0.015721199102812486,0.28006358270142595,-0.8409106703977961,-0.01734149001023821,-0.14032247919860819
207.0,9.752009513980555,6.339568745898401,52.86085676569262,0.051245802872244665,-0.33156310216049706,0.016359627904048976,-0.47005592923043665,6.398596557701282,-7.2157,0.0,7.5938950253,-0.0590278118028813,0.18103119222944894,-1.1712815551557818,0.057792107409916034,0.05368822818584371,0.010017555073576191,0.2709115953963632,-0.8167130171134328,-0.014772853340154355,-0.14604475474608544
208.0,9.741830766872571,5.938159166206427,52.807352886117,0.04920014542709733,-0.3307899217835832,0.031032272278530032,-0.41695925926161176,6.067555555174081,-7.2157,0.0,7.5938950253,-0.12939638896765437,0.1739862917478737,-1.1697711732168405,0.10973930933297886,0.05225207722182116,0.004527078144173892,0.2614552231268278,-0.7926072339781853,-0.012321883368652371,-0.15153236829119843
209.0,9.732820239865054,5.5394033319434905,52.74005330235381,0.047057950704715586,-0.3293784382849131,0.044950997123890744,-0.3646607022099043,5.737688251567947,-7.2157,0.0,7.5938950253,-0.1982849196244567,0.1665649176522682,-1.1658580883306835,0.15910720764935316,0.050694502288973466,-0.00023056471413120116,0.2510988173024134,-0.7691971844474963,-0.010480661864045232,-0.156765204530038
210.0,9.72500235186395,5.144388191217984,52.65971678581925,0.04481427967192416,-0.3274216868900101,0.05806706828325467,-0.31350016230234745,5.409556523373871,-7.2157,0.0,7.5938950253,-0.26516833215588687,0.15875080322236468,-1.1598636900276864,0.20569768828639035,0.049148932506502443,-0.004889161093068493,0.24069407363074918,-0.7459547232166283,-0.008656899568847017,-0.1617162393360756
211.0,9.718361452720602,4.754086872506145,52.56716037275529,0.042482016050370025,-0.3250119807064735,0.07034225967144,-0.263798044026071,5.0836326976366015,-7.2157,0.0,7.5938950253,-0.3295458251304568,0.15059179060741223,-1.1521142519558758,0.2493517922203564,0.04762046230407453,-0.009447948230750871,0.23029073299064373,-0.7229576118290468,-0.006856200972423048,-0.166374402740472
212.0,9.712879080822477,4.36933021620974,52.463237625031965,0.040074551573286474,-0.3222405440090589,0.08174974194351238,-0.21584797221774218,4.760300477873423,-7.2157,0.0,7.5938950253,-0.390970261663683,0.14213790681545416,-1.1429347208729013,0.2899530187207398,0.0461134361709661,-0.01390728011007672,0.21993426284344547,-0.7002733035846475,-0.00508340780564531,-0.17073277212976123
213.0,9.708534469683123,3.9908055448463284,52.348827173707924,0.037605684392288896,-0.31919578087497164,0.09227332647112653,-0.16991486947992235,4.439857132851599,-7.2157,0.0,7.5938950253,-0.44905158800527056,0.1334409257504173,-1.1326420774918136,0.327424917412284,0.04463143882517293,-0.01826848125452947,0.20966537945065478,-0.6779588660034086,-0.003342587427258475,-0.17478824860497472
214.0,9.70530504519234,3.6190585371535837,52.224822043827345,0.035089525703805136,-0.3159617607520841,0.10190654599611815,-0.1262336305612553,4.12251718372712,-7.2157,0.0,7.5938950253,-0.5034586465735362,0.12455395836268951,-1.1215394680769235,0.3617279923937409,0.043177305917732674,-0.02253370501006132,0.1995197240578209,-0.656061145415556,-0.0016370397386199472,-0.17854118268156474
215.0,9.70316690276761,3.254497817631076,52.09211992340508,0.03254041295680225,-0.3126169406601056,0.110651629942246,-0.08500833381729443,3.808417374889571,-7.2157,0.0,7.5938950253,-0.553919557258495,0.11553106708306675,-1.1099111984427308,0.3928561354976902,0.04175315225201099,-0.02670579853981489,0.1895276846520475,-0.6346171369279838,3.0679786557496255e-05,-0.1819949704065918
216.0,9.702081350706933,2.897398889020889,51.951603688751405,0.029969413434024997,-0.30923329370098257,0.11851838355561578,-0.046412389344645824,3.497622678746686,-7.2157,0.0,7.5938950253,-0.6002237897257974,0.10641492845521573,-1.0980207836767544,0.42083323834359143,0.04051236196740779,-0.030393553546005876,0.1795434203366125,-0.6156177651655472,0.0012810878562812282,-0.1850197041107866
217.0,9.701769848276474,2.5478906098822804,51.80396001041297,0.027329550392058814,-0.30588066627030797,0.12551643392990774,-0.01061740026289421,3.1901311278546043,-7.2157,0.0,7.5938950253,-0.6422405179723238,0.09704445948835665,-1.086151198988102,0.4456961169464859,0.03966940168076859,-0.033048983709248705,0.1693487967369218,-0.6018157043889478,0.0015855976552434287,-0.18743656574306047
218.0,9.702126373352254,2.2060893180127645,51.650005307575135,0.024618151422916335,-0.302626439540528,0.13164615819416725,0.02218468363309576,2.885874539198221,-7.2157,0.0,7.5938950253,-0.6797852211854565,0.08741334465080113,-1.0745562818894725,0.4674449677593787,0.03884771384582731,-0.035656868234037714,0.15938786793460313,-0.5883399163761822,0.0018825592049773042,-0.1895899054522939
219.0,9.703135020813336,1.8720206457991142,51.49062560541488,0.021855052718781298,-0.29953048651868663,0.13691293130625215,0.05183138764414777,2.584723980142442,-7.2157,0.0,7.5938950253,-0.712703334343328,0.07759415534742355,-1.0634527128020745,0.48609552205376066,0.038047311213906844,-0.038221348103494215,0.1496752620222217,-0.5751997222245102,0.002171747088081301,-0.19148511487073092
220.0,9.704779812044189,1.545600560301295,51.326699885239435,0.01906004808126739,-0.2966444813861253,0.14132804848619213,0.07819440150561441,2.286497328538914,-7.2157,0.0,7.5938950253,-0.7408967682376191,0.0676593049112521,-1.053027743202288,0.5016859078355307,0.0372678412680946,-0.04074645460963494,0.1402204352046464,-0.5623995742725341,0.002453057975703397,-0.19312935965007377
221.0,9.707044918308982,1.2266468885396362,51.15909408016548,0.016252775619867914,-0.2940112786637409,0.14490770708139591,0.10117903496384766,1.9909674612216504,-7.2157,0.0,7.5938950253,-0.7643205726820141,0.05768059433292378,-1.0434368682956856,0.5142729379502793,0.036508635547988964,-0.04323605080533054,0.13102789583896027,-0.5499395866415487,0.0027264989796601997,-0.19453124744605269
222.0,9.709914852210092,0.9148917018593499,50.988656100680146,0.013452604549388857,-0.2916645554145684,0.1476720950173551,0.12072343756556694,1.697870898358542,-7.2157,0.0,7.5938950253,-0.7829791964991921,0.04772876320547355,-1.0348024763311776,0.5239287625874446,0.03576876091256427,-0.045693785790715265,0.12209751471605092,-0.5378160842455411,0.0029921752820963573,-0.19570052954412956
223.0,9.713374626632644,0.6099941647718374,50.81621176972534,0.01067851994214603,-0.28962869704394917,0.14964461352159714,0.13679762798444278,1.4069166646959612,-7.2157,0.0,7.5938950253,-0.7969224999241238,0.0378730385831379,-1.027213403857259,0.5307379910668807,0.03504707092447369,-0.048123060168974906,0.11342490375478038,-0.5260221514871435,0.003250277492638805,-0.19664784277382258
224.0,9.717409881640295,0.31155350187926545,50.642561522217605,0.007949004188883994,-0.2879189046968091,0.150851249941256,0.14940236791735004,1.1177951478075772,-7.2157,0.0,7.5938950253,-0.8062416459283117,0.028180677530587915,-1.0207253154511151,0.534795344003648,0.03434225589027401,-0.05052700131919127,0.1050018465839056,-0.5145481654040559,0.003501069102528588,-0.19738449501948796
225.0,9.722006980631654,0.01912178569992634,50.46847771170075,0.005281914866935354,-0.2865415011233413,0.15132010527203885,0.15856790557159936,0.8301867542436168,-7.2157,0.0,7.5938950253,-0.8110649685436904,0.018716502418526404,-1.0153618212129438,0.536203855542083,0.03365289042173517,-0.05290844746289181,0.09681676610917435,-0.5033823014788159,0.003744874326833362,-0.19792229462909605
226.0,9.727011580896743,-0.26776653185574095,50.29437445766861,0.0026964658643643972,-0.2854933997517228,0.15108477321952554,0.16435328458753404,0.5437704965554572,-7.2157,0.0,7.5938950253,-0.8115370284111981,0.009550029652456687,-1.011127368323759,0.5350945040134117,0.033413644524667274,-0.055850074390202634,0.08925595027069978,-0.5093063825690036,0.004048113851798853,-0.19673532082713469
227.0,9.732237825512847,-0.5495984940745309,50.12055469497539,0.00021159970336303343,-0.28476309408127204,0.15018211668093998,0.1668473715098716,0.25823306527016426,-7.2157,0.0,7.5938950253,-0.8078315593446952,0.0007490168152022499,-1.0079992666622768,0.5316119491136405,0.03320981075299354,-0.05880174744525529,0.08192356393007526,-0.5162678996870447,0.004351791362190365,-0.19530277712864544
228.0,9.737679027779583,-0.8268959218207759,49.94769710001822,-0.0021573691697809047,-0.28433313230370816,0.14864639105140112,0.16616505302831394,-0.02672474426201482,-7.2157,0.0,7.5938950253,-0.800171177558761,-0.007632349319270916,-1.0059148981927677,0.5258817996682774,0.033009556374627255,-0.061726491231277415,0.07477372323114673,-0.5230880876723099,0.0046515640410846335,-0.19374189947162937
229.0,9.743330579403926,-1.1001822934524286,49.77644606916919,-0.004396330072750145,-0.2841800186140315,0.14651339674693617,0.16244447979809504,-0.31138219180079596,-7.2157,0.0,7.5938950253,-0.7888001016516326,-0.015544332584423929,-1.004790052176626,0.5180350268112055,0.03281223481898372,-0.06462840977953534,0.06778771286748964,-0.5297915725670536,0.00494769255699936,-0.1920600728517448
230.0,9.749187988650222,-1.3699735259210226,49.607405452227546,-0.006492462342442173,-0.2842751795753252,0.1438205930276464,0.15584519886504214,-0.5959932633714538,-7.2157,0.0,7.5938950253,-0.7739802625495689,-0.022941944288849374,-1.004522627707155,0.5082084205956919,0.03261725290949237,-0.06751110254820589,0.06094584594075508,-0.536402155070873,0.005240432705768573,-0.19026509087269883
231.0,9.755246864018929,-1.6367701321743233,49.44113677073819,-0.008434339106116177,-0.2845859988414997,0.14060718760814922,0.1465461738444893,-0.8807823084067243,-7.2157,0.0,7.5938950253,-0.755987823767599,-0.0297853028483994,-1.0049963672626792,0.49654485228528217,0.032424079807492,-0.07037765559042097,0.05422790502346824,-0.5429425094909733,0.00553003009161057,-0.1883651886799288
232.0,9.761502893770357,-1.9010505506527253,49.27815739385929,-0.010212016651884986,-0.28507688266652154,0.13691422085660943,0.13474369275809267,-1.1659406840538158,-7.2157,0.0,7.5938950253,-0.7351098665989095,-0.0360399394935337,-1.0060846894927642,0.48319351639185787,0.032232253186728586,-0.07323064927662079,0.04761356002336738,-0.5494339243694344,0.005816715749836366,-0.1863690721343594
233.0,9.767951823135796,-2.163265662026581,49.11893868629796,-0.01181710636973984,-0.28571033066499,0.13278461780869247,0.12064916687547936,-1.4516244234714268,-7.2157,0.0,7.5938950253,-0.7116412385551543,-0.04167703954817898,-1.0076545287719394,0.4683100578644061,0.032041382803167706,-0.07607218061593993,0.041082756455864566,-0.5558960857008188,0.006100702741164987,-0.18428593719163397
234.0,9.774589430916254,-2.423834484084681,48.96390416840037,-0.013242826734050854,-0.2864479860135648,0.12826318574059348,0.10448682838044704,-1.7379529202257715,-7.2157,0.0,7.5938950253,-0.6858815638589095,-0.04667361061172337,-1.0095700886377061,0.45205650631089955,0.03185115164770041,-0.07890389794775707,0.03461606831714902,-0.5623469031145144,0.0063821837202847585,-0.18212547447320826
235.0,9.781411507000916,-2.6831410123702915,48.81342774875607,-0.01448403345845701,-0.28725163955989236,0.12339654072394023,0.08649133976754443,-2.0250085962401108,-7.2157,0.0,7.5938950253,-0.6581324161301807,-0.05101257137445954,-1.011696417818174,0.4346009596771525,0.03166131489358871,-0.08172704555088894,0.028195010443442844,-0.5688023787820645,0.006661329454334967,-0.17989785531924876
236.0,9.78841383214485,-2.941532151881211,48.66783210367,-0.015537226727553286,-0.28808416335489745,0.11823295299631513,0.06690533313310447,-2.3128374968138514,-7.2157,0.0,7.5938950253,-0.6286946550673598,-0.05468275758902242,-1.0139027219082695,0.4161169828503816,0.03147169687733646,-0.0845425155600745,0.021802306088484148,-0.5752765181216506,0.006938288241019355,-0.17761369709969382
237.0,9.795539350137247,-3.1992958721590226,48.527330721855556,-0.01638510883336837,-0.28890846199805786,0.11282381373311509,0.04598077799540455,-2.601450284480231,-7.2157,0.0,7.5938950253,-0.5978455876787914,-0.057624902430883654,-1.0160641655422111,0.39679084981179286,0.031481498610182276,-0.08839071764242093,0.016216454183360915,-0.585333579731897,0.007803476536595208,-0.17493383156365233
238.0,9.802661020034446,-3.4566804766084323,48.3920015067119,-0.016992473000847833,-0.28968494498539116,0.10723129306664753,0.024004711725834373,-2.8908199225439035,-7.2157,0.0,7.5938950253,-0.5658605540645287,-0.059717529116104326,-1.0180548255571178,0.37684849436250595,0.0315494902907648,-0.09253550298807817,0.010861700542020111,-0.5964391876678675,0.008833768624206565,-0.17211916621868623
239.0,9.80977131758027,-3.713961246045958,48.26198047606004,-0.017361533580228187,-0.2903800082876484,0.10152072895375022,0.0012779064636496765,-3.180883753533733,-7.2157,0.0,7.5938950253,-0.5330774925122252,-0.060970313422799835,-1.0197578477269769,0.3565209625415998,0.031617468269482155,-0.09667339829359309,0.005491555303382856,-0.6075616685442524,0.009856736719654507,-0.169286313309168
240.0,9.816866212675496,-3.9713708019049374,48.13733867840819,-0.017497183295993916,-0.2909651028863365,0.09575718917732057,-0.02190410325784659,-3.4715490033165644,-7.2157,0.0,7.5938950253,-0.49982179858837306,-0.06140227965709527,-1.0210740960788152,0.336037498697828,0.03168570108909308,-0.10080550436889814,9.419348662767502e-05,-0.6187118459882527,0.010873641503346373,-0.16644934041178971
241.0,9.823941493902204,-4.229100332188148,48.01807913967312,-0.017405778289640003,-0.2914168942110834,0.09000491763738364,-0.04525377521144071,-3.7626976581667257,-7.2157,0.0,7.5938950253,-0.4664026740214222,-0.06103752373223034,-1.0219230246641129,0.31562376613627796,0.031754453515194625,-0.10493256651832011,-0.005340223020983498,-0.6298974412277423,0.011885586451893774,-0.16362232659785847
242.0,9.830992811205986,-4.487302933233462,47.90413838672071,-0.017095002238595135,-0.2917173211438168,0.08432670963620284,-0.06849416180278382,-4.05419149454567,-7.2157,0.0,7.5938950253,-0.4331114386877921,-0.05990471546762917,-1.0222428096935694,0.2954996715749627,0.031823979680639755,-0.10905506122122799,-0.010819577550764362,-0.6411232582072651,0.012893526272858549,-0.1608192057452952
243.0,9.838015721756966,-4.746097135101718,47.79538861079826,-0.016573719357179148,-0.2918534629875662,0.07878329139056353,-0.09136132288726737,-4.345877073427898,-7.2157,0.0,7.5938950253,-0.40022006167381985,-0.058036564283194036,-1.0219898081364374,0.27587721601243864,0.031894517236860445,-0.11317326978683828,-0.016349879565316916,-0.6523913855910823,0.01389827579203941,-0.15805360945452082
244.0,9.845005737876335,-5.005570433149294,47.69164044943831,-0.015851820559144723,-0.2918172331395153,0.07343273066222875,-0.11360651726011677,-4.637590525018941,-7.2157,0.0,7.5938950253,-0.3679799081303532,-0.05546926358423168,-1.0211374121377461,0.2569584659134464,0.03196628270729176,-0.11728733643060754,-0.021935387359809086,-0.6637014058961885,0.01490051871329284,-0.15533871642438668
245.0,9.851958375819223,-5.265782666911734,47.592646340305706,-0.014940066717179835,-0.291604923412449,0.06832990137278314,-0.13499814718042535,-4.929161970093272,-7.2157,0.0,7.5938950253,-0.3366206968184615,-0.05224192782524293,-1.0196743863854913,0.2389337238847844,0.03203946818701128,-0.12139730905995831,-0.027578764600854205,-0.6750506029043173,0.015900815755201247,-0.1526871142305758
246.0,9.858869204159152,-5.5267691103758585,47.49810437999203,-0.013849932448385591,-0.29121662671616017,0.06352601993150253,-0.15532343714312097,-5.220419448717996,-7.2157,0.0,7.5938950253,-0.3063496616578627,-0.04839603436929635,-1.0176027881716245,0.2219799594985005,0.03211423947476081,-0.12550316190653357,-0.03328126221498463,-0.6864341596808666,0.01689961176019919,-0.15011067823972374
247.0,9.865733890524774,-5.788543163895816,47.40766260587859,-0.01259345324391652,-0.29065556802298587,0.05906826527718269,-0.17438983514233425,-5.511192254447632,-7.2157,0.0,7.5938950253,-0.27735090944818364,-0.043974880030931716,-1.014935576967934,0.2062595404841904,0.03219073566247132,-0.12960479995932347,-0.03904291699212464,-0.6978453409209698,0.017897241467270543,-0.14762047100795428
248.0,9.872548840565276,-6.051098502052914,47.32092364005141,-0.011183115272093851,-0.2899273810800841,0.05499946481829502,-0.19202621823320692,-5.801313605758846,-7.2157,0.0,7.5938950253,-0.2497848962940683,-0.03902318715716522,-1.0116939849584994,0.19191918860963328,0.032388698405837864,-0.13376049116702599,-0.044796963689396674,-0.7093551001216997,0.018974534817272466,-0.14521701755762018
249.0,9.8790061316099,-6.314405753220185,47.237436490542564,-0.009611599452253499,-0.28903777059614977,0.051360215442754556,-0.20807586913161105,-6.090622034065607,-7.2157,0.0,7.5938950253,-0.22378371915457773,-0.03351750132745117,-1.0079304602491113,0.17910297842021447,0.033084553624993976,-0.138155215077419,-0.050331509126415076,-0.7212007769124464,0.020384642440981277,-0.14288178274588023
250.0,9.88497002384711,-6.578443386697824,47.15671497369831,-0.007883897287156466,-0.2879931864542951,0.04819136552832544,-0.22238678353817232,-6.378961191273762,-7.2157,0.0,7.5938950253,-0.19948219542406243,-0.027476083476967065,-1.0036818775793508,0.16795119645741574,0.0337825333918733,-0.14254752461873688,-0.05591566520313543,-0.7330408026422297,0.021793458102689796,-0.14066545902899044
251.0,9.890438078889328,-6.843177712676768,47.07823991372228,-0.0060140640562950905,-0.2868008939255009,0.04552915986941797,-0.23482994398028112,-6.666181071932307,-7.2157,0.0,7.5938950253,-0.17699664074446098,-0.02094796055410239,-0.998974030970632,0.15858544838871136,0.03448237421343864,-0.14693714411354036,-0.061547224889203236,-0.744862752981208,0.023200998463270804,-0.13857641397564335
252.0,9.895408520144173,-7.108555162620119,47.001459532423304,-0.0040161589115877885,-0.2854677346151744,0.043404726862304455,-0.2453016602819356,-6.9521381323707,-7.2157,0.0,7.5938950253,-0.15641703024941922,-0.013981906277294707,-0.9938309709470665,0.1511097634182972,0.03518377221514614,-0.1513234376737725,-0.06722368702742247,-0.7566525369401914,0.024607107870680548,-0.1366219429786542
253.0,9.899880275739125,-7.374501770145655,46.92579496651239,-0.0019041225342143987,-0.2839993375401009,0.0418441212538283,-0.2537235526022054,-7.236694523639375,-7.2157,0.0,7.5938950253,-0.13780724650627985,-0.0066260418789548005,-0.9882722725680659,0.14561084952987075,0.035886385519027064,-0.15570532412598445,-0.07294243789756019,-0.7683944333371935,0.02601145218945319,-0.13480828937248954
254.0,9.903853017364218,-7.640922101943547,46.850645697035965,0.0003083371988340843,-0.28239940514195444,0.04086841648409458,-0.2600422804674639,-7.519716599664674,-7.2157,0.0,7.5938950253,-0.1212055022788725,0.0010725337382542425,-0.9823105704500336,0.14215850592780274,0.036589833379172584,-0.16008118568195892,-0.0787009058822425,-0.7800711042848516,0.027413510588697086,-0.1331406770632636
255.0,9.907327197305433,-7.907697719203036,46.7753948466019,0.002607852149070506,-0.2806690896201897,0.04049383087922313,-0.26422903316839924,-7.80107277805816,-7.2157,0.0,7.5938950253,-0.10662494114487675,0.009068087158755947,-0.9759494104570704,0.1408061373171009,0.037293692381578473,-0.16444877360729557,-0.08449668702727649,-0.791663590864315,0.02881256576653571,-0.13162335136960482
256.0,9.910304085704318,-8.174685265389554,46.69941431539777,0.004981494073235475,-0.27880647052059326,0.04073187257338525,-0.2662787958271613,-8.080630843716609,-7.2157,0.0,7.5938950253,-0.09405442167294531,0.01731656963690088,-0.9691814525943304,0.1415913172812998,0.03799749011884811,-0.16880511410815197,-0.0903276405755382,-0.8031512970651253,0.030207693167774097,-0.13025962384054485
257.0,9.91278580976124,-8.44171428706698,46.62206974114409,0.00741686852745041,-0.2768061403862507,0.0415894895141882,-0.2662094037290543,-8.358254794019308,-7.2157,0.0,7.5938950253,-0.08345949304767153,0.025775914629272197,-0.9619870457521789,0.14453635347925398,0.03870069682943981,-0.1731464175496224,-0.09619195468300136,-0.8145119686978026,0.03159774981043565,-0.12905191711032224
258.0,9.91477539621905,-8.708584900931498,46.54272528037602,0.009902202864791078,-0.27465890156338835,0.04306921300111092,-0.2640603954164587,-8.633801329406824,-7.2157,0.0,7.5938950253,-0.07478357152467474,0.03440631532834735,-0.9543331826222726,0.14964881488430753,0.03940271554688768,-0.17746799395166915,-0.1020881834773531,-0.8257216743289206,0.032981363375191725,-0.12800180631814198
259.0,9.916276818040265,-8.975065422527447,46.46074821834106,0.012426428438860382,-0.27235157401146237,0.045169285678965373,-0.2598916728347816,-8.907116094821673,-7.2157,0.0,7.5938950253,-0.06794932770577411,0.043170482992158234,-0.9461728324914923,0.15692198999622953,0.04010287133822633,-0.18176417749147974,-0.1080152573851507,-0.8367547953568703,0.034356922229173074,-0.1271100542078323
260.0,9.91705733350534,-9.240865273810009,46.37559458568535,0.014967255400318309,-0.26986532549515097,0.04788136167322233,-0.2537855889570869,-9.178029275612358,-7.2157,0.0,7.5938950253,-0.06283599819765051,0.051993442328795235,-0.9374616028383723,0.16633088366541318,0.041527025489877176,-0.18676917835257517,-0.11321258945918355,-0.8434405824659105,0.035350254750127166,-0.1270165443716949
261.0,9.916796619356841,-9.5056298910863,46.286772200540184,0.017499161537755863,-0.26717751959029207,0.051187853395468656,-0.24585928613634583,-9.446350011658517,-7.2157,0.0,7.5938950253,-0.05927987942778401,0.0607904082452371,-0.9281490690168566,0.17782169153613872,0.04301799297215171,-0.1918093023705171,-0.11835988270096806,-0.8494998144191708,0.036296092484040414,-0.1271417163519762
262.0,9.915504587700834,-9.768991784007467,46.19370392792579,0.02001443559199447,-0.2642646321729159,0.055067989586637806,-0.2362493863497524,-9.711865163600041,-7.2157,0.0,7.5938950253,-0.05712662040742522,0.06953728880318004,-0.9181496007423997,0.19132583969683406,0.044498158688579856,-0.1967977330031436,-0.12353581977395188,-0.8553390380176981,0.03723121884337367,-0.12741525750797916
263.0,9.913198689384833,-10.030549416032688,46.095837285981766,0.02250667563997497,-0.2610999722105868,0.05949757712277688,-0.2251033032399102,-9.97433701134789,-7.2157,0.0,7.5938950253,-0.056212404684798045,0.07821440889986364,-0.9073654553385025,0.2067638908594152,0.04596497568000199,-0.20172318473774326,-0.1287409345312491,-0.8609345858135098,0.038153642242388694,-0.12783244653333783
264.0,9.90989911854475,-10.289866438159871,45.992649404758886,0.024970570134088363,-0.2576540324979212,0.06444905055064974,-0.21257691470050138,-10.233500284034626,-7.2157,0.0,7.5938950253,-0.056366154125244705,0.08680574149433605,-0.8956883731483267,0.2240456502039474,0.04741565263547314,-0.20657330880746122,-0.1339759777322243,-0.8662624767269781,0.039061219373267606,-0.12838783826936964
265.0,9.90562892116249,-10.546471896792779,45.883650206109216,0.02740191758077634,-0.25389492017863935,0.06989153773816664,-0.1988321156960641,-10.489059574563994,-7.2157,0.0,7.5938950253,-0.05741232222878523,0.09529895256231352,-0.8830009754824983,0.2430702274679268,0.04884715110342511,-0.21133473534668287,-0.13924182386438502,-0.8712985582281879,0.03995166367876764,-0.12907525227889124
266.0,9.900414094259885,-10.799861003381384,45.76838545904899,0.029797634499994105,-0.24978881864744984,0.07579091438806197,-0.18403426148736968,-10.74068717678115,-7.2157,0.0,7.5938950253,-0.05917382660023485,0.10368541141324213,-0.8691782707749397,0.263726039720152,0.05025618849164736,-0.21599313270479417,-0.1445393770477696,-0.8760186718581977,0.04082255673024703,-0.12988775532289698
267.0,9.894283671366198,-11.049496461741006,45.64643971955894,0.032155751011008996,-0.24530046927950294,0.08210984976264157,-0.16834951316928357,-10.988021372299182,-7.2157,0.0,7.5938950253,-0.06147508944182434,0.11196016398186613,-0.8540892344874546,0.2858907646350531,0.05163924704208493,-0.2205332830113333,-0.14986947822461086,-0.8803988410839816,0.041671362450723046,-0.1308176387285126
268.0,9.887269790008801,-11.29481033363693,45.51743916363304,0.03447539363356198,-0.24039366273438997,0.08880784484733323,-0.15194209906981848,-11.230665183954224,-7.2157,0.0,7.5938950253,-0.06414514968270524,0.12012186740128927,-0.8375984328422339,0.3094312504835479,0.052992588801788004,-0.22493917283552395,-0.15523281532966862,-0.8844154799135155,0.04249544404545027,-0.13185639146374373
269.0,9.87940773721861,-11.535206410147863,45.38105432319179,0.0367567551549913,-0.23503173125616747,0.09584126290334269,-0.13497150719611728,-11.468185604239315,-7.2157,0.0,7.5938950253,-0.0670208059085482,0.12817268491906061,-0.8195676661134048,0.33420338494397495,0.05431227646012852,-0.22919409761247814,-0.1606298375862298,-0.8880456202415996,0.04329208343403004,-0.1329946695098235
270.0,9.870735969414525,-11.770063046122182,45.23700273671745,0.039001051687886354,-0.22917803542513407,0.10316335107063904,-0.1175896253975838,-11.700113300195019,-7.2157,0.0,7.5938950253,-0.06994974592716297,0.1361181410191624,-0.7998576139469128,0.36005192068715786,0.05559419979079261,-0.2332807784314097,-0.16606067448934073,-0.8912671555747856,0.044058502921709965,-0.13422226187816355
271.0,9.861296103506955,-11.998736408193913,45.08505152997609,0.04121046730703296,-0.22279644116601977,0.11072425053234124,-0.09993784721305797,-11.925942791425426,-7.2157,0.0,7.5938950253,-0.07279361676848772,0.14396693739095817,-0.7783294728813401,0.3868102519994942,0.056834107330203394,-0.2371814898064367,-0.17152505943572183,-0.8940590985971579,0.04479188880588468,-0.13552805339105434
272.0,9.85097123777095,-12.220560576112648,44.925062613208155,0.043376186471814994,-0.21585125007636785,0.11846987657135398,-0.08214806891812931,-12.145132878384224,-7.2157,0.0,7.5938950253,-0.07542769772842384,0.15169160358772446,-0.7548570984167736,0.41430303158682724,0.05848677976748737,-0.24086389790373336,-0.17663335730697488,-0.8944234250788394,0.04514810897743039,-0.13702473211804822
273.0,9.839652601591235,-12.434840701997858,44.756957652354686,0.04549092584850314,-0.2083101454695428,0.126340075404306,-0.06435090505827415,-12.357108023630056,-7.2157,0.0,7.5938950253,-0.07773267836780207,0.159270094070953,-0.7293229549857508,0.4423342747867424,0.06007920702908147,-0.24432860848421545,-0.18178198334061668,-0.8943970584796681,0.04547693710733562,-0.1385661338530343
274.0,9.827403970685507,-12.640872287994343,44.580676784980064,0.047560799472908415,-0.20014464070825333,0.1342718779512634,-0.04665965274178801,-12.561262470615953,-7.2157,0.0,7.5938950253,-0.07960981737839035,0.1667245537813588,-0.7016077585664132,0.47069055156571155,0.061603055501039,-0.24755774917041964,-0.18697161817947083,-0.893981898536963,0.045778717117282576,-0.1401364274298789
275.0,9.814293073952443,-12.83795106226566,44.39622244178712,0.04959263505986617,-0.19132907001568683,0.14220009362383962,-0.02916330698353342,-12.756963220620243,-7.2157,0.0,7.5938950253,-0.08098784164541684,0.17407940286058227,-0.671600737044828,0.49914886262596775,0.06305265233577972,-0.25053365265835575,-0.19220004130689533,-0.8931705681011053,0.04605189850486838,-0.1417197596590984
276.0,9.80039116228587,-13.025377813570863,44.203660914797325,0.05159383082935322,-0.18184095865476807,0.15005729626157063,-0.011923965448954951,-12.94355297077492,-7.2157,0.0,7.5938950253,-0.08182484279594249,0.18136087046311847,-0.639201121865796,0.527476278304525,0.06442241463273772,-0.25323910400600386,-0.19746429605375715,-0.8919579996485739,0.046295012857342145,-0.14329949484866353
277.0,9.78577271144644,-13.202463236649663,44.00312393937974,0.053572219447045266,-0.17166139020465487,0.15777377013023353,0.0050255985677990465,-13.12035344298624,-7.2157,0.0,7.5938950253,-0.08210979366342386,0.18859654872138515,-0.6043196655929942,0.5554294526612963,0.06570689959456492,-0.25565749597475557,-0.2027606289846002,-0.8903416280672056,0.046506690605060935,-0.14485817400283252
278.0,9.77051509296107,-13.368532778428369,43.794810387802066,0.05553592784849017,-0.16077538656357432,0.16527741617298922,0.021684171774858724,-13.286669110765002,-7.2157,0.0,7.5938950253,-0.08186366766336661,0.1958149285045181,-0.5668802529260066,0.5827540240187996,0.0669008548684677,-0.2577729873698008,-0.20808442230308422,-0.8883215804185977,0.04668567769259868,-0.14637746826094045
279.0,9.75469821611455,-13.522931497840023,43.578988126295016,0.05749323388333898,-0.14917231900246933,0.17249362262612755,0.03808412028671758,-13.441791346999137,-7.2157,0.0,7.5938950253,-0.081140150840886,0.20304491880733438,-0.5268216684700276,0.6091839201804696,0.06799926899782445,-0.25957066636099907,-0.21343011532170258,-0.8859008622497637,0.046830852124664854,-0.14783812817197015
280.0,9.73840414404855,-13.665028975462597,43.355996081200814,0.059452420275208334,-0.13684636955627918,0.1793451083267562,0.054293164884692206,-13.585003032799618,-7.2157,0.0,7.5938950253,-0.08002594266297969,0.21031535025506295,-0.48409958772299594,0.6344406014031153,0.06899742207881851,-0.2610367213186702,-0.21879111118899902,-0.8830855399031122,0.04694124038411162,-0.14921993147030974
281.0,9.721716686760319,-13.794224331645694,43.12624654878975,0.061421625881726796,-0.12379706218260092,0.18575175182888273,0.07041587950010837,-13.71558368497245,-7.2157,0.0,7.5938950253,-0.078640646673243,0.21765446163506946,-0.43868885811069797,0.6582322913421038,0.06989093686503695,-0.26215862213454677,-0.22415966542875715,-0.879884917936378,0.04701603375345062,-0.15050163325885668
282.0,9.704720973424232,-13.909951432256014,42.89022776727732,0.06340869367323053,-0.1100298823337566,0.19163042476455927,0.08659487377508623,-13.832815176552907,-7.2157,0.0,7.5938950253,-0.07713625570310612,0.22508936661081907,-0.3905861339834542,0.6802532655207008,0.07067583067802431,-0.2629253152775703,-0.22952675344525775,-0.8763117101851858,0.047054604596547644,-0.15166092390656183
283.0,9.687503005980135,-14.011684378565846,42.648506747983085,0.06542101424323496,-0.09555700174466936,0.1968948537002654,0.1030116121943306,-13.93598814020791,-7.2157,0.0,7.5938950253,-0.07569623835793671,0.23264549588146638,-0.33981292269759633,0.7001832882825382,0.07134856855276794,-0.26332743591565216,-0.23488191501814157,-0.8723822021604989,0.04705652267083669,-0.15267440151479503
284.0,9.67014919538615,-14.098943391051431,42.40173233497674,0.06746536303637732,-0.08039812216227495,0.2014555410023368,0.11988681214385054,-14.024409157052423,-7.2157,0.0,7.5938950253,-0.07453423399900849,0.24034600807525483,-0.28641908749576134,0.7176873125020454,0.0719061180642931,-0.26335754027249336,-0.24021307498903532,-0.8681164013599076,0.04702157154008312,-0.15351756748085457
285.0,9.652745881368709,-14.171301204798844,42.15063842851272,0.06954772884998668,-0.06458144720684317,0.20521978187247267,0.1374803515716631,-14.097408842243162,-7.2157,0.0,7.5938950253,-0.07389236255568221,0.24821116067154897,-0.2304868359344272,0.7324155812650711,0.07234600623649995,-0.2630103609321929,-0.24550634087808618,-0.8635381706848524,0.04694976514126469,-0.154164855456936
286.0,9.635378835970874,-14.228390095534786,41.89604726666701,0.07167313055907741,-0.04814478527448052,0.20809182162789594,0.1560906041253576,-14.154350942093714,-7.2157,0.0,7.5938950253,-0.07403915344107226,0.25625763032195537,-0.17213519893104778,0.7440042967816202,0.07266637881999267,-0.2622830869959555,-0.25074578011847254,-0.8586753385086054,0.04684136452459703,-0.15458970582015097
287.0,9.61813275075594,-14.269909648500269,41.63887261157704,0.07384541846551494,-0.03113677801237716,0.20997320427477345,0.17605310637400617,-14.194642553617077,-7.2157,0.0,7.5938950253,-0.07526709488319128,0.26449777020774073,-0.11152497374733021,0.7520770480837272,0.07286606203640955,-0.2611756697695826,-0.255913182023197,-0.8535597770636338,0.04669689473137267,-0.15476469955702662
288.0,9.601090707222124,-14.295635365681413,41.380122631492405,0.07606705622803697,-0.013618238017928108,0.21076337011455196,0.1977384489069285,-14.217745564251285,-7.2157,0.0,7.5938950253,-0.07788980143012836,0.2729387907026726,-0.0488640628470181,0.7562472141820934,0.07294462661900616,-0.25969115294565775,-0.2609878125635388,-0.8482274387678534,0.04651716169858022,-0.15466176710731444
289.0,9.584333629881025,-14.305428178192189,41.12090220780999,0.07833887905767184,0.004336434406638577,0.21036056598936478,0.22154927196648325,-14.223189384631029,-7.2157,0.0,7.5938950253,-0.08223879356116015,0.28158184885413845,0.015586912046023325,0.756121581133187,0.07290245363168073,-0.2578360239647977,-0.2659461735952246,-0.8427183379758049,0.04630326898094768,-0.15425248903480493
290.0,9.567939721600979,-14.299244887420013,40.862414328366526,0.08065982385563499,0.022637802788479766,0.20866313600488376,0.24791623838712262,-14.210585007874332,-7.2157,0.0,7.5938950253,-0.08865987954568055,0.29042103239355144,0.08150890669832041,0.7513054267199566,0.07274080112311015,-0.2556205803230781,-0.27076178234409504,-0.837076463553921,0.04605663395922958,-0.15350850615354933
291.0,9.551983881266693,-14.277149498167008,40.605960156424,0.08302662735325465,0.041179982499848604,0.20557126201430162,0.2772928539166252,-14.179640371936385,-7.2157,0.0,7.5938950253,-0.09750912623062291,0.2994422256018633,0.14851892703693054,0.7414093307131454,0.07246187017516047,-0.25305930097877233,-0.2754049917369948,-0.8313496058232138,0.04577900305800394,-0.1524020566047043
292.0,9.536537104603134,-14.239325326597077,40.35293729229339,0.08543348924923112,0.059839358055556485,0.20098922024100588,0.3101490097934268,-14.130176924015483,-7.2157,0.0,7.5938950253,-0.10914840258159408,0.3086218479887615,0.21616503584082783,0.7260579559807417,0.07206886834657564,-0.250171208673469,-0.2798428774349984,-0.8255890800369684,0.04547246532780621,-0.15090665591882643
293.0,9.521665870190269,-14.186087662673115,40.104835676508586,0.08787169903239946,0.07847355053508148,0.1948282111390581,0.3469631373787691,-14.06214718483385,-7.2157,0.0,7.5938950253,-0.12394047783926432,0.3179254631422674,0.2839223569477697,0.7049010084205393,0.07156606791212164,-0.24698020395029718,-0.2840392229724922,-0.8198493279879292,0.0451394635576368,-0.14899793277072876
294.0,9.507431514278693,-14.117896638990684,39.86323052731735,0.09032922786827492,0.09692078646932595,0.187009801473012,0.3882128925495043,-13.975652983568038,-7.2157,0.0,7.5938950253,-0.1422436554226465,0.3273062651451725,0.3511906542638499,0.6776265125938212,0.07095885567969033,-0.243515346047272,-0.2879546398319821,-0.81418737996806,0.044782801879799744,-0.14665462730325246
295.0,9.493889600009242,-14.035369805023452,39.62977167120924,0.09279029087587207,0.11499985054185766,0.17746998783932671,0.4343643313313584,-13.870963880334173,-7.2157,0.0,7.5938950253,-0.1644059246892784,0.3367034645811219,0.4172941774215639,0.6439764246951907,0.07025377056778571,-0.23981104992447166,-0.29154686396584556,-0.8086621616012468,0.044405648618311144,-0.143859749870318
296.0,9.481089289023336,-13.939293729899585,39.406168626512766,0.0952348905759499,0.13251083273117656,0.16616384658203864,0.48585960049246274,-13.748535113839454,-7.2157,0.0,7.5938950253,-0.19075861606013156,0.34604061625491134,0.4814845687482478,0.6037644346814192,0.06945852458634723,-0.2359071628941025,-0.2947712733025869,-0.8033336345429983,0.04401153292823635,-0.1406018851615822
297.0,9.4690727261764,-13.830633763986253,39.19417085297877,0.09763835943074123,0.14923690118782643,0.15307067384000855,0.5431032493745075,-13.6090242120817,-7.2157,0.0,7.5938950253,-0.22160955190455311,0.35522395694464903,0.5429476987443771,0.5568955763969131,0.06858200243547956,-0.2318488793436404,-0.29758167091390664,-0.7982617671846866,0.04360433359584974,-0.13687660942043828
298.0,9.457874451049824,-13.710540891388257,38.9955427031305,0.09997092823651217,0.1649473384839138,0.13819944009416274,0.6064473725919178,-13.453305193884031,-7.2157,0.0,7.5938950253,-0.2572356975042265,0.36414085380098915,0.6008153142844987,0.5033869645748406,0.06763423467479346,-0.22768644883000805,-0.29993137422020766,-0.7935053417009891,0.04318825824519912,-0.13268796673372033
299.0,9.447520853073833,-13.580354420760637,38.81203282286441,0.1021973574102155,0.17940206241525358,0.1215942872019246,0.6761759157049357,-13.282479085295332,-7.2157,0.0,7.5938950253,-0.29787533546530476,0.37265850137144013,0.6541823136801693,0.4433886158338989,0.066626339377457,-0.22347463261216166,-0.3017746400935413,-0.7891206171869225,0.0427678111598185,-0.12804992470586643
300.0,9.438029690158352,-13.44159911779829,38.64533806558574,0.10427667923652162,0.1923578036153596,0.10333968740045488,0.7524886128770678,-13.097879302091165,-7.2157,0.0,7.5938950253,-0.34371981570712506,0.3806230450243368,0.7021302699926084,0.37720290651956406,0.06557042742158906,-0.21927186793710327,-0.3030684371715157,-0.7851598849828841,0.04234774802006145,-0.12298770180165292
301.0,9.429409693574701,-13.295975315233884,38.49706241512268,0.10616210963878538,0.2035760213440148,0.08356477324114342,0.8354851683179825,-12.901070340795366,-7.2157,0.0,7.5938950253,-0.3949049744385178,0.3878593460148697,0.7437574740315054,0.30530081221511035,0.06447946713495388,-0.2151391096247184,-0.3037745486674974,-0.781669970715246,0.04193301612190244,-0.11753883118529325
302.0,9.421660284192681,-13.14534058797933,38.36867195362304,0.10780119605106916,0.2128324988807651,0.06244625136143188,0.9251504290284059,-12.693838216162659,-7.2157,0.0,7.5938950253,-0.4515023718166713,0.3941716313196019,0.7782152365166313,0.22833272422384585,0.06336710493761595,-0.21113833602216742,-0.30386195091229323,-0.7786907564400946,0.041528679125635196,-0.11175380353718811
303.0,9.414771426777266,-12.991681797590903,38.26144753739089,0.10913627087444702,0.21992836966603552,0.040209254401833,1.0213414076282425,-12.478171227123315,-7.2157,0.0,7.5938950253,-0.513510570467588,0.39934528000662084,0.8047494720313585,0.14713143329251407,0.06224743995767074,-0.20733073190063017,-0.30330936589487806,-0.7762538130567354,0.041139826115999235,-0.10569612018772738
304.0,9.408723649580628,-12.837076731554061,38.17643750571493,0.11010527473370106,0.22470209304019925,0.01712549207541266,1.1237770800117677,-12.2562299672092,-7.2157,0.0,7.5938950253,-0.5808467643448623,0.4031499761123361,0.8227457191369312,0.06270491343682551,0.06113475236558712,-0.2037745938728558,-0.3021078337030861,-0.7743812445681801,0.040771465750169704,-0.09944159509004818
305.0,9.403488255599672,-12.683645212087761,38.11441336521821,0.1106429973214478,0.22704164581042108,-0.006491837220150658,1.2320318811033695,-12.03030604804207,-7.2157,0.0,7.5938950253,-0.6533391640456916,0.40534439498598634,0.8317748143633125,-0.023783067108209852,0.060043187428033926,-0.20052304225816553,-0.3002630995074533,-0.7730848481047751,0.04042840750241171,-0.09307677660285604
306.0,9.399027749263137,-12.533490418513093,38.07583185827306,0.11068275395259532,0.22689595977275137,-0.03029669710560531,1.3455337332543973,-11.802769778685262,-7.2157,0.0,7.5938950253,-0.7307206398278314,0.40568247859102674,0.8316355715392039,-0.111045657394716,0.058986400069039865,-0.19762166279987414,-0.2977975691076809,-0.7723656834575275,0.040115133411425065,-0.08669642261446628
307.0,9.395296497626145,-12.388632204694435,38.060807016156645,0.11015847296124535,0.22428446583691497,-0.05392241247533787,1.4635672530106598,-11.57600800428968,-7.2157,0.0,7.5938950253,-0.8126242004047555,0.40392119551243044,0.8223902087639232,-0.19771883838309368,0.05797716806697245,-0.19510623602921928,-0.29475156869963687,-0.7722141209839766,0.039835665170095416,-0.08040005554176893
308.0,9.39224163809162,-12.250935294179637,38.06909559924369,0.1090071156768626,0.2193035585502736,-0.0769969662545979,1.585282492347475,-11.35235437174629,-7.2157,0.0,7.5938950253,-0.8985809224333465,0.3998294847779218,0.8043881198090644,-0.2824187866625054,0.05702698585079857,-0.19300073382774086,-0.29118366002639945,-0.7726103972404743,0.0395934326858746,-0.0742877406980646
309.0,9.389804235083282,-12.12203624626638,38.10009865652555,0.10717129342845644,0.21212891933434133,-0.09916045639275108,1.7097091954222516,-11.13401532739389,-7.2157,0.0,7.5938950253,-0.9880209188724898,0.3931978735845901,0.7782740819839087,-0.36380712922285713,0.056145654965393255,-0.19131576443191856,-0.28716981977934425,-0.7735256567694754,0.039391151165266945,-0.0684553579047548
310.0,9.387920676053545,-12.00327382064875,38.15288078162068,0.10460189458843193,0.2030129571644882,-0.12008332182449927,1.8357761244736237,-10.92299599680365,-7.2157,0.0,7.5938950253,-1.0802778238451012,0.3838480738086423,0.744978213562904,-0.4406588614884889,0.05534089118547016,-0.19004762344432785,-0.28280139333988386,-0.7749234026276534,0.03923071411599611,-0.06298975032582338
311.0,9.38643906289644,-11.895625218385975,38.22622378678163,0.10125585512266262,0.192277738051618,-0.13948354675761,1.9623330463570334,-10.72103039421297,-7.2157,0.0,7.5938950253,-1.1745948241730044,0.3716280674280891,0.7056955285697275,-0.5119308987786565,0.05488603913118528,-0.18922166966740117,-0.2779988156128084,-0.7759327066177838,0.038967232129871375,-0.05804804778262061
312.0,9.385211771622343,-11.799654246165803,38.318663591186194,0.0971028435479342,0.1803029491275591,-0.15714032495002428,2.0881723511714085,-10.529519920479332,-7.2157,0.0,7.5938950253,-1.2701343256864703,0.35643233649144157,0.6618323324600583,-0.5768100205151314,0.05449097097340399,-0.1887547440185734,-0.27307256105288374,-0.7773950646981018,0.038758839318018184,-0.0535997275744778
313.0,9.384193464132325,-11.715483916447862,38.428534791321574,0.09213204750789107,0.167508830502279,-0.17290510125696543,2.212062058065591,-10.349485623603131,-7.2157,0.0,7.5938950253,-1.365998292844731,0.3382228903078476,0.6149360872471182,-0.6347461570426194,0.05414668879147792,-0.1886002347220357,-0.26814312585091415,-0.7792893290390196,0.03860935578702619,-0.049677229960284265
314.0,9.38334133675315,-11.642783178883318,38.55406235533268,0.08634735162649342,0.15433784967591008,-0.18670661383848333,2.332775506329048,-10.181536696735792,-7.2157,0.0,7.5938950253,-1.4612464821475264,0.3170156724323109,0.5666359914361684,-0.6854746743084361,0.05385102266994409,-0.18870230887387957,-0.26332252038512227,-0.7815642819938424,0.038516396999845715,-0.04629534597807455
315.0,9.38261575117534,-11.580772671983137,38.69343657264668,0.07976696467500495,0.14123570323789797,-0.19854909992563355,2.4491172537484025,-10.025856467219421,-7.2157,0.0,7.5938950253,-1.5549162047637157,0.29287908680579705,0.5185728698242903,-0.729009550623582,0.053600079236308905,-0.18899657868405487,-0.25871521071194137,-0.784165517897351,0.0384759994854962,-0.04344947521217936
316.0,9.381981364048604,-11.528247945481295,38.844883174009134,0.07242225420943732,0.12863378314095045,-0.2085044227141418,2.5599455793280192,-9.882205676289084,-7.2157,0.0,7.5938950253,-1.6460422691922112,0.2659296113159696,0.4723345375835886,-0.7656141153751469,0.05338820326125966,-0.18941233795263074,-0.2544140266086879,-0.7870361050197123,0.038482719979074834,-0.041117989328635654
317.0,9.381408219412634,-11.48361678413106,39.006723062596464,0.06435588375227964,0.11693463946973859,-0.21669899679843513,2.664190462623596,-9.749941154784963,-7.2157,0.0,7.5938950253,-1.7336756293460969,0.23632488251373024,0.4294023067237033,-0.7957526487610288,0.053208012503355676,-0.18987474142780686,-0.2504971164674379,-0.7901168467673,0.03852977874203126,-0.039265893325544456
318.0,9.38087276010145,-11.444946122653198,39.177417146144165,0.05561943558617023,0.10650142720683667,-0.22329688338153472,2.7608663042034296,-9.628046807022708,-7.2157,0.0,7.5938950253,-1.81689931563049,0.20425493500914332,0.3911122409505792,-0.8200279258889211,0.05305050801526233,-0.19030675586294696,-0.2470261047951457,-0.7933461175243348,0.03860923100225773,-0.037849419137612646
319.0,9.380358718486633,-11.410013582639225,39.355593272583896,0.04627073196766822,0.09765166426794686,-0.22848066239563805,2.849079057908216,-9.5151731649069,-7.2157,0.0,7.5938950253,-1.8948404177323255,0.16993238362459345,0.35863232259986666,-0.8391106412612346,0.05290525219251031,-0.19063076828800046,-0.24404543181884525,-0.7966592778422669,0.03871214866162925,-0.03682113426793265
320.0,9.379857856239981,-11.376358919477967,39.54005388349502,0.03637106518364474,0.09065497510736754,-0.23243166070878038,2.9280278173585783,-9.409681727496679,-7.2157,0.0,7.5938950253,-1.9666771919812884,0.1335823223315703,0.3329542878276331,-0.8536665303611847,0.052760599443677655,-0.19076980555355239,-0.24158269455589299,-0.7999876965722983,0.03882879517857676,-0.03613516133848842
321.0,9.379370534915864,-11.341331548680715,39.72976446684403,0.02598251893577496,0.08573395307410701,-0.2353108782180078,2.997001204564102,-9.309690810831295,-7.2157,0.0,7.5938950253,-2.03164073784942,0.0954326064851938,0.31489689765513473,-0.8642861186081809,0.052603961115128536,-0.190648388361376,-0.2396496886413262,-0.8032574254293952,0.03894877961645195,-0.03575216786125263
322.0,9.378906111264609,-11.302131654405283,39.923824044921794,0.015165520887799214,0.08306690803716847,-0.23724159768241018,3.05536913538446,-9.213120572400223,-7.2157,0.0,7.5938950253,-2.08901108200506,0.055705024486511025,0.30511607088628817,-0.8714207118826808,0.05242208753518994,-0.19019310375596113,-0.23824378243425845,-0.8063875878432213,0.03906118070533017,-0.035643875642060036
323.0,9.3784831607496,-11.255843968336224,40.121419705392064,0.003976720641415573,0.08279108925687437,-0.23829428889681065,3.1025706915785847,-9.117736077861279,-7.2157,0.0,7.5938950253,-2.138107890474945,0.014607695482156902,0.30411666535117565,-0.8753268638207997,0.05220135484891516,-0.18933302696919738,-0.23734923980399233,-0.809288563192941,0.039154637709332696,-0.03579693098320958
324.0,9.378129538109976,-11.199464962276009,40.321767597627336,-0.0075327510633295645,0.08500496482198103,-0.23847410780910283,3.1380989330374187,-9.021188577357881,-7.2157,0.0,7.5938950253,-2.178276384918128,-0.027671112142049023,0.31226067268712804,-0.8760204239703105,0.05192805097214364,-0.18800015473958573,-0.23693813711748601,-0.8118600739740663,0.039217411279925916,-0.03621604927020265
325.0,9.377882284565668,-11.12992578857234,40.52404296990391,-0.01931861077727996,0.08976825491358997,-0.23771110364782305,3.161483565308789,-8.921056415068922,-7.2157,0.0,7.5938950253,-2.2088693735034184,-0.07096763651774907,0.32976702926447565,-0.8732405965625512,0.05158866146690554,-0.1861300285815851,-0.23697058082469946,-0.8139893207183794,0.03923742382938576,-0.03692638676597186
326.0,9.377787388220623,-11.0441147514741,40.72730185558125,-0.031344314895536074,0.09709861032031009,-0.23585321023969735,3.1722724671330695,-8.81488810782991,-7.2157,0.0,7.5938950253,-2.229226643644189,-0.11514567386199885,0.35669897248218424,-0.8664243233924787,0.05117016050513581,-0.18366272999933514,-0.2373940126494583,-0.8155493601354906,0.03920229500561158,-0.037975092181530855
327.0,9.377899399253478,-10.93890436957465,40.930397085198294,-0.04358148312727728,0.10696406511109359,-0.23266221671783593,3.1700132069693874,-8.700251032926907,-7.2157,0.0,7.5938950253,-2.2386533366477437,-0.1600979099705654,0.3929357616451409,-0.8546917624822776,0.050660312788106246,-0.18054442210639865,-0.23814148155695936,-0.8163979872531297,0.039099393485586484,-0.03943195066484917
328.0,9.378280897219998,-10.811189188304363,41.13189156303617,-0.0560097941138492,0.11927065942737244,-0.22781317916004976,3.154235854519667,-8.574789820458022,-7.2157,0.0,7.5938950253,-2.2363993678463405,-0.2057453203170826,0.43812658868972176,-0.8368446315561037,0.050047988257611996,-0.1767295937889905,-0.23912886290323926,-0.8163774619490075,0.038915931490012066,-0.04138895717188025
329.0,9.379001807270825,-10.657941406234041,41.329972348569264,-0.06861625543190847,0.13384493811077816,-0.22089813338156528,3.1244386288710913,-8.436298912670432,-7.2157,0.0,7.5938950253,-2.2216424935636088,-0.25203428341348116,0.49162567751525366,-0.8113806619693279,0.0493234821865039,-0.17218413118051604,-0.24025111930578413,-0.8153155113252899,0.038639133027192435,-0.04395855126214466
330.0,9.380138568355985,-10.476292024112661,41.522370160400605,-0.08139370086965697,0.15041142693070636,-0.2114354807955332,3.080078208803344,-8.282813768409568,-7.2157,0.0,7.5938950253,-2.193478255703093,-0.2989308712793493,0.5524090737042281,-0.7765292868890683,0.04847881907779303,-0.16688929129524524,-0.24137783469250085,-0.8130281347914234,0.03825651049043847,-0.04727012019723993
331.0,9.38177317198959,-10.263645447798629,41.70629058985157,-0.09433831257658584,0.16856574723144485,-0.19888701345335758,3.0205668322535906,-8.112724740462046,-7.2157,0.0,7.5938950253,-2.1509207073365832,-0.3464115800589288,0.6189757400510428,-0.730315846254375,0.047508001301107584,-0.16084657497295568,-0.24234842767773745,-0.8093248243203257,0.037756285944259525,-0.051464245369472514
332.0,9.383992115747176,-10.017834960202139,41.87836565348549,-0.10744591220370571,0.18774486222002323,-0.18268516046303063,2.9452785740980554,-7.924916541301087,-7.2157,0.0,7.5938950253,-2.0929184189010517,-0.39444957218220533,0.6892386975289799,-0.6706637964230964,0.04640714620215332,-0.15408337790491805,-0.24296768091877824,-0.8040168626855615,0.0371279915745413,-0.05668405146857974
333.0,9.386885349058591,-9.737324700757801,42.03463732401466,-0.12070672819144206,0.20719719063427453,-0.162273550678958,2.853567325221674,-7.718934135740384,-7.2157,0.0,7.5938950253,-2.018390565017417,-0.44299537403130407,0.7604165760974827,-0.5955461916290216,0.045174445401441055,-0.1466591240591835,-0.2430025260649495,-0.7969293356645613,0.03636327571885558,-0.06306295859103365
334.0,9.390545322256486,-9.421459989681283,42.17058817346007,-0.13409835301458603,0.2259571122248165,-0.1371641545748476,2.744798874754806,-7.4951724369692405,-7.2157,0.0,7.5938950253,-1.9262875527120427,-0.4919510105982225,0.8289425426333421,-0.5031981597388255,0.043809888332438734,-0.13867134110376175,-0.2421814053050461,-0.7879173270358641,0.03545692299213775,-0.07070820261775027
335.0,9.395066267220479,-9.07076103408406,42.28123771938968,-0.14757670022487815,0.24283079168011262,-0.10701367300538302,2.6183989576995605,-7.255081829191147,-7.2157,0.0,7.5938950253,-1.8156792048929118,-0.5411369306127475,0.890416366999699,-0.3923996840658931,0.042314734313781174,-0.13026081752732038,-0.2401979681477772,-0.7768863724692685,0.03440806498284655,-0.07967978438858674
336.0,9.400351942299064,-8.68721611193823,42.36140427278797,-0.16107634474815657,0.256405160786679,-0.07172047160044542,2.4739149637918167,-7.001373281404853,-7.2157,0.0,7.5938950253,-1.6858428305333772,-0.5903055662846645,0.9396624555463984,-0.26283805774521496,0.04143869668690698,-0.12277106497841007,-0.23573809654505992,-0.7588965477886213,0.03277994009882344,-0.09075820613807839
337.0,9.406093139613454,-8.274573332073281,42.40600891432425,-0.17450045027938002,0.2650891900574153,-0.03153193279315551,2.311076339683599,-6.7381945468339435,-7.2157,0.0,7.5938950253,-1.5363787852393376,-0.6391113103916902,0.9708943407138381,-0.11548632026078878,0.04066655133987388,-0.11565080173680609,-0.22913836678230942,-0.7373666069065443,0.03088405455512943,-0.10329315824737481
338.0,9.412342261270219,-7.8386909441809856,42.41024008435026,-0.18767404914763366,0.2671919364880334,0.01283910645158016,2.1298953671314886,-6.471249733447551,-7.2157,0.0,7.5938950253,-1.3674412107334346,-0.6869035160078701,0.9779459731174869,0.04699225814141252,0.03982427041929546,-0.10887963966297709,-0.2203266839060173,-0.7137190554647759,0.028849647635025302,-0.11685338833874051
339.0,9.419165587426324,-7.387650902553355,42.370215932904806,-0.20035329587175368,0.26107031350969867,0.06010390285899081,1.9307727772723144,-6.20780975842981,-7.2157,0.0,7.5938950253,-1.1798411441235457,-0.7327794568125702,0.9548480931702772,0.21982620798770722,0.038908126359482174,-0.10271192486019058,-0.20907890884725733,-0.6884479456389647,0.026718329954021562,-0.13103234658306234
340.0,9.426632201433954,-6.931700189611295,42.283608891942514,-0.2122216890387831,0.2453390711539558,0.10833813728085905,1.7145887081175955,-5.956553256780857,-7.2157,0.0,7.5938950253,-0.9751469328304383,-0.7755725513799026,0.8966013333975301,0.39592600512809384,0.03791599178570039,-0.09739572817918968,-0.19529319599313869,-0.6622334774925354,0.024543201448591505,-0.14526146130181164
341.0,9.434811168982558,-6.482904078404814,42.15029375464309,-0.22289647832924817,0.21913140496861438,0.15501004343522987,1.482774099556218,-5.727186619046461,-7.2157,0.0,7.5938950253,-0.7557174593583529,-0.8138778340033989,0.8001301526825209,0.5659992447861085,0.036850158073396574,-0.0931475782143311,-0.17904523418204887,-0.6359203189501007,0.02238653344717616,-0.1588272954481686
342.0,9.443766357758475,-6.054456199183779,41.972913136515935,-0.23195019790491508,0.1823711198358086,0.19713619032763754,1.2373477224524503,-5.529814951289221,-7.2157,0.0,7.5938950253,-0.5246412478945581,-0.8461332073574248,0.6652732437818202,0.7191348768606207,0.03572097504137827,-0.09012532642319397,-0.16063583835858408,-0.6104654067039079,0.020315578277551857,-0.17092151553675325
343.0,9.453421838200956,-5.659646709873289,41.757206729915545,-0.23893563468306994,0.1359920074589125,0.23158382920571244,0.9809100445498428,-5.374084663651728,-7.2157,0.0,7.5938950253,-0.28556204622156134,-0.8707251993737575,0.4955797738791169,0.8439338741764081,0.03500514981562602,-0.08896393208822122,-0.13983577354604027,-0.5873950843279309,0.018870350078988747,-0.18061360876656316
344.0,9.463585636552487,-5.31063561928206,41.51198333828087,-0.24344570095755974,0.0820214807294115,0.2554960202262878,0.7165970751407477,-5.268184674256885,-7.2157,0.0,7.5938950253,-0.0424509450251751,-0.8862079047073691,0.2985802759806362,0.930074311664607,0.03438525249818334,-0.0890490259582094,-0.11828234560366259,-0.5671116801236163,0.01764240615891182,-0.18728030071424312
345.0,9.47423400114499,-5.0171925079304645,41.248646561035606,-0.24520068215207025,0.023449857376117014,0.2667651896490699,0.4479443864459618,-5.217874592778492,-7.2157,0.0,7.5938950253,0.20068208484802774,-0.8915932938871844,0.08526785242053345,0.970005678802087,0.033819786156070446,-0.09015584616230736,-0.09707511615118522,-0.5502352044383747,0.016588217606548963,-0.1904612449548479
346.0,9.485326088448018,-4.785626272910375,40.98022696240772,-0.24407201692647448,-0.03611361260407928,0.2644237101816845,0.17871415311608696,-5.225740610113925,-7.2157,0.0,7.5938950253,0.44011433720354987,-0.886451441385586,-0.1311619592842161,0.9603672800298533,0.033326289974684245,-0.09208409945322184,-0.07721673317848872,-0.5372200465314569,0.015728203689610355,-0.1899824917956434
347.0,9.496805762525131,-4.618213478070037,40.72011967618245,-0.24010389243274394,-0.09294126230470905,0.24883177869852482,-0.08729410332204238,-5.290853890976901,-7.2157,0.0,7.5938950253,0.6726404129068646,-0.8709853924724976,-0.33714772803207094,0.9026461097046679,0.03291409694415626,-0.09459109729896935,-0.0596178071840333,-0.528233134201366,0.015069239127527995,-0.18600436995548614
348.0,9.508607002879609,-4.513216181475256,40.48075666051582,-0.23350388625623103,-0.14371808841000383,0.22160191345286598,-0.3464358645986831,-5.4089189648844025,-7.2157,0.0,7.5938950253,0.8957027834091464,-0.845992360299572,-0.5206954230230815,0.8028711162570162,0.03258553317229729,-0.09742206136066034,-0.04498413796395399,-0.5231622081050675,0.014605345488076543,-0.17899090803277085
349.0,9.520658755169322,-4.465455893122559,40.27247681609193,-0.22460540216056654,-0.18596608557073951,0.18528597739067398,-0.5953944515918382,-5.5728742548133505,-7.2157,0.0,7.5938950253,1.107418361690791,-0.8127227646123009,-0.6729084418064555,0.6704475063390923,0.03233803785969745,-0.10033895337953512,-0.033743468004588814,-0.5216637777042133,0.01432002820365047,-0.16962619103513826
350.0,9.532888787059512,-4.46727628550817,40.10279044969894,-0.21381368862643405,-0.2182684349873574,0.1429258311402601,-0.8313151901539301,-5.773797668278154,-7.2157,0.0,7.5938950253,1.3065213827699838,-0.7726809509389768,-0.7887795350682844,0.5165060657652696,0.03216620046084186,-0.10314296738863053,-0.02602478935034689,-0.5232355444788277,0.014189574144749497,-0.1587026042949652
351.0,9.545226597105113,-4.509662642814159,39.97611329119704,-0.2015503372437136,-0.24027473147397244,0.09759533801042981,-1.0518884720346293,-6.001918218315987,-7.2157,0.0,7.5938950253,1.4922555755018285,-0.7274221358088805,-0.8671836561521492,0.35223463374656677,0.032063127671040685,-0.1056879871002779,-0.021686882560362032,-0.5272951903308224,0.014186556882886527,-0.1470102894444004
352.0,9.557605638072376,-4.583301423773748,39.893924079180934,-0.18820829945030185,-0.25253468810684454,0.05203609061743098,-1.2553779796003808,-6.247549616418075,-7.2157,0.0,7.5938950253,1.6642481926443269,-0.678389144895769,-0.9102509911714056,0.1875619678876023,0.032021094202070124,-0.10788473206972966,-0.020380588925646044,-0.5332505835006534,0.014282955890977826,-0.13525045609249975
353.0,9.56996507663587,-4.679432969123488,39.85522121655666,-0.17412336516404944,-0.25623998967933914,0.008435981875960698,-1.4405989954141392,-6.501822845378429,-7.2157,0.0,7.5938950253,1.8223898762549409,-0.6268100125617359,-0.922413778291065,0.03036788256796937,0.032031764362864555,-0.10969722797626463,-0.02162508223063213,-0.5405527811328951,0.014452557494263387,-0.1239829810647298
354.0,9.582251167196876,-4.79043469613737,39.8571309070328,-0.15956213883356307,-0.25295069463242054,-0.03165138594254016,-1.6068582649560688,-6.757168332607435,-7.2157,0.0,7.5938950253,1.9667336364700647,-0.5736559798843467,-0.9094054495167302,-0.1137927013908031,0.03208631315841754,-0.11113423328146253,-0.02488119746763138,-0.5487295175363854,0.014672550113264628,-0.11360736659134078
355.0,9.594418206117256,-4.910140863289164,39.8955389998376,-0.14472286966025244,-0.24435848769876656,-0.06727974728585905,-1.753870080524601,-7.0075583079704415,-7.2157,0.0,7.5938950253,2.0974174446812777,-0.5196461893454767,-0.8774007678605487,-0.24157663802064186,0.0321756403537442,-0.11223834812788024,-0.029611204243389734,-0.5574012596685847,0.014924391631177565,-0.10436924521881097
356.0,9.606429007061855,-5.033945697423835,39.96565903599483,-0.12974430628785039,-0.23211101744427962,-0.09801838338478375,-1.881663115627857,-7.248555182997068,-7.2157,0.0,7.5938950253,2.2146094855732326,-0.46528125574349194,-0.8323826205426873,-0.3515076523361078,0.032290710429244585,-0.11307501211352836,-0.035320877406781345,-0.5662839909346389,0.01519410498407151,-0.09638254081180757
357.0,9.618254880021071,-5.158751297117899,40.06249066253155,-0.1147182613250043,-0.21769988521868178,-0.12383290941740585,-1.9904900093913511,-7.477223899302234,-7.2157,0.0,7.5938950253,2.318472602184335,-0.41088993293945025,-0.7797423897927684,-0.44353614898384625,0.032422952534442086,-0.11372282441912851,-0.041584420870965144,-0.5751831900284902,0.015472171974093618,-0.08965855482422501
358.0,9.629875162602449,-5.282818910274754,40.181155046439436,-0.09970280678923986,-0.20240259444274256,-0.14496473949717345,-2.080748070211662,-7.691962798438397,-7.2157,0.0,7.5938950253,2.4091438881636433,-0.35667769684369177,-0.7240768193580723,-0.5185981325149391,0.03256462933468058,-0.11426588062780765,-0.04805532703365677,-0.5839828018232713,0.015753174035053618,-0.08413576659035074
359.0,9.641276406488048,-5.405570830795499,40.31711454230916,-0.08473428827459639,-0.18726427732514303,-0.16182402709007804,-2.152915793894829,-7.892296590719357,-7.2157,0.0,7.5938950253,2.486725759923858,-0.30277072329297133,-0.6691286590964075,-0.5782261080598861,0.03270910590946328,-0.11478825683547766,-0.054467067477602646,-0.5926319970966726,0.016035294577468717,-0.07970670058876422
360.0,9.652451348497978,-5.5273765413555145,40.46629419205693,-0.06983732922001203,-0.17310529617277173,-0.17490227804007488,-2.2075068352413547,-8.078662095791243,-7.2157,0.0,7.5938950253,2.5512855544357285,-0.24925233029056368,-0.6178199959619548,-0.624233498925451,0.03285098838004131,-0.11537041505367347,-0.060627290180431795,-0.6011315534550491,0.01631976323852735,-0.07624021486701661
361.0,9.663397795313934,-5.649344471986087,40.62512587542136,-0.055032622594152356,-0.16054330511079892,-0.18470547519594727,-2.245040880248072,-8.252205878082586,-7.2157,0.0,7.5938950253,2.6028614060964994,-0.19619122471475964,-0.5723366644131147,-0.6584747679109351,0.03298613614825806,-0.11608712918307657,-0.06640850887419504,-0.6095209301601257,0.01661029375497883,-0.07359885651063043
362.0,9.674117530875408,-5.773131000706299,40.79053511293241,-0.040342647745977046,-0.15002133683113272,-0.1917057602922775,-2.2660295062889735,-8.414603747970897,-7.2157,0.0,7.5938950253,2.641472747264598,-0.1436621180602037,-0.5342332297843037,-0.6826734760034844,0.03311157372460368,-0.11700647641893458,-0.0717374844385333,-0.6178665644436431,0.016912544945165604,-0.07165164435327162
363.0,9.684615325859381,-5.9007713138867395,40.95988785399661,-0.025795589039127174,-0.14183618129233963,-0.1963086898836373,-2.2709744333053905,-8.567905544512978,-7.2157,0.0,7.5938950253,2.667134230626239,-0.09175976665021278,-0.5045379998185431,-0.6983069682110676,0.03322533774285605,-0.11818946048955753,-0.07658478731770822,-0.6262515621524087,0.017233617954852468,-0.07028294004222102
364.0,9.694894045714825,-6.034531841351918,41.13091132926521,-0.011427478141155974,-0.13616344828868793,-0.19883306230344117,-2.260375331259579,-8.714404242711717,-7.2157,0.0,7.5938950253,2.679872401359799,-0.04060659354362203,-0.4838454934552546,-0.7065367567767471,0.03339498675498722,-0.11973546628048251,-0.08089882927598069,-0.6348029604127304,0.017628931805137783,-0.069404778234091
365.0,9.7048280664978,-6.176778303047333,41.30159620447934,0.0027252265916166197,-0.1330773625434593,-0.1995003849403111,-2.2347405579838266,-8.856525648209761,-7.2157,0.0,7.5938950253,2.6797473451624283,0.009673953565987561,-0.47239529729006285,-0.7081823824287403,0.0337642528074395,-0.12178831553541974,-0.0845895110001564,-0.6436891972311388,0.01820833760718452,-0.06895992952148655
366.0,9.7143656845654,-6.329877008415557,41.47010299983856,0.016611608757528273,-0.1325664875803994,-0.19843225164401737,-2.194601812896617,-8.996734869325996,-7.2157,0.0,7.5938950253,2.666857860910439,0.05890965404010846,-0.4701197839814565,-0.7036991699826283,0.03414148600696694,-0.12425870957345561,-0.08786864981170882,-0.6528942113586552,0.018848474157151338,-0.06888346033859151
367.0,9.723500048584315,-6.496084134616969,41.63466455891414,0.030168894702720533,-0.1345400393197386,-0.1956560713482193,-2.140541988565127,-9.137453600616258,-7.2157,0.0,7.5938950253,2.641369465999289,0.1068872748820566,-0.4766703688390283,-0.6932022033493497,0.0345342051062983,-0.12717885102371357,-0.09080364915650524,-0.6624931089699936,0.01956109585547413,-0.06915425047162074
368.0,9.732219863598438,-6.677442770243674,41.79349664095938,0.04332733973771342,-0.13883009409642078,-0.19111610919726194,-2.073216677163306,-9.280981524067819,-7.2157,0.0,7.5938950253,2.603538753824145,0.15336961915000719,-0.49142917121205676,-0.6765106064312949,0.03495004930162367,-0.13057072178076565,-0.09347594727593174,-0.672543036706886,0.020356977643651866,-0.06977333680623078
369.0,9.740509433495768,-6.875684794726006,41.94472468634475,0.056012537488155635,-0.14519067061384744,-0.18469016127531349,-1.9933729277410013,-9.429419042792082,-7.2157,0.0,7.5938950253,2.5537342480660765,0.19810379833228464,-0.5135068793678015,-0.6532077299832856,0.0353964928035285,-0.13444425375960828,-0.09597926526207817,-0.68307850704629,0.021245329175952225,-0.07076030269439329
370.0,9.748348954028708,-7.092133308302715,42.086330810883666,0.06814842361901224,-0.1532952773455825,-0.17621154448402748,-1.9018641474835252,-9.584589159680402,-7.2157,0.0,7.5938950253,2.492455851377686,0.24083187878750795,-0.5417350496437475,-0.62271957396088,0.03588052482501232,-0.13879522287464202,-0.09841834448478363,-0.6941073792044533,0.02223318749614394,-0.07214841241669276
371.0,9.755715078730075,-7.327606897702035,42.21612595858225,0.07966086914870323,-0.16273526701582913,-0.1654956600328497,-1.7996593843655613,-9.74795822681644,-7.2157,0.0,7.5938950253,2.420351329114405,0.28130351491672106,-0.5746610990021954,-0.5844087739464637,0.03640827519888564,-0.14360308302020616,-0.10090764251424189,-0.7056076410086847,0.023324801420614806,-0.07397864250333873
372.0,9.762581786136154,-7.58232965090067,42.33175105557246,0.09048169005840839,-0.17302140769756047,-0.15236985792051028,-1.6878453796957498,-9.920557473795688,-7.2157,0.0,7.5938950253,2.3382278228950177,0.3192899471468455,-0.6105544235896277,-0.537679654865057,0.036984581288633835,-0.1488290329679421,-0.10356947948827339,-0.7175252263885522,0.02452103741344769,-0.07629286273908226
373.0,9.768921570695346,-7.855853243093833,42.4307092882951,0.1005528160640518,-0.18359079658543295,-0.1367046688266801,-1.5676200460414158,-10.10290930036195,-7.2157,0.0,7.5938950253,2.247056057268118,0.3545984567833946,-0.6474310287576582,-0.4820875883788994,0.037612511971946795,-0.15441465814082325,-0.1065312239336627,-0.7297731602379282,0.02581885293265596,-0.07912655825641104
374.0,9.774706959299674,-8.146999113181714,42.51042924478804,0.1098302830964588,-0.19382056701730377,-0.1184438548365431,-1.44027645795694,-10.294963945674418,-7.2157,0.0,7.5938950253,2.147964832492704,0.38708610584721737,-0.6831016583462374,-0.4174437981730817,0.038292886757648255,-0.16028149499056932,-0.10992128038979383,-0.742232329200104,0.027210895539220764,-0.08250162441905784
375.0,9.779912320719026,-8.453829256243987,42.5683557831735,0.11828766626271872,-0.20304881630263494,-0.09763036936952584,-1.3071770594409502,-10.496052983947258,-7.2157,0.0,7.5938950253,2.0422237277032718,0.4166714351945297,-0.7152448296296684,-0.34390556014032736,0.03902384809581883,-0.16633181576419637,-0.11386387541338697,-0.7547541207406209,0.02868529074069919,-0.08641986357257572
376.0,9.784515890138874,-8.773653140324823,42.60206250744843,0.12591857528828235,-0.21060196093781922,-0.07442539186264516,-1.169718569464208,-10.704865898591574,-7.2157,0.0,7.5938950253,1.931212758266751,0.4433428252749006,-0.7415019440685785,-0.2620420650808239,0.0398005570349474,-0.1724508227896173,-0.11847289790720518,-0.7671650513815959,0.0302256755802569,-0.0908578252525977
377.0,9.788468923937693,-9.103072607509635,42.6093877377245,0.13273633916145053,-0.2158262892517059,-0.04911845373963181,-1.0292891602625156,-10.919454651853167,-7.2157,0.0,7.5938950253,1.8163820443435323,0.46715854334780316,-0.7595892393894673,-0.1728698067572357,0.04091993713643317,-0.1788334183092962,-0.12352066011420268,-0.7776424718870022,0.03166512374614447,-0.0960256715172747
378.0,9.791273381429527,-9.438024652617347,42.588702429404,0.13875384962434953,-0.218118121455162,-0.02213200700130606,-0.8872302639158419,-11.137267275078742,-7.2157,0.0,7.5938950253,1.6992426224613943,0.4881969824910507,-0.7674353469061511,-0.07787012082014572,0.04275306669132484,-0.18574538343872543,-0.12867238413805815,-0.783951104619955,0.032796894234030025,-0.10216817419364674
379.0,9.792766374941676,-9.773970823116734,42.53878887137252,0.14401938540634926,-0.21696315752726275,0.005992233165816296,-0.7447915224653405,-11.355213235485667,-7.2157,0.0,7.5938950253,1.5812424123689333,0.5066461954963448,-0.7632552938197423,0.02108009367920828,0.04460098878301094,-0.1923257314758837,-0.13469760663900632,-0.7895519810247908,0.03392296246796426,-0.10858678150682072
380.0,9.792970835773708,-10.106065385178027,42.45898675329189,0.1486060970374172,-0.2119644912568912,0.03461629839006361,-0.6030615653486227,-11.56976277182968,-7.2157,0.0,7.5938950253,1.4636973866516527,0.5227708862603337,-0.745654903527851,0.12177422965269903,0.04642942131641916,-0.19842828505419827,-0.14162176824921904,-0.7943393396278907,0.035022785400934175,-0.11513351166177054
381.0,9.791935654982963,-10.429327475375613,42.34931979024123,0.1526002942128885,-0.20286184526195877,0.06303203586903464,-0.4629187915144062,-11.77706716876922,-7.2157,0.0,7.5938950253,1.3477396933936063,0.536878541778281,-0.7137087921649174,0.2217593857025832,0.04820243717276232,-0.20391733157306285,-0.14943515574490834,-0.7982285898967729,0.03607568617752439,-0.1216405019267926
382.0,9.789735537345102,-10.738832536275208,42.21054184222273,0.15609682756501725,-0.18954367529844388,0.0904908544529325,-0.3249914221670924,-11.973094353343143,-7.2157,0.0,7.5938950253,1.2342618170679351,0.5493034708752909,-0.6670026569279742,0.3184365832980348,0.04988452961520542,-0.20867372543803075,-0.15809210681317698,-0.8011615233218966,0.0370617917897447,-0.12792669883308422
383.0,9.786469293312695,-11.029898536861529,42.04415264235286,0.15919425845616197,-0.17205123469333045,0.1162334877631798,-0.1896278825492702,-12.153772555163751,-7.2157,0.0,7.5938950253,1.1238740183022227,0.5603902734934529,-0.6056489687486573,0.4091612136542164,0.05144266617710386,-0.212600105502048,-0.16751202367438497,-0.8031102565744679,0.037962922607559374,-0.13380491588625557
384.0,9.782256688755163,-11.29825674902269,41.852385359568544,0.16199016210548722,-0.15057581939698478,0.13951739721031328,-0.05687948732580174,-12.31513516130156,-7.2157,0.0,7.5938950253,1.0168784122788708,0.5704778827720771,-0.5302801943634377,0.49133594494819227,0.052848140870585016,-0.21562501338744525,-0.17758185816312988,-0.8040797297889326,0.03876337542643305,-0.13908870509411356
385.0,9.777234099555338,-11.540200002273188,41.63817001456147,0.16457680741380495,-0.12545100989765431,0.15964041630839176,0.07350337234880702,-12.453461226852507,-7.2157,0.0,7.5938950253,0.913261224579319,0.5798849610917503,-0.44202555108819,0.562491629618873,0.054078075064825135,-0.2177058407910081,-0.18815962614739593,-0.8041086943685785,0.03945055918238445,-0.14359867736557744
386.0,9.771549307480505,-11.752704919603715,41.405077562139134,0.16703733428638987,-0.09714188845450908,0.17596032358104735,0.20206110837907393,-12.565407830265782,-7.2157,0.0,7.5938950253,0.8127029106620665,0.5888970095827981,-0.3424777332593442,0.6203553762683784,0.05511647348427418,-0.21883065482252992,-0.19907850240591513,-0.803269218481313,0.040015462889905845,-0.14716813243064195
387.0,9.765355811022104,-11.933527642176653,41.157248913669754,0.16944244235765019,-0.06623289400697732,0.18791094317565987,0.3296010073911226,-12.648131992974747,-7.2157,0.0,7.5938950253,0.7146043507980941,0.5977551921490182,-0.23365489621637753,0.6629079490472679,0.05595479852102914,-0.21901901602883928,-0.21015114109060903,-0.8016647960665747,0.04045295333946804,-0.14964805551696295
388.0,9.758769642860651,-12.081274377387434,40.899320107256365,0.1718449714090829,-0.033415288400934835,0.195016011014291,0.45715966358917615,-12.6994011930186,-7.2157,0.0,7.5938950253,0.6181268156311663,0.6066399230331172,-0.11796125203696878,0.688437356891329,0.05677851770181554,-0.21833380980347175,-0.22103099961119183,-0.7987708315051645,0.04063470172576138,-0.1509470533858517
389.0,9.75178807502629,-12.195444383230694,40.63634623738261,0.1742723466468329,0.0005243423022546724,0.1969024222215648,0.58594640887336,-12.717692079762577,-7.2157,0.0,7.5938950253,0.522247696531883,0.6156493861221658,0.001852336430375592,0.6955943251991373,0.05749069389464401,-0.2168572877861913,-0.2315876117541604,-0.7951446851042797,0.04064055344901331,-0.15094398932810463
390.0,9.744576323618073,-12.276466672011082,40.37363412073941,0.17674394836063212,0.034716296672584926,0.19331608825926314,0.7172865828701608,-12.702278465705009,-7.2157,0.0,7.5938950253,0.4258117936939261,0.6248428683621875,0.12273252121509327,0.6834303533946681,0.05795141024443494,-0.2146891793113404,-0.24171418501314373,-0.7914900535976275,0.04058045494612546,-0.1495436128751561
391.0,9.73730636600273,-12.325718082758202,40.116655692402084,0.17925787168783242,0.06822534550526531,0.18413837688618867,0.8525583708371497,-12.65330401739787,-7.2157,0.0,7.5938950253,0.3275859346396679,0.6342034899104145,0.2413771390476686,0.6514704216227001,0.05817820904651511,-0.21196304379732572,-0.2511830784950444,-0.7879753251806505,0.04046210661101027,-0.1467157341031551
392.0,9.73013084581414,-12.345516102468553,39.87091806336925,0.18178729239129066,0.10007013721768149,0.16940433143779823,0.9931149360798176,-12.571836842038408,-7.2157,0.0,7.5938950253,0.22632073956985543,0.6436267222011814,0.3543031724627004,0.5997842485892945,0.058195533139871206,-0.20883634848806643,-0.2597686335424732,-0.7847680109954323,0.04029522849933472,-0.14247096669915224
393.0,9.72317875964097,-12.339090107346452,39.64181082397719,0.18427852092654243,0.12924850603809707,0.14932253658958158,1.1402013619945832,-12.459902379232169,-7.2157,0.0,7.5938950253,0.12081227188571653,0.6529135381394349,0.457937794118768,0.5290616898728122,0.05803392886630877,-0.20548658599254066,-0.2672543568314736,-0.7820275862933336,0.04009131216484818,-0.1368660755099579
394.0,9.716551924805314,-12.310525658128466,39.434433587407256,0.18664955085900442,0.1547711326774206,0.12429450344188894,1.2948698870189794,-12.320488088097784,-7.2157,0.0,7.5938950253,0.00996242996931862,0.6617653131330885,0.5487404958054575,0.44068571615839636,0.057729100428166716,-0.2021059789127426,-0.2734417877191572,-0.7798979105942181,0.03986331028733414,-0.13000894764498494
395.0,9.710322307683311,-12.264674162206086,39.253405236713576,0.18878952986719297,0.17570516697928987,0.09492984161667015,1.457897601402633,-12.157511540461801,-7.2157,0.0,7.5938950253,-0.10716262174428515,0.6697820214246292,0.6233616980609443,0.33678934025769974,0.057320817667878186,-0.1988945170565265,-0.27816119498070446,-0.7784996391010974,0.03962526016703419,-0.12206220136449673
396.0,9.70453028672629,-12.207019571604675,39.102660876369086,0.1905597274066378,0.1912279260017122,0.06205201129381912,1.629711698734732,-11.975742911191594,-7.2157,0.0,7.5938950253,-0.2312766604130818,0.6764657757972977,0.6788378062738062,0.22027771833490706,0.056851672838893814,-0.1960512212545617,-0.28128385586269194,-0.7779232244274564,0.03939183813950535,-0.11324410422336692
397.0,9.699183936167975,-12.143494908373894,38.98524844187399,0.19179665817312697,0.20068839432031832,0.026688484889230556,1.8103281771373834,-11.780673511661158,-7.2157,0.0,7.5938950253,-0.36282139671273583,0.6812320415355194,0.7128141119742996,0.09479336720334879,0.05636567788241313,-0.19376379458126142,-0.28273510437854477,-0.778223275632788,0.039177845735973715,-0.10382527122108504
398.0,9.694259410022743,-12.080245824839828,38.90314316024421,0.19231795347817882,0.20367117275121538,-0.009960589093110728,1.9993101480999673,-11.578325651810164,-7.2157,0.0,7.5938950253,-0.5019201730296636,0.6834305971298241,0.723775958999524,-0.035396442342247945,0.055906699512013304,-0.19219721130818807,-0.282506679062079,-0.7794151238204594,0.03899763697972274,-0.09411973158300099
399.0,9.68970251058596,-12.023345539282483,38.85710344516543,0.1919313124105166,0.20005428596105929,-0.04657914543775607,2.19575148730053,-11.375005056900129,-7.2157,0.0,7.5938950253,-0.6483404823823538,0.682377369719935,0.7112571458028927,-0.16560380038268685,0.05551674178537354,-0.1914822375738776,-0.2806662798645381,-0.7814743717543033,0.03886450755072401,-0.08446950380336739
400.0,9.68542079944424,-11.978475322215342,38.8465960727979,0.190445727466886,0.19004994806633446,-0.08181721012113294,2.398289913694423,-11.177006010854118,-7.2157,0.0,7.5938950253,-0.8014693113612239,0.6773949678686849,0.675987223111763,-0.2910150159748108,0.05528918550718104,-0.19171408903135603,-0.2773241012613057,-0.7841679306135224,0.03875735374763761,-0.07523876574581066
401.0,9.68126636363452,-11.950594422086398,38.869814071382955,0.18768407475188326,0.1742172544734858,-0.11439196825894216,2.6051494914881297,-10.990289369860918,-7.2157,0.0,7.5938950253,-0.9603050522254808,0.6678585354793434,0.6199379493529821,-0.4070545276311465,0.05521702281965718,-0.19292024293034138,-0.27273228455968057,-0.7875237724134474,0.03870876150332996,-0.0667464135249361
402.0,9.67713997526249,-11.943639083323298,38.92377518780744,0.1835034082151604,0.15343747308946087,-0.14319628561611475,2.814215413503136,-10.82016326607204,-7.2157,0.0,7.5938950253,-1.1234758172512578,0.6532604084649299,0.5462276004526377,-0.5097696273987546,0.055256179689394724,-0.19507013511801183,-0.2672292101839609,-0.791649067569798,0.03876682058645965,-0.05925123278496364
403.0,9.672945373339205,-11.960284593357155,39.004551831830035,0.17780486173476898,0.12885065965897036,-0.16739795901557752,3.023134022719076,-10.671001738173077,-7.2157,0.0,7.5938950253,-1.2892828551840783,0.6332484316148108,0.4588990275377903,-0.5961844573196287,0.05541807920976735,-0.19809258817580583,-0.26115484093499614,-0.7964460976266424,0.0389390204609551,-0.05295664193510002
404.0,9.668582980257073,-12.001803692352363,39.107579988267986,0.1705419982756015,0.10175933341071781,-0.18651106545171403,3.229425193859238,-10.546035005054776,-7.2157,0.0,7.5938950253,-1.4557686872975868,0.6076559359930384,0.3625773335304219,-0.6645551078096772,0.05571313109430801,-0.20187378891220073,-0.2548617149525355,-0.8017924176091407,0.03922470486102993,-0.04797908020771936
405.0,9.663900241749849,-12.068042384614111,39.228028286238676,0.16172110368905881,0.07351395571665773,-0.20042648491775383,3.430597035143757,-10.44723648406205,-7.2157,0.0,7.5938950253,-1.620805900552062,0.5765055394528037,0.2620635262249238,-0.7144829967911985,0.05629254365813316,-0.20628417451536385,-0.2485820566652458,-0.8070648377462369,0.03952668158254604,-0.04439341598514551
406.0,9.658733054135599,-12.157515238227191,39.36115673420969,0.15140105382461216,0.045398742577114556,-0.2093962680534794,3.62425044307484,-10.375316205441218,-7.2157,0.0,7.5938950253,-1.7821990327859734,0.5400052237725572,0.1619246202390842,-0.7468579361300043,0.05704473802771731,-0.2111421637150488,-0.24269046960665724,-0.8124929125732332,0.0398997335554081,-0.04209394399815472
407.0,9.652968311605202,-12.267608799620179,39.50263134162423,0.13968949694961535,0.018535105991479,-0.21397711287036605,3.8081725623756517,-10.32981442786939,-7.2157,0.0,7.5938950253,-1.9377943717507886,0.49853091966837787,0.06614902077724412,-0.7636523088469868,0.05794859636552443,-0.2162748085708559,-0.23743283868107617,-0.8180039309589701,0.04033638417706507,-0.04093119530827043
408.0,9.646513123321757,-12.39485404591375,39.64878515847196,0.12672964710203294,-0.006182147805136094,-0.21494503379488544,3.98040665419364,-10.309273388342797,-7.2157,0.0,7.5938950253,-2.0855806575709526,0.45258180721384517,-0.022077924858884237,-0.7676200010894669,0.058976598911611305,-0.22151631682554734,-0.2329848005040146,-0.8235463465976389,0.04082754477427838,-0.040700583468734446
409.0,9.639298016430194,-12.535227175760856,39.79677989674045,0.11268752366393174,-0.028110758456994234,-0.21319780970133453,4.139295910837634,-10.311455145655092,-7.2157,0.0,7.5938950253,-2.2237720301057635,0.4027352597259085,-0.10046536865991548,-0.7619501473750461,0.06009702151151872,-0.22671669613878823,-0.22945000909005134,-0.8290878777440754,0.04136315607789165,-0.0411675505279718
410.0,9.631278478811517,-12.684438239404521,39.9446717085056,0.0977394823533707,-0.04685152656385999,-0.20966141201393987,4.283502684727484,-10.333571662762983,-7.2157,0.0,7.5938950253,-2.350866576641538,0.34960313674671345,-0.16758264166858003,-0.7499352925751468,0.06127612655143213,-0.23174646915055933,-0.22686697374857973,-0.8346120856968323,0.04193278848617799,-0.0420915382592154
411.0,9.622435000175317,-12.838175201601494,40.091391943290375,0.0820615063939978,-0.062211867237186705,-0.205212108409343,4.412006363766223,-10.372497555633435,-7.2157,0.0,7.5938950253,-2.465677645968059,0.2937945431922083,-0.2227293638545788,-0.7346952340621747,0.062480060067572785,-0.23649767889282974,-0.2252219139125076,-0.8401142105376939,0.042526139809639,-0.043245867920833896
412.0,9.61277193438354,-12.992283567819197,40.23666230470566,0.0658210200984112,-0.07415358113552932,-0.20061996827182138,4.524084452620888,-10.424944741939417,-7.2157,0.0,7.5938950253,-2.56733882587978,0.23588764592236022,-0.26574965967741015,-0.7189765817956512,0.06367625998412764,-0.24088193512815026,-0.22446459939278895,-0.8455968017955502,0.04313339159533001,-0.04443213116156574
413.0,9.60231559768487,-13.142874469280164,40.380866552264024,0.04917133031504471,-0.08273574371709964,-0.19651399278864512,4.6192816781073915,-10.487588280544584,-7.2157,0.0,7.5938950253,-2.6552861887355803,0.17641081592461974,-0.2968290660787363,-0.705028592603336,0.06483429290485763,-0.24482648916985578,-0.2245243853617765,-0.8510654034067505,0.04374540896748988,-0.04548908356930551
414.0,9.591112024522149,-13.286364667992217,40.52489879986889,0.032248329108110846,-0.0880613783522941,-0.19336521575360252,4.697371352843281,-10.557141925460398,-7.2157,0.0,7.5938950253,-2.729222742531819,0.11583171325013995,-0.316304770133021,-0.6945421621267629,0.06592613951747447,-0.24826931897482807,-0.22532433202660762,-0.8565243193861979,0.04435378954954764,-0.046297004866054675
415.0,9.579224752659309,-13.419458968485156,40.67000362559922,0.015168859012361539,-0.09023366022810309,-0.1914822912224009,4.7583122085160765,-10.630388848877862,-7.2157,0.0,7.5938950253,-2.7890701196072936,0.05455213824383691,-0.32450951670125294,-0.6886324418664908,0.06692602186260485,-0.2511540570879283,-0.22679209743601292,-0.8619723494077598,0.0449507812811969,-0.04677894306993062
416.0,9.566732918302735,-13.539089166241641,40.81761743698799,-0.0019698900908095493,-0.08932469331652682,-0.1910139409512418,4.802202748009108,-10.704177413564576,-7.2157,0.0,7.5938950253,-2.8349117526770655,-0.007093614320365988,-0.32166003912026125,-0.6878450900600386,0.06780990569983769,-0.25342539423595967,-0.22886699636657198,-0.8673983378695591,0.04552909657864637,-0.046900286286764896
417.0,9.553729837552762,-13.642324714837418,40.969215304028225,-0.019090477703838322,-0.08535792349065233,-0.19195362446345535,4.8292341486647015,-10.775394099980364,-7.2157,0.0,7.5938950253,-2.866930614857054,-0.0688387643443867,-0.30779397306112416,-0.6921697049432101,0.06855482371914443,-0.2550254100508524,-0.23150311461194112,-0.8727764126025171,0.046081652562303274,-0.04666784369271325
418.0,9.540322147164982,-13.726269852717857,41.12616355515338,-0.03613515341310996,-0.07830408153706736,-0.19414332714793117,4.839642042047829,-10.840926393629744,-7.2157,0.0,7.5938950253,-2.885343459088114,-0.13048364781388033,-0.28275519079338285,-0.7010494527413539,0.06913816053131633,-0.25589115146935104,-0.23466864983119987,-0.8780608773637855,0.04660126622154838,-0.0461292142949289
419.0,9.52662948458177,-13.787960961536328,41.28957612249809,-0.05306579782247844,-0.06809004864253686,-0.1972750182636832,4.833657194707007,-10.8976282630124,-7.2157,0.0,7.5938950253,-2.8903326985239275,-0.1918954377246507,-0.24622582200050513,-0.7133818303926873,0.06953702754927704,-0.2559537044712012,-0.2383417649167484,-0.8831808498152138,0.04708033162088325,-0.04537278248893958
420.0,9.512784607438688,-13.824277124573673,41.46017188442846,-0.06986383638535312,-0.054619965058214766,-0.20088987515758655,4.811455254311326,-10.942300305031038,-7.2157,0.0,7.5938950253,-2.8819768195426345,-0.2530078481534596,-0.19780304862406994,-0.7275110795389113,0.06972784119089562,-0.25513897488468484,-0.24250325744238044,-0.8880348950371796,0.04751050538877033,-0.04452826201979424
421.0,9.498933785958663,-13.831876608414948,41.63813090372266,-0.08652993788781115,-0.03780802193724617,-0.2043767226541895,4.773106300593912,-10.971695989322118,-7.2157,0.0,7.5938950253,-2.86018061909283,-0.31382010101402624,-0.13711921622861165,-0.7412177254929934,0.06968620371010834,-0.2533703904942024,-0.24712633722795987,-0.8924860915593893,0.047882428015669484,-0.04376733485426152
422.0,9.485237246644488,-13.807172441320535,41.82294930829073,-0.10308317106748689,-0.017622486957113236,-0.20697232635550294,4.718525916450407,-10.982564783561381,-7.2157,0.0,7.5938950253,-2.824607657759154,-0.37439392931697174,-0.06400416351075644,-0.7517151608906215,0.06938717167907585,-0.2505737387182705,-0.2521638208284068,-0.8963581845477921,0.04818551264107082,-0.04330359263711681
423.0,9.471869402156061,-13.746361339104817,42.01329549957733,-0.11955916985524714,0.005859553570715721,-0.20776730032140525,4.647430811658312,-10.971742205262244,-7.2157,0.0,7.5938950253,-2.774619133842574,-0.4348469374562648,0.02131169803346394,-0.7556674603688207,0.06880597982533611,-0.2466843389843576,-0.2575331454191392,-0.8994337327627476,0.04840784030244889,-0.04339066512098445
424.0,9.459018571792168,-13.645521660855392,42.20687442739059,-0.13600673982441758,0.032387680176664546,-0.2057225646997031,4.55930359956487,-10.936295776922178,-7.2157,0.0,7.5938950253,-2.7092258839332146,-0.4953402037843185,0.1179568021373168,-0.7492471127014603,0.06791926350331916,-0.24165668873182103,-0.2630998233311682,-0.9014554423052448,0.04853621084668805,-0.044317088078495145
425.0,9.446885883191309,-13.500797302496894,42.40031201323539,-0.15248221879262594,0.061465832423327954,-0.1997026114593053,4.453373011504294,-10.873734020651362,-7.2157,0.0,7.5938950253,-2.6270632818455315,-0.5560575730836935,0.22414771948831075,-0.7282563852088131,0.06670678718308116,-0.23547657732429833,-0.26866036067766863,-0.9021321879565282,0.04855641092271934,-0.04639611079617485
426.0,9.435683054442356,-13.308684408169949,42.58907869461804,-0.16904079041017275,0.09227620530394068,-0.18853327720475144,4.328617428914351,-10.782282291738559,-7.2157,0.0,7.5938950253,-2.52640211643139,-0.617173679534387,0.33690356642745767,-0.688341412299328,0.06515363533934782,-0.2281753747896453,-0.2739263232370486,-0.9011515073361964,0.04845377233744356,-0.04994829754460608
427.0,9.425628796107038,-13.066434730739875,42.76747959646613,-0.18572387823433323,0.12360686896983022,-0.1710929711441207,4.183800779584775,-10.661223380576542,-7.2157,0.0,7.5938950253,-2.4052113501633325,-0.678807509140966,0.45177427714630475,-0.625332588776396,0.06325275531943807,-0.21984569286728758,-0.27851223232622735,-0.8982005095035034,0.048214100784154126,-0.05527454657531768
428.0,9.41694364292889,-12.772580456056394,42.92874878547486,-0.20254182553184133,0.15379621498107576,-0.14644645216817817,4.017550157874973,-10.511290712763508,-7.2157,0.0,7.5938950253,-2.2612897432928865,-0.7409586543306261,0.5626326127667226,-0.535744979315242,0.06100766311897423,-0.2106567923699986,-0.28193135632584415,-0.8929969597668289,0.047825047782067656,-0.06261730545630577
429.0,9.409843141205757,-12.427566498569558,43.065294432355955,-0.21945147824449157,0.18071523833479708,-0.11402757340517625,3.828483167430602,-10.33508604983016,-7.2157,0.0,7.5938950253,-2.0924804487393978,-0.8034250212330319,0.6616093241099469,-0.4174617838852694,0.05843504713276923,-0.2008669171430103,-0.28360514052650765,-0.885331444633093,0.04727796350194308,-0.0721087763703226
430.0,9.404529457273297,-12.034443169495484,43.16914669263685,-0.23632935605175484,0.20181804040548937,-0.07386898644655158,3.6153891408492176,-10.137469966217127,-7.2157,0.0,7.5938950253,-1.8969732032783568,-0.8657048024541438,0.7392854181122339,-0.2705915904293978,0.05556695462812993,-0.19082824096853307,-0.28289356302923596,-0.8751195073270917,0.04657018586606195,-0.08370753684038934
431.0,9.400878444164249,-11.59951409255175,43.23271785451498,-0.25295654950746355,0.21430012997290607,-0.02685884926362003,3.3774568279730173,-9.925842443571828,-7.2157,0.0,7.5938950253,-1.6736716489799228,-0.9269722167231828,0.7853137897075471,-0.09842562720360432,0.05349146500232657,-0.18115674035632445,-0.27845160023580734,-0.8589337289686748,0.04525443245041466,-0.09741768502679307
432.0,9.39859260210567,-11.132782763866391,43.24972487787117,-0.26898746510537036,0.2153957967437788,0.025028011665439297,3.1145243082727276,-9.71019783756251,-7.2157,0.0,7.5938950253,-1.4225849263038803,-0.9859580647004434,0.7895208901980398,0.0917387356146507,0.051408320147602264,-0.17219838368748017,-0.27031759596389404,-0.8401020653256654,0.04374267653047644,-0.11236269959227181
433.0,9.397736715094936,-10.64803354674937,43.21623173139655,-0.28391612521473514,0.20282775483847554,0.07859798022940441,2.82736418858406,-9.502825638698017,-7.2157,0.0,7.5938950253,-1.1452079080513524,-1.0407729871743718,0.7435211653633665,0.2881226087717258,0.04925249927343595,-0.16441301462978222,-0.2582352555452058,-0.8196681874454547,0.04212089671755255,-0.12759068173323895
434.0,9.398364060284113,-10.162267588503852,43.131944840776946,-0.29710970018283206,0.1753849629686002,0.1295239356770121,2.5179243619539515,-9.317529255625209,-7.2157,0.0,7.5938950253,-0.8447383328786433,-1.089064980420555,0.6428791155048772,0.47477407296118057,0.047050050677059974,-0.15820558538491644,-0.24224237824093092,-0.7986445636375383,0.040448681139945555,-0.14189437805478672
435.0,9.400506753105315,-9.694356510472865,43.0012151097322,-0.30786472431269485,0.13350232711563312,0.17275845188283556,2.1894655208439944,-9.168310378820792,-7.2157,0.0,7.5938950253,-0.5260461316520733,-1.1282306402331796,0.48924545132785524,0.6331072168420802,0.04483647241463669,-0.15383495891162843,-0.22284768093163748,-0.7782325653566464,0.03879397396989454,-0.15391023817395313
436.0,9.404164868532705,-9.262957483620657,42.8334649848324,-0.31550408116872636,0.07964173528913543,0.20330016813463148,1.8465451513112268,-9.067618768884643,-7.2157,0.0,7.5938950253,-0.19533871473601394,-1.1557768018967631,0.29174922165510675,0.7447435141926445,0.04266464214494531,-0.15134992664596958,-0.20107610755750924,-0.7596743058646415,0.037225484599874056,-0.16233030589370478
437.0,9.409258999085038,-8.884011872070444,42.64273396938699,-0.319500804436377,0.018252736974197752,0.21718725918812284,1.4948116987394435,-9.024463715010734,-7.2157,0.0,7.5938950253,0.14045184294029056,-1.169784221467758,0.06682851315095675,0.795184942805634,0.04091886145420999,-0.15095662625103162,-0.17803223219044928,-0.7422292062843348,0.03563887693198823,-0.166456924828354
438.0,9.415259072008988,-8.568367303101867,42.44633901437764,-0.31960899638546936,-0.044806474640203,0.21242633011679796,1.1406020226725748,-9.042839771460455,-7.2157,0.0,7.5938950253,0.4744724683585879,-1.1694346211049125,-0.16394483035989688,0.7772581738382466,0.03994274230095625,-0.15250289490696078,-0.15516438218463602,-0.7253764690311431,0.033962415791257576,-0.1660547345840679
439.0,9.421934828766203,-8.320341980442741,42.26235110136218,-0.31588547810382034,-0.10329961029775812,0.18951505148100042,0.7904139472858092,-9.120930888653454,-7.2157,0.0,7.5938950253,0.8005889082107132,-1.1549915084799665,-0.37770072065163857,0.6929355426644792,0.03910189694992071,-0.15453384977139753,-0.13497641774207791,-0.7136837944748994,0.032598472863570344,-0.16065481993735026
440.0,9.429166704315325,-8.137442927587832,42.10719111229845,-0.30868816360654866,-0.1517612437535841,0.15133116332067176,0.4503630223364839,-9.251351114804043,-7.2157,0.0,7.5938950253,1.1139081872162109,-1.1278098658897118,-0.5544683863652831,0.5528970628985923,0.038434555493775883,-0.15650213215944453,-0.11878676882684742,-0.7069661402882637,0.031540865356313175,-0.1510872401456579
441.0,9.43681119824714,-8.01132414763213,41.99360373537295,-0.2986013961705572,-0.186401814934212,0.10244291463718465,0.1256885577836898,-9.422346777482177,-7.2157,0.0,7.5938950253,1.4110226298500468,-1.09007353034534,-0.6804780120721698,0.3739778549248227,0.03795635587274963,-0.1579370749337228,-0.1073585242403649,-0.7045643131961394,0.030755268736272594,-0.13861878453309476
442.0,9.444719123831673,-7.9296322789479445,41.92943785484428,-0.2863158219697348,-0.20551492764085605,0.048116477763539875,-0.17958924004648907,-9.619601491055478,-7.2157,0.0,7.5938950253,1.6899692121075338,-1.0443486923786636,-0.7496241195106262,0.17550682420733166,0.037657880133663994,-0.1585011557127509,-0.10084415618088789,-0.705511570905504,0.030187789847125897,-0.12468847619553694
443.0,9.45275325033564,-7.878157946932071,41.917424220411604,-0.2725115271148279,-0.2093633724597168,-0.006634835682786121,-0.4628161527075648,-9.828160622113984,-7.2157,0.0,7.5938950253,1.9500026751819126,-0.9931521389043432,-0.7630124250816711,-0.024180266131866506,0.03750934251079011,-0.1580093951846247,-0.0988635697133525,-0.7087154998689718,0.029774623061597755,-0.11065870493174607
444.0,9.460801160895707,-7.842783886457462,41.95577638840717,-0.2577735841848415,-0.1997083673276568,-0.05771644338684406,-0.7226614839834689,-10.034066854803521,-7.2157,0.0,7.5938950253,2.1912829683460595,-0.938641434709853,-0.7272061992883501,-0.21016523240073376,0.03746936631390476,-0.15641753220897653,-0.10066377711962704,-0.7131115760067042,0.029450687218215144,-0.09764208618525998
445.0,9.468781619073374,-7.810928471122664,42.0392794692235,-0.24254948159727874,-0.17920685786227564,-0.10226069971850568,-0.9589303368197121,-10.225485441462173,-7.2157,0.0,7.5938950253,2.4145569703395084,-0.8824609096691749,-0.652003235655947,-0.3720522076680098,0.03749407435938594,-0.1537914668972236,-0.10529946392304446,-0.7177678507399369,0.02915612553364541,-0.08642112899746854
446.0,9.476645025617364,-7.772404430170734,42.16052964745006,-0.22714235533034557,-0.15085536466114582,-0.13863704110719607,-1.1722913588289428,-10.393285415752109,-7.2157,0.0,7.5938950253,2.6208809855813753,-0.8257198744890876,-0.5483973809853571,-0.50398068654384,0.03754392864638068,-0.15027046564713464,-0.1117898102477702,-0.7219403325952516,0.028840435854375103,-0.0774450299746143
447.0,9.484369788366157,-7.719763824491376,42.311081428280666,-0.21172725231676368,-0.11757210217900341,-0.16627800423638742,-1.3639782449377396,-10.531165833955411,-7.2157,0.0,7.5938950253,2.811402009464035,-0.7690551934467567,-0.42705619987898114,-0.6039702556694955,0.03758749102540347,-0.14603290895880283,-0.1192308145594947,-0.7250896134427588,0.028464533213052597,-0.07087459090992534
448.0,9.49195661956604,-7.648265818749494,42.482374592109196,-0.196378074460427,-0.08193527840744175,-0.18542802898710983,-1.5355095586996947,-10.635464330059156,-7.2157,0.0,7.5938950253,2.9871985113096615,-0.7127323623894741,-0.2973749727551344,-0.6729903911948121,0.03760252267821776,-0.141269020682238,-0.12686133872839211,-0.7268719628832205,0.0280012463900362,-0.0666480363687034
449.0,9.499422343679734,-7.555607432904269,42.666404421153565,-0.1810964948331104,-0.04605382790899579,-0.19688812404247844,-1.688454299441173,-10.70478131146006,-7.2157,0.0,7.5938950253,3.149173878555791,-0.6567530131083715,-0.16701587886767555,-0.7140219297414638,0.03757534459980993,-0.13616172095303203,-0.13409122510218885,-0.7271161679843183,0.027434743493805577,-0.06454889321453264
450.0,9.506794188061509,-7.441531050831377,42.856153799633596,-0.16583804633400312,-0.011533155467364817,-0.20179458429435468,-1.8242554083300637,-10.73952479963716,-7.2157,0.0,7.5938950253,3.2979937488057827,-0.600951338925677,-0.041792974370862365,-0.7312479150616846,0.037499353600158075,-0.13087487487700078,-0.14050274620911765,-0.7257940511178592,0.02675928999677383,-0.06426579298571444
451.0,9.514105003100179,-7.307389098285941,43.045830116479365,-0.15053345036369034,0.020499136472114106,-0.2014450294670549,-1.9441122440841176,-10.741447946951732,-7.2157,0.0,7.5938950253,3.4340588486657913,-0.545072538440485,0.07422613595647902,-0.7294202936459823,0.03737332933480147,-0.12554745361620875,-0.14583557180229711,-0.7229896063799985,0.025977640128033212,-0.06544035492492767
452.0,9.521389509392705,-7.155717511335752,43.23095482508429,-0.13510491426131652,0.04933414099173704,-0.19717110208213848,-2.048916100827396,-10.7132233039501,-7.2157,0.0,7.5938950253,3.5575057926143483,-0.4888324641808735,0.17849927843921834,-0.7133984446313146,0.03719988509228016,-0.1202920269438634,-0.14996295800627663,-0.7188695987818148,0.025099279286229414,-0.06770291939443857
453.0,9.528681485790447,-6.9898487168245484,43.408348882143265,-0.11947789428468221,0.0746070339768694,-0.1902511865889862,-2.139229273976923,-10.65807762714671,-7.2157,0.0,7.5938950253,3.6682289103221617,-0.43196044114238336,0.2697343094462707,-0.6878342389515687,0.03698420091073745,-0.11519620725755018,-0.15286440013825175,-0.7136571913660918,0.024138675698911337,-0.07069754430459557
454.0,9.5360117447135,-6.81358104474277,43.57604935978859,-0.10358907267421098,0.09621802458629061,-0.18185503038070985,-2.215297014856916,-10.579497620608635,-7.2157,0.0,7.5938950253,3.765916575865865,-0.3742280996670254,0.3475992936811656,-0.6569733725515329,0.03673304931496728,-0.11032595319496223,-0.15459807313182367,-0.707609432276054,0.023113657882543777,-0.07409818506934565
455.0,9.543406739309093,-6.630912765142046,43.73318447643747,-0.08739131034257852,0.11425536363797581,-0.1730126509897849,-2.277082095527303,-10.481008703956608,-7.2157,0.0,7.5938950253,3.8500959388145617,-0.3154670783234152,0.4124415300372313,-0.6245448810274216,0.03645406542283199,-0.10572991904897837,-0.1552750616028387,-0.7009989994872109,0.022044003126128423,-0.07761796281924595
456.0,9.550887671880137,-6.445843300277232,43.879827259113355,-0.07085627387446991,0.1289240992015452,-0.16460095564233898,-2.3243129956328303,-10.366023901622615,-7.2157,0.0,7.5938950253,3.9201806013453826,-0.25557819532966686,0.46502852615152945,-0.593714753715904,0.0361551998520129,-0.10144426955500305,-0.1550365235121025,-0.6941002982074266,0.02095029549025533,-0.08101324226125771
457.0,9.558470002901869,-6.262240234416997,44.0168421121184,-0.05397537061507658,0.14048262759124924,-0.15734243624972766,-2.356538515216966,-10.237756986519152,-7.2157,0.0,7.5938950253,3.9755167521021546,-0.19453443041876733,0.5063181156659243,-0.5670831134227043,0.03584430325485397,-0.09749756362501974,-0.1540343801329472,-0.6871797514581272,0.019853086924575044,-0.08408405065872662
458.0,9.566163281696367,-6.083767809443312,44.14573350556066,-0.03675957357695926,0.1491881521025942,-0.1518110001518994,-2.373183570262291,-10.099192282470852,-7.2157,0.0,7.5938950253,4.01542447302754,-0.13237985516610185,0.5372615633446493,-0.5467070549840667,0.03552881047533941,-0.09391544821183712,-0.1524157681072122,-0.6804898990583178,0.018772371831314527,-0.0866722100266304
459.0,9.573950577457435,-5.913868340279897,44.268500293875434,-0.01923633870639817,0.15525185819262907,-0.14844057180529344,-2.373602429513198,-9.953102455801517,-7.2157,0.0,7.5938950253,4.03923411552162,-0.06921822533696523,0.5586436311181021,-0.534134541150977,0.03532698610326688,-0.09086852099856013,-0.15011027705597302,-0.6743709589273468,0.017854426660010293,-0.08866643076316293
460.0,9.5817287292984,-5.755791881657026,44.387495164265474,-0.0014417410505634075,0.1588035942827931,-0.14753348475992606,-2.3571211415272737,-9.802104738537109,-7.2157,0.0,7.5938950253,4.046312856880083,-0.005183613583218841,0.5709599987227783,-0.5304396204036148,0.035224474735961936,-0.08836626667555714,-0.14725528514018132,-0.6690262741093985,0.017097622377658953,-0.08998070106285264
461.0,9.589484556385765,-5.612681237469873,44.5053036885779,0.016560046489134627,0.15986508405549535,-0.1492629689026833,-2.3230844845861935,-9.648747795434298,-7.2157,0.0,7.5938950253,4.036066557964425,0.059491581450098766,0.5743115923831794,-0.5362237405422633,0.035115958549115533,-0.08630412934230398,-0.14413202571673178,-0.6645544600426778,0.016391951611281163,-0.09055810090105729
462.0,9.597219905699713,-5.487646407735904,44.62460733455553,0.03468460510057565,0.15833842280191737,-0.15366739537473273,-2.2709070539321625,-9.495616756620967,-7.2157,0.0,7.5938950253,4.007970348885062,0.12450320587165024,0.5683686233225224,-0.5516015911561609,0.035004659536566424,-0.08472809225182504,-0.14079615264341522,-0.6611423139693228,0.015750771415358314,-0.09038378183625004
463.0,9.60493328964848,-5.38385954934908,44.74803909225586,0.052828353475477055,0.15400601216631038,-0.16063700874395198,-2.2001163538700097,-9.345443581585481,-7.2157,0.0,7.5938950253,3.9615840322364013,0.1894793771437834,0.5523731356726126,-0.5761565212736294,0.03489279765787326,-0.08369691176851121,-0.137274450236335,-0.6589660281857422,0.015187881328934907,-0.08947820783021126
464.0,9.612620582496518,-5.3046448279985,44.87802266037986,0.07086675663447341,0.14654572871952726,-0.16989296915071467,-2.1103960364144343,-9.201210130830988,-7.2157,0.0,7.5938950253,3.8965653028324887,0.2539744230104167,0.5251950091092179,-0.6088675545874995,0.034781694865046404,-0.08328222257517642,-0.13357048230864405,-0.6581921551181769,0.014717898864183798,-0.08790080034842723
465.0,9.620275727161607,-5.2535411394164075,45.01658797988571,0.08865214126626927,0.13556444210471646,-0.18096170504988857,-2.0016309957353666,-9.066227829197274,-7.2157,0.0,7.5938950253,3.8126866897808664,0.31746140684930835,0.4854533448892519,-0.6480199648922118,0.03467189021213418,-0.08356695985876089,-0.12967372535654026,-0.6589766619054853,0.014356552318269765,-0.08575495257678706
466.0,9.627891465568522,-5.234315603086807,45.16516156162609,0.10601183521461612,0.12065229344861465,-0.19315063382307185,-1.8739546500022515,-8.94417544592672,-7.2157,0.0,7.5938950253,3.709859842839914,0.37932580941572447,0.4317115044523757,-0.6911211410100693,0.03456325044899211,-0.08464163591562504,-0.12557218112661206,-0.6614613865312993,0.014120792255051112,-0.08319313970858143
467.0,9.635460110520572,-5.250904785861337,45.32433788376091,0.12274772035441531,0.10145829143386288,-0.20553448920955458,-1.7277972511324857,-8.839075308277186,-7.2157,0.0,7.5938950253,3.588170522415849,0.43886424910757554,0.3627474038401411,-0.7348547004556704,0.034455078374442144,-0.08659804101182399,-0.12126810955228286,-0.6657674345374974,0.014028610844928492,-0.08042015822875777
468.0,9.642974362840793,-5.3072630531707095,45.493648925595714,0.13863857319178335,0.07778396273657887,-0.2169639884646633,-1.5639321643587674,-8.755189715091689,-7.2157,0.0,7.5938950253,3.447926661920979,0.4952931187768824,0.27788703105975304,-0.7751145156426312,0.03434624546058413,-0.08952012837293177,-0.1167958375303793,-0.6719854230202783,0.01409845852992226,-0.07769196579102922
469.0,9.650428139431597,-5.407105467907884,45.67136125876253,0.1534466054260026,0.04968596576935205,-0.2261089973728518,-1.3835150085413244,-8.696825241802696,-7.2157,0.0,7.5938950253,3.289719773894812,0.5477721278837631,0.1773684541269477,-0.8071615939677407,0.03423540217744696,-0.09347224464569512,-0.11223960622518141,-0.6801630167903546,0.014348171990448091,-0.07530743857748054
470.0,9.657817316895057,-5.553547984392867,45.85434104400227,0.16692921875760328,0.01757167167290312,-0.23154507678005737,-1.1881087624982587,-8.668044435332625,-7.2157,0.0,7.5938950253,3.1144964509397584,0.595446299873506,0.0626791819796119,-0.8259348498049098,0.03412133764167422,-0.09848549458070249,-0.10774831353998966,-0.6902908983794321,0.014793388166609071,-0.07359094793069508
471.0,9.665140224904283,-5.748670246025008,46.03803230646753,0.17885602500115602,-0.01773404091076374,-0.23188419679787306,-0.9796869776378014,-8.67230203900971,-7.2157,0.0,7.5938950253,2.9236317929847013,0.6375065356437543,-0.06321043411264747,-0.8265178149307026,0.034003550358001844,-0.1045438152592898,-0.10354319450659975,-0.7022890810464636,0.015445521885675037,-0.07286523234874068
472.0,9.672397673749833,-5.993052837408787,46.21658813661133,0.18902971403634494,-0.054973909692019436,-0.2259380021156907,-0.7606076833504896,-8.712043837704703,-7.2157,0.0,7.5938950253,2.718991000295916,0.6732636382626582,-0.19579955795550474,-0.8047192056639233,0.03388303428186645,-0.11157209788651289,-0.09991451515082188,-0.715996127900581,0.01630952019707041,-0.0734165498829957
473.0,9.67942068252316,-6.285357477650539,46.38316783185345,0.19732185063117005,-0.09251224799166616,-0.21288816771575525,-0.5335483554146024,-8.788324683939589,-7.2157,0.0,7.5938950253,2.50296720628905,0.7022876654713002,-0.3292600918841481,-0.7576897025510825,0.03430139579713871,-0.11982047593742212,-0.09670696059601702,-0.7315084388595516,0.01782272045110698,-0.07549617546092677
474.0,9.685963640785044,-6.622075767660789,46.5304039183491,0.2036812784192132,-0.12846487097282477,-0.19242699140438263,-0.3013940430423017,-8.900513361982018,-7.2157,0.0,7.5938950253,2.278437594321229,0.7244317965427739,-0.4569101195444008,-0.6844037516275144,0.03487671009001176,-0.12873563213732508,-0.09474386662628038,-0.7482310807522268,0.019612400905848752,-0.07915899426332122
475.0,9.691937066262113,-6.997465565851319,46.65098579025191,0.20812588051741393,-0.16087868356746773,-0.16483712498673436,-0.06712354675293658,-9.046144508572262,-7.2157,0.0,7.5938950253,2.048678942720943,0.7397836505546086,-0.5718434417194116,-0.5859137257051008,0.035597529966488135,-0.1380369068649493,-0.09439497871555538,-0.7657586531876761,0.021634260310468736,-0.08436920535747897
476.0,9.697259350711855,-7.40371330960297,46.73826297728635,0.21075638783877698,-0.18793366229642539,-0.13098976072592777,0.16633035307738409,-9.22094822597614,-7.2157,0.0,7.5938950253,1.8172349163731711,0.7487226337318581,-0.6676437570617919,-0.4653476919411207,0.036453798477828765,-0.14741676960485667,-0.09595141896847977,-0.7836408409010512,0.02384083605738989,-0.09096031112261513
477.0,9.701863630514294,-7.831352916089528,46.786800765340466,0.21174608450679638,-0.20813118418499577,-0.09225799534607276,0.39623092271607985,-9.419063144194425,-7.2157,0.0,7.5938950253,1.5877102281048971,0.7518815857518343,-0.7390455657015885,-0.3275956105665985,0.03742409937715956,-0.15655520199714743,-0.09960127454906612,-0.8014007209617134,0.026173414007689282,-0.09865014179709627
478.0,9.705704523344554,-8.269869038486078,46.79280400900492,0.2113220385758452,-0.2204315692121268,-0.05036496696936737,0.6201766062284165,-9.633402356182781,-7.2157,0.0,7.5938950253,1.363533317696703,0.7500789058050974,-0.7824128110527877,-0.17876838388407948,0.03847733362962679,-0.1651456056947163,-0.10540654292500642,-0.8185651812580259,0.028566066539088636,-0.1070719230053207
479.0,9.708762904695575,-8.708393263421225,46.75436033722853,0.20974179858414116,-0.2243209180978449,-0.007200250948455486,0.8362142733920582,-9.856115733167371,-7.2157,0.0,7.5938950253,1.147722469746146,0.7442353914862881,-0.7959670767872222,-0.025548944557532094,0.039575977599160914,-0.17291829789802235,-0.11329754406057535,-0.8346952826668036,0.030950484793603718,-0.1158134730362755
480.0,9.711002648139457,-9.136387338821214,46.67150790409622,0.20726751183395462,-0.21980587556003658,0.03535914443732092,1.0429154861230243,-10.079082366943647,-7.2157,0.0,7.5938950253,0.9426950281224329,0.7352861533868255,-0.779766280312368,0.12543735904542128,0.041084472448907755,-0.18008500041723652,-0.12265428734602896,-0.8470515829463912,0.03304866932733733,-0.12482043815731211
481.0,9.711858552309497,-9.544171839435002,46.546305446289686,0.2041193016943823,-0.20734905076872284,0.075589246089683,1.2393959860867452,-10.294371530221907,-7.2157,0.0,7.5938950253,0.7501996907869053,0.7240539908501108,-0.7355105884737009,0.26813091580399223,0.04335664893457281,-0.18692612575716536,-0.1327599275860343,-0.8530246921911112,0.03459368424789129,-0.13406100075068367
482.0,9.711254944427669,-9.923458195925509,46.38224479956484,0.20051325586773378,-0.1877833926345664,0.112025835641309,1.4253025242447714,-10.49463522752158,-7.2157,0.0,7.5938950253,0.571177031596072,0.7113067985726259,-0.6661484960780288,0.39740384326513445,0.045459273631350584,-0.19243242023272775,-0.1442004361812389,-0.8576226512028471,0.03600477994239776,-0.14239695614478898
483.0,9.709356843113488,-10.2676319554966,46.18401458494941,0.1966388103011887,-0.16220037360857043,0.14352311991866593,1.6007946697637425,-10.673412885739463,-7.2157,0.0,7.5938950253,0.4057809302428623,0.6976988408537753,-0.5755070043365939,0.5092377961888294,0.04734118130154895,-0.19657188275116153,-0.15660234542007578,-0.8608553002227404,0.0372553352226726,-0.14954016687060956
484.0,9.706356032526635,-10.571850967188494,45.95722988950755,0.1926437278802824,-0.13184210720319453,0.16926584157266983,1.7664755915630075,-10.825332765862186,-7.2157,0.0,7.5938950253,0.25348179867369147,0.6837351116357289,-0.4679367393828997,0.6007618330337064,0.04896867308054195,-0.19937131506720676,-0.16957696766468575,-0.8627857235663912,0.038327760355229584,-0.15528009778804983
485.0,9.702458055885456,-10.833025056623308,45.70810322283456,0.18863359775541472,-0.09801104350536768,0.18875263840635634,1.9233010724771589,-10.946221557991178,-7.2157,0.0,7.5938950253,0.11319650136787018,0.6697712481974738,-0.34800258133677403,0.6701939194835869,0.05032495235347396,-0.20090618262577462,-0.1827427760531433,-0.8635210383251023,0.039213166957194415,-0.15948232158456993
486.0,9.697870420983971,-11.04969885419932,45.44314856604681,0.18467400949804133,-0.06199999646912114,0.2017625084004173,2.07247813698899,-11.03313857627928,-7.2157,0.0,7.5938950253,-0.01656027792004089,0.6560223380012967,-0.22024421709529396,0.7167262618146157,0.05140808821865894,-0.20128970028874998,-0.1957420401986225,-0.8632019775773272,0.039910520903331956,-0.162082523898246
487.0,9.692792834910925,-11.221874172495877,45.168928480931264,0.18079423255435778,-0.025041845063143095,0.20831466798897272,2.215361053506929,-11.084352468719608,-7.2157,0.0,7.5938950253,-0.13752170377626882,0.6425765429613521,-0.08900340460368537,0.7403893216795508,0.05222815924715927,-0.20066222557569713,-0.20825211581329556,-0.8619922064022759,0.04042549011147378,-0.16307830700934017
488.0,9.68740982586781,-11.350801671929341,44.89184520253837,0.17699155275211326,0.011724565202239355,0.20862876121226145,2.3533508202672273,-11.099276640600676,-7.2157,0.0,7.5938950253,-0.251525031328665,0.6294106579478889,0.04169445481067618,0.741917700701649,0.05280412342598741,-0.19918156323399389,-0.21999240572944018,-0.8600680648052755,0.04076916226144332,-0.16252042844787634
489.0,9.68188575816423,-11.438762943730348,44.617971381942255,0.17323574994891514,0.04727679241960195,0.20308914848970283,2.487802668654568,-11.078376197942054,-7.2157,0.0,7.5938950253,-0.36038674578829344,0.6164059083952367,0.16821986331349775,0.7226300062021023,0.05316080482843273,-0.19701441439297093,-0.2307281887842188,-0.8576092011841108,0.04095675849774354,-0.1605044229668687
490.0,9.676362016273313,-11.488855822215877,44.35291403719975,0.16947348213153504,0.08072369194755516,0.19221439491423026,2.6199447975626526,-11.023055378003082,-7.2157,0.0,7.5938950253,-0.4658004442127943,0.6033632732645454,0.2873942896014451,0.6843259784678355,0.053326235847258464,-0.1943289624920857,-0.24027240309316245,-0.854790374931735,0.0410064212770393,-0.15716297318855205
491.0,9.670956009766755,-11.504789168380649,44.101705491205394,0.16563253995610985,0.1113161568350604,0.1766312957235788,2.750810560500266,-10.935531115500499,-7.2157,0.0,7.5938950253,-0.5692580528801496,0.5900182976455917,0.3965318008990013,0.6291982024871239,0.053329472203030144,-0.19128847187203063,-0.24848620299581142,-0.8517745784421646,0.040938115939234014,-0.1526589806381914
492.0,9.665761608597052,-11.490688870733013,43.868716710953294,0.1616260556277926,0.13845579580329237,0.15705175816121197,2.88118560718284,-10.818695894395102,-7.2157,0.0,7.5938950253,-0.6719929763379113,0.5760557565815687,0.4934740125579966,0.559752380385787,0.05319891147033406,-0.18804575255853923,-0.2552787841860181,-0.8487075480924284,0.04077265823853894,-0.14717904385333708
493.0,9.66085062302808,-11.45091460981044,43.65759070440956,0.1573567893551175,0.16170236520485667,0.13425054675385878,3.0115709192474167,-10.675971819232716,-7.2157,0.0,7.5938950253,-0.7749427905777235,0.5611246467637305,0.5766207033601001,0.47872920471891167,0.05296109096963793,-0.1847383900850239,-0.2606066600190866,-0.8457136859658085,0.0405308645685885,-0.14092697081698125
494.0,9.656274985894518,-11.389886279731831,43.471195898573356,0.1527216020431843,0.18077964408933445,0.10904210077412543,3.142162185299141,-10.511157400403027,-7.2157,0.0,7.5938950253,-0.8787288793288042,0.5448539108582892,0.6449545759596705,0.3890216856040202,0.052639907146060136,-0.18148471208998387,-0.26447231245040004,-0.8428933776765516,0.04023281428383298,-0.13411699685435668
495.0,9.652069345889354,-11.31191987138369,43.31160112817351,0.14761614975659867,0.19557858933262853,0.08225531200889646,3.2728454012368777,-10.328269291334495,-7.2157,0.0,7.5938950253,-0.9836505800491953,0.5268690243383506,0.6980557392470987,0.29358424573620623,0.052256180874819064,-0.1783805459999967,-0.26692197028957804,-0.840321654596651,0.03989721379735223,-0.1269665389491814
496.0,9.648253844676088,-11.221074127225526,43.18007471872996,0.14193973550957525,0.20615614961779033,0.05470610027169623,3.4032079422513926,-10.131382350234944,-7.2157,0.0,7.5938950253,-1.0896917769905823,0.5068092078654289,0.7360999688302987,0.19533328876912506,0.05182748468449519,-0.1754968810460647,-0.2680422003521523,-0.8380480993720376,0.03954085576823715,-0.11968853994026796
497.0,9.644836911977915,-11.12101108128459,43.077109884650724,0.13560013840234778,0.2127281225096633,0.027168713977402947,3.532563610474858,-9.924472879096115,-7.2157,0.0,7.5938950253,-1.196538202188476,0.4843446095142825,0.7598349134713375,0.09704282250321526,0.05136814802060298,-0.17287857072335244,-0.2679550456499736,-0.8360978334294645,0.039178172362613714,-0.1124837072288751
498.0,9.64181797064413,-11.014875040336848,43.00247728457806,0.12851813840349413,0.21565492437753814,0.00034768342961226384,3.6599893856290855,-9.711271161062687,-7.2157,0.0,7.5938950253,-1.3036038792741618,0.4591924346093617,0.7705302223528565,0.0012422651191518305,0.05088936452270553,-0.17054418630164617,-0.2668115995296372,-0.8344733609235248,0.03882088670784237,-0.10553317249439181
499.0,9.63918999249936,-10.905195217673707,42.95530328064552,0.12063139234060548,0.21542003025319933,-0.025146955584181094,3.784370894329723,-9.495130107108047,-7.2157,0.0,7.5938950253,-1.410065110565661,0.43113077648304643,0.7699007953985207,-0.08987400606784922,0.050399340706733034,-0.16848706006901898,-0.2647841363916461,-0.8331569884793741,0.03847776965632936,-0.09899223827083511
500.0,9.636941882061654,-10.793816816284295,42.93416966166363,0.11189731404929444,0.2126019506741126,-0.048818359499171605,3.904453091745133,-9.278916629273388,-7.2157,0.0,7.5938950253,-1.5149001870109071,0.4000088945408804,0.760006368239746,-0.174515163142882,0.04990344674061936,-0.1666774520118628,-0.2620571776567254,-0.8321135085749362,0.038154508713726935,-0.09298589122814482
501.0,9.63506068618504,-10.681863832168315,42.93722785505444,0.10229467733137643,0.20784168832459604,-0.07029307932412271,4.018892411247225,-9.064931172324327,-7.2157,0.0,7.5938950253,-1.6169326598439877,0.3657529255751113,0.7431345163241896,-0.25133174160367927,0.04940435355460398,-0.16506565893275588,-0.25881809254308774,-0.8312928357608276,0.03785369213311778,-0.08760663532898916
502.0,9.633533634867304,-10.569734461697912,42.96231858635135,0.09182378679185477,0.20180838822663758,-0.08932127602800093,4.126306764878001,-8.854858771516911,-7.2157,0.0,7.5938950253,-1.7148756901810014,0.328366472249616,0.7216769295583021,-0.3194173681012967,0.04890216155362054,-0.16358578851339972,-0.2552479576108717,-0.8306323235629242,0.0375749044223125,-0.08291494780348888
503.0,9.63235001406513,-10.457127234428539,43.007086987610506,0.080505223426376,0.19516614959677883,-0.10576671568858706,4.225320253255076,-8.6497524333368,-7.2157,0.0,7.5938950253,-1.807374801091738,0.2879260972648352,0.6980097114194806,-0.3782735625419921,0.048394540270731055,-0.16215986787870534,-0.25151338767476883,-0.830058559700548,0.03731492138050865,-0.07894233954800844
504.0,9.631502860745824,-10.34309340497123,43.069083477230706,0.06837733536457369,0.18854463597659243,-0.1195876163555283,4.314600183189013,-8.450047017481483,-7.2157,0.0,7.5938950253,-1.893046387489747,0.2445723411358833,0.6743872481070555,-0.4277414898809396,0.047876902785170525,-0.16070195953394154,-0.2477599008704903,-0.8294885239633809,0.03706798508423839,-0.07569667998561339
505.0,9.630990460499165,-10.22610936445622,43.145842339206034,0.055492776373173555,0.18251527185612804,-0.13081050193446708,4.3928849251154025,-8.255599683825407,-7.2157,0.0,7.5938950253,-1.9705096806308138,0.19849735641382268,0.6528561253623886,-0.4679084472282644,0.047342634502846,-0.1591220197202911,-0.24410712402980939,-0.8288300887164268,0.03682613430726349,-0.07316918807086992
506.0,9.630817621736627,-10.104162165680153,43.2349323722301,0.041914473243472306,0.17757366394179147,-0.1394998726690133,4.459002083848163,-8.065751704648942,-7.2157,0.0,7.5938950253,-2.0384104610312104,0.14993053133709405,0.635191420195498,-0.4989992337307839,0.04678338561622391,-0.15732933882825662,-0.24064584095011995,-0.8279819297153745,0.0365795647251725,-0.07134234295168146
507.0,9.63099670112733,-9.974841899979236,43.3339768830166,0.027711422584776723,0.1741276845791426,-0.1457266853220498,4.511877337055939,-7.87940625665756,-7.2157,0.0,7.5938950253,-2.095435643321676,0.09912354221176436,0.6228533681305594,-0.5212632155462145,0.04618942476466885,-0.1552355308228448,-0.2374366009378704,-0.8268329957152443,0.03631699681551338,-0.07019793539864973
508.0,9.631548361369317,-9.835436446825394,43.440643166209284,0.012954688621658701,0.17248964795404514,-0.1495384279376197,4.550535019518765,-7.6951176321910495,-7.2157,0.0,7.5938950253,-2.1403188146343446,0.04633616592801838,0.6169587847215091,-0.5348671521095489,0.04555004148074364,-0.15275716313650797,-0.23450939435433504,-0.8252617587368332,0.03602603706265993,-0.06972454175698165
509.0,9.632502052861467,-9.68302673961148,43.552604154569224,-0.00228608230021567,0.17287035601873452,-0.1509331540639801,4.57409208431529,-7.511188918904993,-7.2157,0.0,7.5938950253,-2.171837820706487,-0.008176020602978685,0.6182592780321574,-0.5398023409670064,0.04485397871899939,-0.1498182203798044,-0.23186379866317097,-0.823135540782996,0.035693528894204116,-0.06992381009234486
510.0,9.633896222946891,-9.514583737547197,43.66747702277731,-0.017945373349621693,0.1753725604646218,-0.14983941404227105,4.581747471705389,-7.32577723579556,-7.2157,0.0,7.5938950253,-2.1888065017516363,-0.06417114089540836,0.6271174785561655,-0.5358131013972305,0.04408987365403524,-0.14635266046872686,-0.2294690119198784,-0.820310294645239,0.035305902196200015,-0.07081505384356393
511.0,9.635778268754272,-9.327071340305892,43.782745274386116,-0.03396351879901987,0.1799815768848678,-0.14610376016125676,4.572769207635204,-7.137007684990333,-7.2157,0.0,7.5938950253,-2.1900636553155595,-0.12142695587135999,0.6434732255919052,-0.5223526732528274,0.043246683037677106,-0.142307342550493,-0.22726331251568507,-0.8166313107468027,0.034849542663774845,-0.07243771187066664
512.0,9.638204262349216,-9.117562129379017,43.89567246873509,-0.05028723095666364,0.18655136516347007,-0.1394875125314505,4.546481785194685,-6.943098895765671,-7.2157,0.0,7.5938950253,-2.174463233613346,-0.1797425183469611,0.666793767277464,-0.4985726257618466,0.04231406645308835,-0.1376455778924094,-0.22515269912026775,-0.8119354262759297,0.034311213022700494,-0.07485123469658725
513.0,9.641187423712594,-8.883367796459236,44.00323807276504,-0.06687172407871829,0.19478586777865223,-0.12967504065783672,4.5022560376551555,-6.742503936491753,-7.2157,0.0,7.5938950253,-2.1408638599674834,-0.23894680118403225,0.6960110669014007,-0.46335632265327553,0.04157105185686184,-0.13277341761088024,-0.22264190753581378,-0.8041505619342039,0.03350751324492328,-0.07843328685624065
514.0,9.644494581283297,-8.622169483775489,44.10215117801521,-0.08369049708704525,0.2042182429377364,-0.11629481489612303,4.439494737196264,-6.5340683490449845,-7.2157,0.0,7.5938950253,-2.088101134730504,-0.2989412872131117,0.7294647127344749,-0.4154034552465219,0.041074195672646405,-0.12780418494531232,-0.21947949228741942,-0.7926438949575745,0.032385507606220464,-0.08334297732074261
515.0,9.648108263440795,-8.33227664105509,44.18862228552703,-0.10070375566647384,0.21418000157179515,-0.0989533785619865,4.357635182456252,-6.317210416660128,-7.2157,0.0,7.5938950253,-2.015066224394962,-0.35957767968420273,0.7647614281140909,-0.3533276989000854,0.04052733685191719,-0.12236141367299407,-0.21582676143139806,-0.7791528792145253,0.031106247080425288,-0.08936786504874589
516.0,9.652071570189111,-8.012869952193293,44.25842285802472,-0.11786017367165535,0.22377626429569095,-0.07729636650865285,4.25617563888881,-6.092125459848131,-7.2157,0.0,7.5938950253,-1.920744492345162,-0.4206644090299648,0.7986982119772564,-0.27588479911892305,0.039926117831877106,-0.11652697336186642,-0.21143791391658623,-0.7635442538688,0.02966354909094677,-0.09658051702938357
517.0,9.65643268998893,-7.664289026914235,44.30697936498144,-0.13509063484531375,0.23187162583008042,-0.05109033696422572,4.134707432282916,-5.860003287050626,-7.2157,0.0,7.5938950253,-1.8042857398636096,-0.4819453021451542,0.8272182664440473,-0.18226835570886105,0.03926592248591169,-0.11041996423458439,-0.20603461477938426,-0.7457553262289961,0.028057711383291696,-0.10501246198844805
518.0,9.661245201751425,-7.288353402789977,44.32953917287454,-0.15229621118138933,0.2370973048278505,-0.020327805594686933,3.992962541663143,-5.623243523061719,-7.2157,0.0,7.5938950253,-1.6651098797282584,-0.543056755691051,0.845439897316624,-0.07248474581827333,0.038541657715297925,-0.10419809664216965,-0.19931665066786988,-0.7258236137629737,0.026297325445384028,-0.11462688613934693
519.0,9.666568361689595,-6.888678451262118,44.32145368866265,-0.16933425412203643,0.23789503468840045,0.014648243033345016,3.8308772568613283,-5.385640625111572,-7.2157,0.0,7.5938950253,-1.5030378261505462,-0.6034783840792619,0.8478173058285732,0.05220383838577979,0.03774771059860064,-0.09805532970758982,-0.19098173357961246,-0.7039182623146288,0.024401005089516026,-0.12528792765811406
520.0,9.672467116704695,-6.470931749190576,44.2785945749594,-0.18600422064271271,0.23261452764149698,0.05301313073730605,3.6486692480778617,-5.152495940057854,-7.2157,0.0,7.5938950253,-1.3184358091327217,-0.6624830380735931,0.8284929150505821,0.18881453220410585,0.03687834631618386,-0.09221415430086036,-0.18075690115305254,-0.6803685587688852,0.022398682285804668,-0.1367304749317562
521.0,9.679011378729497,-6.042952518875746,44.197900293853074,-0.20203623330730813,0.2196786465210812,0.0933475004338466,3.446922042280592,-4.930600488343967,-7.2157,0.0,7.5938950253,-1.1123520305317784,-0.7190970198394767,0.7818907403376401,0.3322468859798093,0.03592888106266298,-0.08691122511291151,-0.16844250411140016,-0.6556825204871402,0.02033200395525451,-0.14853720496991502
522.0,9.686133372976483,-5.6146286120796365,44.07800663977118,-0.21706940352456464,0.19782236273622666,0.13358056682787403,3.226672578529308,-4.72802444469368,-7.2157,0.0,7.5938950253,-0.8866041673859568,-0.7720357198760418,0.7035811023701413,0.47509675430022946,0.03535945611124986,-0.08303643400197044,-0.15303083123609823,-0.6311398084532646,0.018819308691678114,-0.16004035484744977
523.0,9.693683816826528,-5.197496292175933,43.919909208927805,-0.23067062200502053,0.16638476641774558,0.1710368280192782,2.9895009828311827,-4.553654438893989,-7.2157,0.0,7.5938950253,-0.6438418532819448,-0.8197712116707432,0.5913082488972532,0.6078410268587757,0.03481192846708136,-0.08014748426598427,-0.13555782238028896,-0.6070643552838425,0.017396830616530728,-0.1705788568707785
524.0,9.701686568617813,-4.803954117333987,43.72752773311189,-0.2423944978351325,0.1255970730129799,0.2026402603987402,2.7375486840539662,-4.416463390367692,-7.2157,0.0,7.5938950253,-0.38749072696629483,-0.8607256471706444,0.44598628647653726,0.7195611733446434,0.03426089886973178,-0.07826895203976643,-0.11653179367756374,-0.5842904260450478,0.016045416530363357,-0.17938524074788076
525.0,9.71014762202008,-4.446090023926498,43.50794774487586,-0.25180452632630057,0.07679524268503479,0.22527915894874995,2.4735006979154206,-4.3245527129882975,-7.2157,0.0,7.5938950253,-0.12153731093820053,-0.8933608704639234,0.2724568372678421,0.7992532480335124,0.03373159406204639,-0.07741852883014404,-0.09659340445050847,-0.563710263838358,0.014807160997736933,-0.18570815726126233
526.0,9.719051498385193,-4.134345560355122,43.27124089695589,-0.25853158547045957,0.022457171174082077,0.2362894895070648,2.200525101729443,-4.284090364003926,-7.2157,0.0,7.5938950253,0.1497448036488036,-0.9163870693490123,0.07960134248446656,0.8375480791382638,0.03324679084012104,-0.07752296616649955,-0.0765866538688005,-0.5461063188342513,0.01371737950842682,-0.18893649055063647
527.0,9.728362900716883,-3.8762261588076723,43.02977331958685,-0.2623338938428575,-0.03399840635122986,0.23395406068769567,1.9221583625431051,-4.298342337809321,-7.2157,0.0,7.5938950253,0.42211617900164855,-0.9289746625529847,-0.12039488151840633,0.8284762269813347,0.03282362377262331,-0.07842213936554918,-0.057475141441513514,-0.5320527593075023,0.012800413989948783,-0.1887113149681881
528.0,9.738030523323852,-3.6753394682575253,42.79705429658833,-0.2631414340528378,-0.08864657978638717,0.21787458189131026,1.64214302703232,-4.367019781650846,-7.2157,0.0,7.5938950253,0.6916803133933209,-0.930909220443279,-0.313602906288557,0.7707697494044939,0.032472088877951916,-0.07988674911004555,-0.040221461145111784,-0.5218444323020098,0.012066914879715219,-0.18500252065395595
529.0,9.747991883794867,-3.530990489936014,42.58632050705085,-0.26107044166449683,-0.13763238859722798,0.18909257461880527,1.3642328137812318,-4.486114121636747,-7.2157,0.0,7.5938950253,0.9551236317007326,-0.9226389211806181,-0.4864012858952726,0.6682647332161982,0.03219548774049527,-0.08164657352419064,-0.025655674912552877,-0.5154698701350926,0.01151317963635326,-0.17812520331507525
530.0,9.758178055044274,-3.43842158502516,42.40914263249659,-0.2564027282086697,-0.17773675573080647,0.14991419532162845,1.09198736643917,-4.648273916887696,-7.2157,0.0,7.5938950253,1.2098523318625363,-0.9051970497937994,-0.6274768917299185,0.5292528994344804,0.03199217355405073,-0.08342358417570622,-0.014365098746873722,-0.5126326617967825,0.01112256832366855,-0.1686893235210441
531.0,9.768517651597117,-3.389613294057976,42.274335367449126,-0.24953649343310222,-0.2067844407664141,0.10349679118415803,0.8285829750836654,-4.843634753446561,-7.2157,0.0,7.5938950253,1.454021459388585,-0.8800242273570413,-0.729253325681227,0.3649954459273873,0.0318575288716622,-0.08496337718857765,-0.006631272775472492,-0.5128121751484404,0.01086848932083645,-0.15749801089527826
532.0,9.778940006280129,-3.3744308408843273,42.18735182871431,-0.24092377401781823,-0.22381109087597767,0.05332791737434755,0.5766644756542532,-5.060907175500329,-7.2157,0.0,7.5938950253,1.6864763346160019,-0.848744752456157,-0.7884588795642277,0.18786767812937188,0.031785336405998656,-0.08605942785207794,-0.0024239807933326904,-0.5153459121895709,0.010718161671456741,-0.14542436966921898
533.0,9.789377810448284,-3.381857205123508,42.15019914590061,-0.23101106021871468,-0.22899399640900234,0.0027383072412282203,0.3382565569958512,-5.288495825398638,-7.2157,0.0,7.5938950253,1.9066386202751295,-0.8129557545568145,-0.8058574639820626,0.009636433110143935,0.03176831461304028,-0.0865670930207748,-0.0014447381853999672,-0.5195143709316283,0.010636374955560206,-0.13329782699676332
534.0,9.799769481599855,-3.4010943263111946,42.16178644721017,-0.2201947334156798,-0.22341705936115014,-0.0454532549649296,0.11474144988372752,-5.515463263947953,-7.2157,0.0,7.5938950253,2.1143689376367583,-0.7740701024052833,-0.7853978309839897,-0.15978586399219982,0.0317981107664263,-0.08640706832166009,-0.003200927563888005,-0.5246138703971243,0.010588692872985594,-0.12182116078670938
535.0,9.8100613105803,-3.4224015473930707,42.21854889390855,-0.2087956642732002,-0.20876317749918644,-0.08912919967223878,-0.09310202897139863,-5.732231573265102,-7.2157,0.0,7.5938950253,2.309830025872031,-0.7332278980207775,-0.7331138141909888,-0.31299508040760604,0.031865213161270854,-0.08556021473239259,-0.00708948593912264,-0.5300098719490914,0.010543835209873524,-0.11152548687194735
536.0,9.820209236687525,-3.4376310065237536,42.315185170388226,-0.19705124987283268,-0.18701302594290428,-0.126914813086257,-0.28501228056548356,-5.930995672236122,-7.2157,0.0,7.5938950253,2.4933646657123685,-0.6912699510269193,-0.6560551398094466,-0.4452262885079173,0.031959108106454914,-0.08405679806600061,-0.012473578632031176,-0.5351696678335454,0.010475210240010269,-0.10275924893618124
537.0,9.83018002487805,-3.4404854467463273,42.4453801569977,-0.1851200203782975,-0.16019798191099202,-0.15811671551374332,-0.46113017759033775,-6.105880005965225,-7.2157,0.0,7.5938950253,2.6653945592188975,-0.6487556368136265,-0.5614160130197758,-0.5541221865380875,0.03206876497106473,-0.08196325149547609,-0.01874290850222391,-0.5396773027016994,0.010361710606872134,-0.09570150111771313
538.0,9.839951678629472,-3.4265576080181837,42.602432861649326,-0.17309344198280371,-0.13022469418598942,-0.18260570252278177,-0.6218741990503066,-6.2528989083561495,-7.2157,0.0,7.5938950253,2.826341300337966,-0.6060059308277149,-0.4559210107149823,-0.6393086731891374,0.03218334576816631,-0.07936895377609723,-0.02535481131757055,-0.5432352017670368,0.01018793947548782,-0.090388927258161
539.0,9.849513050445054,-3.393218148423485,42.77975377413963,-0.161010567509778,-0.09876816658898206,-0.20068146174816942,-0.7678205499636316,-6.369786207743761,-7.2157,0.0,7.5938950253,2.976568059320276,-0.5631561704932425,-0.3454549805217717,-0.7019104723062475,0.03229296174208346,-0.07637463339574084,-0.03185759207327791,-0.5456569502190305,0.009944031472972126,-0.08674804184524967
540.0,9.858862742137715,-3.3394117388219438,42.971226929983295,-0.14887266896580534,-0.06722026747039173,-0.21294306134788835,-0.8995987261401224,-6.455751475206608,-7.2157,0.0,7.5938950253,3.116339736384664,-0.5202084236299994,-0.23488898009070663,-0.7440907389937047,0.0323893159842359,-0.07308319436412092,-0.037899590271184516,-0.5468548616589914,0.009625205761931366,-0.08462688893413764
541.0,9.868007477001942,-3.265407615971857,43.17144991307247,-0.13665630824365313,-0.03667819612092586,-0.22017727865962916,-1.0178083388802515,-6.511206835210232,-7.2157,0.0,7.5938950253,3.2457992192383753,-0.47707805552090626,-0.1280465037456363,-0.7686564149350139,0.032466131971662475,-0.0695931483255431,-0.04322791052883884,-0.5468249842962293,0.009231156220091727,-0.08382313947702541
542.0,9.876960164951155,-3.172537438585661,43.37587265460312,-0.12432422414760758,-0.00795918560666126,-0.22326876788666547,-1.1229591792469478,-6.537494906066976,-7.2157,0.0,7.5938950253,3.364957467481315,-0.4336323575631493,-0.027760964868773108,-0.7787425407454465,0.03251933451176148,-0.06599446353438906,-0.04768033948377655,-0.5456313456235913,0.008765356512731014,-0.08410732170742521
543.0,9.885737875677895,-3.0629421171779336,43.58085717483088,-0.11183396245856107,0.01836911619559484,-0.22313143683515899,-1.2154337067222079,-6.536637296166847,-7.2157,0.0,7.5938950253,3.4736951789889137,-0.3897210360165694,0.06401303179352691,-0.777572508561392,0.03254700174978804,-0.062366450540259404,-0.05117324721027648,-0.5433906046853916,0.008234337641805844,-0.08524103645019583
544.0,9.894348817768945,-2.939338046513124,43.78366785479534,-0.09914163835217674,0.04195007929864301,-0.22065818039962304,-1.2954688640868552,-6.511114958640892,-7.2157,0.0,7.5938950253,3.5717769121277683,-0.3451899163994328,0.14606117678435782,-0.7682844474934429,0.03260979891929548,-0.059023267884367014,-0.05353984649509923,-0.5412338137354,0.007801673906176182,-0.08686696401754032
545.0,9.902744569052908,-2.8048123560361016,43.98238543098159,-0.08619479594105872,0.06259476209558269,-0.2166858170461233,-1.3631445556623976,-6.463686304172929,-7.2157,0.0,7.5938950253,3.658873948136827,-0.29985734757303406,0.21775675815488188,-0.7538138891885888,0.032722507948894794,-0.05606198122953561,-0.05479717454593909,-0.5395674079190734,0.007516936818623424,-0.08873852890306387
546.0,9.910924929060846,-2.66269840193386,44.17593842381984,-0.07296235740406883,0.08023771952690271,-0.2119745457651717,-1.4183925389876038,-6.397247265846536,-7.2157,0.0,7.5938950253,3.734548863912676,-0.2536143932641365,0.2789032766857747,-0.7368154994492677,0.03282163795113631,-0.053260050260629486,-0.05517686514614384,-0.537527866064023,0.007225309465504861,-0.09079179935759371
547.0,9.918902743508356,-2.5164278985179322,44.36398580310921,-0.059428599618100146,0.09489965818263082,-0.2071930761738559,-1.461026246766097,-6.314729275844741,-7.2157,0.0,7.5938950253,3.7983013773268084,-0.2064054169886342,0.3296023067199941,-0.7196160360439896,0.03290735390078774,-0.05064943575708989,-0.054772327305714075,-0.5352647818671642,0.006930825036543272,-0.0928588368661849
548.0,9.926690497907634,-2.3694337519124935,44.546807180633415,-0.04559139504552861,0.10665076056561898,-0.20291007676213288,-1.4907675169246641,-6.21903215059655,-7.2157,0.0,7.5938950253,3.8495983986840563,-0.15822227555593876,0.37012523985310225,-0.704187578521653,0.032980278016850884,-0.04825808698968889,-0.05368803830347898,-0.5329275043581458,0.006637455287954251,-0.09479765781054567
549.0,9.934299786021848,-2.2250923571779357,44.72519840069213,-0.031462982666973026,0.11557771280892636,-0.19958981133445589,-1.5072759122741604,-6.112990220563836,-7.2157,0.0,7.5938950253,3.8878978633859,-0.10910680935986372,0.400798475184928,-0.6921342367930917,0.03304125876819128,-0.046112007671607086,-0.05203062143457528,-0.5306616975049888,0.006349034411511505,-0.09649293688497643
550.0,9.941740983523403,-2.0866975797499827,44.90036361891516,-0.017070350105202897,0.12175570241338302,-0.19758975410378457,-1.5101792911015768,-5.999367570861621,-7.2157,0.0,7.5938950253,3.9126699911116387,-0.059151969669986676,0.42190637988785135,-0.6846856139338842,0.03309118116122749,-0.044237223755430315,-0.04990188029678685,-0.5286071156920644,0.0060692171919951,-0.09785605340592118
551.0,9.949023097640787,-1.9574619227732104,45.073804938523196,-0.002455450223911731,0.12522627585570043,-0.19715840056822298,-1.4991043305043517,-5.880877283795069,-7.2157,0.0,7.5938950253,3.923415361021859,-0.008502368462067198,0.4336149550453723,-0.6826908363682356,0.03313081976252438,-0.042661545081440835,-0.04739386659825128,-0.5268963375645407,0.0058014679847549835,-0.09882494137317344
552.0,9.956153765593582,-1.8405388825423354,45.247209073662056,0.012324561309273485,0.12598201179501184,-0.19843182858831246,-1.4737062907100669,-5.7602186521768735,-7.2157,0.0,7.5938950253,3.919679769634538,0.042645096399749935,0.4359193729346148,-0.686608167753605,0.03316072750455125,-0.041416001463371585,-0.044586035571248225,-0.5256541524950259,0.0055490752090272604,-0.0993641213048255
553.0,9.963139382326355,-1.73905895701415,45.42232932400681,0.027196941573105742,0.12395908701372921,-0.20142807734789375,-1.4336977719470134,-5.640125338512453,-7.2157,0.0,7.5938950253,3.9010663814983033,0.09404010134150328,0.4286189707631945,-0.6964870206417472,0.03318114810080932,-0.04053581487789904,-0.04154453141576889,-0.524997263909999,0.005315184371431261,-0.09946517119241322
554.0,9.969985348854292,-1.656170199807873,45.60086058817348,0.04207279363681063,0.1190389320015228,-0.2060391620902342,-1.3788765163922865,-5.52341636713894,-7.2157,0.0,7.5938950253,3.867246167331067,0.14537711842823178,0.411323694464979,-0.7119417818226028,0.03319193801727652,-0.040060747024208254,-0.038323631976982374,-0.5250339639739887,0.00510284121088476,-0.09914772522034093
555.0,9.976696443553895,-1.5950726716759518,45.784305479531355,0.0568464049352302,0.1110601879965118,-0.2120215582568935,-1.309152420592875,-5.413040705375832,-7.2157,0.0,7.5938950253,3.8179680336998802,0.19629329819732141,0.38349602978568,-0.7321203690295004,0.03319248564845989,-0.040034643524290765,-0.03496934573045231,-0.5258634470945994,0.004915035481250394,-0.09846086825907063
556.0,9.983277326687347,-1.559034824876382,45.973831102460835,0.07139472907188031,0.09984192924691074,-0.21898723951004262,-1.2245738379193596,-5.312105187254794,-7.2157,0.0,7.5938950253,3.753070362378412,0.24636683285872463,0.3445315951868272,-0.7556747302766013,0.033181621101428235,-0.04050399525317207,-0.0315250647705838,-0.5275744692789051,0.004754735263011896,-0.09748452880252327
557.0,9.989733189513524,-1.5513791409914361,46.170118886687575,0.08557741264174551,0.08521840518292587,-0.226398711986943,-1.1253529731633718,-5.223874995248578,-7.2157,0.0,7.5938950253,3.672495854257142,0.2951171777643543,0.29387912598442095,-0.7807451390330877,0.0331575203822403,-0.04151537110786818,-0.028039000482132558,-0.5302431324568196,0.0046249016580278725,-0.09633018863167211
558.0,9.99607054931051,-1.5754248239142885,46.373214046701115,0.09923791272414208,0.06708420074712465,-0.23357268407292525,-1.0118897307500918,-5.151736355082755,-7.2157,0.0,7.5938950253,3.576311531168466,0.342009000084789,0.23119591887012558,-0.804974207276608,0.03311762291437149,-0.0431116640579083,-0.024572837828728294,-0.5339296846089335,0.004528474453976108,-0.09513997626955659
559.0,10.002298166791093,-1.6343777906401042,46.58238635751644,0.11220632537224441,0.04544663217998765,-0.23969761938789608,-0.8847928277955607,-5.099113152112066,-7.2157,0.0,7.5938950253,3.464735361471962,0.38646197549957073,0.1565276751895567,-0.8255685693643137,0.03305859973313797,-0.04532724801976747,-0.021210642436086627,-0.5386743833653951,0.004468321054930086,-0.09408307613184741
560.0,10.00842802135182,-1.7311633588993827,46.79601913470147,0.1243044872233251,0.020479555915233753,-0.24386989907970136,-0.7448964046744808,-5.069333440829888,-7.2157,0.0,7.5938950253,3.338170081930505,0.4278683501252926,0.07049265876465877,-0.8394243337087977,0.032976427010727026,-0.048182366737652214,-0.018066598612762497,-0.5444926713130929,0.00444714385155989,-0.09334847155723464
561.0,10.01447622608326,-1.868205313880038,47.011547138642264,0.13535366233234322,-0.0074298979468391,-0.24515116954159755,-0.5932698673181567,-5.065448564382539,-7.2157,0.0,7.5938950253,3.197243250502501,0.4656193256722058,-0.025558998642579527,-0.8433249627885053,0.032866627710596424,-0.05167734113671322,-0.015289775603761813,-0.5513701404599347,0.004467345367058589,-0.09313344631556847
562.0,10.02046371001607,-2.04716605983326,47.22546477941032,0.14518466207350983,-0.03765192941165608,-0.242645496240064,-0.4312184067238654,-5.090016423419377,-7.2157,0.0,7.5938950253,3.0428503635861173,0.4991397357622278,-0.1294460022778199,-0.8342066382731104,0.032724732585335786,-0.055787429061700734,-0.013064008792942866,-0.5592579860719734,0.004530855953434125,-0.09362803518972178
563.0,10.02641645960812,-2.268674766712446,47.43342180497916,0.15364961844108474,-0.06931203678582315,-0.23558964679014566,-0.2602716978401875,-5.1448700039321125,-7.2157,0.0,7.5938950253,2.8761952372196666,0.527928335773742,-0.23815085647907888,-0.8094680053054302,0.032546971657899104,-0.060459314086501126,-0.01160135052075165,-0.5680698110625892,0.004638935346429892,-0.09499665840914662
564.0,10.03236511923771,-2.5320808127783403,47.63041376268733,0.16063398760017888,-0.1013232677357907,-0.2234444723540006,-0.08215882176407048,-5.230900189094014,-7.2157,0.0,7.5938950253,2.698819376315674,0.5515988310886597,-0.34793256944013773,-0.7672828870467001,0.03233113892444297,-0.06561014622803547,-0.01112850750009928,-0.5776806686374645,0.004791966363331165,-0.09735925707569881
565.0,10.038343820677689,-2.835275033460558,47.8110599850191,0.1660669174901195,-0.13245366618741178,-0.20597182712457635,0.10123148630439738,-5.347885657340519,-7.2157,0.0,7.5938950253,2.5126106238799606,0.5699152579083899,-0.4545599235958712,-0.7068625633070439,0.03207749147106501,-0.07112975703440182,-0.011867156655000786,-0.5879290735515285,0.004989265625781712,-0.10077500558499417
566.0,10.044354363661933,-3.1746059972878284,47.96991052537429,0.16993860150343024,-0.16142165508598344,-0.18328080560628146,0.2879065433319656,-5.494399754472533,-7.2157,0.0,7.5938950253,2.3197937571847045,0.5828532735735542,-0.5536419580964217,-0.6286141970437663,0.031964092520079763,-0.07771649813071291,-0.013422456387278278,-0.601699411389762,0.005776928601274555,-0.10486712756364322
567.0,10.050237459115857,-3.5449257571592563,48.10167817707571,0.17234114077979773,-0.18700802992690094,-0.15582605508226202,0.4758704513454324,-5.667814317465155,-7.2157,0.0,7.5938950253,2.122888560305899,0.590747464825208,-0.6410223297896579,-0.5341373892330084,0.032019046741690406,-0.08537270723874178,-0.015799792954726548,-0.619170209658081,0.007223530254690918,-0.10952226791510558
568.0,10.055971963981268,-3.939918963294309,48.20188432603179,0.1733704237412181,-0.20816464322937364,-0.124370680631886,0.663198160875385,-5.864410317252781,-7.2157,0.0,7.5938950253,1.924491353958472,0.5939367292667296,-0.7131356357136002,-0.42607218507719125,0.03208158241986515,-0.09314374784490993,-0.019637633903409446,-0.6370992996654332,0.008786850938561457,-0.11496025087832903
569.0,10.061567805479426,-4.3523381865523,48.26703609615231,0.17315015594357472,-0.22408770701588107,-0.08991603683247129,0.8480713821117942,-6.079572647786598,-7.2157,0.0,7.5938950253,1.727234461234298,0.5928522261717165,-0.7672583096337102,-0.30786528787210593,0.03215732837014307,-0.10083472265570442,-0.02497809182090465,-0.6551178328101028,0.01043445733796146,-0.12100172176255891
570.0,10.067032132696212,-4.774373000747596,48.294786525499,0.1718305999554875,-0.23426778723278713,-0.05360820433561521,1.0288406050458188,-6.30804299453049,-7.2157,0.0,7.5938950253,1.533669993782894,0.5880148280485454,-0.8016787036923881,-0.18345055573666103,0.0322527986221196,-0.10825582533013939,-0.031793709547465465,-0.6728549567738062,0.012130765621479028,-0.12743238594434578
571.0,10.072368414774024,-5.198064520511507,48.28402408362727,0.16957607658234536,-0.23850529662457515,-0.01663847727152728,1.204078099981924,-6.544204588235241,-7.2157,0.0,7.5938950253,1.3461400677237334,0.5799922716977844,-0.8157473128827122,-0.056907722037188274,0.03237439955635045,-0.11523427178430656,-0.03998880682601774,-0.6899574261397307,0.013839142513486342,-0.13402192390334683
572.0,10.07757625356858,-5.615702441991517,48.23486110647817,0.16655303025849869,-0.23689328894029804,0.019847708043252546,1.372615821180389,-6.782367064819162,-7.2157,0.0,7.5938950253,1.1666646228276454,0.5693583206947682,-0.8098151379507923,0.0678490070316189,0.03252743722900355,-0.1216239194190179,-0.0494072974731401,-0.7061067464408198,0.015523970469231912,-0.1405423450721525
573.0,10.08265120531256,-6.020165035624889,48.14853668766874,0.16292002843347936,-0.22977549384148874,0.05482297040987689,1.5335658491843251,-7.017024642825817,-7.2157,0.0,7.5938950253,0.9968596072009275,0.5566586471399587,-0.7850877315550161,0.18731693600837115,0.03275947626636728,-0.1273362300401767,-0.05981624076685167,-0.7210641317082499,0.017184810238604867,-0.146779551681649
574.0,10.087244258659013,-6.405169014133268,48.027242247372826,0.15884509183981113,-0.21768753578914116,0.08742829224269985,1.6863318943773176,-7.243068456540493,-7.2157,0.0,7.5938950253,0.8378994424072248,0.5424884411997934,-0.7434474089886733,0.2985854798921474,0.033815091703480946,-0.13272017384303694,-0.0704705057761249,-0.7351721265461932,0.019344253291609187,-0.15247128454301134
575.0,10.091108003825385,-6.765472958413179,47.87393890238275,0.1544688496472359,-0.20129434563637003,0.11700028482339067,1.8306155009369556,-7.455941793471946,-7.2157,0.0,7.5938950253,0.6904688350587671,0.5273406912630403,-0.6871980960410047,0.3994268826215959,0.034823454213752804,-0.13726714640826282,-0.08166177466892499,-0.7476661652799161,0.021351352430386848,-0.15754489512628594
576.0,10.094304109371976,-7.096930921614689,47.692160904975104,0.14988777882961832,-0.1813334473999837,0.14306802948958938,1.9663630134799142,-7.651740969045022,-7.2157,0.0,7.5938950253,0.5548100474303332,0.5115393715834474,-0.618857644394676,0.4882648236583588,0.035766276393016584,-0.14096463275034382,-0.09313808652079683,-0.7584353142490475,0.023180986525008468,-0.16190482024131764
577.0,10.096904305298727,-7.396468742765921,47.48580833940902,0.14517577606730658,-0.15856583685945377,0.16534031966410292,2.0937230732562395,-7.827266091864427,-7.2157,0.0,7.5938950253,0.43079734909850576,0.49533058195808494,-0.5410166239707238,0.5641307315787049,0.03662999063120267,-0.14382648570105908,-0.10465980723519697,-0.7674242621186294,0.024815552363331057,-0.16549215375851262
578.0,10.09898664959456,-7.662025817691238,47.25897105676449,0.14038554165637268,-0.13373830737248987,0.18368546773559416,2.2130055588924122,-7.980031172335811,-7.2157,0.0,7.5938950253,0.3180053546445727,0.47888784071778134,-0.45621257348302796,0.6265939923532096,0.03740556002866424,-0.14588779782658,-0.1160077164702965,-0.7746272002816997,0.026244492679834676,-0.16828110211383443
579.0,10.1006321417047,-7.892458954164277,47.015778084475315,0.1355507584910027,-0.10755603131949809,0.19810697119546294,2.3246384254549697,-8.108243210458333,-7.2157,0.0,7.5938950253,0.2157842562940564,0.46231993844564734,-0.36683894898595515,0.675679013148564,0.0380879965748795,-0.14719965589878808,-0.12698818928095687,-0.7800801202787303,0.027463526317975967,-0.1702744275756526
580.0,10.101921847805599,-8.087424340422054,46.76027441134279,0.1306886618058738,-0.08066425511675011,0.20871842629299392,2.429125146189447,-8.210759078144404,-7.2157,0.0,7.5938950253,0.1233347377223506,0.44567998713931384,-0.27508464534158794,0.7117803814088676,0.038675717077385444,-0.14782418516436685,-0.1374359175492422,-0.7838524148179132,0.02847371057975788,-0.17149856801509622
581.0,10.102934610013516,-8.247250499764323,46.496324117351264,0.12580271492475412,-0.05363741507223962,0.21571987967341985,2.5270048332068367,-8.287027781900662,-7.2157,0.0,7.5938950253,0.03977728213633824,0.4289747183815517,-0.18289823903316174,0.7355832875908688,0.03916984253113614,-0.14783013191343675,-0.1472147121714034,-0.7860384824438309,0.029280441898754075,-0.1719988975240495
582.0,10.103745341327041,-8.37281162850267,46.227537124582845,0.12088521191637296,-0.026973884705813928,0.2193767982017707,2.6188165027009678,-8.337024159727868,-7.2157,0.0,7.5938950253,-0.03578746877480299,0.41217344755168556,-0.09197087780057218,0.7479929909890606,0.03957351663257114,-0.1472891037149633,-0.15621691542139432,-0.7867498343460454,0.029892473119412465,-0.17183539590925917
583.0,10.104423861138653,-8.465407526579195,45.9572161154588,0.11591970979317996,-0.0010947414639580141,0.22000208959919118,2.705068413791836,-8.361178556499087,-7.2157,0.0,7.5938950253,-0.10422897008010779,0.39521639801094366,-0.0037324090865190284,0.7500746297709311,0.039891290955762194,-0.14627249406220508,-0.1643618800973383,-0.7861080179825531,0.030320999305729505,-0.1710788450225224
584.0,10.105034199490603,-8.526653738645408,45.6883200958001,0.11088324935678547,0.023654751046777604,0.21794111822468706,2.786212971092394,-8.36030571757443,-7.2157,0.0,7.5938950253,-0.16634802107097713,0.3780222674094288,0.08064358392795623,0.7430030789226773,0.04012860137465466,-0.1448490599358011,-0.17159387385263988,-0.7842385226423685,0.03057884205119538,-0.16980756840921235
585.0,10.105634287183907,-8.558383617144775,45.42344140431667,0.10574835826916945,0.04700190858622204,0.21355938866703503,2.8626273396775876,-8.335535116502667,-7.2157,0.0,7.5938950253,-0.22284850064210815,0.360495030677394,0.16022900738144255,0.7280216887434519,0.04029134357708204,-0.1430830902034495,-0.17787966757027618,-0.7812657211519098,0.030679745713809572,-0.16810467159247222
586.0,10.106275948562597,-8.56256275133987,45.16479347818414,0.10048484743178195,0.06874228892095129,0.20723245974448304,2.9345996647405457,-8.288244194885682,-7.2157,0.0,7.5938950253,-0.27431855645418857,0.34253002902787766,0.2343268544595395,0.7064084015252755,0.04038554446882883,-0.14103309177353765,-0.1832059795433441,-0.7773088265828705,0.030637787635770342,-0.1660557137947853
587.0,10.10700512017888,-8.54121546335444,44.91420723024425,0.09506141741910282,0.08873464351570648,0.1993376503649489,3.0023205997271334,-8.219995506631987,-7.2157,0.0,7.5938950253,-0.3212199567224534,0.32401940942423624,0.3024544296522515,0.6794477665161162,0.04041711978294438,-0.13875092156877655,-0.18757687881188956,-0.7724787964940494,0.030466897388454664,-0.1637467380570856
588.0,10.107862228468154,-8.496362719394034,44.6731343858331,0.0894470900404877,0.10689535981869158,0.19024716229339408,3.0658797096957047,-8.132478472224328,-7.2157,0.0,7.5938950253,-0.3638842471697057,0.30485696997492573,0.3643248258155191,0.6484076051757471,0.0403917050580748,-0.13628129976068926,-0.19101120258017443,-0.7668760925831974,0.03018047636514426,-0.16126259672495444
589.0,10.10888267084346,-8.429970712958381,44.44265651844107,0.08361247473585003,0.12319247113212753,0.18032233878934067,3.1252662180716015,-8.027456303727174,-7.2157,0.0,7.5938950253,-0.4025144092312072,0.28494244600918844,0.4198268758962346,0.6145194057113795,0.04031454625233802,-0.13366164911313513,-0.19354001260309975,-0.7605891940132938,0.029791107621484653,-0.15868552595272883
590.0,10.110097355850357,-8.343909438414924,44.223498797724034,0.0775308732406448,0.13763924456357188,0.16990887678413974,3.1803734962942487,-7.906718603721167,-7.2157,0.0,7.5938950253,-0.43719083469375697,0.26418524858167025,0.46900359198531494,0.5789618634905114,0.04019043678377006,-0.13092221411831617,-0.19520410066527724,-0.7536937628760159,0.029310345889744717,-0.156093940715989
591.0,10.111533268373309,-8.239920703662207,44.01604762806758,0.07117922081292603,0.15028733783783182,0.15933289571033238,3.231006652651928,-7.772040124576905,-7.2157,0.0,7.5938950253,-0.46788057908530245,0.24250764863475419,0.5120290514898558,0.5428472726672832,0.040023689140721914,-0.12808642055958383,-0.1960515500048316,-0.7462523665184624,0.02874857851647898,-0.15356143683680487
592.0,10.11321403491431,-8.119595170250301,43.82037143348182,0.06453885964207673,0.16121952996443892,0.14889782651523917,3.276892557510535,-7.625146162002449,-7.2157,0.0,7.5938950253,-0.49444900824785254,0.21984739045309665,0.549183749903893,0.5072106756310188,0.039818130982269107,-0.12517144084279136,-0.1961353638653793,-0.7383146713260345,0.028114949232496675,-0.1511559961170118
593.0,10.11516047149176,-7.984358120935491,43.636243866611295,0.05759614056437705,0.1705420658292366,0.13888211353221544,3.3176916475062375,-7.467685023267919,-7.2157,0.0,7.5938950253,-0.5166730976675726,0.19615971966386075,0.5808285676115175,0.4730017704285829,0.03957711758036901,-0.1221889331674236,-0.1955111806563733,-0.7299180345117304,0.027417337859372407,-0.1489393935215624
594.0,10.117391102713784,-7.835463719577533,43.46316872122104,0.05034285301700318,0.1783766985977421,0.12953771844435438,3.353010881704984,-7.301207941584686,-7.2157,0.0,7.5938950253,-0.5342557779928478,0.1714188241641233,0.6073776534193608,0.4410795584655232,0.03930355436045797,-0.11914592395382098,-0.1942351043665573,-0.7210884335919547,0.026662390115601516,-0.14696680130960343
595.0,10.119922645148732,-7.673997542289645,43.30040584263792,0.04277648986641901,0.18485255637517853,0.12108938265165574,3.382417277934895,-7.127156699317442,-7.2157,0.0,7.5938950253,-0.5468408429722036,0.14561870950709,0.6292706763107189,0.4122095967155718,0.03899992505104074,-0.11604580357204006,-0.1923616865833147,-0.7118416868976786,0.0258555925273141,-0.14528657496604197
596.0,10.122770451393416,-7.500887127238444,43.146997388012736,0.034900362517680375,0.1900979939928488,0.11373454866901721,3.4054515354458625,-6.946859077277369,-7.2157,0.0,7.5938950253,-0.554028049961075,0.11877356050967135,0.6469450161395468,0.3870635238111423,0.03866832247400802,-0.11288940587567448,-0.18994210133576303,-0.7021849320871394,0.025001388051206726,-0.1439401914685248
597.0,10.125948913406322,-7.316920223544958,43.001793908236486,0.02672359141933476,0.19423261406919617,0.10764377206129382,3.4216413466499906,-6.761532073270468,-7.2157,0.0,7.5938950253,-0.5553881502744904,0.09091767421196555,0.6608085436639718,0.36622028999197354,0.03831048025391203,-0.10967614261642039,-0.18702255561204528,-0.6921183424771462,0.024103328387447803,-0.14296229413300993
598.0,10.129471824914814,-7.122770327206468,42.86347991575877,0.01826100645052168,0.19735965466875563,0.10296138358586393,3.4305141098883967,-6.572292639631322,-7.2157,0.0,7.5938950253,-0.550477687575146,0.062105081399519306,0.6712136842728036,0.35016827390828364,0.03792780469585716,-0.10640516446982555,-0.18364297732957138,-0.6816370721506737,0.023164259106568393,-0.1423807825890694
599.0,10.133352703187642,-6.919028979158406,42.73059886598206,0.0095329994357842,0.19955894859376927,0.09980609764817452,3.431608869390327,-6.380175483810833,-7.2157,0.0,7.5938950253,-0.5388534953475732,0.03240900027682422,0.6784334840030535,0.3393072524652204,0.03752140682091326,-0.10307652080461063,-0.17983601997880785,-0.6707334290028185,0.022186533627482775,-0.14221687391785914
600.0,10.137605070306169,-6.706244165195981,42.601577801765494,0.000565376001699397,0.2008806687002349,0.0982712183049946,3.4244874194338872,-6.186157260482536,-7.2157,0.0,7.5938950253,-0.5200869047134455,0.0019212825044442167,0.6826404253005774,0.33394903896219935,0.037092135138143495,-0.09969228992684173,-0.1756264206668091,-0.6593992786359144,0.02117225172353661,-0.1424850540197698
601.0,10.142242693321673,-6.48496398812863,42.47475226788547,-0.008610744868061865,0.2013400925051938,0.09842407739968825,3.4087446086510957,-5.991186253979896,-7.2157,0.0,7.5938950253,-0.4937777341487344,-0.02924798485645181,0.683888800193192,0.33431555218570436,0.03664061028653224,-0.09625764970455179,-0.1710307472962174,-0.6476286795281193,0.020123517525657345,-0.14319283896177953
602.0,10.147279781325533,-6.2557845597108575,42.34839246249856,-0.017958938819119186,0.20091365426782143,0.10030435977727847,3.3840179594281468,-5.796216395907473,-7.2157,0.0,7.5938950253,-0.45956816380338417,-0.06097057099551438,0.6821015620624092,0.34053315457868016,0.03616726332259675,-0.09278185471896419,-0.16605757198819418,-0.6354207392371058,0.01904271083744822,-0.14434027621693765
603.0,10.152731135385064,-6.019400759226029,42.22073191402375,-0.02743735607328652,0.19953660650740096,0.10392103641972322,3.3499967694600232,-5.602244170314843,-7.2157,0.0,7.5938950253,-0.4171565889111859,-0.09309976834020349,0.6770627531169475,0.35262232958990725,0.03567238026759254,-0.0892790802014724,-0.16070811142815644,-0.6227826606601975,0.017932763876503787,-0.14591913697448486
604.0,10.158517951193167,-5.77665050054553,42.089993663946004,-0.03698760328142998,0.19710434378649444,0.10924724052942016,3.3064342787570804,-5.410346117546795,-7.2157,0.0,7.5938950253,-0.36630438299873536,-0.12543394018372525,0.6684286700155102,0.3704839086095699,0.0354288859027901,-0.08614921859980085,-0.1544402719649436,-0.6100540398684551,0.017110646717293714,-0.14787206951859475
605.0,10.164526793335106,-5.528581553532227,41.95443339800429,-0.046541080196757206,0.1934752590471211,0.11621181601977296,3.253169846544957,-5.221712902959001,-7.2157,0.0,7.5938950253,-0.3068686505732261,-0.1577387954577087,0.6557336912667413,0.3938694976441281,0.03519845920964969,-0.08307707576893213,-0.1477283133000909,-0.5969834144628224,0.016300247289125835,-0.1502028140309202
606.0,10.17076518123966,-5.276504888339823,41.81239858469753,-0.05603664927335626,0.18847312306598818,0.12469406504323537,3.1901270257224015,-5.037681904828539,-7.2157,0.0,7.5938950253,-0.23882298351128384,-0.18980504741451812,0.6383884569078124,0.4223586391182299,0.034958642156685,-0.08005798396791157,-0.1406140930917909,-0.5835936338200589,0.015478416564428847,-0.15287195403335535
607.0,10.177241974252874,-5.022014954685455,41.662374227627666,-0.06540654620634602,0.18189716193207692,0.13451723218194997,3.1173163866549,-4.859763079964494,-7.2157,0.0,7.5938950253,-0.16225187472096092,-0.22140138973889684,0.6157225350849607,0.4553413056692478,0.034710857201772735,-0.07712546012373502,-0.1330946439852309,-0.5699547743955213,0.014650336204931166,-0.1558231519813413
608.0,10.183965398889265,-4.7670149197591325,41.50304375212008,-0.07457580237674853,0.17353479297943103,0.1454413083507078,3.03484340451399,-4.689653753701672,-7.2157,0.0,7.5938950253,-0.0773611660574609,-0.2522726945006309,0.587028076390895,0.49199431424112644,0.03445692547018588,-0.0743173546620978,-0.1251725529723488,-0.5561579520817849,0.013822276022178349,-0.1589853527701889
609.0,10.190942596551784,-4.513725378391201,41.33335687959171,-0.08346209084602219,0.16317826069278213,0.15715757601065827,2.942915882334559,-4.529239231508415,-7.2157,0.0,7.5938950253,0.01551385311721365,-0.2821396551304629,0.5516164012903416,0.5312637611558219,0.03419912999978288,-0.07167472820795492,-0.11685984232176612,-0.5423160599887307,0.013001588402407487,-0.162272156833772
610.0,10.198179108872207,-4.2646718370267696,41.15260182883585,-0.09197599613555907,0.15064490069854564,0.16928652864938057,2.8418505325782792,-4.380575777437699,-7.2157,0.0,7.5938950253,0.11590394041092988,-0.3106998840717964,0.5088866133513923,0.5718590397081288,0.03394023132799216,-0.06924034116527363,-0.10818196426464118,-0.5285631986887349,0.012196619462389183,-0.1655820969672562
611.0,10.20567834169535,-4.0226470432923875,40.96047752218206,-0.10002190703857987,0.13580014088249479,0.18138094454569964,2.732078220230511,-4.245853127478328,-7.2157,0.0,7.5938950253,0.22320608418594023,-0.3376311286826892,0.45840312586461474,0.6122644012863677,0.03368342262365979,-0.06705679652544362,-0.09918158896422934,-0.5150525195932614,0.011416527086947901,-0.16880017048233958
612.0,10.213441058948096,-3.790645625660743,40.757159669132406,-0.10749971474338413,0.11858161034407819,0.19293577803955383,2.6141472873421474,-4.127334952062253,-7.2157,0.0,7.5938950253,0.3366893264015105,-0.3625972041680339,0.39997650672047164,0.6507735752427383,0.03343221773529531,-0.06516441997411547,-0.08992176668568162,-0.5019522995815542,0.010671003124072532,-0.17180091948150006
613.0,10.221464962551606,-3.5717708024662316,40.54335308978169,-0.1143074386547389,0.09902195185168886,0.20340604139145224,2.488724349701549,-4.027277625109631,-7.2157,0.0,7.5938950253,0.4555068226433998,-0.3852570327328825,0.3337394643320393,0.6855512543073154,0.03319027537013005,-0.0635990075309086,-0.0804879733459315,-0.489440226342771,0.009969907068269074,-0.17445321564226968
614.0,10.229744411403884,-3.3691160495029573,40.32032184677805,-0.12034479312609853,0.07726729832209847,0.21223292655276235,2.3565919924799488,-3.9478302373392156,-7.2157,0.0,7.5938950253,0.5787141878362583,-0.40527680423494894,0.2602077158671642,0.7147220913547025,0.032961174995408286,-0.062389612190903304,-0.07098853444560746,-0.4776960905721036,0.009322830649667437,-0.17662668788519692
615.0,10.238270319704394,-3.185628274698338,40.08988911588977,-0.1255175548394187,0.05358810577083456,0.21887709772267935,2.2186428965759397,-3.890921760602376,-7.2157,0.0,7.5938950253,0.7052934859040376,-0.42234475445485425,0.18031466118376066,0.7364833884132113,0.03274817239976025,-0.061556568656746996,-0.06155299586938458,-0.4668933271716222,0.008738625079275256,-0.17819944874098637
616.0,10.247030253141755,-3.023962673407487,39.85440057043987,-0.1297424137095802,0.028379355433877578,0.2228565520183602,2.075870095916827,-3.8581441718374965,-7.2157,0.0,7.5938950253,0.8341814984300093,-0.43618746523409985,0.09540996469658396,0.7492325119932777,0.032553971542263874,-0.061109960973834226,-0.05232819000627946,-0.45719008006618117,0.008224932786758541,-0.17906647176231816
617.0,10.255971210972694,-2.88633247668755,39.61661715915809,-0.13294347196836206,0.0021493525976839616,0.22378542075615337,1.9293556937859122,-3.850642266621305,-7.2157,0.0,7.5938950253,0.9643097899337549,-0.44655962025420964,0.007219715760414064,0.7516994330874599,0.03249421606704966,-0.06152536663786172,-0.04317435302409521,-0.45037530131006376,0.00804217404287467,-0.17898503984372574
618.0,10.265018985226797,-2.7743996325357125,39.379616499639006,-0.13506097775866346,-0.024503401884519112,0.22140848491536988,1.7802649845750438,-3.8690200179375975,-7.2157,0.0,7.5938950253,1.094620385401885,-0.45327248692693534,-0.0822348401046852,0.7430597367926806,0.032454675564607086,-0.0623260268571941,-0.03452841784202952,-0.4448506116626324,0.007931812102587695,-0.17807339124766794
619.0,10.274171942117176,-2.689203345462563,39.14672565584912,-0.1360752801590319,-0.05093099303888564,0.21562590745344826,1.6298136056540702,-3.9132786422470938,-7.2157,0.0,7.5938950253,1.2240752967845308,-0.4562697050320773,-0.17077509701750715,0.7230083897389551,0.03241071966976171,-0.06337881332936986,-0.026618224710764957,-0.440324333045865,0.007841357982733084,-0.17635451765687327
620.0,10.283429114451126,-2.631087775601901,38.92129679377427,-0.13599195617938775,-0.07648012790990377,0.20650474141889685,1.4792369212575216,-3.9827955957602668,-7.2157,0.0,7.5938950253,1.3517078201583659,-0.455579830252952,-0.2562122398251017,0.6918011747544106,0.03236165962157177,-0.06464188544888173,-0.01959475229266939,-0.4368270045865958,0.007771691263255137,-0.1738547106316052
621.0,10.29278855565274,-2.599705035525582,38.70653754207782,-0.13484080154780334,-0.10053747829148428,0.19427393134508433,1.329764985537528,-4.076345747429338,-7.2157,0.0,7.5938950253,1.4766407119037557,-0.45131264362471263,-0.33649929835967446,0.6502355409955978,0.03230694954255885,-0.06606932975832966,-0.01358225368772258,-0.4343598982231584,0.007722917668845279,-0.17063618345418666
622.0,10.302247312979361,-2.5940660526629036,38.50535527814551,-0.13267338495584083,-0.12257083772614487,0.17930442298664978,1.182597486844912,-4.192163127687556,-7.2157,0.0,7.5938950253,1.5980970750246528,-0.44365059126181294,-0.4098683744803779,0.599581546067905,0.032246329897167775,-0.06761440601754079,-0.008670623262399382,-0.4328967490824811,0.007694410380201183,-0.16679203096209394
623.0,10.31180136804891,-2.612631894095199,38.32022779711691,-0.12955914337443844,-0.14216118354851703,0.16207740132006995,1.038880007144687,-4.3280365511965515,-7.2157,0.0,7.5938950253,1.7154046571013524,-0.43283538248505904,-0.4749366864669404,0.5414734318658501,0.032179918923962984,-0.06923259439936813,-0.004910813863728405,-0.4323872498478424,0.007684905098479191,-0.1624387429285
624.0,10.321445576466267,-2.6534344367226628,38.15311027708418,-0.12558055960023262,-0.15902248103480027,0.14314528844699087,0.8996828982752098,-4.481428830206303,-7.2157,0.0,7.5938950253,1.8279943934836402,-0.4191515855193981,-0.5307710466584151,0.47777757005692356,0.032108234067995324,-0.07088413273841519,-0.0023136981761291003,-0.4327618146835881,0.007692634776628546,-0.15770729851159696
625.0,10.331173642725602,-2.7142129446317194,38.00538328996949,-0.12082803910259679,-0.1730082132643905,0.12309075390228595,0.765983882806812,-4.649607396827758,-7.2157,0.0,7.5938950253,1.9353944521960385,-0.40290930063065794,-0.5769076344152737,0.4104544767689159,0.03203214295735706,-0.07253584423899863,-0.0008522382616562608,-0.4339370291466748,0.007715486417385221,-0.15273397494615853
626.0,10.340978161190135,-2.792553153507884,37.87784140817078,-0.11539505682720251,-0.18410564936001533,0.10248855417236163,0.6386551702808341,-4.829774352643204,-7.2157,0.0,7.5938950253,2.03722119913532,-0.3844278215978367,-0.6133307238048149,0.3414310170858643,0.031952758923224474,-0.07416218371665637,-0.00046638646001445627,-0.43582121677750124,0.007751162264386655,-0.14765189164872589
627.0,10.35085074036266,-2.8860172639381623,37.770717587935195,-0.10937401079122183,-0.19242036851998326,0.08187382684917609,0.5184554666838377,-5.019185723511444,-7.2157,0.0,7.5938950253,2.1331684595732816,-0.36402173756256645,-0.640419020792601,0.27249483213543985,0.03187130549411892,-0.07574554390847793,-0.0010698617071626844,-0.4383196410369048,0.007797330279933234,-0.14258404737272068
628.0,10.360782211110504,-2.992256238728518,37.68373558545029,-0.10285304177371843,-0.19815433541258398,0.061718909875301695,0.4060268173871139,-5.215252500773789,-7.2157,0.0,7.5938950253,2.222996262045271,-0.34199032630035553,-0.6588707991220134,0.2052177530499648,0.03178897632566721,-0.07727594446130934,-0.002557856311702182,-0.4413389948510297,0.007851753029830176,-0.13763827420031655
629.0,10.370723420316308,-3.109087292918129,37.61615025967494,-0.09590554553527468,-0.20157982409096373,0.04242019725412338,0.3018984329931983,-5.415618869615467,-7.2157,0.0,7.5938950253,2.306531576697338,-0.31858395116562105,-0.6696181798011827,0.14091358299477033,0.03181590848129763,-0.0792816183061339,-0.004430407839703013,-0.44629902282492406,0.008146660054823607,-0.13273095165488832
630.0,10.380609919544478,-3.2345732376403897,37.566845240730096,-0.08859437845050212,-0.2030148689946192,0.024294230283904455,0.20650149214602248,-5.618215584884488,-7.2157,0.0,7.5938950253,2.383642347244098,-0.2940170530705897,-0.673742900568557,0.08062495747044073,0.03186021972069326,-0.0813145032937467,-0.006893322111527822,-0.4518316607026096,0.008482167570623925,-0.12807602502977736
631.0,10.390425479040536,-3.367079651276799,37.53446413207696,-0.08098488687378531,-0.2028026927965604,0.0075765966541434145,0.12016854961892956,-5.8212932048314325,-7.2157,0.0,7.5938950253,2.4542135535546334,-0.2685096349932659,-0.6724029522116021,0.025120603122726303,0.03191302777178055,-0.08333453175990041,-0.009865519613566208,-0.4577372131418767,0.008837333395152728,-0.12374032807404045
632.0,10.40015608305717,-3.5052757164340838,37.51745400785726,-0.07313531118423408,-0.20129087726898853,-0.0075721697692391655,0.043138566908235615,-6.023435307633541,-7.2157,0.0,7.5938950253,2.518159591199457,-0.2422570825068082,-0.6667660241381914,-0.025082435923750864,0.031973182905553135,-0.08534466930688497,-0.013244263762803007,-0.46393757219283305,0.009208755075407317,-0.11976081813515733
633.0,10.409789441859132,-3.648134809198329,37.51413606890786,-0.06509737266114485,-0.19881529228030748,-0.021056992241836627,-0.02443341959462006,-6.223554416158664,-7.2157,0.0,7.5938950253,2.575419606960335,-0.21543226217032138,-0.6579563263321265,-0.06968569218261891,0.03203954065231637,-0.08735225551994473,-0.016935641932869748,-0.4703688642340631,0.00959393690782791,-0.11615889150014534
634.0,10.419315008338089,-3.794920536469004,37.52276593709936,-0.05691723811212406,-0.19568805405086281,-0.03283680967897946,-0.08246661497420685,-6.420874732836732,-7.2157,0.0,7.5938950253,2.625954196367728,-0.18818884460192814,-0.6470150347366748,-0.10857029397187565,0.0321109863562166,-0.08936795610878441,-0.020856794184058378,-0.47698069189609893,0.009991234182550521,-0.11294298266667642
635.0,10.428723949391445,-3.9451617827729635,37.541582000138234,-0.04863659057640726,-0.19218919437848125,-0.04291260449549311,-0.1309454178132789,-6.614905304361439,-7.2157,0.0,7.5938950253,2.669743521588476,-0.1606649627977739,-0.6348732384200307,-0.14175648258059456,0.03218646277706179,-0.09140474082333155,-0.024937169349738594,-0.4837348515617628,0.010399770918618188,-0.11011131728945492
636.0,10.438009077079217,-4.098620153790351,37.56884182045721,-0.04029368735743453,-0.18856150286692147,-0.05131588609361342,-0.16991146331119555,-6.805406833483706,-7.2157,0.0,7.5938950253,2.706786679693355,-0.13298680995706177,-0.6223355168400708,-0.16936489160628904,0.03226499656343655,-0.09347692781122681,-0.029118974436349955,-0.49060369628196193,0.010819339016598543,-0.10765459596620566
637.0,10.447164747056918,-4.255252673592989,37.60284746057936,-0.031924321088639296,-0.18500790745933063,-0.058098303629003,-0.19945702105651616,-6.9923548059090574,-7.2157,0.0,7.5938950253,2.7371021323160685,-0.10527189798681481,-0.6100719732374693,-0.19158179357542862,0.03234572076137186,-0.09559931525727264,-0.033356996373684916,-0.4975682861584731,0.011250285240719781,-0.10555845235928091
638.0,10.456186732882394,-4.415172010582742,37.64196112031109,-0.023562629236530543,-0.18169076025876188,-0.0633227987674769,-0.21971983901123568,-7.17590101082912,-7.2157,0.0,7.5938950253,2.7607290002463785,-0.0776317980861759,-0.598616575125844,-0.2086296346142459,0.03242789196391196,-0.09778640592326526,-0.037617967627110296,-0.5046164400117585,0.011693391006199871,-0.10380558629224557
639.0,10.465072084661855,-4.578605952073427,37.684612785350396,-0.015241721149187131,-0.1787324606017277,-0.06705650507823538,-0.2308793819745057,-7.356334976826807,-7.2157,0.0,7.5938950253,2.7777290247533806,-0.05017426438553413,-0.5883698858371001,-0.2207434961992287,0.03251090195215545,-0.10005171997215215,-0.04187962672918187,-0.5117407765362088,0.012149748707531636,-0.1023775179192225
640.0,10.473818979436878,-4.745857367620792,37.729301711716296,-0.006994109638755212,-0.1762169473866509,-0.06936545216222939,-0.2331543012834081,-7.534046364942564,-7.2157,0.0,7.5938950253,2.7881889973217726,-0.023004701296457916,-0.5796046169394949,-0.2281536306556714,0.03259428457553715,-0.10240718592987275,-0.04612959757728298,-0.5189368117520888,0.012620637342451106,-0.10125594298003165
641.0,10.482426569074363,-4.917265521225096,37.77459356793764,0.0011480529265663689,-0.174191706983296,-0.07031102987305832,-0.22680089194753028,-7.709488979644592,-7.2157,0.0,7.5938950253,2.792223458419495,0.0037730217387732068,-0.5724728206805316,-0.2310738799995953,0.03267771912515945,-0.10486259815448722,-0.05036418193562861,-0.526201162965759,0.013107399489674603,-0.10042369314500302
642.0,10.490894829548397,-5.093169320008071,37.81911496791416,0.009152924739597808,-0.17267005732505153,-0.06994809919407045,-0.21211224081170021,-7.883146782631892,-7.2157,0.0,7.5938950253,2.7899774626238205,0.030056373874898342,-0.5670139269811068,-0.22969556519131157,0.03276103159480005,-0.10742513091707831,-0.054587131125112126,-0.5335298975283457,0.013611321287157023,-0.09986532176164589
643.0,10.499224413690955,-5.273872917569747,37.86154698044279,0.01698909478374723,-0.17163357346344768,-0.0683245901502098,-0.18941774093117145,-8.055502119412509,-7.2157,0.0,7.5938950253,2.7816292018427617,0.05574452857078627,-0.5631631797588335,-0.2241862863322936,0.032844195061661335,-0.11009890327040575,-0.058808437443755315,-0.5409170568658235,0.01413351691382227,-0.09956734624195807
644.0,10.507416507969534,-5.459614011294538,37.9006190146341,0.02462585176567124,-0.1710346086317647,-0.06548239424129819,-0.1590826395375155,-8.227006282866306,-7.2157,0.0,7.5938950253,2.767392271571768,0.08073921812121183,-0.5607603222823894,-0.21469297233070755,0.03292733002875927,-0.11288459440702929,-0.06304316471343578,-0.5483533816730867,0.01467481916653449,-0.09951818589164454
645.0,10.515472692789922,-5.65053516578789,37.93510426381723,0.032033575837971916,-0.17079893351579464,-0.061459332729930226,-0.12150729688684958,-8.398052525129572,-7.2157,0.0,7.5938950253,2.747517359341682,0.10494598957732079,-0.5595586077317843,-0.20134843904809283,0.03301070503137037,-0.11577911532240141,-0.06731032123247631,-0.5558252617664757,0.015235677992962488,-0.09970783972423915
646.0,10.523394805323749,-5.846658536529306,37.96381764902483,0.03918422314471467,-0.17082856224472348,-0.05629195914792372,-0.0771258588843722,-8.568951669504926,-7.2157,0.0,7.5938950253,2.7222931329756204,0.12827576198628532,-0.5592343609833493,-0.18428064598174237,0.03309473719831436,-0.11877534845543991,-0.0716317676739282,-0.5633139327199858,0.01581606921939481,-0.1001273537024262
647.0,10.53118015051347,-6.047864228840401,37.98561679666618,0.04605215584627952,-0.1710048298646466,-0.05001893424684427,-0.026404083075743698,-8.739910546143683,-7.2157,0.0,7.5938950253,2.692046317303282,0.1506475766466664,-0.5593975513323493,-0.16362385413374297,0.033277615236388725,-0.12192393703420801,-0.07595506730586425,-0.5708487817137304,0.016476017478181275,-0.10077072700027628
648.0,10.538592673342832,-6.253867318676988,37.99939903979582,0.05262867324445872,-0.1711908410587955,-0.04268377269220775,0.03016995446294754,-8.911013078971584,-7.2157,0.0,7.5938950253,2.657145760294595,0.17203983961328137,-0.559612147207585,-0.13953058200703092,0.0337849803655816,-0.12535216832355944,-0.08012860486895393,-0.5785252680408203,0.017353899050875053,-0.10163283971323833
649.0,10.545535329720957,-6.4642272223910835,38.004118657588904,0.05889946795927134,-0.17123738046968182,-0.034337338947724255,0.09209698166846542,-9.082205051902179,-7.2157,0.0,7.5938950253,2.617977829511095,0.19241191724788326,-0.559395760645243,-0.11217271478055935,0.034303909955749265,-0.1288414696971487,-0.08442053459134959,-0.5861358115381798,0.018253045933989943,-0.10269393481547433
650.0,10.55200410549484,-6.678330112188171,37.998797053267694,0.06484810898810077,-0.1709861149406278,-0.02504316924460795,0.15886005645394718,-9.253283880401312,-7.2157,0.0,7.5938950253,2.574953768213142,0.2117149815622922,-0.5582325026425292,-0.08176050462560785,0.03483371464427604,-0.13236760536412057,-0.0888543889255773,-0.593638438419063,0.019169978089588216,-0.10394186753935084
651.0,10.557996333756877,-6.895381928314304,37.982535020342155,0.07046212858801754,-0.17027361590133816,-0.014880672171493843,0.2299299626103334,-9.42389125322448,-7.2157,0.0,7.5938950253,2.5285093249101767,0.22991297336371108,-0.5555908415165942,-0.04855458745225282,0.035373135363572936,-0.1359024681839621,-0.09345142873212597,-0.6009858433045772,0.020100273296332204,-0.10536181029645908
652.0,10.56351114202932,-7.11441237115555,37.9545302206335,0.07573330891887996,-0.16893632173092102,-0.0039474032960755325,0.3047730310444933,-9.593510188917856,-7.2157,0.0,7.5938950253,2.479097817762306,0.2469834562747672,-0.550939569749173,-0.012873375312564673,0.0359203193967428,-0.13941455557813925,-0.09822962643461262,-0.6081262707277434,0.021038602563734604,-0.10693565978187422
653.0,10.568549899610222,-7.33428505749995,37.91409627931246,0.08065782933381133,-0.16681573775526864,0.007639547190202503,0.38285992921062967,-9.761466925107516,-7.2157,0.0,7.5938950253,2.4271818676075663,0.26291802063140945,-0.5437644918420599,0.024902413595282606,0.036472821731963465,-0.14286960124143028,-0.10320270165930054,-0.6150046674753736,0.02197880250378647,-0.1086416098493717
654.0,10.573116641912584,-7.55371375501178,37.860682504948954,0.08523625719106878,-0.163763697599372,0.0197431722999706,0.4636751646830923,-9.926937793503933,-7.2157,0.0,7.5938950253,2.373224038492153,0.277722185395389,-0.5335852779618857,0.06432845761275491,0.03702763373685478,-0.14623135015723468,-0.10837924367638586,-0.621564069508576,0.022913984208863345,-0.11045392140104163
655.0,10.577218448010832,-7.771284334343869,37.79389317494385,0.08947337468282934,-0.15964748220160513,0.032207218549463734,0.5467269786800519,-10.088961058832513,-7.2157,0.0,7.5938950253,2.3176767244886447,0.29141477723787995,-0.5199718422076844,0.10489890933827573,0.03758123967428453,-0.1494624546395407,-0.11376195729667533,-0.6277471736527184,0.023836676154596073,-0.1123429070880207
656.0,10.580865748471629,-7.985481802003825,37.71350533640294,0.09337784436331716,-0.1543545858071884,0.04485788217425582,0.6315572508662814,-10.246453508181075,-7.2157,0.0,7.5938950253,2.2609717061772496,0.30402679844803265,-0.5025595832577062,0.14605175773318307,0.038129699771284435,-0.15252546047294507,-0.11934706705548476,-0.6334980324961047,0.024738996593722758,-0.11427513423942269
657.0,10.584072543027576,-8.194721528273915,37.619484155900494,0.09696172579837034,-0.14779693241270614,0.0575064370520184,0.7177510022022837,-10.398231387468314,-7.2157,0.0,7.5938950253,2.2035098591943996,0.3155998260758666,-0.48106287073513126,0.1871771710169459,0.03866875664314676,-0.15538384565799235,-0.12512390872176488,-0.6387638022587344,0.025612849048811736,-0.11621383559466891
658.0,10.586856511698166,-8.39738358924,37.51199499689024,0.1002398640857731,-0.13991437888199665,0.06995264570286826,0.8049450706324737,-10.543035111977403,-7.2157,0.0,7.5938950253,2.1456515227374027,0.326184010706023,-0.4552862643560693,0.22762834669582774,0.0391939601020445,-0.15800307046999934,-0.1310747282119316,-0.6434964687538237,0.0264501330493463,-0.11811950554622092
659.0,10.589239008320792,-8.591849019261538,37.39141159231198,0.10322917715168121,-0.13067738698976267,0.08198876895223846,0.8928355457462708,-10.679557042791023,-7.2157,0.0,7.5938950253,2.087708023529485,0.3358357621431529,-0.42513309769095586,0.26673428451139636,0.0397008039663428,-0.1603515968011096,-0.13717469714601535,-0.6476544764783614,0.027242961346196658,-0.11995065084933426
660.0,10.591244931708765,-8.776536729005167,37.25831988983941,0.1059478722803136,-0.12008879893578162,0.09340397525135226,0.9811835819760937,-10.806471529636934,-7.2157,0.0,7.5938950253,2.029934800631766,0.34461521979625653,-0.3906112218169818,0.30381385457110177,0.040184867603878766,-0.16240183695700547,-0.14339214307691825,-0.6512041903286151,0.027983874557850914,-0.12166465977854922
661.0,10.592902476280518,-8.949939882492213,37.11351735528301,0.10841462322830654,-0.10818470193192986,0.1039889566439708,1.0698192625246759,-10.922466375752528,-7.2157,0.0,7.5938950253,1.9725264932603146,0.35258360761635077,-0.3518358627298182,0.3381905539493542,0.04064195468219302,-0.1641309967270902,-0.1496889823352555,-0.6541211279398501,0.028666044561018345,-0.12321875257766571
662.0,10.594159878108051,-9.110653372985663,36.9580302732603,0.11064413439994292,-0.09503383679810368,0.11354001549046354,1.1586425745992193,-11.026274758590207,-7.2157,0.0,7.5938950253,1.9156213856045436,0.35979166577942384,-0.3090302313126259,0.36920846755665465,0.041378872720085697,-0.16588520255546485,-0.15567284252987446,-0.6548694070372959,0.029147147067682892,-0.12483385587164039
663.0,10.594794943022668,-9.257391465374907,36.79313224876569,0.11264240684806835,-0.08073713157899155,0.12186231374078238,1.2476142174543836,-11.116705945305316,-7.2157,0.0,7.5938950253,1.8593144799304095,0.36626767547507144,-0.26252458852240274,0.39624709406336367,0.04217882566710346,-0.1674118390889303,-0.16152875241200038,-0.6544866286544297,0.029515415227770313,-0.12629193343842124
664.0,10.594871494491077,-9.389059326959618,36.620205964994526,0.11442579243556086,-0.0654293629621497,0.12877801513567233,1.3367576248188215,-11.192678236294832,-7.2157,0.0,7.5938950253,1.8036189093352135,0.372063837815753,-0.21274836181052992,0.41873114022484087,0.042894836717598854,-0.1685384986111922,-0.16736440529027144,-0.6536849243745733,0.02983003042147875,-0.1274341042252537
665.0,10.594467580427379,-9.504761776388031,36.44079500171323,0.11600847668702073,-0.04927395788104737,0.1341295491418018,1.426158817198933,-11.253249478549215,-7.2157,0.0,7.5938950253,1.7484877021611833,0.3772244326134081,-0.16022398823873749,0.4361486722062037,0.04352264225599099,-0.16926364617383352,-0.17312627204649672,-0.652492668407664,0.030089138896437648,-0.12822505085918667
666.0,10.593663112278263,-9.603822565204426,36.256584413079096,0.11740133027195063,-0.03245975222124562,0.1377833114924722,1.515958085403703,-11.297643741102096,-7.2157,0.0,7.5938950253,1.6938211758976696,0.3817825604800546,-0.10555729894089717,0.4480636235651316,0.04405950447556301,-0.16959294025906319,-0.17875822809798295,-0.6509451532897005,0.03029182650084678,-0.1286349101596301
667.0,10.592538459006981,-9.685799549089085,36.06937514815423,0.11861132841212704,-0.015197287097504421,0.13963305622973107,1.6063394070718904,-11.325274790941332,-7.2157,0.0,7.5938950253,1.6394752418522476,0.38575835996358915,-0.04942597494785101,0.4541271014242976,0.04450423300504991,-0.16953912745925198,-0.18420270490923443,-0.6490837730922435,0.030438134758056352,-0.1286401632184686
668.0,10.59117307591988,-9.750494701946574,35.88105561774025,0.11964107118490527,0.002285405648744951,0.13960290733938838,1.69751787945194,-11.335765830577296,-7.2157,0.0,7.5938950253,1.5852711286307226,0.38915754400151836,0.007433758662510139,0.45408758060770565,0.04485715202911679,-0.16912175522699824,-0.18940190660885045,-0.6469550168005943,0.030529051655935807,-0.12822443364349212
669.0,10.589644213899703,-9.797958851238121,35.69357075463141,0.12048841400121242,0.019747513356857645,0.13764997104665044,1.7897255248418011,-11.328964985963033,-7.2157,0.0,7.5938950253,1.5310061347249118,0.3919702851672294,0.06424218051167373,0.4477998889077711,0.04512001871838598,-0.16836670734631534,-0.19429908173098548,-0.6446093035460121,0.030566478682575296,-0.12737917916488112
670.0,10.588025747470718,-9.828491029712659,35.50888892526403,0.12114621850505099,0.03694064704258765,0.1337665036616889,1.883195898329451,-11.304956046669403,-7.2157,0.0,7.5938950253,1.4764650169567446,0.3941704834346455,0.12019287834855769,0.4352327960900557,0.04529590062667876,-0.16730556779297448,-0.19883984119703332,-0.6420996960483272,0.030553176004491773,-0.12610425672521938
671.0,10.5863871518319,-9.842632332337612,35.32896709837134,0.12160223613375587,0.05361454033143258,0.12798155286131294,1.9781479940225806,-11.264063967781757,-7.2157,0.0,7.5938950253,1.4214316354441454,0.39571545747625325,0.17447131754464867,0.41647489675543287,0.04538902092287164,-0.16597482008188613,-0.20297351155148075,-0.6394805327775024,0.030492687858721758,-0.12440833434937394
672.0,10.584792650159995,-9.841154157711635,35.155714769537646,0.12183913893379657,0.06952322529682323,0.12036194845175444,2.0747700037660084,-11.206854658774631,-7.2157,0.0,7.5938950253,1.365700501062996,0.3965461086482262,0.22627510907730036,0.39173834209215846,0.04540458091494355,-0.16441489172086968,-0.20665450669570745,-0.6368060229902393,0.030389250277197886,-0.12230911585152787
673.0,10.583300543654316,-9.825040723236693,34.99095728111501,0.12183471408207358,0.08443163002971293,0.1110124797376098,2.1732035279075905,-11.134128625392469,-7.2157,0.0,7.5938950253,1.3090879021557758,0.3965876129865796,0.2748357794929704,0.36135985283473154,0.045348569313327695,-0.16266905754210667,-0.20984369195635574,-0.63412885174942,0.030247683250730493,-0.11983333848894283
674.0,10.581962728464527,-9.79546579549728,34.83639935759548,0.12156223891615937,0.09812248529857778,0.10007506970718633,2.2735288659528834,-11.046908113983905,-7.2157,0.0,7.5938950253,1.2514423184866246,0.39575069749554437,0.31944164851793033,0.32579836462085365,0.045227567088998014,-0.1607822217500095,-0.21250970192114296,-0.6314988438772847,0.030073269440800132,-0.11701650097077491
675.0,10.580824396254405,-9.753763691076001,34.69358988015348,0.1209910510935769,0.11040335412131178,0.0877267509584983,2.3757520196918938,-10.946417549799126,-7.2157,0.0,7.5938950253,1.1926538587231246,0.39393354941692826,0.35946117306564385,0.2856286483300976,0.04504855563783735,-0.15879960643319813,-0.214630159405371,-0.6289617359282141,0.02987162162181677,-0.11390228177282902
676.0,10.579923909094246,-9.701394791060016,34.563889123781216,0.12008732286485983,0.1211135160529968,0.07417627354946126,2.4797940158423497,-10.834057272655544,-7.2157,0.0,7.5938950253,1.1326624815955277,0.39102438809964873,0.3943658445822356,0.241530340457591,0.04481873432697563,-0.15676538352552452,-0.21619272921615,-0.6265581029994172,0.0296485412296816,-0.1105416172318261
677.0,10.579292834947196,-9.639906076930034,34.44843984101248,0.11881503876640545,0.1301303589735931,0.05965923723514299,2.585483093333819,-10.711370858065766,-7.2157,0.0,7.5938950253,1.0714647811357327,0.3869046966902583,0.4237514677570278,0.19427203262220075,0.04454535148923582,-0.1547212967827638,-0.21719592970944265,-0.624322481884099,0.029409870725479462,-0.10699142647708057
678.0,10.578956127401888,-9.570887524907434,34.34814365760788,0.11713716228139301,0.1373748697801576,0.044431741821936654,2.692550198051137,-10.58000666092071,-7.2157,0.0,7.5938950253,1.0091191360132754,0.3814530651225082,0.44735645057341883,0.1446904105974055,0.04423555074559943,-0.1527053288598534,-0.21764962048580525,-0.622282723301234,0.029161342946116907,-0.10331299589192118
679.0,10.57893243250922,-9.495925563258705,34.263644208494156,0.11501695991291284,0.14281578769464404,0.028762685089066944,2.8006280847983853,-10.441674609997827,-7.2157,0.0,7.5938950253,0.9457490467391221,0.37454953931112506,0.46507565082476954,0.09366488609695474,0.04389623244956599,-0.15075047434603744,-0.217575088829175,-0.6204595937171565,0.028908431161264868,-0.09957006798982693
680.0,10.57923450638346,-9.41655516073131,34.19531825566205,0.11241943228461915,0.1464720044860179,0.012924995572322396,2.90925414702787,-10.298099678889669,-7.2157,0.0,7.5938950253,0.8815445181583588,0.36608030948442166,0.47696839988740286,0.04208868772100998,0.04353392838867616,-0.14888368094543414,-0.21700467279689528,-0.6188666321751232,0.02865620410642819,-0.09582671516944188
681.0,10.579869729165216,-9.334212421348601,34.143275678932,0.10931278379002513,0.1484128742978659,-0.0028137525119404823,3.017876889756545,-10.150973815072893,-7.2157,0.0,7.5938950253,0.8167613937242919,0.3559425113888903,0.48325959113344374,-0.009162095235363356,0.043154686962026505,-0.14712501651642154,-0.21598088590108136,-0.6175102507427878,0.02840919070346517,-0.09214511306310137
682.0,10.580840703350516,-9.25018975457947,34.107368724122246,0.10566984796480149,0.14875623279565037,-0.01820075828235882,3.12586574567333,-10.001908370955038,-7.2157,0.0,7.5938950253,0.7517186163755678,0.34404886761357917,0.48433317951638655,-0.059259574962574696,0.04276396609433981,-0.14548710875266715,-0.21455504570646147,-0.6163900503557991,0.0281712593844679,-0.08858335543192322
683.0,10.582145926619326,-9.165595720240296,34.08721026738232,0.10146937820774832,0.1476641106002281,-0.03300677666903244,3.232523728469301,-9.852389199171432,-7.2157,0.0,7.5938950253,0.6867934789311363,0.33033187252348484,0.48071805524638134,-0.10745301228438374,0.04236653217946215,-0.1439748872681605,-0.2127854527010785,-0.6154993089407297,0.02794551678136572,-0.08519346712963381
684.0,10.583780530484189,-9.08132148306734,34.08220017248776,0.09669711512075961,0.1453363374256068,-0.04703357964814759,3.3371022425258734,-9.703736513753432,-7.2157,0.0,7.5938950253,0.622415030686092,0.31474723104049207,0.4730669546568065,-0.153093387963947,0.041966365171624415,-0.14258563629100998,-0.2107352106780675,-0.6148255876757599,0.027734229949258893,-0.08201976918985279
685.0,10.585736571252177,-8.998015396299232,34.0915582867391,0.0913465314013691,0.14200244534998405,-0.06011948370482586,3.438817238354814,-9.557071364335581,-7.2157,0.0,7.5938950253,0.5590559680363487,0.29727624389626417,0.46212979223308615,-0.19565159209192945,0.041571633726455115,-0.1413163705491656,-0.20846357344602506,-0.6143261922310648,0.02753652003913963,-0.07910226940875922
686.0,10.587916398523353,-8.916057626641107,34.11438607484749,0.08541535223149163,0.13791327920213725,-0.07214286852361917,3.536864490476481,-9.413289841670668,-7.2157,0.0,7.5938950253,0.4972322150295607,0.277916709352302,0.44872969238558064,-0.23473190825206147,0.0413837486824453,-0.14042589966634605,-0.20579076551080938,-0.6129884111262134,0.027264176236890217,-0.07664536077595102
687.0,10.590230476364797,-8.835559236381467,34.14968013666416,0.07890980832047126,0.13333079440757145,-0.08302166048297237,3.6304322157819,-9.273045509157871,-7.2157,0.0,7.5938950253,0.43748627277640395,0.2566934593828942,0.4337248256864675,-0.2700693068032411,0.041196552070480494,-0.1396023015326736,-0.2030362987467192,-0.6118196078649427,0.027009167690553296,-0.07447937664247929
688.0,10.5926719953261,-8.756374364829338,34.196348557939686,0.0718476482887469,0.12851785690454798,-0.09271118303419665,3.718719848473247,-9.136742333411515,-7.2157,0.0,7.5938950253,0.3803679685821777,0.23366639547032744,0.4179719878341591,-0.30151979188417694,0.04101055092889881,-0.13881833502164212,-0.20025802051294134,-0.6107878376314065,0.026769900166818517,-0.07261277876353447
689.0,10.595234463398977,-8.678104331644272,34.2532682600318,0.0642537978050529,0.1237302143605196,-0.10120020397425994,3.8009524816808398,-9.004535937480902,-7.2157,0.0,7.5938950253,0.3264316058366301,0.2089187683416269,0.4023040641001991,-0.32904859623038735,0.04082577396164705,-0.13804375823782006,-0.19750660278956345,-0.6098551414927397,0.026543678303488707,-0.07104708592470309
690.0,10.597912122107019,-8.600115409641669,34.319314583699175,0.0561593662688213,0.1192090972723144,-0.10850428170029222,3.876391786011141,-8.876342550039984,-7.2157,0.0,7.5938950253,0.27622714039831564,0.18255389794421595,0.3875058930206291,-0.35270838836054663,0.04064176939090783,-0.13724625829500114,-0.19482423348832598,-0.6089779522080877,0.02632679347045719,-0.06977847679547149
691.0,10.600700342922943,-8.521561890873391,34.39338351990144,0.04760044960145765,0.11517538399425255,-0.11465764497191967,3.9443442539034583,-8.75185464191015,-7.2157,0.0,7.5938950253,0.2302927510367585,0.15469124074099264,0.3742952682603569,-0.37261272760338277,0.0404576199007502,-0.1363923167478407,-0.1922437823836778,-0.6081074022456188,0.0261146291602239,-0.06879968306210309
692.0,10.603595993476759,-8.441412682783765,34.47440543087765,0.03861681577316467,0.11182536493280584,-0.11970423691812414,4.004166646322628,-8.630561838436282,-7.2157,0.0,7.5938950253,0.1891491556525171,0.1254620889181314,0.36330918532779966,-0.38890683541378884,0.04027197371854691,-0.13544798814751344,-0.18978840681713213,-0.607189528681916,0.02590177707746815,-0.06810202797859952
693.0,10.606597764910633,-8.358479843188645,34.561349733591605,0.029250558246560452,0.10932792939061102,-0.1236885444495567,4.055268693116795,-8.511775730290825,-7.2157,0.0,7.5938950253,0.15329588710218012,0.09500518016509302,0.3550947486635724,-0.40173771559283133,0.04008308945739507,-0.1343795886236108,-0.18747151906437107,-0.6061653833625864,0.025682157941436006,-0.06767746983961412
694.0,10.609706454336044,-8.271447828966805,34.65322060811336,0.01954479435313572,0.10782282737895384,-0.12664677142930608,4.0971132480877905,-8.394657418073907,-7.2157,0.0,7.5938950253,0.12320958910710189,0.06346246885938579,0.35010359798285423,-0.41122544667166583,0.039888891387068005,-0.1331543097156661,-0.18529700778020203,-0.6049710718276635,0.02544914265396715,-0.067520525041944
695.0,10.61292519924425,-8.178902739838144,34.74904430366183,0.009542473751284433,0.10741954451150229,-0.12859882261008954,4.129214220818991,-8.278246974553124,-7.2157,0.0,7.5938950253,0.09934423471498022,0.03097526973573302,0.3486883435949191,-0.4174371679575262,0.0396870313943164,-0.13174078794016006,-0.18325959259603491,-0.6035377614057506,0.02519567173355269,-0.06762996578662589
696.0,10.616259663507169,-8.079361422804674,34.84784902895152,-0.0007146503385158584,0.1081962767612774,-0.12954147125062418,4.151132701462848,-8.161494437759758,-7.2157,0.0,7.5938950253,0.08213301495508496,-0.0023190563288971026,0.3510993374849916,-0.4203649709063081,0.03947495398221798,-0.13010967144564314,-0.18134519363005386,-0.6017917177965485,0.02491437353543302,-0.06801020750492134
697.0,10.619718176970535,-7.971300902712822,34.94863873991838,-0.01118684484471471,0.11019850102970066,-0.1294430083908909,4.162471767778089,-8.043292400621407,-7.2157,0.0,7.5938950253,0.07199149790858517,-0.03628973937709148,0.3574801418653241,-0.4199086609225152,0.03924996109071162,-0.12823423081910765,-0.1795312145085652,-0.5996544503321531,0.02459768451798152,-0.06867231625290689
698.0,10.623311832416434,-7.853189164325939,35.05036240471979,-0.021836979857295987,0.11343670005948511,-0.12823963091805235,4.162870523289747,-7.922510683867823,-7.2157,0.0,7.5938950253,0.0693215195418837,-0.07081444731654163,0.36786026605418326,-0.41586421963497944,0.039009274100104296,-0.12609106131518732,-0.1777866657504222,-0.5970430683993612,0.024237977432257442,-0.06963457380610151
699.0,10.627054544838385,-7.723518783537653,35.15188057240555,-0.03263083739926683,0.11788290829489215,-0.12583382551448066,4.1519979687102735,-7.798033920482751,-7.2157,0.0,7.5938950253,0.07451513694509782,-0.1057802370037462,0.38214409963027013,-0.4079187954370083,0.03875009092332596,-0.1236609183387634,-0.176072092275442,-0.5938709740282764,0.023827705571805448,-0.07092253714373417
700.0,10.630963078623164,-7.580845247595394,35.251931340368785,-0.04353711022924522,0.12346589329446822,-0.12209504500198123,4.129547360534836,-7.6688031001386765,-7.2157,0.0,7.5938950253,0.08795785254328248,-0.14108349698000708,0.4000954563135682,-0.3956531754659243,0.03846963648320664,-0.12092971677025287,-0.17433931217692505,-0.5900490363412662,0.023359572888320267,-0.07256852049681836
701.0,10.635057048504905,-7.423831974180251,35.34909814460908,-0.05452704961791395,0.13006497408117712,-0.1168630436821217,4.095231761833226,-7.533862182708015,-7.2157,0.0,7.5938950253,0.11003020852776402,-0.17662875250878063,0.4213177547295303,-0.3785529157471765,0.03816520509756599,-0.11788970739493157,-0.1725310223937465,-0.585487409194356,0.022826740591040225,-0.07461041496519255
702.0,10.639358900127842,-7.251303987928285,35.44178221209936,-0.06557371455803294,0.13750270724160435,-0.10995432298180544,4.048781536269391,-7.392410752860321,-7.2157,0.0,7.5938950253,0.14110676493203567,-0.2123261831591273,0.4452306110677732,-0.3560295749283993,0.03783419348762538,-0.11454081983986417,-0.1705803799034812,-0.5800981592383321,0.02222308047729249,-0.0770897473966674
703.0,10.64389387562644,-7.062311878379141,35.528183022621505,-0.07665077012994463,0.14553695153831095,-0.10117221392236672,3.989944566752197,-7.243863310911358,-7.2157,0.0,7.5938950253,0.18155143253221695,-0.2480876887567785,0.4710445292935366,-0.3274537317218793,0.037474123578737785,-0.11089213055688289,-0.16841072417583539,-0.5737988612928422,0.02154348327422458,-0.08004887307204091
704.0,10.648689968401497,-6.856206966374717,35.6062907056229,-0.08773078375820031,0.15385316113938038,-0.0903211542746121,3.918489977877128,-7.087915130787569,-7.2157,0.0,7.5938950253,0.23170816441285158,-0.2838213441689382,0.4977364743437345,-0.2922015547446229,0.037082655441500655,-0.10696337630878368,-0.1659356669447018,-0.5665172829043045,0.02078422620114118,-0.08352720414523157
705.0,10.653777868409582,-6.632727452576223,35.67389488147812,-0.09878298026511718,0.16205816034301443,-0.07722565805775504,3.834216083393402,-6.92461361290014,-7.2157,0.0,7.5938950253,0.29188616032391757,-0.31942412467825415,0.524030413696834,-0.24971648113466952,0.036657593227589956,-0.10278638890260898,-0.16305983610611305,-0.5581972100256204,0.019943397229322278,-0.08755640856254737
706.0,10.659190893478746,-6.392093615090344,35.72861492374095,-0.10977044697925421,0.16967710846702547,-0.061754259721899525,3.736963138642213,-6.754432671958146,-7.2157,0.0,7.5938950253,0.36233905686780155,-0.3547728843798897,0.548388376294603,-0.1995868418794334,0.036196891414374543,-0.09840627772329812,-0.1596806153587873,-0.5488053499307626,0.019021363622318543,-0.09215458558246399
707.0,10.664964891707749,-6.135107791484273,35.7679567718888,-0.12064683714900655,0.17615583307147786,-0.04384826645427521,3.6266312241487753,-6.578345906460945,-7.2157,0.0,7.5938950253,0.44323811497667176,-0.3897137573340612,0.569019074224132,-0.14163879531608076,0.03569867549032284,-0.09388213769160188,-0.15569125790510985,-0.5383390763690221,0.018021259059838597,-0.09731954876180648
708.0,10.671099261480887,-5.863248901016712,35.78939915467017,-0.1313491089568017,0.18087159582124984,-0.023554498183889227,3.503203862450421,-6.39789204458555,-7.2157,0.0,7.5938950253,0.5346431435688377,-0.4240403629170125,0.583916082435292,-0.07604206863336535,0.03533598580139056,-0.08951602916240689,-0.15066438988976455,-0.526982262326121,0.017112544956594207,-0.10302894317106104
709.0,10.677419165056026,-5.57875194503227,35.790509436122306,-0.14178071936275208,0.18315595660462436,-0.0010615854578597712,3.3667878284926354,-6.215222315546373,-7.2157,0.0,7.5938950253,0.636470370514103,-0.4574462898330151,0.5909408076512656,-0.003425136585716987,0.03511962994576057,-0.08541261044795415,-0.14447505626090318,-0.5148393091851344,0.01631811127042845,-0.10920815809587794
710.0,10.683916771968677,-5.284695595224011,35.76911924374946,-0.15184008521108713,0.18232587424063154,0.023267560461135026,3.217644881979016,-6.03312116896011,-7.2157,0.0,7.5938950253,0.7484255737360996,-0.48960423851730167,0.587904838801207,0.07502561794464452,0.034876465696994104,-0.0814348082173062,-0.13737149947464933,-0.5019019196482153,0.015486395368560668,-0.1157381503472702
711.0,10.690622752437461,-4.984995402602614,35.72350915591694,-0.16140722503994426,0.17773505884167284,0.048872772017917746,3.0562115447516605,-5.854987262024405,-7.2157,0.0,7.5938950253,0.8699918594217912,-0.5201267532668564,0.5727423854423815,0.15749007658448996,0.034609193456916154,-0.07767565133248536,-0.1293176788487191,-0.48835944958462724,0.014629670549832476,-0.12246604390933705
712.0,10.697564944523192,-4.684347667459733,35.65261478142703,-0.17033983314632226,0.16883708054794716,0.07498669512409371,2.883127542574533,-5.684759589592829,-7.2157,0.0,7.5938950253,1.0004119221330967,-0.54855542194162,0.543716019023059,0.24148408169726426,0.03432254709869445,-0.0742274133193492,-0.12032150411012206,-0.47445456892598126,0.013762674295603806,-0.12919505536418668
713.0,10.704766366627977,-4.388099305712887,35.556235559392235,-0.17847567440927437,0.15525730106479393,0.10064686854417548,2.699259558964564,-5.526780469912628,-7.2157,0.0,7.5938950253,1.138681164199741,-0.5743690962343055,0.4996478987487679,0.32390100844760866,0.03402316312412739,-0.07117575867961416,-0.11044578554996744,-0.460476792290362,0.012902093245617549,-0.13568994789901953
714.0,10.712243385305312,-4.10203131875185,35.43521848153644,-0.18563840868417086,0.13686602137721454,0.12473651782977611,2.5057159105199323,-5.385591426120741,-7.2157,0.0,7.5938950253,1.2835601073688911,-0.5970031625627982,0.44015378169179425,0.40114594904840406,0.033719163885519626,-0.06859351228112574,-0.09981646337166379,-0.4467500640205818,0.012065767395609009,-0.14168868618702013
715.0,10.720004293408735,-3.832059145524589,35.29158542540255,-0.1916471464132306,0.1138408059506781,0.14605725173961384,2.303848826373183,-5.265667482603877,-7.2157,0.0,7.5938950253,1.4336083370792885,-0.6158807415772425,0.3658408763336237,0.4693722301513866,0.03341947123505027,-0.06653474311644463,-0.08862587258952305,-0.4336146197127399,0.011271650488981749,-0.14692045050405886
716.0,10.728048523901391,-3.583868628190768,35.1285718996543,-0.19632932656508625,0.08670356780260009,0.16343080181219283,2.0952417811880126,-5.171107657465097,-7.2157,0.0,7.5938950253,1.5872390292743286,-0.6304543911316662,0.27842322899126254,0.5248103706733191,0.0331329401767912,-0.065029956543251,-0.07712895557511289,-0.4214044523148748,0.01053661714229312,-0.15112886404743106
717.0,10.736366631974484,-3.3625230291216046,34.95055201510505,-0.19953560227336714,0.05631892751898448,0.1758191151608966,1.881680841197472,-5.10531228660807,-7.2157,0.0,7.5938950253,1.7427892574864656,-0.6402539829299149,0.18071169880235388,0.564154403898088,0.03286746737965706,-0.06408315175453559,-0.06563113861883943,-0.4104228490480396,0.00987525565336594,-0.15409777038295502
718.0,10.744941041000079,-3.1720895197674013,34.7628390544147,-0.20115457238056406,0.023845626747139706,0.18244467392209537,1.6651106886921951,-5.070687559370527,-7.2157,0.0,7.5938950253,1.898598039603126,-0.6449337406383244,0.07645289427874832,0.584946812889277,0.0326292565331438,-0.06367130199831146,-0.05446801623199475,-0.4009192624203103,0.009298811071400147,-0.15567562009724245
719.0,10.753747403362349,-3.0153383548494843,34.571372073573016,-0.20112473802086756,-0.009357929219386472,0.1828887803495033,1.4475778761503146,-5.0684206169049215,-7.2157,0.0,7.5938950253,2.053082262055437,-0.6443100218861838,-0.029978448397166742,0.5858905037206305,0.03242239172133362,-0.06374647794325566,-0.04397879713733334,-0.39307094168032286,0.008814434572253865,-0.1557940157981239
720.0,10.762714835298285,-2.8935503102007196,34.382292939778594,-0.1994337647816684,-0.04186072722465817,0.17714780046983097,1.2311678265266521,-5.098361339656203,-7.2157,0.0,7.5938950253,2.2048110294554837,-0.6383606089975963,-0.1339905474555395,0.5670262400868064,0.03235523154268406,-0.06470182234578375,-0.034178264093382815,-0.3883174005717361,0.008619153884185299,-0.15433073504824635
721.0,10.771765298023388,-2.8064949923132927,34.20154617898038,-0.1961256538506275,-0.07229949846374775,0.16563455064044835,1.0179451694836017,-5.159030086130043,-7.2157,0.0,7.5938950253,2.3525350938167504,-0.6272443363014916,-0.23122651238355102,0.5297284253501618,0.03230195372280276,-0.06592798190049873,-0.025655824963497307,-0.38506292446894025,0.00847985266293629,-0.15157040399053498
722.0,10.780892617018786,-2.752558487170938,34.034533620211825,-0.19130824834217344,-0.09951173534879428,0.14912293205172308,0.8098762645528775,-5.247754685264896,-7.2157,0.0,7.5938950253,2.495196198093958,-0.6113194323987571,-0.317986590215565,0.4765175938281873,0.032247446972234244,-0.06726600197491506,-0.01865207299393167,-0.38307257692484314,0.008367502568464712,-0.14772004361722102
723.0,10.79008916192683,-2.7289599315544915,33.88574300835796,-0.1851277408372039,-0.12263080987882263,0.12864962077145878,0.6087668632586498,-5.360912995968344,-7.2157,0.0,7.5938950253,2.6319530644138527,-0.5910656136508508,-0.39152886847609986,0.4107453950626409,0.03219221216133367,-0.06863004016990602,-0.013274889373961825,-0.38225560554197213,0.008279868231939273,-0.14301872508116215
724.0,10.799345296428939,-2.7320746299914314,33.75853994324419,-0.1777536983411601,-0.14113515873829433,0.10539261664295949,0.41621800990840496,-5.494240912550258,-7.2157,0.0,7.5938950253,2.7621662825588267,-0.5670357544616973,-0.4502223130268843,0.33620331082019916,0.03213714479947529,-0.06994876391220918,-0.009538603104061235,-0.3824837622009022,0.008213692080119715,-0.13773221714520076
725.0,10.808649566794251,-2.757790538692073,33.65508537383342,-0.16936410566755528,-0.15484991819567012,0.08054993255898567,0.2335978201560721,-5.643161736720527,-7.2157,0.0,7.5938950253,2.885371198028454,-0.5398078089396109,-0.49354728811168447,0.25673375378753077,0.032083474580042806,-0.07116898061070068,-0.0073729746062530035,-0.3836059917167763,0.008165105000276892,-0.13212714564767658
726.0,10.817988993183196,-2.8018514693472607,33.57636822163849,-0.1601324813083627,-0.16390931141637027,0.055236853184139297,0.062029839225128544,-5.803096411461668,-7.2157,0.0,7.5938950253,3.0012449421144076,-0.5099435749610469,-0.5219709302581219,0.1759023413124834,0.03203257351907876,-0.0722566385743404,-0.006639977906987945,-0.38546244488624054,0.008130025505462449,-0.12644939535811445
727.0,10.827349502927866,-2.8601521611249363,33.52232809123724,-0.1502183839006031,-0.1686934839222635,0.030412625330792815,-0.09760323965697607,-5.96972479568603,-7.2157,0.0,7.5938950253,3.109572634561094,-0.4779584628700107,-0.5367417500977935,0.09676559737565466,0.031985713033302665,-0.07319570227710179,-0.0071546154908874275,-0.3878963858782701,0.008104501784287586,-0.12090888215485662
728.0,10.836716489750698,-2.9289651828823393,33.492036036502185,-0.1397617075042013,-0.1697544110478166,0.006839499812364765,-0.2446432334493669,-6.139181523815067,-7.2157,0.0,7.5938950253,3.2102163409327273,-0.44430347772533646,-0.5396504989429524,0.021742819308672962,0.03194384581317204,-0.07398561384856163,-0.00870620156152823,-0.39076323442494243,0.008084971491273303,-0.11567120690845772
729.0,10.846075329048064,-3.0050935932377425,33.483901632516975,-0.1288804213328036,-0.16774311057312496,-0.014929106156333194,-0.3786311461290975,-6.30818249410298,-7.2157,0.0,7.5938950253,3.3030889008652378,-0.4093582591136925,-0.5327964248752219,-0.04741878435126249,0.031912555032613595,-0.07466217310937584,-0.011060408698810274,-0.3939993075556105,0.008077818546341218,-0.11084753472382501
730.0,10.855373792212848,-3.085943788815911,33.49585447645453,-0.11766407845964147,-0.1633456172757622,-0.034537198200406724,-0.49927429993436945,-6.474087137170906,-7.2157,0.0,7.5938950253,3.3881433483549945,-0.3734120612081056,-0.5183844078392534,-0.10960529787168867,0.0319624822108618,-0.075579191992154,-0.013774010143512108,-0.3983696546845876,0.008211923893650969,-0.1064013106423245
731.0,10.864567563299268,-3.169567381440057,33.525560428356215,-0.10618435023290626,-0.15723507694374245,-0.05180055186477542,-0.6064086700040225,-6.634907697988626,-7.2157,0.0,7.5938950253,3.465340316548569,-0.33669548688533096,-0.498570087502591,-0.16425218963796487,0.0320201246109244,-0.07641531426977594,-0.016904089992703326,-0.402893674698008,0.008352349105739523,-0.10248189192979268
732.0,10.87364420294663,-3.2546455886187493,33.57059536042188,-0.09450265634990329,-0.15003753627559616,-0.06667538384845657,-0.6999749387767101,-6.789280967981502,-7.2157,0.0,7.5938950253,3.5346353793627525,-0.2994043625569369,-0.47535058424052584,-0.21124168960364528,0.03208322360676344,-0.07719307573505245,-0.020293124127291867,-0.40749545269283116,0.00849600073169256,-0.09909779289071258
733.0,10.882594179752,-3.3404291047064203,33.628549679525,-0.08266855039283516,-0.14230947356987367,-0.07922334007266972,-0.7799935305091353,-6.936412814695722,-7.2157,0.0,7.5938950253,3.595983709989302,-0.26169601787889807,-0.4504956523697065,-0.25078984113746194,0.032149785780952386,-0.07793955177143372,-0.023810033193834124,-0.41212548677624694,0.008641321002208175,-0.0962332753356096
734.0,10.891410575386386,-3.4266687662992976,33.697116795455074,-0.07072329637363356,-0.13452696001727593,-0.08957798095499828,-0.8465428207505766,-7.076007064188387,-7.2157,0.0,7.5938950253,3.649338297889089,-0.22370082765750857,-0.42551455943352345,-0.2833390057733833,0.032218127823228325,-0.0786844014478815,-0.027350980643450533,-0.4167571997171947,0.008788116271324982,-0.09385574367309676
735.0,10.900088731883066,-3.513537049089104,33.77414947381995,-0.058703096384665525,-0.1270830264712704,-0.09791500369885839,-0.8997427503791935,-7.20818787028211,-7.2157,0.0,7.5938950253,3.6946508211930063,-0.18553258787117755,-0.4016490479687071,-0.3094627906614236,0.032286900200017773,-0.07945830995757686,-0.03083830943890265,-0.4213830335452333,0.008937363067707352,-0.09192238044819379
736.0,10.908625872724983,-3.6015474905287332,33.857688541034385,-0.0466418178874743,-0.12029058360255414,-0.10442728921551422,-0.9397438502804615,-7.333421999870159,-7.2157,0.0,7.5938950253,3.7318745093414254,-0.147297253106922,-0.3798838326162902,-0.32978673532744435,0.03235508814328028,-0.08029180211098752,-0.03421827644365538,-0.42601045256377845,0.009091006636802396,-0.09038576508268106
737.0,10.917020726686786,-3.6914767272631477,33.945969063827384,-0.03457316428134119,-0.11438860054165854,-0.10930505681974816,-0.9667212646012917,-7.452445178389348,-7.2157,0.0,7.5938950253,3.7609684511262,-0.10909986701597803,-0.36096728102998654,-0.3449255343296519,0.03242199266851771,-0.08121436352630951,-0.03745813858550129,-0.43065806976296883,0.009251761797880797,-0.08919839408395254
738.0,10.925273177736617,-3.784291809757493,34.037409134303665,-0.022532291664796027,-0.10954970663622036,-0.11272092795260817,-0.9808730954517402,-7.566194729097016,-7.2157,0.0,7.5938950253,3.781902919339523,-0.07104970605531677,-0.3454364327757383,-0.35543605224266256,0.032487196884061584,-0.08225378856133636,-0.040543022270723025,-0.43535202333936013,0.009422921688812662,-0.08831613138850367
739.0,10.93338395720407,-3.8810838686354843,34.130586044976184,-0.010556906231829678,-0.10588784973174246,-0.11481946329328974,-0.982422250152195,-7.675749253055588,-7.2157,0.0,7.5938950253,3.7946653844201035,-0.033263756318271255,-0.3336420304580036,-0.3617846520287536,0.032550523903652887,-0.08343567016412891,-0.043472886894720286,-0.4401226641993783,0.00960817655183538,-0.08770067649984728
740.0,10.941354387100455,-3.983008053092253,34.224204145295246,0.001312111119971527,-0.10346507797590154,-0.11571066847668535,-0.9716209189512178,-7.78227502285055,-7.2157,0.0,7.5938950253,3.799266969758297,0.0041313192575419405,-0.32577063224202857,-0.36432715621764933,0.032611992599359575,-0.08478295258387668,-0.04625978456775272,-0.44500157014088504,0.009811442113784652,-0.08732116019906205
741.0,10.94918617674609,-4.091228908688617,34.317058166731876,0.01303050630419709,-0.10229689601080466,-0.11546699593538191,-0.9487568137029678,-7.886978065064413,-7.2157,0.0,7.5938950253,3.7957491563757957,0.040998566919335684,-0.32186210104425594,-0.3632998787089811,0.03267177665714121,-0.08631548023441896,-0.04892552505670435,-0.45001887538975466,0.01003669532897317,-0.08715497587995508
742.0,10.956881269153351,-4.206869970083874,34.40799536085559,0.024550838923827596,-0.10235598121615548,-0.11412345075317956,-0.914160329370228,-7.991060541085407,-7.2157,0.0,7.5938950253,3.784190571001533,0.07719134488633686,-0.3218218274230717,-0.358820432737137,0.03273017126863054,-0.08804949296159348,-0.051499777740422234,-0.45520089272949193,0.010287814296431502,-0.08718793987685629
743.0,10.964441729107879,-4.3309662752932745,34.49587943901689,0.03582302077446159,-0.10357433676921496,-0.11168049481966334,-0.8682118315157409,-8.09567996186809,-7.2157,0.0,7.5938950253,3.764713686574815,0.1125550298109537,-0.32542795974982824,-0.35089730435828087,0.03278757052555633,-0.08999703835807364,-0.054018580003622696,-0.46056800701388795,0.010568419062343917,-0.0874138553721805
744.0,10.971869661626418,-4.464418724514219,34.579559020448045,0.04679517651420919,-0.10584420889186102,-0.10810950349742006,-0.8113483140017433,-8.201909951871595,-7.2157,0.0,7.5938950253,3.737491227357377,0.14692972853594194,-0.332334698531599,-0.33944737864613295,0.03284445726332782,-0.09216529483252885,-0.05652317281065439,-0.46613283067227157,0.010881710791532554,-0.08783353868738579
745.0,10.979167147472278,-4.607949666995459,34.65784304689346,0.05741479573938149,-0.10901830280266248,-0.10336053896797126,-0.7440687102376801,-8.310701672003697,-7.2157,0.0,7.5938950253,3.7027520050082376,0.18015389388411593,-0.34207335411742856,-0.32432064469174265,0.03290140571538222,-0.0945558240790445,-0.059059048786476026,-0.47189863083441314,0.011230308417899496,-0.0884533593764955
746.0,10.986336181757878,-4.762059750559771,34.729485347047074,0.06763013717649409,-0.11290998508296106,-0.09737215118757256,-0.6669371841849845,-8.422845575602045,-7.2157,0.0,7.5938950253,3.6607858250422742,0.21206871764936566,-0.3540533369592943,-0.30533114524401345,0.0329590958313732,-0.09716379716867479,-0.061675076597524206,-0.4778580603282163,0.011616084266406753,-0.08928335004513521
747.0,10.993378602512658,-4.926986837847028,34.793180167449854,0.07739182981358284,-0.11729424264247103,-0.09008280041722888,-0.5805837851556997,-8.538933846952693,-7.2157,0.0,7.5938950253,3.6119470091056654,0.24252312537189896,-0.36756549602590427,-0.2822928770654937,0.03301833643755531,-0.09997726271642389,-0.06442255925233066,-0.4839922468876255,0.012040003071463223,-0.09033495933557076
748.0,11.00029599863324,-5.102668585748385,34.84756997038223,0.0866545942183749,-0.12191016126758551,-0.08144332903142038,-0.4857019373108042,-8.659324583650893,-7.2157,0.0,7.5938950253,3.5566559979025074,0.27137913117919066,-0.3817901860268248,-0.25505883527870854,0.033080092613384016,-0.10297654565279735,-0.06735409487787893,-0.49027031191023146,0.012501971958308787,-0.09161855033040561
749.0,11.007089590986293,-5.28871098406185,34.89126609980597,0.09537898357412737,-0.12646557513689033,-0.07142972462978515,-0.38304236426849014,-8.784109441879611,-7.2157,0.0,7.5938950253,3.4953984578177613,0.29851723809166003,-0.3958120834260862,-0.22356082351789072,0.03314551088956631,-0.1061338776191325,-0.07052213759875739,-0.49664939752776266,0.013000711835480079,-0.09314078195923436
750.0,11.013760086530288,-5.484365630994582,34.92288203804759,0.10353302318255773,-0.13064431981860986,-0.060055253616712614,-0.2734032307112762,-8.91308696915797,-7.2157,0.0,7.5938950253,3.4287213381633874,0.3238415055909168,-0.40864307760393426,-0.1878471540002035,0.03321593444958439,-0.10941336141078525,-0.0739772025018307,-0.5030752748341586,0.013533662711327752,-0.09490204538616973
751.0,11.020307512752535,-5.68851867191277,34.94107797040201,0.11109361507655094,-0.13411621060081055,-0.047380951551381105,-0.15761651782487565,-9.045744110094335,-7.2157,0.0,7.5938950253,3.3572254381815645,0.34728386979750164,-0.41925358705747345,-0.14811508472483517,0.033292899858377314,-0.11277135948147204,-0.07776571860852642,-0.5094835846631813,0.014096936139529666,-0.09689415183658862
752.0,11.026731047662114,-5.89969406410371,34.944614340136916,0.11804757604248295,-0.1365495020663969,-0.03352347472105783,-0.03653092885266379,-9.181248319102732,-7.2157,0.0,7.5938950253,3.2815542549990218,0.368807308084817,-0.42661150669714965,-0.10473491183820073,0.03337810738172313,-0.11615736928629966,-0.08192760037950526,-0.5158017254895899,0.01468532688297702,-0.09909847430711166
753.0,11.032972259914146,-6.1160710152434,34.932409479538826,0.12439553363640515,-0.1376248871610985,-0.018659407975142477,0.08900870061862023,-9.318452261053247,-7.2157,0.0,7.5938950253,3.202381245809847,0.3884199137656044,-0.4297280235105692,-0.058263230397051724,0.03370005995889568,-0.11967068650877687,-0.08629905457944054,-0.5220741057365398,0.015427503318813617,-0.10149167877771209
754.0,11.038752281360244,-6.335519748632141,34.90359463609765,0.13016138663745128,-0.13704978293883993,-0.003024385386757509,0.2181936557415003,-9.455911530290228,-7.2157,0.0,7.5938950253,3.1203917816580873,0.40621074333118845,-0.4277082139269864,-0.009438573664682095,0.03423530668383018,-0.12323502524523966,-0.09091959677775718,-0.5282109044384301,0.01630063543245488,-0.10402561362494812
755.0,11.044022733732822,-6.55567348645283,34.857583793534154,0.13536507918784274,-0.13457535776959192,0.013090647401210699,0.35027259896696383,-9.591917577900881,-7.2157,0.0,7.5938950253,3.0362440914480517,0.42224894772966504,-0.4197855425452802,0.04083410672401633,0.034782676621977704,-0.1266533419120624,-0.09596461088336816,-0.5340245372707797,0.017176360069911835,-0.1066390599804132
756.0,11.048784584242771,-6.773981700921624,34.79412101244642,0.14003236552399162,-0.13000876947402706,0.02934577874035184,0.48456398826645153,-9.724544510353457,-7.2157,0.0,7.5938950253,2.9505628094318332,0.43661951733418947,-0.40536604494648926,0.09149984506412633,0.03533574300392573,-0.12986383445963787,-0.10142587985010633,-0.5394356790593036,0.018042394556005516,-0.10926830109743402
757.0,11.053045133484972,-6.987786691084818,34.71332159576443,0.14419579193967225,-0.12322452880142407,0.04536293115844469,0.6204756590576694,-9.851706983936738,-7.2157,0.0,7.5938950253,2.8639202928519207,0.449427734378161,-0.3840647501156638,0.1413866459003313,0.035887361346563416,-0.1328082473910063,-0.10727865819282277,-0.5443721567058393,0.018886105697891384,-0.11184147918130433
758.0,11.056818354578292,-7.194410538964057,34.61570165367359,0.14789271789600295,-0.11417322580058135,0.06073931214992313,0.7575217079661711,-9.971227900076116,-7.2157,0.0,7.5938950253,2.776817361112059,0.4607929666681787,-0.35573231852917087,0.18924696386084922,0.03642997631066732,-0.1354344464554423,-0.11348131032870716,-0.5487723959702143,0.019694994172969015,-0.11428111988607878
759.0,11.060124920171802,-7.391245869329588,34.50219288867364,0.15116308994690922,-0.1028868571968597,0.0750625013401711,0.8953349272409854,-10.080913050203224,-7.2157,0.0,7.5938950253,2.689667180873635,0.47084173879205443,-0.32047126556114514,0.23380415590538617,0.03695596190308458,-0.1376987951740264,-0.11997573858621202,-0.5525884710775528,0.020457188234243667,-0.11650706918174378
760.0,11.062991906483035,-7.575845952739529,34.374141691984384,0.1540471019331283,-0.08948058605741108,0.08792622449073141,1.0336737701638614,-10.17862947835028,-7.2157,0.0,7.5938950253,2.60278352561075,0.4797004920962073,-0.2786412767663123,0.2738010168777793,0.037457967383320495,-0.1395681933636402,-0.126688579508151,-0.5557885641578374,0.02116191697300391,-0.11843966271753431
761.0,11.065452189240897,-7.746009972381216,34.23329253582283,0.1565828668556512,-0.07415102465607958,0.0989459714646575,1.1724231128433698,-10.262384270386153,-7.2157,0.0,7.5938950253,2.516374298004937,0.48748841628199546,-0.23085390056501465,0.3080478464559966,0.03792924143775905,-0.14102166595285642,-0.1335330968998791,-0.5583586810683477,0.02179993594851658,-0.12000295828316779
762.0,11.067543570526647,-7.899859841394281,34.081756406261775,0.15880420751724922,-0.05717131853544527,0.10777379530362138,1.3115884243203897,-10.330400620261864,-7.2157,0.0,7.5938950253,2.4305407788675835,0.4943106764484062,-0.17795745830999868,0.3354680489442233,0.038363910817981225,-0.1420514242450469,-0.14041166663346652,-0.5603035212415787,0.022363882934144166,-0.1211278872944123
763.0,11.069307694401845,-8.035905671941983,33.92196554409237,0.16073865028423803,-0.03888340033923969,0.11411183041173852,1.451283321883872,-10.38118829743378,-7.2157,0.0,7.5938950253,2.345282625491798,0.5002522881437735,-0.12101327189271815,0.3551398756105154,0.03875719588521289,-0.1426633554346509,-0.14721873478612338,-0.5616464550670092,0.022848547875625,-0.12175521208013665
764.0,11.070788821287229,-8.15309772483218,33.75661607143715,0.1624056847611875,-0.019687786392044746,0.11772424115269409,1.5917108545002374,-10.413605963105741,-7.2157,0.0,7.5938950253,2.2605082382735606,0.5053728266647922,-0.06126431026322118,0.366333435961861,0.039105553177676666,-0.14287692595328552,-0.15384413363143137,-0.5624286177919455,0.023251047900956313,-0.12183820342329721
765.0,11.072032535613536,-8.250863303132464,33.58860023437068,0.16381533617027258,-3.123362749312531e-05,0.11844742126631,1.73313920795489,-10.426913091561365,-7.2157,0.0,7.5938950253,2.1760497884289016,0.5097021087062016,-9.71816569069125e-05,0.36854241978600416,0.03940674302665072,-0.14272450821404392,-0.1601766529602716,-0.5627071799234726,0.02357090448225747,-0.12134497046622658
766.0,11.073084458660077,-8.329127535867912,33.42093007154593,0.16496708922790482,0.01960750261926452,0.11619829026677271,1.8758728499338189,-10.420809509484323,-7.2157,0.0,7.5938950253,2.091681973616412,0.5132369616721066,0.06100183447127799,0.3615100304377806,0.039659827369688254,-0.14225015869070545,-0.16610777914918498,-0.5625528981129979,0.023810025010839883,-0.12026037907304107
767.0,11.073989029951086,-8.388317313064492,33.25665442128647,0.16584920277529994,0.03873362606726028,0.11098047446197307,2.020220424515988,-10.39546075689925,-7.2157,0.0,7.5938950253,2.0071434438347584,0.5159391995202581,0.1204961838419855,0.34524843169651037,0.03986510847594683,-0.14150788968865718,-0.17153552305139577,-0.5620470861580565,0.02397259476520448,-0.11858748485652915
768.0,11.074788407686837,-8.429347889289378,33.098771392599026,0.16643845966328075,0.05685378579081095,0.10288804690867527,2.166460957221966,-10.351507691189159,-7.2157,0.0,7.5938950253,1.922159801899781,0.5177349421339985,0.1768533039542313,0.32005064887232393,0.04002402298574371,-0.14055949142209326,-0.17636825496592917,-0.5612781741251839,0.024064887809665786,-0.11634838917050291
769.0,11.075521523429243,-8.453591817114924,32.95013877686139,0.16670040603891556,0.07349481716659434,0.0921063485069769,2.314810123739984,-10.290058928086756,-7.2157,0.0,7.5938950253,1.8364671109718316,0.5185154465089717,0.22860291012330045,0.2864933898916661,0.040139006947566704,-0.13947197555038482,-0.1805284446591284,-0.5603380412494493,0.02409500640318677,-0.11358440349600618
770.0,11.076223310957943,-8.462830190125356,32.81338541742764,0.1665901378327031,0.08822327391597014,0.07890930064938437,2.4653884667793573,-10.212665086326489,-7.2157,0.0,7.5938950253,1.7498348962011328,0.5181396300180114,0.2743978431166457,0.2454289093902518,0.04021334677894296,-0.1383147314157118,-0.18395616964880157,-0.5593183191832107,0.024072559241312644,-0.11035539554950854
771.0,11.07692411479826,-8.459186690963406,32.6908271613171,0.16605368597622103,0.10066501523008851,0.06365259269103718,2.618193468097604,-10.121274393089385,-7.2157,0.0,7.5938950253,1.6620877021259783,0.5164384465032512,0.3130751586574094,0.19796396503942001,0.04025102829512606,-0.13715651021350317,-0.1866122106397315,-0.5583068623529456,0.02400828938816237,-0.10673819733378115
772.0,11.07764927387952,-8.445045625977075,32.58439165147668,0.16503003199105157,0.11052378714529909,0.04676222887139634,2.773077299072918,-10.018169945924514,-7.2157,0.0,7.5938950253,1.5731243199474392,0.5132212134118844,0.3437141195771139,0.14542424523388325,0.040256591309862984,-0.1360623773569879,-0.1884805051869815,-0.5573845691364934,0.023913663130250264,-0.1028239892656541
773.0,11.078418868720705,-8.422956268656431,32.49555662447224,0.16345374189990836,0.11759743565400556,0.02871822523790837,2.9297318269325294,-9.905890126287925,-7.2157,0.0,7.5938950253,1.4829338576314939,0.5082838512588294,0.3656868102106987,0.0893036155402372,0.040234992155227946,-0.1350907984595299,-0.18956970108517165,-0.5566227141395188,0.023800432619659417,-0.09871464889588874
774.0,11.07924761929255,-8.395527077097109,32.42530643321774,0.1612581459329571,0.12179019282749849,0.010033725028209855,3.087682061146819,-9.7871349508674,-7.2157,0.0,7.5938950253,1.3916078737702922,0.5014188073309892,0.37869648617666984,0.03119903436582829,0.040191471168411125,-0.13429103932794548,-0.18991354871035815,-0.5560809128482177,0.023680186964778915,-0.09451815924420626
775.0,11.080144923085712,-8.365314737193046,32.37411098694321,0.15837891522924988,0.12311948543130626,-0.008769564280617068,3.2462886747839006,-9.66466261364846,-7.2157,0.0,7.5938950253,1.299347876455414,0.4924261972674788,0.38279880836859076,-0.02726602328438886,0.040131418452461876,-0.1337010607781456,-0.18956991665193634,-0.5558057906255526,0.02356390899964412,-0.09034330500930704
776.0,11.08111502818398,-8.334714184115258,32.3419301107525,0.15475780881049067,0.121715999450323,-0.027188027895949658,3.4047595762368776,-9.54118180417247,-7.2157,0.0,7.5938950253,1.2064676200572126,0.48112545533201073,0.37840200831764254,-0.08452466729505329,0.04006023000977672,-0.13334606778455707,-0.1886183133020498,-0.5558303715047326,0.02346155742646331,-0.08629402099842334
777.0,11.08215734089588,-8.305856505102298,32.32824442667132,0.1503463004559937,0.11781632162867073,-0.044762718922982704,3.56216977687687,-9.419246366006664,-7.2157,0.0,7.5938950253,1.1133898609043662,0.46736658679223186,0.3662438779072231,-0.13914941102722994,0.03998314844995926,-0.13323782663604117,-0.18715594656718346,-0.5561741441184905,0.023381695650610483,-0.08246386794737215
778.0,11.083266870887348,-8.280521643909411,32.33211153825048,0.1451087649800782,0.11174830879023814,-0.061103343957437155,3.7174881342004222,-9.301159176915679,-7.2157,0.0,7.5938950253,1.0206375330062674,0.4510400238303983,0.34734607428211167,-0.18992687118840249,0.03990508766425431,-0.1333747963708778,-0.1852925335669269,-0.5568437125583041,0.02333118847882351,-0.07893116334988737
779.0,11.084434814453251,-8.2600719807583,32.352243751106876,0.13902491915997453,0.10391028447029542,-0.07590719361595526,3.869608986314616,-9.188891685833285,-7.2157,0.0,7.5938950253,0.9288197050749858,0.4320841382743396,0.3229491949678852,-0.2359166582548617,0.039830448050803116,-0.1337430396815293,-0.1831442528015098,-0.5578339033343958,0.023314985264562334,-0.07575526806655312
780.0,11.08564926878784,-8.245411089927561,32.38710124712378,0.13209128001172885,0.09474603951902555,-0.08897102690916726,4.017386332658275,-9.084024212023671,-7.2157,0.0,7.5938950253,0.8386131220961097,0.4104896777869681,0.29443481227756113,-0.27648825997504795,0.03976293588326252,-0.13431779568041627,-0.18082737208386934,-0.5591291792466215,0.023336002488069135,-0.07297441549665393
781.0,11.086896058921894,-8.236969570074745,32.43499307196734,0.1243215132771744,0.08471820893372756,-0.10019476877178754,4.159668147335033,-8.987710099389519,-7.2157,0.0,7.5938950253,0.7507405293147738,0.3863007382442378,0.2632425055900378,-0.3113323842709255,0.039705405097207096,-0.13506552958726215,-0.17845215037679707,-0.5607052120734544,0.023395110889772176,-0.07060528367439173
782.0,11.088159644623326,-8.234717067741034,32.4941775989352,0.11574567795375575,0.07428278784593811,-0.10957693545984767,4.295328560975782,-8.900664372386075,-7.2157,0.0,7.5938950253,0.6659473046450408,0.35961230116671383,0.23079051197945671,-0.3404465256253974,0.03965974026721439,-0.13594623169227338,-0.17611758306567382,-0.5625304770183879,0.02349122265726895,-0.06864428917051463
783.0,11.089424063148275,-8.238197025217724,32.56295460616887,0.10640850187350195,0.06386726839342066,-0.11720275226077101,4.423296054342228,-8.82317509831615,-7.2157,0.0,7.5938950253,0.5849780730984264,0.33056476771629867,0.19840772465948064,-0.3640977919494659,0.039626795504448094,-0.13691573046056524,-0.17390743783064844,-0.564567754890129,0.023621464787171788,-0.06707036847272893
784.0,11.090673856957947,-8.246578648635362,32.63974249698844,0.09636692322493055,0.05385420972647276,-0.12322674916134072,4.542576343840107,-8.755133595445313,-7.2157,0.0,7.5938950253,0.5085549468099515,0.2993362304145381,0.16728266911510004,-0.3827685822665234,0.039606396304400236,-0.13792780996485804,-0.17188783899719415,-0.566775452043976,0.02378141693996485,-0.06584885191423123
785.0,11.091894936123948,-8.258719436224302,32.72313625125083,0.08568718655643831,0.04457114912031079,-0.1278520688869343,4.65226923584194,-8.696078254544194,-7.2157,0.0,7.5938950253,0.43735881831989154,0.2661333878357891,0.1384322603159526,-0.39709209278663044,0.03959740210004974,-0.13893597380051148,-0.17010644125984953,-0.5691086711294864,0.02396538733262364,-0.06493595410930884
786.0,11.093075333032875,-8.273231427971519,32.81194399578643,0.07444178472332591,0.03628682188407008,-0.13130875472842432,4.751579288918101,-8.645246207439792,-7.2157,0.0,7.5938950253,0.3720147794682731,0.23118201280775327,0.11269021226095279,-0.4077847183570381,0.03959781879624293,-0.1398947643794569,-0.16859303207150436,-0.5715199852847332,0.02416669910472319,-0.0642834093526772
787.0,11.094205820472839,-8.288545046600083,32.90520222743189,0.06270649813335065,0.0292128575474304,-0.1338329633114543,4.839820584248357,-8.601627355506588,-7.2157,0.0,7.5938950253,0.31308230890650535,0.19471775588546453,0.09071248170390307,-0.4155813999386482,0.03960494478704341,-0.1407606153721734,-0.16736124971531635,-0.573959885073277,0.024377962049141444,-0.06384285589213246
788.0,11.095280380376385,-8.30296576178899,33.00217141457474,0.05055771532228298,0.023509572507445925,-0.13564849983398983,4.916416227851054,-8.56401620037506,-7.2157,0.0,7.5938950253,0.2610504385860697,0.15697785302777223,0.07299543095043784,-0.42117825409315385,0.039615531816451804,-0.14149227550254131,-0.16641101888686016,-0.5763768829218489,0.024591309861625887,-0.06356969143319677
789.0,11.096296526305478,-8.314720526261176,33.10231479114521,0.03807014269631383,0.01929421962819534,-0.1369514524723613,4.980893388103357,-8.531058258505588,-7.2157,0.0,7.5938950253,0.216337732244412,0.11819406707263636,0.059901595511222094,-0.425184882765899,0.03962594339544316,-0.14205088735682825,-0.16573128794087785,-0.5787172761365904,0.024798590007686864,-0.06342625207894013
790.0,11.097255495654448,-8.321992718261567,33.205263636455925,0.025314942126344633,0.016650051200153764,-0.1378981409616613,5.03287472774441,-8.501289340410574,-7.2157,0.0,7.5938950253,0.17929662214900688,0.07858697644602997,0.05168793888452058,-0.42808701286453277,0.039632297407600485,-0.14239983320368405,-0.16530268897621908,-0.5809245884106662,0.024991500760692655,-0.06338428129555976
791.0,11.098162335996152,-8.322945961616373,33.31077231349798,0.01235828351161589,0.015634731336103585,-0.13859617927280252,5.0720670564012,-8.473167424508807,-7.2157,0.0,7.5938950253,0.15022146289243388,0.03836156420187681,0.048532043253845886,-0.43021882645037773,0.03963058474920478,-0.14250447242382241,-0.1650998142054291,-0.5829387321070072,0.02516167698104616,-0.06342673713089936
792.0,11.099025913586166,-8.315738553129624,33.41866598806515,-0.0007397300502186635,0.016286914993446353,-0.13909822085586176,5.098247949149589,-8.44509811178819,-7.2157,0.0,7.5938950253,0.12935955865856563,-0.002296030338918185,0.05055256433246195,-0.43174362739514804,0.039616761146210634,-0.14233189542094105,-0.16509288998116226,-0.5846949599871356,0.02530073218911285,-0.06354902795802711
793.0,11.099858871250044,-8.298531262614752,33.52878345713974,-0.013925814756214447,0.018630123102280086,-0.13939790243541075,5.111250988634543,-8.41545563642552,-7.2157,0.0,7.5938950253,0.11692437381076815,-0.04322075838226941,0.05782125235266796,-0.43264133306580327,0.039586813770659285,-0.14185081071257896,-0.16524871813555125,-0.5861227055992437,0.02540026920636903,-0.06375977114222231
794.0,11.100677558759184,-8.269491999246817,33.64091704353242,-0.02715397658444313,0.022673340419033645,-0.13942759788197404,5.110950225899435,-8.382602109708285,-7.2157,0.0,7.5938950253,0.11311011046146824,-0.08427003562462086,0.07036476587137433,-0.43270158254834573,0.03953680742986203,-0.14103166847785137,-0.16553083388839315,-0.5871444461336427,0.025451875154006473,-0.06408114224127326
795.0,11.101501952645442,-8.226801306253861,33.75475119318135,-0.04038571745934098,0.0284080246130011,-0.13905779530224263,5.097244441713332,-8.34490810349193,-7.2157,0.0,7.5938950253,0.1181067972380685,-0.12532430047834733,0.08815531917144581,-0.4315218849302362,0.03946291674525615,-0.13984710703610437,-0.16589889755351478,-0.5876747597561051,0.025447119111545617,-0.06454883390260488
796.0,11.102355575508632,-8.168662904925585,33.86980132776505,-0.053589964657554424,0.035801443967533556,-0.13809817647928385,5.070041838451557,-8.300777859790825,-7.2157,0.0,7.5938950253,0.13211495486524072,-0.16628671905675038,0.1110899156753973,-0.42851106212146106,0.03936145092740822,-0.13827278891436925,-0.16630739538473824,-0.5876197901326853,0.025377572471282306,-0.06521158282696696
797.0,11.103265418380923,-8.093323591110357,33.98535470618241,-0.0667426780017944,0.044786475246101985,-0.1363007725663134,5.0292459041234086,-8.24868236344629,-7.2157,0.0,7.5938950253,0.15535877233593354,-0.20708189622806464,0.13895858687427454,-0.4228991596594836,0.03922887668074503,-0.13628866935384057,-0.1667037778222602,-0.5868773717860173,0.02523487309663879,-0.0661301583060877
798.0,11.104261864540057,-7.999106692145758,34.10041555120245,-0.07982605730424136,0.05524822118916623,-0.13336586492691674,4.974743355691951,-8.187203235143269,-7.2157,0.0,7.5938950253,0.18809654299751077,-0.24765335217038503,0.17140276798088752,-0.4137559166723223,0.0390618427230398,-0.13388071030739393,-0.1670262170463858,-0.5853381069506616,0.02501085472690062,-0.06737564409321398
799.0,11.1053786099098,-7.8844629753267155,34.21365749494553,-0.09282724474338738,0.06700808304715082,-0.12895157039995436,4.906395268126767,-8.115089866397417,-7.2157,0.0,7.5938950253,0.23062689107070167,-0.2879594378309691,0.20786580467544233,-0.4000207247607301,0.03885720678197542,-0.1310430145698073,-0.16720122599770731,-0.5828877109268813,0.024697762324184993,-0.06902679357591963
800.0,11.106652574022412,-7.748042265601407,34.323387457903195,-0.10573639706628837,0.07980628457999271,-0.12268826812624643,4.824032696978669,-8.031331370756117,-7.2157,0.0,7.5938950253,0.28328910515470973,-0.3279673019982127,0.2475387147889372,-0.38054767705932396,0.03861206332351752,-0.12778030487647551,-0.1671414526888963,-0.5794109481405839,0.024288571571914545,-0.07116620431186302
801.0,11.10812379599068,-7.588787930068725,34.4275263379996,-0.11854399576536541,0.09328432634967472,-0.11419914924306088,4.727458261945493,-7.935243680374186,-7.2157,0.0,7.5938950253,0.34645575030546105,-0.3676445031690089,0.28930583614005223,-0.35416968370873103,0.038323768548934004,-0.12411060927422103,-0.16674404931659156,-0.5747974501944034,0.023777425514101194,-0.07387505288722838
802.0,11.109835310701232,-7.406054616291527,34.52361323295562,-0.1312372775008641,0.10696948103485308,-0.1031281339588171,4.616455220829901,-7.826570363040438,-7.2157,0.0,7.5938950253,0.4205157467489107,-0.4069479054788441,0.33169696206937677,-0.31978549776153303,0.037989959595293346,-0.12006793588741625,-0.1658901139929518,-0.5689496199909791,0.02316019208470934,-0.07722617089004763
803.0,11.111832998988803,-7.199746949069656,34.608841146733496,-0.14379571397781796,0.12026422611273611,-0.08917609597871086,4.490805459888863,-7.705593350638304,-7.2157,0.0,7.5938950253,0.5058464015686477,-0.4458096469760327,0.3728550087065554,-0.27647252318732274,0.03760856890553488,-0.11570462940626347,-0.16444580539530196,-0.56179265786835,0.02243513159711368,-0.08127535070999131
804.0,11.114165398117112,-6.970473062593943,34.68013289797011,-0.1561855670420118,0.13244440060515456,-0.07214560768882491,4.350317482396622,-7.573246661049243,-7.2157,0.0,7.5938950253,0.6027735984553004,-0.4841202728104848,0.4105310149172837,-0.22362598502457784,0.037177843872728294,-0.11109300552836375,-0.16226581691601785,-0.5532864706950104,0.021603641963073256,-0.08605097612904912
805.0,11.116883440852432,-6.719701741727902,34.734265726669484,-0.168353711244374,0.14267071986445143,-0.051993078973527854,4.194864817844468,-7.431222361837548,-7.2157,0.0,7.5938950253,0.7115206201096465,-0.5217096485023471,0.4421208808638435,-0.16112083752320877,0.0366963967451288,-0.1063257738218012,-0.15919992838134625,-0.5434388237143897,0.020671021222934044,-0.0915424103343232
806.0,11.120040058661424,-6.44990570645737,34.76805114586966,-0.18022117069385507,0.1500187829779659,-0.028885026408639936,4.024434243211118,-7.282053674599088,-7.2157,0.0,7.5938950253,0.8321479681417179,-0.5583270651590325,0.46475975323177404,-0.08948611286724356,0.03616332881019032,-0.10151471097715131,-0.15510326737549796,-0.5323185694079272,0.019647153586915947,-0.09768806662824277
807.0,11.123689536319523,-6.164666844665217,34.77857201576235,-0.1916771629162253,0.15353235682095875,-0.003252218035626259,3.839181795028437,-7.129155830326577,-7.2157,0.0,7.5938950253,0.9644889856613599,-0.593623027764651,0.475488791305484,-0.010072099815579246,0.03557849038185556,-0.09678707446042456,-0.14985062152030995,-0.5200671825180626,0.01854699156163969,-0.10436472439189308
808.0,11.127851133930903,-5.868710909053561,34.763469268808784,-0.2025718373681924,0.1523032626490076,0.02416810163544524,3.6394932789264822,-6.97680209199037,-7.2157,0.0,7.5938950253,1.1080911829368087,-0.6271291476981724,0.47150589409483484,0.07482047444024141,0.03512048940954478,-0.09249436646713273,-0.14305582252414217,-0.5070501847229213,0.01754278481785842,-0.11138270205758952
809.0,11.13230464208427,-5.567835820915505,34.72125425328507,-0.2126980694093373,0.1455788782099944,0.05231389124960677,3.4260560654436567,-6.8300102142880235,-7.2157,0.0,7.5938950253,1.2621743933725185,-0.658214873445987,0.4505080049080769,0.16189042713904117,0.034850166003701465,-0.08883245429942768,-0.1346100797165926,-0.49362335218759246,0.016703036404311717,-0.11846874637212275
810.0,11.137031518165367,-5.268753583085976,34.65165154126431,-0.2218339290766023,0.13287997837048035,0.07982226073091184,3.19991160765057,-6.694323503490498,-7.2157,0.0,7.5938950253,1.4255699204045218,-0.686195315531249,0.4110354942783845,0.24691291190966366,0.034552961832252205,-0.0856411243238642,-0.12496611267860323,-0.4799772969261786,0.0158570296971259,-0.12529307931639688
811.0,11.142060710273418,-4.978729109446852,34.55586908122041,-0.2297408913354512,0.11412426323667284,0.10510897151684949,2.9624725821004976,-6.5754819919368215,-7.2157,0.0,7.5938950253,1.5967528824899695,-0.7103330265656106,0.35285940103326735,0.3249851318272532,0.03423925103958101,-0.08300665670935217,-0.1142983451057797,-0.4665284570370062,0.015026577653414324,-0.13149546383219682
812.0,11.147409611406847,-4.705096994128006,34.43676405382633,-0.2361765466684626,0.08972305975689765,0.1265041363424684,2.715528567891595,-6.478994419364458,-7.2157,0.0,7.5938950253,1.773897425236452,-0.7298809603625669,0.2772805087795669,0.3909488974495512,0.03392113305024741,-0.0809820811193015,-0.1028828251536404,-0.45371320763617423,0.014233516020372275,-0.13670963091631344
813.0,11.153082473935205,-4.454686963138627,34.29884907983448,-0.2409176363078956,0.06062331180634299,0.1424359768680936,2.461221761221599,-6.409651870997999,-7.2157,0.0,7.5938950253,1.954964907859372,-0.7441541466409155,0.18725523608466857,0.43996082827983324,0.03361111863184817,-0.07958038710083917,-0.09108803184426141,-0.44195108157281915,0.013497914545773766,-0.14060356847406136
814.0,11.159070133183187,-4.233225742532357,34.14809852276195,-0.2437853891571661,0.028271536313308282,0.15163615308270018,2.201989587499948,-6.3710461381115,-7.2157,0.0,7.5938950253,2.1378203955791424,-0.7526081076854636,0.08727917419366953,0.46812730911736683,0.03332073977333194,-0.07877200014451263,-0.07935011638585875,-0.43160589017958645,0.012836316139408641,-0.14292204347803994
815.0,11.165351043479845,-4.044809140266922,33.99155143724459,-0.24466834900613338,-0.005509209107153764,0.15332626321601653,1.9404766797784263,-6.365170038861181,-7.2157,0.0,7.5938950253,2.3203608985942585,-0.7549090566376253,-0.016998323922137577,0.4730787009940289,0.033059397597023664,-0.07848734178616448,-0.06813410945217387,-0.42295120111567713,0.012260295361514729,-0.14352302275115938
816.0,11.171893361312332,-3.891537831099519,33.83675180394951,-0.2435375413032808,-0.03871580020198004,0.14734184894416905,1.6794236792433472,-6.3921734716170295,-7.2157,0.0,7.5938950253,2.5006356405175105,-0.7509799840152153,-0.1193852531368541,0.45434793655516675,0.03283368607899373,-0.07862433542522859,-0.05788657409149771,-0.4161463766180059,0.01177558623251071,-0.14239964712469552
817.0,11.178657639591576,-3.773384156117035,33.69110688123428,-0.240450207414173,-0.06939925847220328,0.13416180035136743,1.4215444680056857,-6.450324738761946,-7.2157,0.0,7.5938950253,2.676940582644911,-0.7410111224875929,-0.2138722314833102,0.4134551903383521,0.03264726070605584,-0.07905971945917023,-0.04898814529855418,-0.41122733613023044,0.011381916584077223,-0.1396821942932494
818.0,11.185599678884774,-3.688310906219508,33.56126616480486,-0.23554114084441896,-0.09588867180514235,0.11483498619533124,1.1694057284726433,-6.5361867764440005,-7.2157,0.0,7.5938950253,2.8478758702244926,-0.7254320318121071,-0.2953229901408832,0.3536748487340456,0.03250114237256054,-0.07966228231907442,-0.041715027468522986,-0.408112961927399,0.011073536730051056,-0.13561934762093858
819.0,11.19267319527381,-3.6326112635084806,33.452618056700175,-0.22900384793334688,-0.11696008004188035,0.09082317621346259,0.9253225046566121,-6.6449747216970945,-7.2157,0.0,7.5938950253,3.012363458188614,-0.7048523997497815,-0.3599921740897581,0.27954523159623473,0.032394244499810376,-0.08030586051553829,-0.03621639051821916,-0.40662473000279753,0.010840294606477638,-0.13054327547566197
820.0,11.199832129274808,-3.601398327763369,33.36897109533536,-0.22106607731837905,-0.13192292124452798,0.06379903322021624,0.6912807052796246,-6.771028337279683,-7.2157,0.0,7.5938950253,3.1696300095163137,-0.6799857601179312,-0.4057868532685108,0.19624193193856046,0.03232392008072375,-0.08088018984694899,-0.03251050392020442,-0.406514801314411,0.01066902794112765,-0.12482655708238623
821.0,11.207032554903229,-3.5891544950097902,33.312443155839574,-0.21196493060039467,-0.14062013574365417,0.03544334790424969,0.4688928919748522,-6.908319609852303,-7.2157,0.0,7.5938950253,3.319165114842513,-0.6515722894004433,-0.4322610514992581,0.108951529258045,0.0322864125523801,-0.08129835435312335,-0.03049798215075887,-0.4074970417605023,0.010545031838184862,-0.11883974097855746
822.0,11.214234210159566,-3.590256605562197,33.28354034951669,-0.20192583553723165,-0.14335826889113973,0.007277321496210623,0.25938837057077735,-7.050922935250216,-7.2157,0.0,7.5938950253,3.460666329688019,-0.6203138710938917,-0.440394972206443,0.022355848901151918,0.032277193695867235,-0.08150039927642673,-0.02998722181078936,-0.40927613176991195,0.010453403775967807,-0.11291651601006866
823.0,11.221401670977812,-3.5994153572366243,33.28137874143024,-0.19114781848531412,-0.14079487803769936,-0.019450384693132917,0.06363377944088593,-7.193396526573158,-7.2157,0.0,7.5938950253,3.593981169336534,-0.5868288597003108,-0.432244000403569,-0.05971319558156773,0.03229123177261893,-0.08145341976493094,-0.030725769815244428,-0.4115714972595993,0.010380139800319816,-0.10733028656129968
824.0,11.228505167259959,-3.6119964469220944,33.30399052030411,-0.1797955985253213,-0.1338114788047061,-0.043818567904324174,-0.11782302798325964,-7.331049816055784,-7.2157,0.0,7.5938950253,3.7190533691336896,-0.5516280463812444,-0.41054489232132,-0.13443905861178282,0.032323241422235006,-0.08114893881622448,-0.03243183877547812,-0.4141345516275936,0.010312928263742246,-0.10228273913738956
825.0,11.235521025933465,-3.6242172784429356,33.34865943748106,-0.16799762304083388,-0.12339426286681686,-0.06523893297304717,-0.2846945854698518,-7.460094924717319,-7.2157,0.0,7.5938950253,3.8358776462743838,-0.5151090101116064,-0.37834759473548013,-0.20003355747667703,0.0323679419462853,-0.08059859503691962,-0.03482177651237871,-0.41675918744170104,0.01024164389723788,-0.09790268012940032
826.0,11.242431735469165,-3.633231840956789,33.41224245679562,-0.1558484620863425,-0.1105361068631437,-0.08342629965974485,-0.4368895562705668,-7.577696493508512,-7.2157,0.0,7.5938950253,3.944464652551723,-0.47756389766955026,-0.3387139874215468,-0.25564184785848487,0.03242031920710406,-0.07982911711923142,-0.03763120657020298,-0.41928638655709405,0.0101585798818964,-0.09425229445564823
827.0,11.249225654395143,-3.63712651849848,33.49144962348813,-0.14341386734225442,-0.09616530596131999,-0.09834835459261704,-0.5744499441239429,-7.681942591142375,-7.2157,0.0,7.5938950253,4.044816072643895,-0.43919536168343626,-0.2944998075554743,-0.3011852477500889,0.03247586628946079,-0.07887736450813136,-0.0406292087454113,-0.42160424808075736,0.010058471510956887,-0.09133782785453945
828.0,11.255896419266723,-3.6348526369754,33.58306809511863,-0.1307370502845155,-0.08110061512260511,-0.11016725701198951,-0.6974951338972559,-7.771761466579194,-7.2157,0.0,7.5938950253,4.136908829603794,-0.40013617881133356,-0.248218008313527,-0.33717989777932633,0.03253077427135046,-0.07778595666146261,-0.043626053421566294,-0.4236448005781902,0.009938367776570641,-0.08912214874510278
829.0,11.262442133413014,-3.626119956695697,33.68412693452919,-0.1178451242711559,-0.06602885026308516,-0.11918182295396641,-0.806176043001011,-7.846806874287404,-7.2157,0.0,7.5938950253,4.220686917591707,-0.3604692910338651,-0.2019716385325349,-0.36455803742450854,0.032582052768718235,-0.07659976985083407,-0.04647562454905868,-0.42537882248230485,0.00979740259148283,-0.08753733518460222
830.0,11.268864429398484,-3.6112712609078113,33.79200628969611,-0.10475504506144598,-0.05149995743835219,-0.12577554702277186,-0.9006408007107638,-7.907330534031093,-7.2157,0.0,7.5938950253,4.296059273123282,-0.32024622578225903,-0.1574403121864459,-0.38450791755294716,0.03262757345257475,-0.07536338492655542,-0.049073883304260824,-0.42680965975979723,0.009636509331735594,-0.08649612166605301
831.0,11.27516749581268,-3.591153438664643,33.904498390260414,-0.09147869814732307,-0.03793442562439974,-0.13037299694169782,-0.9810119331796999,-7.954055612183237,-7.2157,0.0,7.5938950253,4.362902173518593,-0.2795028235585545,-0.11590435026760355,-0.3983399578152136,0.03266604256280904,-0.0741194375292821,-0.051354678835381834,-0.42796678410714273,0.009458113763125591,-0.08590160049030329
832.0,11.281357145161737,-3.5669958451018675,34.019829295004236,-0.07802700757439124,-0.025638533638396608,-0.13340521205229255,-1.0473740368983295,-7.988060653594291,-7.2157,0.0,7.5938950253,4.421064808492423,-0.23827190083159458,-0.07829266217509688,-0.407380911362468,0.03269691740129215,-0.07290774356383595,-0.05328403396205404,-0.4288996092694337,0.009265832042102747,-0.08565498041791288
833.0,11.28743997976239,-3.5403027737357697,34.13665027862709,-0.06441308536776752,-0.014823784841904305,-0.13528356941824074,-1.0997703588936036,-8.010679641966966,-7.2157,0.0,7.5938950253,4.470376868231197,-0.19659292052920432,-0.04524315422444918,-0.4128942412818484,0.032720285937738715,-0.07176503790959213,-0.054853804511128215,-0.4296718949149135,0.009064192994359743,-0.08566146904857849
834.0,11.293422691013516,-3.512763676437956,34.2540068278393,-0.050654523938412466,-0.005627737388021884,-0.13638095228192063,-1.1382064800657878,-8.023420880962354,-7.2157,0.0,7.5938950253,4.510657204524398,-0.15451899724490895,-0.01716712092708847,-0.41602301929695323,0.03273672866963604,-0.070725157886063,-0.05607538357094567,-0.43035691583211616,0.008858397232588648,-0.08583449883484442
835.0,11.299311507820173,-3.486182279803943,34.37129187541795,-0.036774973713706804,0.0018658259467040205,-0.13701879650119456,-1.162659329261718,-8.027905122479892,-7.2157,0.0,7.5938950253,4.541722842675949,-0.1121216848973841,0.005688638977646326,-0.4177508989108999,0.03274717903623382,-0.06981951318160483,-0.05697392082972588,-0.431033455604435,0.008654119833314534,-0.08609859029296565
836.0,11.305111794358737,-3.462423858047477,34.48818843960536,-0.02280515869603683,0.007608860107481843,-0.1374585723929878,-1.1730899500002152,-8.025821702415085,-7.2157,0.0,7.5938950253,4.563397844367608,-0.06949402459429928,0.023186434196391607,-0.4188766909232533,0.03275279438179353,-0.06907770152696972,-0.0575833616189822,-0.43178259360667937,0.008457358163760954,-0.08639116470981326
837.0,11.310827786611183,-3.4433785093362395,34.6046054494656,-0.008783472982853304,0.011574185042709151,-0.13789639868056786,-1.1694587206700908,-8.018900247099255,-7.2157,0.0,7.5938950253,4.575521737763015,-0.026752298767865428,0.035252121440069534,-0.41999852037079427,0.032754844847258324,-0.06852814812839177,-0.057942480815965994,-0.43268518812655,0.00827432196340112,-0.0866635998033195
838.0,11.316462450996662,-3.4309372374000766,34.720609353074515,0.005243722795661727,0.013744491022922738,-0.1384597325762609,-1.151742028307274,-8.008894669217222,-7.2157,0.0,7.5938950253,4.577957431817145,0.015963137870407255,0.04184149576690254,-0.42150431797103616,0.03275462344944106,-0.06819866321186686,-0.058091989350709694,-0.4338199135425527,0.008111358888520421,-0.0868817767308949
839.0,11.322017446186322,-3.4269768834393326,34.83635321552208,0.019222021043257164,0.014105699770985776,-0.13920540640723592,-1.1199496662643293,-7.997575590492846,-7.2157,0.0,7.5938950253,4.570598707053513,0.05848768808983442,0.0429200325313174,-0.42356640709334215,0.03275337745457622,-0.06811682470123279,-0.05807271928813028,-0.4352616835009521,0.007974905390030994,-0.08702630305062994
840.0,11.327493169654922,-3.43334943887155,34.952004485024254,0.03308906154445531,0.012644967293513444,-0.1401186655046088,-1.074142431700906,-7.986726953467377,-7.2157,0.0,7.5938950253,4.553377514595827,0.10063287199856345,0.03845679858174735,-0.42613912490055594,0.03275225917316601,-0.0683101027304477,-0.0579248394983503,-0.437080283328506,0.007871450023648708,-0.08709251938598253
841.0,11.33288887242713,-3.4518709904846236,35.0676724841602,0.04677480701729857,0.009353420601146488,-0.1411132806695841,-1.0144495172686163,-7.978142398244153,-7.2157,0.0,7.5938950253,4.52627140775953,0.14218723221282492,0.028432762673025885,-0.42895969190122585,0.03275229351292563,-0.06880565168083266,-0.05768800927890651,-0.4393390425477484,0.007807494172763905,-0.08709031320609024
842.0,11.338202827572454,-3.4843055421042726,35.183336986779835,0.06020205426513762,0.004233478589171265,-0.14203322659717757,-0.9410853123798391,-7.973617005218922,-7.2157,0.0,7.5938950253,4.48931146311465,0.18291794572509273,0.012863003036273574,-0.43155381242376173,0.03275435991704531,-0.06962970732182386,-0.057402333649932705,-0.4420934019881143,0.007789493903113788,-0.08704367829886137
843.0,11.3434325391924,-3.5323392980544686,35.29877994281512,0.07328727713861226,-0.002689722985965067,-0.14265678294457657,-0.8543651552023227,-7.9749303036518295,-7.2157,0.0,7.5938950253,4.442591005597361,0.22257343081135325,-0.008168687612532281,-0.4332485916816282,0.03275918747135304,-0.07080654577326173,-0.05710993470984711,-0.44538926965974046,0.007823766620858517,-0.08698988273932542
844.0,11.348574978101475,-3.597541789382084,35.41352342253543,0.08594192452221328,-0.011353723016131535,-0.1427041555510113,-0.7547194224686526,-7.983817108369293,-7.2157,0.0,7.5938950253,4.3862753189872095,0.26088731893680883,-0.03446562750481693,-0.4331960768835466,0.03276736364512973,-0.0723569917328792,-0.05685689523453892,-0.4492611151683442,0.007916347871754398,-0.08697805408893322
845.0,11.35362682775907,-3.6813115815965185,35.52677799769591,0.09807429851105695,-0.02164240161561223,-0.14184974577390208,-0.6427051393809341,-8.001923867023653,-7.2157,0.0,7.5938950253,4.320612285427134,0.29758416715311203,-0.06566894851915799,-0.43041081198504105,0.032779358823951145,-0.07429650888985227,-0.05669526617553933,-0.4537298228368936,0.008072787571436412,-0.08706697328425114
846.0,11.358584719525446,-3.784806285210459,35.63740679764378,0.10959210501208527,-0.03336995365796412,-0.1397399326551256,-0.5190140811163859,-8.030749838381928,-7.2157,0.0,7.5938950253,4.245943553171468,0.3323871865106865,-0.1012093435849192,-0.4238239885373858,0.03279556978915389,-0.07663296617591453,-0.05668476882646069,-0.4588004053339683,0.008297881673972513,-0.08732190315654854
847.0,11.36344543108911,-3.9088591465904847,35.74391103523324,0.12040569521372153,-0.046267690911224006,-0.1360166238761642,-0.38447617888342445,-8.071574545186273,-7.2157,0.0,7.5938950253,4.162715398595788,0.3650280388344463,-0.14026748854980867,-0.4123549253568913,0.032816384749186286,-0.07936424553394486,-0.05689378271372972,-0.46445976493984803,0.008595344866751736,-0.08781037399828318
848.0,11.368206018216934,-4.05388745498892,35.84444256611396,0.13043190313171218,-0.059976435717657414,-0.1303458918425715,-0.24005699009150194,-8.125375425866501,-7.2157,0.0,7.5938950253,4.071487970877581,0.39525841242559195,-0.18175147487319843,-0.39499776541531184,0.0328422696944508,-0.0824759312914098,-0.0573992156472648,-0.4706747684989677,0.008967441912426422,-0.0885970066560622
849.0,11.372863850125293,-4.219800910450296,35.936847687529905,0.1395982464886799,-0.07404709049989153,-0.1224498606076253,-0.08684812493099539,-8.192742092932441,-7.2157,0.0,7.5938950253,3.9729411824821455,0.42286267161125307,-0.22429902453225622,-0.370917805182924,0.032873870395002,-0.08593938237626517,-0.058284923836493294,-0.4773909566491532,0.009414608149706238,-0.08973765541300939
850.0,11.37741652599201,-4.405920453097004,36.01874385904283,0.14784712111135068,-0.087951246025519,-0.11213887096594705,0.07395014177698869,-8.273795696924209,-7.2157,0.0,7.5938950253,3.8678752438272044,0.4476704628550934,-0.2663100554205075,-0.3395484463411645,0.03291211694277393,-0.08971051872579675,-0.059638502329490986,-0.48453222379239747,0.009935101280098169,-0.0912733624991485
851.0,11.381861665670886,-4.610919178840455,36.087627468497324,0.15513951936643247,-0.10110242831097235,-0.09934013001940768,0.2410542767125368,-8.368123056265235,-7.2157,0.0,7.5938950253,3.7572038774247796,0.46956786149435004,-0.306011332558899,-0.30067730391510383,0.032958310112498584,-0.09372963389638314,-0.06154649207130633,-0.4920017658888423,0.01052473379931277,-0.09322478178228716
852.0,11.38619659102879,-4.832796352361178,36.141006688492666,0.1614577758858719,-0.11288694506863346,-0.08411884342731286,0.41313036150055443,-8.474735039394545,-7.2157,0.0,7.5938950253,3.6419386870333676,0.4885055632756924,-0.3415499834842602,-0.2545094082034545,0.03301416376773107,-0.09792246639366033,-0.06408831964187114,-0.4996844929415244,0.011176735491823294,-0.09558779783999694
853.0,11.390417941700534,-5.0688929376989185,36.1765496075775,0.16680691134852557,-0.12270160109436586,-0.06668841552878027,0.5888330251884435,-8.592056972676042,-7.2157,0.0,7.5938950253,3.523164034977124,0.5045028308328063,-0.3711075554326695,-0.2016972447126455,0.033081778017590026,-0.10220262441963683,-0.06732954641730347,-0.5074509477459831,0.011881786475247371,-0.09833100055528424
854.0,11.394521294287493,-5.3159526708259515,36.192235059046624,0.1712143068096465,-0.12999422140945935,-0.04740766629487992,0.7668482087689003,-8.717955679114574,-7.2157,0.0,7.5938950253,3.402003008288623,0.5176463948993961,-0.39302229658397475,-0.14333152413146094,0.033163525616673475,-0.10647528084620579,-0.07131518987747278,-0.5151625826807745,0.012628243381197331,-0.1013954683761839
855.0,11.398500869030533,-5.570227351493733,36.18649245443832,0.17472766368257678,-0.13430228188989637,-0.026764868971445845,0.9459368610509512,-8.849803801928902,-7.2157,0.0,7.5938950253,3.2795764504351688,0.5280841825629242,-0.4059054488189413,-0.08089219333846766,0.03326184897426378,-0.11064187061099903,-0.07606394674506035,-0.5226780571780077,0.013402557488988982,-0.1046970047747762
856.0,11.402349407600255,-5.827619439074906,36.15831796007227,0.17741144527355446,-0.13528521289989243,-0.0053503717810458075,1.1249763249008862,-8.984577727646688,-7.2157,0.0,7.5938950253,3.156958288571782,0.5360144713334346,-0.40873818349179686,-0.016165116614841595,0.03337898369891028,-0.1146053684939557,-0.08156405731455295,-0.5298600623773527,0.014189857477829722,-0.10813062265554656
857.0,11.406032882802124,-6.083849609208558,36.10735635461083,0.17934375714432904,-0.13274683797928322,0.016178895459144388,1.3029963518135645,-9.118981837037762,-7.2157,0.0,7.5938950253,3.0351322278292034,0.5416775926481713,-0.4009394515495054,0.048865627014622166,0.03367880276745295,-0.11838861172699705,-0.08762917581502822,-0.5366770651476758,0.0150755458083507,-0.11157749789110984
858.0,11.40921063544652,-6.334631150173261,36.033934670923585,0.18062827036280069,-0.12664437531333314,0.037139889509945324,1.4792167948101271,-9.249588258696525,-7.2157,0.0,7.5938950253,2.9149571085232635,0.5454052968980837,-0.3824014534353083,0.11214353336965474,0.03431871522401564,-0.12202724199586287,-0.09403772594254971,-0.5431192318005121,0.016143168156931512,-0.11490524579114333
859.0,11.411789470415886,-6.575873984229601,35.93907898764143,0.18135481015616792,-0.11709010442306801,0.05686267295949056,1.6530695862582396,-9.372982245310103,-7.2157,0.0,7.5938950253,2.7971082610805027,0.5474753303219059,-0.35347253012613533,0.17165748531663544,0.0349514253797158,-0.12522381256650675,-0.10097825680237763,-0.5489004539248341,0.01716501455594219,-0.11798453654615233
860.0,11.413794325704789,-6.803829548273099,35.82447675172214,0.1816025882896166,-0.10433983961198039,0.07472320153275692,1.8241881927026198,-9.485904712147677,-7.2157,0.0,7.5938950253,2.682075163874578,0.5481270284052518,-0.31492660302609476,0.22553536706072733,0.03556442858796957,-0.12793101468172974,-0.10832458734822029,-0.5539518575764316,0.01812328531271639,-0.12069884151926942
861.0,11.415260888180075,-7.015220824333812,35.69240798879487,0.18144261261092984,-0.08877440362524203,0.09017180286208044,1.9923995664123775,-9.585381085813196,-7.2157,0.0,7.5938950253,2.5701602614793844,0.5475738194401509,-0.2679113718772981,0.27212856885427916,0.036146379906967514,-0.13012132706928176,-0.11593284321154253,-0.5582319775998559,0.019002949792631778,-0.12294502382687877
862.0,11.416233914154864,-7.207347250278121,35.54565493581137,0.18093442259687395,-0.07087657543071169,0.1027548848435312,2.157706650556625,-9.668831723406914,-7.2157,0.0,7.5938950253,2.4614844731287926,0.5459936179771021,-0.21387946690200374,0.3100764936561574,0.036687602857065536,-0.13178730631868824,-0.12364811527510672,-0.561727393842214,0.019792265865969313,-0.12463783876310477
863.0,11.416765183294956,-7.378156230257973,35.387394533419695,0.1801237700154274,-0.051205193868701745,0.11212962731726171,2.3202613630954496,-9.734160103519784,-7.2157,0.0,7.5938950253,2.3560038732618107,0.5435220727944055,-0.15451127359244393,0.3383502769008355,0.03718042017730396,-0.1329407688427729,-0.13131123840672346,-0.5644517548960422,0.020483079917647876,-0.12571315118748325
864.0,11.41691127020478,-7.5262812719892365,35.22108069869213,0.1790412165955075,-0.030368289475715564,0.11807223854929955,2.480329969650438,-9.779816699623307,-7.2157,0.0,7.5938950253,2.2535354276340707,0.5402485633581177,-0.09163490436933529,0.3562775011345439,0.03761930544259958,-0.13361103643326638,-0.13876529369611065,-0.5664433832278432,0.021070914040844373,-0.12612992254399957
865.0,11.416731307089398,-7.651048887317398,35.05032246089105,0.1777015659654647,-0.00899659037989175,0.12048070620281279,2.6382531440658177,-9.804838035141938,-7.2157,0.0,7.5938950253,2.15378914782454,0.536214682017507,-0.02714722193687902,0.36355067111981043,0.03800087533598104,-0.13384244944541987,-0.1458615635236884,-0.5677617442877749,0.021554863259595373,-0.12587109229635418
866.0,11.416284879855537,-7.752457383188126,34.87876281651292,0.1761040354758736,0.012281786228550359,0.11937296117187406,2.7944031615386478,-9.808861316191322,-7.2157,0.0,7.5938950253,2.056403933003196,0.5314149117677428,0.03706175345362562,0.36022213492828503,0.038323755267993344,-0.1336913491496037,-0.15246478282104264,-0.5684831028380208,0.021937334140210166,-0.12494348652946137
867.0,11.415630163256253,-7.831131290620575,34.70996228887475,0.17423307591866136,0.0328649908799682,0.11488122101737813,2.9491407357790558,-9.792115802226531,-7.2157,0.0,7.5938950253,1.9609845116059565,0.5257992226060124,0.09917971409577886,0.3466876560864139,0.03858835686872167,-0.13322272221718942,-0.1584576064141408,-0.5686957067968287,0.02222366050451026,-0.12337687134761038
868.0,11.414822359846163,-7.888255078700597,34.5472904253057,0.17205976964822112,0.052199174424909706,0.10724298465933058,3.102773908235029,-9.755392341319446,-7.2157,0.0,7.5938950253,1.867137262618849,0.5192773814187593,0.15753741076723812,0.3236599488845422,0.03879660490184275,-0.13250667926129905,-0.1637442509692461,-0.5684948213916493,0.022421630716121854,-0.12122222687935598
869.0,11.413912471366311,-7.925489766543564,34.39382813495836,0.16954375233264116,0.06979801985907134,0.09678891977007471,3.255521223261201,-9.699992885907998,-7.2157,0.0,7.5938950253,1.7745031193644332,0.511724816754295,0.21066762078097226,0.2921328067342302,0.03895164610769586,-0.13161492558291837,-0.1682532754731751,-0.5679779070362102,0.022540958333642957,-0.11854928885629162
870.0,11.412946401516715,-7.9448758874451775,34.25228363465018,0.16663561309518257,0.08525967190315709,0.08392772837933138,3.407481135629277,-9.627662084390197,-7.2157,0.0,7.5938950253,1.6827861969450195,0.5029899089306288,0.257356478662988,0.2533360046520264,0.039057564388947884,-0.13061736951319608,-0.17193944673680622,-0.5672401879763256,0.02259272341624416,-0.11544338928712047
871.0,11.411964367869546,-7.948726407498294,34.124924744637205,0.16327971790730259,0.09828047482282103,0.0691280995044364,3.5586092157439375,-9.540503585050761,-7.2157,0.0,7.5938950253,1.5917771775524665,0.4929025451344518,0.29668532502421924,0.20868125338989468,0.03911911784948748,-0.12957900711727746,-0.17478461525571737,-0.5663708068349268,0.02258880792141794,-0.11200164525085157
872.0,11.411000589108692,-7.939513457568505,34.0135301854938,0.15941737683150722,0.1086647664305156,0.05289803551780481,3.708704247948377,-9.44088427004558,-7.2157,0.0,7.5938950253,1.5013708124770746,0.48128370417290434,0.3280607317735373,0.15970004640326793,0.039141504375950036,-0.12855721384467494,-0.17679751457503778,-0.5654497007606216,0.022541345068051014,-0.10832858944301932
873.0,11.410083208768153,-7.919753265774896,33.91936212166248,0.15499023440908055,0.11632992499822371,0.03576218224004052,3.857403740675731,-9.331330458014339,-7.2157,0.0,7.5938950253,1.4115771922394424,0.46795570879708553,0.3512302095316156,0.10797530181222972,0.03913015540514036,-0.12759956231625783,-0.17801241362534875,-0.5645452740724356,0.022462200426384665,-0.10453140858577137
874.0,11.40923442006616,-7.891894078850311,33.843161502008705,0.14994371910474655,0.12130598185204447,0.01823819067559858,4.004188769393582,-9.2144207429462,-7.2157,0.0,7.5938950253,1.3225266640958884,0.4527526504384477,0.36628146297468217,0.05506992368123572,0.03909055257502614,-0.12674226278451128,-0.17848659779370474,-0.5637128806932641,0.022362500568346495,-0.10071503388697892
875.0,11.408470760771534,-7.858212221434621,33.78516650971788,0.1442303459730746,0.1237294358711387,0.0008135409045923218,4.148397415135677,-9.09268076372283,-7.2157,0.0,7.5938950253,1.2344685422882096,0.4355303636187252,0.3736240513862232,0.0024566381201217287,0.039028060314953136,-0.12600928947340184,-0.17829673927224393,-0.5629940731447544,0.022252224027033946,-0.09697740081222572
876.0,11.40780355435517,-7.820721318267649,33.74515293150827,0.13781264608492275,0.12383140285887188,-0.016075489265058314,4.289245484345617,-8.968485323346181,-7.2157,0.0,7.5938950253,1.1477640050785318,0.41617526415179856,0.3739538297764169,-0.048545769791927554,0.03894776849609282,-0.12541220947761778,-0.1775343227814898,-0.5624165265811312,0.022139867413391214,-0.09340523409260192
877.0,11.407239478361744,-7.781099122462317,33.72249353712571,0.13066550241084673,0.121920834209052,-0.03206099291366756,4.425852712242787,-8.84397297777664,-7.2157,0.0,7.5938950253,1.0628738553143222,0.3946113839892967,0.368202381169353,-0.09682458301773736,0.0388543427899341,-0.12495067738982489,-0.1763004049876349,-0.5619945113696628,0.022032196927002104,-0.09007070644759294
878.0,11.406781242401044,-7.74063523531799,33.7162319185511,0.1227777114800833,0.11836412857988432,-0.04685526400080067,4.557272334397889,-8.72097734295905,-7.2157,0.0,7.5938950253,0.980342107641059,0.37080505627357424,0.3574754475363903,-0.14150914359849803,0.038751884981030715,-0.12461350444593519,-0.1747000786627315,-0.5617297673834352,0.02193409149864213,-0.08702925658182367
879.0,11.4064283565761,-7.700201389764195,33.725165000192284,0.11415265995207823,0.11356290367152475,-0.060256318254924,4.682521815286657,-8.600977999986538,-7.2157,0.0,7.5938950253,0.9007766102223433,0.34476691672567894,0.3429857190334711,-0.18198774401501083,0.03864380969182406,-0.12438016546882293,-0.1728370621665642,-0.5616126297856917,0.021848478608130634,-0.08431873900191789
880.0,11.406177966249448,-7.660244100482106,33.74792775648167,0.10480809394758002,0.10793189183145946,-0.07214681388209898,4.8006126267443125,-8.485072194347323,-7.2157,0.0,7.5938950253,0.824828093865217,0.31655115737961553,0.3259859424073501,-0.21790452030405874,0.03853274643810218,-0.12422257780266416,-0.17080882658092086,-0.5616232654971098,0.021776357847180464,-0.08195993490917475
881.0,11.406025723357999,-7.620797624385114,33.78307371865379,0.09477505126437415,0.10187882024894697,-0.08248680844795048,4.910577262260808,-8.373966742171309,-7.2157,0.0,7.5938950253,0.7531691177861948,0.28625224905213126,0.3077079994996662,-0.24913765933497212,0.03842047579879599,-0.12410697880081464,-0.16870260350111324,-0.5617328983523262,0.021716901291380104,-0.07995830592055118
882.0,11.405966660403667,-7.5815136439732544,33.82914561849617,0.08409610526301102,0.09578774883164336,-0.09130142328232592,5.011492109800367,-8.26798796755449,-7.2157,0.0,7.5938950253,0.6864743235812352,0.2539995874587449,0.289312431422917,-0.2757621625350965,0.03830790580879501,-0.1239957438996761,-0.16659249735927034,-0.5619049262130174,0.02166761478698523,-0.07830674820869024
883.0,11.405996031980461,-7.541703088038299,33.884731808506224,0.07282312126305915,0.0900067533439147,-0.09866491406967941,5.1024953006221825,-8.167106318077552,-7.2157,0.0,7.5938950253,0.6254032300392529,0.21995067510792254,0.27185110743541707,-0.2980017071871868,0.03819509021781,-0.12384902156201574,-0.16453778018543908,-0.5620958594829859,0.02162454107446421,-0.07698902544581743
884.0,11.406110091559858,-7.500385172323916,33.94850570250468,0.061014745754040756,0.08484017442604784,-0.1046828133654723,5.1827991469563,-8.070971689181635,-7.2157,0.0,7.5938950253,0.5705865168577189,0.18428350895736867,0.25624371372148,-0.3161746547676302,0.0380812852594313,-0.12362610807909974,-0.1625823005877879,-0.5622560365386913,0.02158248485146247,-0.0759835331806522
885.0,11.406306777866966,-7.456339069764961,34.019247125851344,0.048733837397734396,0.08054502763525107,-0.10947372784795818,5.251697217826087,-7.978955466605124,-7.2157,0.0,7.5938950253,0.5226163968401636,0.14718880800310272,0.24326683965914653,-0.33063900505290666,0.03796503730505159,-0.12328653615152137,-0.16075481700661076,-0.5623300967813687,0.021535241504561445,-0.07526707100429308
886.0,11.406586294380368,-7.408154494832805,34.09584592666929,0.03604501482568235,0.07733068013665195,-0.11315210494494216,5.30856644579735,-7.890195802606487,-7.2157,0.0,7.5938950253,0.4820413077736827,0.10886261048641037,0.23355295457854394,-0.3417402818644972,0.037844291140561905,-0.12279089883112611,-0.15906998429736247,-0.5622572172576316,0.02147581499522771,-0.07481835767572292
887.0,11.406951575596764,-7.354278731223896,34.17728933633949,0.023012451027500824,0.07536059663549727,-0.11581292323713983,5.352864897182684,-7.803643536749911,-7.2157,0.0,7.5938950253,0.4493648055260149,0.06949963210095671,0.22759564962535225,-0.3497652443843867,0.03771650793963094,-0.12210146927832312,-0.15752968842695256,-0.5619711455976331,0.021396615657225088,-0.07462109888895935
888.0,11.407408643039819,-7.293059049299327,34.262635333350346,0.009697999081585687,0.07475484648175701,-0.1175189028863543,5.384125984064281,-7.718107283360582,-7.2157,0.0,7.5938950253,0.42504823406125514,0.029287639183897755,0.22575718481583806,-0.35490323272543556,0.037578783109069924,-0.12118270386481035,-0.15612443324335468,-0.5614000918545202,0.02128963471473086,-0.0746664886521926
889.0,11.407966861292138,-7.2227808719222635,34.35097470048542,-0.0038403019958873283,0.07559211872729463,-0.11829055039510122,5.401949972360947,-7.632297366516118,-7.2157,0.0,7.5938950253,0.40951649459385475,-0.011597018589457362,0.22827454899008517,-0.3572161026289714,0.0374279564693101,-0.12000173067076703,-0.1548345266149955,-0.5604665756238878,0.021146598463821623,-0.07495507893120869
890.0,11.408639108940026,-7.141703319409533,34.441384672893804,-0.0175493142245347,0.07791017000602156,-0.11809919001852143,5.405993676413327,-7.544869348201221,-7.2157,0.0,7.5938950253,0.40316602879168784,-0.05299263735684871,0.23526078185821528,-0.35661721413817854,0.037260709985900566,-0.11852892808457785,-0.1536308793935579,-0.5590873626441358,0.02095911071338291,-0.07549798035102256
891.0,11.409441881218386,-7.048094806681425,34.532877184402544,-0.03138145941835043,0.08170389019699167,-0.11686310506919187,5.395959256812088,-7.4544687609906966,-7.2157,0.0,7.5938950253,0.4063739543092719,-0.09475408948283501,0.24669909769379436,-0.3528598516515464,0.03707365083140613,-0.11673869022229445,-0.15247530955483043,-0.5571736658930425,0.020718796853213074,-0.07631735783709641
892.0,11.410395340786257,-6.940272123213428,34.62434486279834,-0.04529492063848257,0.08692048420683478,-0.11444700415284734,5.3715830776498406,-7.3597792507754685,-7.2157,0.0,7.5938950253,0.41950712756204034,-0.13675337000971968,0.2624283025691485,-0.3455357308236711,0.03686337947974881,-0.11461045816117384,-0.15132032868379802,-0.5546318275621307,0.02041746651874043,-0.07744616281539621
893.0,11.411523331162956,-6.816646858260318,34.714508212609424,-0.05925333888735409,0.0934516241428812,-0.11066521058687306,5.332625644834791,-7.259576605327044,-7.2157,0.0,7.5938950253,0.4429297470667253,-0.1788786181679147,0.2821190789603517,-0.3340848013084026,0.03662654363935734,-0.11213006865438238,-0.15010847565221014,-0.5513647358892247,0.02004731398561057,-0.07892700541413417
894.0,11.412853364609623,-6.675783090843263,34.80186793236981,-0.07322493413772058,0.10112283208360093,-0.10528920655555324,5.278863738377271,-7.15279104366576,-7.2157,0.0,7.5938950253,0.47700795282249686,-0.22103140209151015,0.30524194554910167,-0.3178182571841777,0.03635987924362883,-0.10929143426809498,-0.14877135303495778,-0.5472742577828987,0.01960117579612773,-0.08081002610899163
895.0,11.41441659305901,-6.516469868001724,34.88466707316364,-0.08718095769554303,0.10968083139128562,-0.09806039505893611,5.210085953927095,-7.038579613113767,-7.2157,0.0,7.5938950253,0.5221097451120436,-0.2631219885944749,0.3310291516543614,-0.295957360784833,0.03606023988390668,-0.10609851928007405,-0.14722861744215604,-0.5422649742180253,0.019072863146765803,-0.08314958889350149
896.0,11.416247766908228,-6.3378110243435035,34.960868729220266,-0.10109337018875694,0.11878018289813029,-0.08870910620433647,5.126092952262521,-6.916409511543016,-7.2157,0.0,7.5938950253,0.5785984871995122,-0.30506228264401625,0.3584345210780921,-0.26769116886178373,0.03572461677010933,-0.1025675126600134,-0.1453872771692005,-0.5362494761051062,0.01845758145759713,-0.08599960276215023
897.0,11.418385181069098,-6.139333183089233,35.028156055086995,-0.114931646580774,0.1279712252706321,-0.07698088121239494,5.026703734680753,-6.786151529580911,-7.2157,0.0,7.5938950253,0.6468183464916777,-0.3467561447543451,0.3860973894874774,-0.2322562530263759,0.03535015362390105,-0.09872902248068913,-0.14314175810051355,-0.5291553948958779,0.017752440280322655,-0.08940730462132981
898.0,11.420850828168366,-5.921108855125455,35.083961666021764,-0.1286570030487238,0.13669237430989375,-0.06267083705260808,4.911769430093442,-6.648180460459271,-7.2157,0.0,7.5938950253,0.7270716053338155,-0.38808262376537495,0.41232062005060444,-0.1890411116426956,0.035043965715085224,-0.09475765690204167,-0.14019889223864046,-0.5210145943910515,0.01704928420076237,-0.09341340788405864
899.0,11.423472952476267,-5.683883959392569,35.12552921855823,-0.1422022867149137,0.14427181987960816,-0.045667231969152844,4.781204214024272,-6.503475228644104,-7.2157,0.0,7.5938950253,0.8195912692515357,-0.42884233172424585,0.43508346503110673,-0.1377196013753668,0.03490936310657362,-0.09084855252641022,-0.13625241968364538,-0.5118991569005285,0.01644400211837167,-0.09802889630801048
900.0,11.426220793922257,-5.429241007854049,35.15004222830918,-0.15549391815541205,0.14993692737198872,-0.026001405014349655,4.635021698387831,-6.353710253938025,-7.2157,0.0,7.5938950253,0.9244692460839756,-0.4688134053302447,0.45205910520410303,-0.07839410938223818,0.034747373187084124,-0.0868566959209827,-0.13149119203807264,-0.5017014195758472,0.015778214126494508,-0.10320887450458016
901.0,11.42912876695939,-5.15970519076066,35.15479123218385,-0.16844044112827233,0.1528465547462598,-0.0038989607933753653,4.47336109925927,-6.201324533081529,-7.2157,0.0,7.5938950253,1.0416193423208684,-0.5077178947921465,0.46071436575558883,-0.011752356813065785,0.03455675188133275,-0.08287564156953844,-0.12580676770759536,-0.49050884347241225,0.015059315664519957,-0.10888006649416063
902.0,11.432232308053,-4.878816697081493,35.137392395816605,-0.18092218448660768,0.15214416809871548,0.020171324369204657,4.2965302097461056,-6.049546652277184,-7.2157,0.0,7.5938950253,1.1707299551956911,-0.5451926699541609,0.45847271554381097,0.06078446499286086,0.03433813261191271,-0.07900949058008191,-0.11911609323502155,-0.4784723871984504,0.014297951844585221,-0.11491589104945876
903.0,11.435565665329856,-4.591140672153499,35.09605365100791,-0.19278779667477433,0.14703420780104653,0.045461388628306565,4.105052370490917,-5.902356651472063,-7.2157,0.0,7.5938950253,1.3112159793185638,-0.5807792801699069,0.442945159600021,0.1369538581719111,0.03409441603398993,-0.07536734516930414,-0.11137734802144482,-0.465810868644272,0.013507989446508283,-0.12113141214406037
904.0,11.439159320327336,-4.302180827251212,35.02986746962233,-0.20385398522340634,0.1368805328980842,0.07093314019202247,3.899711649467492,-5.764364577642857,-7.2157,0.0,7.5938950253,1.4621837503916444,-0.6139235930097519,0.41222735222854334,0.21362117715003978,0.033830925353890685,-0.07205586890869192,-0.1026069427186035,-0.45280910774037914,0.012706153539082533,-0.12728428775657058
905.0,11.44303731932781,-4.018172601405808,34.939097933461035,-0.21391000529348697,0.12131856814775425,0.0952865969401078,3.681590313437282,-5.640590779565732,-7.2157,0.0,7.5938950253,1.6224181781599247,-0.6439898321325679,0.3652373540398139,0.28686643003795975,0.03355521624088227,-0.06917044687674842,-0.09289517986697725,-0.4398079695653525,0.011911266753351222,-0.13308408410935682
906.0,11.447214889140872,-3.7457451542580675,34.82541664958786,-0.22272808949214892,0.10036490219089692,0.11703772263434575,3.4520920025065993,-5.536144958506007,-7.2157,0.0,7.5938950253,1.7903998042479397,-0.6702925346743795,0.3020447256350836,0.3522210060525748,0.03327648706385837,-0.0667858678366977,-0.08241713518347872,-0.42718537155047154,0.011143086549262556,-0.13821150384710226
907.0,11.4516967376283,-3.491464035962695,34.69203433655503,-0.2300800569559181,0.0745010195187905,0.13464883213013432,3.2129443475887385,-5.455819676297487,-7.2157,0.0,7.5938950253,1.9643556403347922,-0.6921470366995541,0.22412051080509832,0.4050624438596349,0.03300463591125319,-0.06494781228485327,-0.07143488757852887,-0.4153289255636848,0.010420818410036408,-0.1423473165119484
908.0,11.45647635835738,-3.261295147591478,34.54367785856756,-0.2357588037550023,0.044705063160189025,0.146701352883285,2.96617626148883,-5.403636846300084,-7.2157,0.0,7.5938950253,2.1423416987086057,-0.7089344520346341,0.13442959053854572,0.44113577759381745,0.032749128980913075,-0.06366659263724514,-0.06028778779667955,-0.40460289835961105,0.009761473364644025,-0.1452082225229816
909.0,11.46153647143853,-3.0600586475309712,34.38638054392941,-0.23960159697335345,0.012410593622136958,0.15208538154868742,2.7140678840116976,-5.382406991432167,-7.2157,0.0,7.5938950253,2.322348343901196,-0.7201717707133936,0.03730258603181475,0.4571238251876972,0.032517931045396346,-0.06291444210418834,-0.04936932455992528,-0.39531405650902074,0.00917830870864493,-0.14658416111529765
910.0,11.466814241933479,-2.8909501659559886,34.22706284940681,-0.24150429959767716,-0.020613563460624436,0.15016899067894945,2.4590762933274335,-5.393372612954205,-7.2157,0.0,7.5938950253,2.5024224469982164,-0.7255566319993975,-0.061929778073981596,0.45115597233373417,0.032425798510002934,-0.06309202197278987,-0.038796442345118726,-0.38905414203260025,0.008874386409697623,-0.14621639442301743
911.0,11.472177117530785,-2.755229366597277,34.07297241773478,-0.24143030027294896,-0.05244817348763464,0.1409084201741289,2.2037531148397513,-5.43600037569747,-7.2157,0.0,7.5938950253,2.6807710091001935,-0.7249952436397932,-0.15749753147447124,0.4231363432822902,0.032393521660181814,-0.06377632045162059,-0.029151422846767222,-0.38488316115008847,0.008702503739311293,-0.14423771183129425
912.0,11.477608673576572,-2.6521674784023923,33.931190125783836,-0.23944590295930607,-0.08124902169811712,0.12486754583182717,1.9506278575182872,-5.507969728524022,-7.2157,0.0,7.5938950253,2.8558022501216294,-0.7186959924795576,-0.24386863824203908,0.37478947716780664,0.032362587848294044,-0.06459218033223812,-0.020930306471913417,-0.38205711446179746,0.008555077733046902,-0.14087112500665416
913.0,11.483098655076892,-2.579154076186033,33.80797359265165,-0.23569140038277644,-0.10545543298744056,0.1031429608756018,1.702089831892571,-5.605365312650897,-7.2157,0.0,7.5938950253,3.026211236464864,-0.707088651511048,-0.3163727644899347,0.30943520637554683,0.032334536450265634,-0.06541392534376841,-0.014370633104352458,-0.38050817177627005,0.008430465049412809,-0.1363600863280634
914.0,11.488633140078978,-2.5320389551524767,33.70828154561604,-0.2303607982759139,-0.1239457835050849,0.07721133260264106,1.4602941575756114,-5.723036045271416,-7.2157,0.0,7.5938950253,3.1909970901189397,-0.6907635924869195,-0.37166581869989296,0.2315271430229253,0.032311128859099196,-0.06612813666301558,-0.009584787491709712,-0.3800982191833755,0.008325226542669583,-0.1310210976809836
915.0,11.494194956725236,-2.5056112135590336,33.63548300450514,-0.22367837989145392,-0.13611545444794612,0.04873658075766916,1.227090849861768,-5.8550576423174565,-7.2157,0.0,7.5938950253,3.349446428758423,-0.6704010342848746,-0.40796048991566075,0.14607157903819412,0.03229434972841131,-0.06664327565681477,-0.006557132863242252,-0.3806383767499495,0.008234650834912581,-0.1252044434147695
916.0,11.499764261502264,-2.4941292557094523,33.59126486682934,-0.21587508673322062,-0.14187415474206555,0.01937772253402675,1.0039830994646972,-5.99522368197727,-7.2157,0.0,7.5938950253,3.501094426267818,-0.6466999295677681,-0.42501433244386133,0.058050106603664844,0.03228619067797953,-0.06689494097685321,-0.005158192076135375,-0.3819110034299016,0.008153352542770567,-0.11925562478932195
917.0,11.505319367576602,-2.491824258895812,33.57571966298896,-0.20716862460361085,-0.14157801129985384,-0.00936985939128606,0.7921165629862784,-6.137497664411636,-7.2157,0.0,7.5938950253,3.6456734055158235,-0.6203182101756531,-0.423922390457493,-0.02805586231178173,0.03228831909033012,-0.066846870991915,-0.0051708624273829815,-0.38369078622701375,0.00807584550025825,-0.11348375458820278
918.0,11.510837809242291,-2.493320641100331,33.5875690903474,-0.19774951269362281,-0.13592167369769423,-0.036281747535577426,0.5922970938730105,-6.276378503267234,-7.2157,0.0,7.5938950253,3.7830578621669035,-0.591831005283163,-0.4067906903462656,-0.10858516324476979,0.032301764963752075,-0.0664885978046929,-0.006322274560932463,-0.385762499786096,0.007997019705445496,-0.10814030717413103
919.0,11.516297533031754,-2.493943573554867,33.624468454932114,-0.18777355166296766,-0.1258164850946578,-0.0604574388610451,0.4050310000316355,-6.407156113488046,-7.2157,0.0,7.5938950253,3.913212539933179,-0.5617082084094327,-0.376369045613734,-0.18085315725727882,0.03232672860595052,-0.06583099835988138,-0.008315438810769026,-0.3879341978093643,0.007912486214540401,-0.10340874695452598
920.0,11.521678056907106,-2.4899076473161887,33.683340068241186,-0.17735990890572884,-0.11227533479357023,-0.08132671982811596,0.2305801032840594,-6.526055282360017,-7.2157,0.0,7.5938950253,4.036147635043828,-0.5303089386480001,-0.3357050305115707,-0.24316818125281728,0.032362551713793694,-0.06490094026979897,-0.010856509316207078,-0.39004561512750174,0.00781878512339404,-0.09940349078404795
921.0,11.526961444920135,-2.4783979810628387,33.76069476782683,-0.16659337292843773,-0.09631690902296683,-0.09862248902100516,0.06902361512324472,-6.630281020212198,-7.2157,0.0,7.5938950253,4.151883039149359,-0.49788851336133233,-0.28785708460085835,-0.2947476455966552,0.032407836890055636,-0.06373594719283932,-0.013675483881733959,-0.3919722521044317,0.007713472381356586,-0.09617564710248055
922.0,11.532132990731451,-2.457564520431457,33.852914572065934,-0.15552921498374256,-0.07889470191217701,-0.11233364745660299,-0.0796802369610182,-6.717986516192327,-7.2157,0.0,7.5938950253,4.26042199576087,-0.46461322120515103,-0.23568254745752007,-0.3355748808993328,0.03246066498689726,-0.062379473309059644,-0.01653983752043695,-0.3936259717319554,0.007595111209253783,-0.09372283935845742
923.0,11.537181566127822,-2.426453321862797,33.956482427499324,-0.14419931111833567,-0.06085076796942626,-0.12264949966331919,-0.21563825503360973,-6.78818692097166,-7.2157,0.0,7.5938950253,4.361733599108863,-0.4305788410759962,-0.1817002657478598,-0.3662311491921383,0.03251884944602864,-0.06087707773501046,-0.019261714789659212,-0.3949530404586185,0.0074631959225550945,-0.09200082295447357
924.0,11.54209964903701,-2.3848974619269687,34.068154994797354,-0.13261852402293128,-0.04289109178975474,-0.12990390138693125,-0.3389755432248723,-6.8406405331528495,-7.2157,0.0,7.5938950253,4.45574307122588,-0.39582990023580017,-0.12801813856115263,-0.38772749663040385,0.03258017531446131,-0.05927357490739803,-0.021699879849218173,-0.3959304855487536,0.007318033350861029,-0.0909352157684049
925.0,11.546883087401444,-2.333386811213282,34.18508114384897,-0.12079069361159753,-0.025578143081548637,-0.13452426566513467,-0.44979979131884623,-6.87571534714215,-7.2157,0.0,7.5938950253,4.542328535928869,-0.3603777195475179,-0.07631211145809323,-0.401351682275223,0.03264258845756654,-0.05761110419735165,-0.023757787723236685,-0.3965615056057821,0.007160602424063892,-0.0904322704893584
926.0,11.551530677045525,-2.2729318452246687,34.30487263637556,-0.10871386940119086,-0.009336069513267136,-0.1369880660926207,-0.5481769022101807,-6.894254797431521,-7.2157,0.0,7.5938950253,4.621322952206852,-0.3242161498400586,-0.027842855092024384,-0.408537968588748,0.03270431954618258,-0.05592799659806729,-0.025379055228230373,-0.39687051568008325,0.006992407660538993,-0.09038810952404794
927.0,11.556043635250338,-2.204932630236541,34.425635169828624,-0.09638462682489729,0.005535537777592291,-0.13778772113210286,-0.6341172238041417,-6.897452523734129,-7.2157,0.0,7.5938950253,4.692519893497588,-0.28733453238174633,0.016502124988205216,-0.4107622939845462,0.03276394299669731,-0.054258292175977205,-0.026541409777322212,-0.3968982571909141,0.006815337930410904,-0.09069620324365443
928.0,11.56042504285234,-2.131060673420683,34.545968211204375,-0.0838014458442515,0.01884264941232775,-0.13740364856657958,-0.7075709700800917,-6.886742611762199,-7.2157,0.0,7.5938950253,4.755681938341516,-0.2497278256321063,0.05615098665044666,-0.40946208081210317,0.03282038116082824,-0.05263176392580664,-0.027249963119009197,-0.39669727327631826,0.006631538352868931,-0.0912531056095679
929.0,11.56467931144449,-2.0531584367208278,34.664941459065666,-0.07096721650665322,0.03047519568390204,-0.13628463461600213,-0.7684310746523947,-6.8637089931608335,-7.2157,0.0,7.5938950253,4.810550556440006,-0.21140409887845238,0.09078249928395904,-0.4059780246457039,0.03287286889715945,-0.05107431613552289,-0.027530441124577,-0.3963279389907195,0.00644330036529906,-0.09196260549195898
930.0,11.568811714010211,-1.973159024926934,34.782054711099704,-0.057890985502291104,0.040384845848279075,-0.13483433243688278,-0.8165416522630867,-6.830015556649584,-7.2157,0.0,7.5938950253,4.8568565317226495,-0.17238974061084528,0.12025936404413559,-0.4015142494561747,0.032920894267191005,-0.04960864221092448,-0.027422818079579563,-0.39585514462023175,0.006252972785171184,-0.09273853107923731
931.0,11.57282800039741,-1.8930267436563506,34.89718663694238,-0.04458908398273766,0.04856364818144695,-0.133402564199677,-0.8517103714806681,-6.787356897317642,-7.2157,0.0,7.5938950253,4.894330153661292,-0.1327328068085487,0.14456429144141747,-0.3971128177590695,0.032964128963757444,-0.04825504320798328,-0.02697565811589015,-0.39534565568339586,0.0060628948934717255,-0.09350648232761542
932.0,11.576734105464256,-1.8147177937301124,35.01053660311637,-0.03108578722811685,0.05502461952525885,-0.13228008019376614,-0.8737232981449123,-6.7374284152380035,-7.2157,0.0,7.5938950253,4.922710621507891,-0.09250496385704797,0.16374204722819355,-0.39363854444271135,0.0330023585483838,-0.047032322243691166,-0.026241353941827764,-0.3948661133306089,0.005875351098488077,-0.0942047759996522
933.0,11.580535948507183,-1.7401592392662388,35.1225623809314,-0.017413654396442796,0.05978509240852349,-0.13169549777351483,-0.8823610898682347,-6.681913566824328,-7.2157,0.0,7.5938950253,4.941754327558089,-0.05180247240930036,0.17784983722960865,-0.3917702875299504,0.03303541872329711,-0.04595868018100677,-0.02527236984510616,-0.39448159326243,0.005692545519834391,-0.0947848760835244
934.0,11.584239317380751,-1.6712434770384799,35.2339153530328,-0.003613683705434941,0.06285343930044456,-0.13181328493542135,-0.8774157581939552,-6.622485380952613,-7.2157,0.0,7.5938950253,4.951241903914132,-0.0107466187672288,0.1869178393657271,-0.39199532585727,0.033063140409880204,-0.045052544165526266,-0.02411853637434415,-0.39425460842852633,0.00551659382586912,-0.0952115539034632
935.0,11.587849829053315,-1.6098346835873978,35.34537380425113,0.010264605466836448,0.06421968442307993,-0.13273187366296987,-0.8587075237616528,-6.560818802557982,-7.2157,0.0,7.5938950253,4.9509841189705845,0.030516071881249492,0.19092136686378222,-0.39460409956511133,0.03308530376129805,-0.04433326254693113,-0.022825404030287405,-0.3942444204013469,0.005349528837947039,-0.09546297731094078
936.0,11.591372959141271,-1.5577830690593244,35.45777411370696,0.024163086933407525,0.06385046181205715,-0.13448129035517004,-0.8261015399136261,-6.4986099566703714,-7.2157,0.0,7.5938950253,4.940826887611047,0.07181361067322242,0.18976599382825196,-0.3996834947047401,0.03310159957796826,-0.043821598122667914,-0.021433636984801458,-0.39450651539754483,0.005193315762175457,-0.09553086769014427
937.0,11.594814135133554,-1.5169421911927627,35.57193924537452,0.03801490785679907,0.061688752820966156,-0.13702007927984108,-0.779524428310039,-6.437597998375392,-7.2157,0.0,7.5938950253,4.92065580718263,0.1129482163666993,0.18328689963582634,-0.4071080119246909,0.03311159596388213,-0.04353994809491685,-0.01997940843121789,-0.3950921028589227,0.0050498724095565835,-0.09542078737085374
938.0,11.598178890386077,-1.4891840815591053,35.688603951114246,0.05174436028747301,0.05765879113020658,-0.14023176592512265,-0.7189806411595127,-6.379584826243361,-7.2157,0.0,7.5938950253,4.890400744684256,0.15369595768013775,0.17126355552957814,-0.41652955880211145,0.03311470845633772,-0.04351221652769263,-0.018495737837668273,-0.3960475070059938,0.004921089417924995,-0.09515252995383085
939.0,11.601473077333399,-1.4764065628310707,35.808336629480486,0.0652668333334848,0.0516763983451697,-0.14392163982120595,-0.6445686312517502,-6.326447634146584,-7.2157,0.0,7.5938950253,4.8500410713155135,0.19380663070549975,0.1534505067696358,-0.42736818495295475,0.03311017328248982,-0.04376326771344562,-0.017014676880305064,-0.3974133450554995,0.004808845317781493,-0.09476048611417703
940.0,11.604703137505886,-1.4805270094459884,35.93145886705604,0.07848900047781543,0.04366474028246752,-0.14781518338237684,-0.5564966742984748,-6.280139163788052,-7.2157,0.0,7.5938950253,4.799612154342063,0.2330043288847009,0.12962419502738817,-0.4388076978087454,0.033097025836214634,-0.04431790213859955,-0.015570195072240531,-0.3992234204663155,0.004715011346383944,-0.09429375612873109
941.0,11.60787642166893,-1.50345711143847,36.05796530073542,0.09130945325484538,0.03357501207467496,-0.15155994990008476,-0.45509795971458694,-6.2426707619321915,-7.2157,0.0,7.5938950253,4.7392136504937215,0.27098933089581956,0.09964433837470618,-0.449801504115878,0.03307408981896018,-0.04519932643018494,-0.014201531103226216,-0.40150330621373503,0.004641441302545871,-0.09381569231590561
942.0,11.611001544785339,-1.54705417853266,36.187448444523405,0.10362002567082855,0.021410840662153895,-0.15473297381463558,-0.34084427033875253,-6.216074148196841,-7.2157,0.0,7.5938950253,4.669019969664181,0.30744202992232395,0.06352625636695998,-0.45909484443296966,0.033039986362693424,-0.046427139274739224,-0.012956662186285543,-0.4042686513596233,0.0045899425644865535,-0.09340250140792422
943.0,11.6140887472934,-1.613046403754162,36.319035240682,0.11530804484940747,0.007254272557101912,-0.15685572248847543,-0.21435724832485414,-6.202339364526385,-7.2157,0.0,7.5938950253,4.589292960772223,0.34202960141731525,0.02151780436931834,-0.46526936011120784,0.0329931759800127,-0.04801492775373076,-0.01189541430009949,-0.4075233116914348,0.004562225778440385,-0.09314054556719333
944.0,11.61715021743943,-1.7029324399437542,36.451343876139426,0.12625967418902326,-0.008709774285952637,-0.15741801666064026,-0.07641594905576474,-6.2033288324593014,-7.2157,0.0,7.5938950253,4.5003963925155475,0.37441590186913926,-0.025828341592814802,-0.4668141990466891,0.03293204787903492,-0.04996765751881416,-0.011091620449352014,-0.4112574762566757,0.004559832738351919,-0.09312207797297019
945.0,11.620200312081304,-1.8178595720953012,36.58247027271886,0.13636437510013916,-0.026174531596832248,-0.15591116698910235,0.07204081344990786,-6.220670742084219,-7.2157,0.0,7.5938950253,4.402811169988918,0.40427467651445126,-0.07759871510763694,-0.4622243643416632,0.03285506907024806,-0.05227913211477162,-0.01063367701423833,-0.41544602635832323,0.004584044597632388,-0.09343935069541712
946.0,11.623255600661007,-1.958489339508227,36.710013021990086,0.14552030775541758,-0.044702133161807364,-0.15186884872170184,0.22991885584882685,-6.25563884381432,-7.2157,0.0,7.5938950253,4.297149504306093,0.43130554591684617,-0.13249200915246892,-0.45012189512249,0.03276099789796207,-0.054929869898848196,-0.010622902870068309,-0.42004740868013457,0.0046357756432192825,-0.09417733133432507
947.0,11.626334655696603,-2.124863893812125,36.83114291546941,0.1536402506273013,-0.06372786485855511,-0.14491222720735888,0.3959810597602523,-6.309029464410921,-7.2157,0.0,7.5938950253,4.184165570598796,0.4552515294678141,-0.18883207901653873,-0.42938951743036685,0.03264915243584745,-0.05788577455830596,-0.011169313666497375,-0.4250033126984458,0.004715461054879334,-0.09540561751412106
948.0,11.629457529717085,-2.3162897350162903,36.94271862922853,0.16065739625968242,-0.0825801947445232,-0.13479401742055494,0.5688686805033799,-6.381049469765058,-7.2157,0.0,7.5938950253,4.064759734748767,0.4759162056358362,-0.2446277224607598,-0.39930098960093857,0.03251970516676431,-0.06109793515054507,-0.012384795170907945,-0.43023940367081415,0.004822949973550086,-0.09717046673442944
949.0,11.632644896479688,-2.5312565171106005,37.04144395686382,0.1665302466098496,-0.10051648069191219,-0.12143509952192201,0.7471315904803015,-6.47122995200934,-7.2157,0.0,7.5938950253,3.9399734348987394,0.4931782106961299,-0.2976788847809063,-0.35962923443113276,0.03237395620161607,-0.0645037726266198,-0.014374146092334363,-0.4356672666130385,0.004957417074356485,-0.09948806198003496
950.0,11.635916890889394,-2.7674066430763347,37.12405540282389,0.17124584399978912,-0.11677140065794617,-0.104947514023699,0.9292665507187094,-6.578379080676288,-7.2157,0.0,7.5938950253,3.810972437599953,0.5070008131814537,-0.34572047827326513,-0.31071396367115883,0.03221452488684053,-0.0680295648994179,-0.017224960709021363,-0.4411875735442185,0.005117306152117879,-0.10234012284055108
951.0,11.639290912037895,-3.021565894010514,37.18752278024019,0.17482095780858298,-0.13061251125794968,-0.08563930993073918,1.1137615614467626,-6.70058363357333,-7.2157,0.0,7.5938950253,3.679017739562816,0.5174354728325289,-0.38658721109742783,-0.25347542641645415,0.032066966979168644,-0.07169313302410163,-0.0209298820778117,-0.44698919709936574,0.0053520414961161535,-0.10563579547190687
952.0,11.642631371256822,-3.289803806207836,37.229140414055294,0.17733590904754992,-0.1413931295922004,-0.06399630144683902,1.2991562832620664,-6.835261813733465,-7.2157,0.0,7.5938950253,3.5454580075256286,0.5247286349519288,-0.4183756368407188,-0.18936205352051869,0.03216164008833065,-0.07645228561293137,-0.024793147410089464,-0.45604460331017715,0.006199670025730963,-0.10890879607291928
953.0,11.645831812264133,-3.5676579576002774,37.24681362624622,0.17888677036050632,-0.1486039314668198,-0.04064731756534985,1.4841170338063623,-6.979264523961113,-7.2157,0.0,7.5938950253,3.411606566360836,0.5291720967865607,-0.43959122212642104,-0.12024045278171179,0.03226764195043122,-0.08113948920364886,-0.02954110766028052,-0.4650053194863228,0.007087626069785797,-0.11245824404738332
954.0,11.64889117567293,-3.850329932641792,37.23923693893981,0.17956121895415844,-0.15190437689482789,-0.016322553233716036,1.6674468513703307,-7.129018636358395,-7.2157,0.0,7.5938950253,3.2786887037166026,0.5310277089624725,-0.4492363869752193,-0.04827171534367382,0.032386771238158536,-0.0856479192667218,-0.035144787790922186,-0.47370224988032966,0.00799819654294583,-0.1161616427171324
955.0,11.651807275198353,-4.132864194150215,37.20589600701296,0.179457259330525,-0.1511372709058595,0.008197946788094428,1.8481114989463099,-7.280690827602043,-7.2157,0.0,7.5938950253,3.147826633451828,0.5305874391774424,-0.44685591339891306,0.02423823705452126,0.03252058650748377,-0.08987879990209871,-0.04153799127749695,-0.4819765009504172,0.008912976875242215,-0.11988553869461223
956.0,11.654576875031209,-4.410365668182499,37.1470878703086,0.17867653073859724,-0.1463300529386383,0.0321353758190377,2.0252634106067706,-7.430360669998386,-7.2157,0.0,7.5938950253,3.0199950018158868,0.5281535786281553,-0.43253996930048055,0.09498960870365226,0.0326700635254797,-0.09374653245071403,-0.04862014444384792,-0.4896866660852397,0.009813793497048152,-0.12349446539824518
957.0,11.657196078879927,-4.678202139921029,37.06389077174988,0.17731812567108038,-0.1376817006895074,0.05475794186162793,2.198254258698669,-7.574189592671875,-7.2157,0.0,7.5938950253,2.8959874527508456,0.5240204752527128,-0.4068846879351172,0.16182374255081905,0.0328353062625255,-0.09718258691813336,-0.05626163745043562,-0.4967146529701971,0.010683566572321269,-0.12685930654461988
958.0,11.659660971876702,-4.932176750956341,36.958091642531734,0.17547341227321586,-0.1255387598358288,0.07541761918334002,2.3666356707456337,-7.7085738192410505,-7.2157,0.0,7.5938950253,2.7763970682847097,0.5184592474337866,-0.37092075719661294,0.22283126303010128,0.03301535931139014,-0.10013790296609879,-0.06431091785256064,-0.5029696562810381,0.011507040217604984,-0.1298643535144726
959.0,11.661968415448202,-5.168661206852908,36.8320819962575,0.17322212900418385,-0.11036460533684217,0.09357613143964225,2.530148651928764,-7.830272839973758,-7.2157,0.0,7.5938950253,2.6616116331208497,0.5117062687538403,-0.32602220469211324,0.276428267789283,0.0332081479681201,-0.1025837550343124,-0.0726025084398273,-0.508390121217307,0.01227133243106389,-0.13241263569472977
960.0,11.664116877195228,-5.384685762355417,36.6887338124864,0.17062981362227683,-0.09270585876643397,0.10882016357708314,2.6887031610598653,-7.9365086372600615,-7.2157,0.0,7.5938950253,2.5518228749046443,0.5039556051414428,-0.2738069986890955,0.32140064050283845,0.033410548428439615,-0.10451121400197821,-0.08096517083005535,-0.5129437703504468,0.012966284119543398,-0.1344293976459647
961.0,11.666107181221463,-5.577986656075663,36.53126607433907,0.16774647640303478,-0.07315912409462604,0.1208670201494865,2.842349884416411,-8.025034111157852,-7.2157,0.0,7.5938950253,2.4470474550821892,0.4953551362348696,-0.21603880248218188,0.3569201602101041,0.03361857052419631,-0.10592945520215885,-0.089229588509715,-0.516625938805275,0.013584610549631383,-0.1358638247206624
962.0,11.667943085418084,-5.74701508281712,36.363110908686316,0.16460633473102468,-0.052340257852084245,0.12956261219516935,2.991246612364554,-8.094171705225898,-7.2157,0.0,7.5938950253,2.3471566224087788,0.486005818675161,-0.15453639684425088,0.38253803240621914,0.033827622102611775,-0.10686322322602218,-0.09723513099834455,-0.5194565753763477,0.01412187675888162,-0.13668926504170148
963.0,11.669631623046548,-5.890913630548826,36.187785988149336,0.16122839563060082,-0.030857427682525456,0.13487378073797746,3.1356216896460816,-8.142824796592983,-7.2157,0.0,7.5938950253,2.251911166044157,0.4759634587354826,-0.09109442508567193,0.39816181834284026,0.03403281849553526,-0.10734976639274589,-0.10483544984167513,-0.5214763101378479,0.01457632886182487,-0.13690225203447962
964.0,11.671181118908182,-6.009466831879905,36.008777769075024,0.15761782161759327,-0.009288467813956612,0.13687679171928932,3.2757369281715163,-8.170465382641614,-7.2157,0.0,7.5938950253,2.1609985507617093,0.4652428832527662,-0.027416909473917887,0.4040212748553966,0.034245252211903186,-0.10744945826829932,-0.11188440692700972,-0.5227537985441971,0.014959978851702591,-0.13651961204531562
965.0,11.67251364945945,-6.103029302957925,35.82943507990861,0.1537738764989203,0.011838496279080072,0.1357434204319489,3.411854763308771,-8.177101464641416,-7.2157,0.0,7.5938950253,2.0740721616834907,0.45384483620913396,0.03493987748159071,0.40063014482721987,0.034581854865960826,-0.10732645885374648,-0.11812676919228586,-0.5234496203831186,0.015364414080999471,-0.13557049230277946
966.0,11.67361128952153,-6.172453174712306,35.65288674097351,0.14968174661877484,0.03205855955916767,0.13172524064601446,3.544210042319432,-8.16322755704164,-7.2157,0.0,7.5938950253,1.9907743823293345,0.441725875834619,0.09460803083315561,0.3887344222544519,0.03485513006343592,-0.10687696479260002,-0.12368974050006509,-0.523503456367278,0.015663878232219257,-0.13411975089852848
967.0,11.674536167861303,-6.218994760618095,35.48197205888067,0.1453129116383639,0.050979128764798945,0.12513766450743216,3.672975190780201,-8.129764421659813,-7.2157,0.0,7.5938950253,1.9107696610417175,0.4287990318384279,0.1504326133985547,0.3692645669426011,0.03506727814117875,-0.1061561178097072,-0.1285163460414403,-0.5229957285509171,0.015866010266672552,-0.1322322185826208
968.0,11.675346240257783,-6.2442158413162,35.319182833461575,0.1406332681769693,0.06828736647633014,0.11634423409239149,3.7982371924161975,-8.077989721145727,-7.2157,0.0,7.5938950253,1.8337738798295264,0.41496123446782024,0.20149293448770839,0.3432925055929127,0.0352214419794671,-0.10521720766160467,-0.13257254245302164,-0.5220067189089175,0.01597963223492336,-0.1299817159297535
969.0,11.67609464541162,-6.249889953425239,35.166623942594875,0.13560549774816635,0.0837541425173777,0.10574094112179587,3.919982731006266,-8.009462393834625,-7.2157,0.0,7.5938950253,1.7595724404093858,0.4001003365675991,0.2471143218128603,0.3119857736916664,0.035321431614752215,-0.10410960529271047,-0.1358462606619558,-0.5206132128118753,0.016014240218508807,-0.12744793522022857
970.0,11.676829342474392,-6.23791106678017,35.02598931535313,0.13019140887431419,0.09723501334687126,0.09374084755795425,4.038089903539668,-7.925943792282394,-7.2157,0.0,7.5938950253,1.6880327255022234,0.3841020455275152,0.2868712140559454,0.2765624214978208,0.035371486194474305,-0.10287710777706668,-0.1383458007898649,-0.5188857811019081,0.015979539971801307,-0.12471336249351553
971.0,11.677592984059652,-6.210207208918082,34.898552774036254,0.1243541845222019,0.10866828536787,0.08075933041892244,4.1523263428002535,-7.829318392714251,-7.2157,0.0,7.5938950253,1.6191111837961687,0.3668565656156776,0.3205816846017245,0.23824763688284295,0.03537607291983521,-0.1015567140383544,-0.14009765253052567,-0.5168867117987753,0.0158850367735198,-0.12186032560981477
972.0,11.678422981007213,-6.168661369611112,34.78517290211257,0.1180604585150285,0.11807024679147106,0.06720037454293548,4.2623532479668675,-7.721516854424814,-7.2157,0.0,7.5938950253,1.5528554848137022,0.348264727391468,0.3482936016773193,0.19823334938023152,0.03533971910242246,-0.100177834665678,-0.1411438226619392,-0.5146685633610936,0.015739685592556084,-0.11896827052524789
973.0,11.679351720496538,-6.115041775121837,34.68631066448854,0.11128214044039696,0.12552774868723038,0.053444419959886955,4.367734528469334,-7.604444106466968,-7.2157,0.0,7.5938950253,1.489402331345131,0.32824336743312754,0.3702629260394632,0.1576423342390643,0.03526687191567864,-0.09876192279757673,-0.1415387699023121,-0.5122732815870074,0.015551605052465289,-0.11611137871588871
974.0,11.680406905399284,-6.050943310955638,34.60205800142615,0.1039979112477509,0.1311884594884154,0.039838301429797426,4.467950037121211,-7.479914929326798,-7.2157,0.0,7.5938950253,1.4289716183711594,0.3067297288101237,0.3869250845436551,0.11749843095124657,0.035161780522101824,-0.09732249648983925,-0.1413460711809683,-0.5097318021572388,0.01532785659982586,-0.11335663782335542
975.0,11.681607797430011,-5.977741184638481,34.532174939274064,0.09619466574004108,0.13524932467090015,0.026687765495898665,4.562411766448906,-7.3495991414115585,-7.2157,0.0,7.5938950253,1.371857956773077,0.283685798411541,0.39886112560101344,0.0787043647823871,0.03505957573207054,-0.0959014215179246,-0.14058538695007594,-0.5070883159619233,0.015099905491855569,-0.1107628987555549
976.0,11.682896395211495,-5.8965549331278435,34.47613006050423,0.08787388445520146,0.13794457512685526,0.014252528984055785,4.650484619541764,-7.214977601067714,-7.2157,0.0,7.5938950253,1.3184226679398705,0.25911856247586695,0.40676476554803304,0.042027217129304455,0.035014649696045015,-0.09455699626278039,-0.13924625022921427,-0.5043904253343797,0.01491423021852188,-0.10838123040347694
977.0,11.684254824036861,-5.808238921144589,34.43315176309561,0.07904236113648974,0.13953094773394578,0.0027444762321300383,4.731507631763887,-7.0773104488179355,-7.2157,0.0,7.5938950253,1.2690715276733462,0.23304946546957314,0.41139475489235255,0.008091847329654024,0.03495761061230265,-0.09319859389802619,-0.13751480763080487,-0.5015800943677602,0.01471433874759489,-0.10625064178980018
978.0,11.685688493147605,-5.713372933062189,34.402274416725525,0.06971324692561204,0.14027450977225017,-0.00767005729047722,4.804807312025511,-6.937619210205331,-7.2157,0.0,7.5938950253,1.2242462771431422,0.20551817361857852,0.413536341011292,-0.0226117163581662,0.034890644515963735,-0.09181320428802936,-0.13545942640119374,-0.4986467240141419,0.01450153793960545,-0.10440125115744264
979.0,11.687201170599561,-5.612266461488522,34.382380517421566,0.05990749096164613,0.14043867137815796,-0.016865811506906754,4.869713353120583,-6.796680791145304,-7.2157,0.0,7.5938950253,1.1844143296567822,0.17658745096477488,0.4139667109648412,-0.04971482889116134,0.03481565933407532,-0.09038447420334618,-0.13314140448008938,-0.49557144540441433,0.014276200197994363,-0.10285506964958646
980.0,11.688795369793626,-5.504975639228863,34.372238262300286,0.04965292931061298,0.14027323683421022,-0.0247520426832643,4.925572685120531,-6.655032856356073,-7.2157,0.0,7.5938950253,1.1500572171272099,0.14634043634393937,0.4134226715463376,-0.07295087675519042,0.03473421949216262,-0.08889383885102241,-0.13061307976760417,-0.4923279036563509,0.014037844385784117,-0.1016274294072378
981.0,11.690472769806588,-5.3913291565351775,34.370531790529185,0.03898315969588624,0.1400050025202322,-0.03126451200654428,4.97176103008214,-6.51298943541923,-7.2157,0.0,7.5938950253,1.1216602788840522,0.11487729178855953,0.412572907169245,-0.09213164085264534,0.03464750627710517,-0.08732162091629411,-0.127916503343612,-0.4888830848133556,0.01378524089239183,-0.10072864659748344
982.0,11.692234648301973,-5.27096150535169,34.37588301274372,0.027936306876220833,0.13982992983884834,-0.03635679830044594,5.007691821496327,-6.370665361319236,-7.2157,0.0,7.5938950253,1.0997038559675456,0.0823115341792747,0.41199490327094185,-0.10712166999079668,0.0345563007388997,-0.08564808018157984,-0.12508263558822202,-0.4851981964189871,0.013516535717006912,-0.10016575479057065
983.0,11.69408230979587,-5.143352092566139,34.386864740357616,0.016553784761589065,0.13990672896842898,-0.03999173008950175,5.0328225815551,-6.228008151503684,-7.2157,0.0,7.5938950253,1.0846560589375454,0.04876636489543385,0.4121560534018947,-0.11781301559928771,0.03446098545389805,-0.08385441228905362,-0.12213099162198594,-0.4812296320190708,0.013229389407273084,-0.09994414517374164
984.0,11.696017495723135,-5.007869122153805,34.40200561010368,0.004879156034356744,0.14035155040202835,-0.042133700806323414,5.046659045649246,-6.084836100504898,-7.2157,0.0,7.5938950253,1.0769669783510931,0.014371295652135775,0.4133980573402805,-0.12410258391872377,0.03436156182923681,-0.08192370727088666,-0.11906964608859368,-0.47693006892428663,0.01292112802327726,-0.10006896058163611
985.0,11.698042765364843,-4.863817592384283,34.41978803725346,-0.007042819255291348,0.14123341653944457,-0.04274257006611834,5.0487574812328635,-5.940881609577495,-7.2157,0.0,7.5938950253,1.0770640171932122,-0.02074065963095493,0.41592352647140624,-0.12587417983608754,0.0342576806514217,-0.07984188541421748,-0.11589550876231704,-0.4722497659119946,0.012588904780614966,-0.10054610619627896
986.0,11.70016183772955,-4.710491204565534,34.43864110401706,-0.01916686546816003,0.1425700459414933,-0.04176978349862921,5.038725766890256,-5.795839060319683,-7.2157,0.0,7.5938950253,1.0853478557541498,-0.056434989920297204,0.4197837731480083,-0.12298710577553966,0.03414868505802004,-0.07759862869995725,-0.1125948011604913,-0.46713814157874867,0.012229872404488536,-0.10138275751630663
987.0,11.702379883645026,-4.54722834285105,34.456930895801065,-0.031447533589389405,0.14432383072298588,-0.03915727678300883,5.016223879268921,-5.649416766289337,-7.2157,0.0,7.5938950253,1.102188423438287,-0.09257668465100458,0.42486707984548977,-0.11527297853831774,0.03403366677758963,-0.07518831982553956,-0.10914369781175569,-0.46154572223430784,0.011841367210943884,-0.10258726391084909
988.0,11.704703754617254,-4.373472468328443,34.47295134375697,-0.043839144254080566,0.14639791948404265,-0.034839668275881905,4.980964482625722,-5.501392629664316,-7.2157,0.0,7.5938950253,1.1279201613358731,-0.12903005075692847,0.43088731094417954,-0.10254224261170797,0.03391153802592165,-0.07261098757021445,-0.1055091403048616,-0.45542654693184165,0.01142110622101512,-0.10416836416281813
989.0,11.707142130792395,-4.18883718600082,34.48491911922529,-0.05629528321364753,0.14863262648694214,-0.02875017716941197,4.932714327861082,-5.351673015129097,-7.2157,0.0,7.5938950253,1.1628358291282774,-0.16565721036299505,0.43737352167335347,-0.08460165533321364,0.03378112249028431,-0.06987323739631562,-0.10164988300043644,-0.4487411017497532,0.010967397913469689,-0.10613365188127949
990.0,11.709705565368589,-3.9931758083203572,34.49097653663032,-0.06876781607612294,0.15080272037859377,-0.020830603903171402,4.871297140973107,-5.2003539670603285,-7.2157,0.0,7.5938950253,1.2071781587399713,-0.20231518637231116,0.4436621986813403,-0.06128371891660509,0.033641268929364275,-0.06698912075387684,-0.09751788065327725,-0.4414598202403888,0.010479365264993913,-0.1084872590493448
991.0,11.712406398287431,-3.7866543850630885,34.48920670375936,-0.08120541289938957,0.1526165228934976,-0.011045535940492722,4.79659860636912,-5.047783192331437,-7.2157,0.0,7.5938950253,1.2611288072683484,-0.238851554433171,0.44889487564654146,-0.03248851689483838,0.033490989558553924,-0.06398086749341075,-0.09306017314160146,-0.4335671263452916,0.00995717631426292,-0.11122677280802298
992.0,11.715258509761682,-3.5698258547845474,34.4776652115746,-0.09355161124541461,0.15371813559951922,0.0005993565878239966,4.7085739165221945,-4.894620190790326,-7.2157,0.0,7.5938950253,1.324794336005779,-0.2750987530253052,0.4520250037155316,0.0017624736520608553,0.03332962207943344,-0.06087937620534752,-0.08822145199546089,-0.4250659054932408,0.009402272557583548,-0.11433947235120034
993.0,11.71827688641618,-3.3437012068555747,34.4544323224435,-0.10574250461411355,0.15369445287061562,0.014035549582896312,4.607258153302891,-4.741890564926419,-7.2157,0.0,7.5938950253,1.3981893580708444,-0.3108673160111942,0.45183894805646785,0.04126243882249271,0.03315700860795024,-0.05772433181196272,-0.08294749576806525,-0.4159821677655688,0.0088175792240131,-0.11779807708890541
994.0,11.721476982008838,-3.1098114215488706,34.417688684536266,-0.11770422630095742,0.15208881945416913,0.029107734901701307,4.4927794786464155,-4.591028976894457,-7.2157,0.0,7.5938950253,1.4812175553455869,-0.34593853678097225,0.44699655497665647,0.08554907106866629,0.03297367693197128,-0.054563804605690464,-0.07718962206476297,-0.4063695189572286,0.008207674461953387,-0.12155633755405222
995.0,11.72483705232378,-2.870244182089842,34.36579260400032,-0.12934349380918775,0.1484236978857522,0.04555020764155575,4.365376054322805,-4.443903545756346,-7.2157,0.0,7.5938950253,1.5736593636665037,-0.38003797765730085,0.4360995696013331,0.13383594554438524,0.03291075338371275,-0.05194174289194276,-0.07064458324756688,-0.397952367771877,0.007826801801515064,-0.1253482232239186
996.0,11.728194254583274,-2.6276494117819142,34.29733830991215,-0.1405260236128204,0.14223524730309142,0.0629649459181429,4.225434983614099,-4.302811383680043,-7.2157,0.0,7.5938950253,1.6751619718981283,-0.41277637532050565,0.4177969910139084,0.18495109645991253,0.03295364149042848,-0.04986138453492967,-0.06331837741734327,-0.3906238803890151,0.007644589969408897,-0.12911081293519144
997.0,11.731532118778974,-2.385276835842528,34.21148202729243,-0.1511307649344999,0.13311252555193215,0.0808073597214673,4.073507465312837,-4.170438316402193,-7.2157,0.0,7.5938950253,1.7851614805596654,-0.4438000765185147,0.39088896990049316,0.23729326350719568,0.03299259087393861,-0.04796789736128977,-0.05543843832428541,-0.38310134041506694,0.007452548599464334,-0.13289491500717882
998.0,11.734861239758411,-2.1468595516850235,34.10801772004104,-0.16102835285608347,0.12074877298273115,0.09839208137882674,3.910304654159759,-4.049776065478798,-7.2157,0.0,7.5938950253,1.9029165137937745,-0.4727304944260493,0.3544818421168419,0.28884936380980714,0.03302803464673479,-0.04631688272948163,-0.04704110809087611,-0.375517410577324,0.0072544406365537065,-0.13655758404874965
999.0,11.738191392696411,-1.9164714389055169,33.98749667430997,-0.17007895129277087,0.10499474429847494,0.11491349402643852,3.7367077036817755,-3.943990599822873,-7.2157,0.0,7.5938950253,2.027519160917356,-0.49915865877613874,0.30814533688154283,0.33725552231785755,0.033060656095852584,-0.04495736259246692,-0.03820146963889593,-0.3680254920317666,0.00705460365801578,-0.13993565556732257
1000.0,11.741531058327919,-1.6983326587622372,33.851333245243396,-0.178137769597787,0.0859079156894716,0.12948725891079987,3.553772880236634,-3.8562439799968153,-7.2157,0.0,7.5938950253,2.157911321234578,-0.5226614938169482,0.25205636988910335,0.3799194540573239,0.03309118684461492,-0.04392701998124619,-0.029037773268116913,-0.36079273398227185,0.006857749518916699,-0.1428547480891818
1001.0,11.744887151429477,-1.4965647743815835,33.70185742421751,-0.18506304305237983,0.06378887768339069,0.14121331494826878,3.3627288270686115,-3.7894786251742074,-7.2157,0.0,7.5938950253,2.292913850792624,-0.5428252950372988,0.18710497664725087,0.41420565708677437,0.033120166919597266,-0.043247769702011066,-0.019712127984357196,-0.3539904908387828,0.006668689947152038,-0.14514206045389172
1002.0,11.748264986340544,-1.3149143180473817,33.542294015668375,-0.19072591778578152,0.039195339772995184,0.1492558321871582,3.1649645119855503,-3.746181459384908,-7.2157,0.0,7.5938950253,2.431267141337526,-0.5592747418754652,0.1149343717348583,0.43767002402703165,0.03314772833188566,-0.04292237388179705,-0.010426112867883346,-0.34778297231428246,0.006492005958141131,-0.14664193025587943
1003.0,11.751668451491307,-1.1564734059480108,33.3766553827795,-0.19502110105310255,0.01292606240205571,0.1529305532220758,2.9620071397835006,-3.7281531452912517,-7.2157,0.0,7.5938950253,2.571679739343241,-0.5717040911264645,0.037892734260581484,0.4483157077012273,0.03317347193293643,-0.0429327885140817,-0.0014105759590459371,-0.34231529337101335,0.006331694239965454,-0.14723223886158748
1004.0,11.755100302921035,-1.0234321494087049,33.209546708559834,-0.19787668260335875,-0.014028379022244963,0.15178595841095902,2.75549027296865,-3.7363121442708582,-7.2157,0.0,7.5938950253,2.7128799948621536,-0.579905874047862,-0.041112167898409935,0.4448304253055309,0.033196490942301024,-0.04324072114255319,0.0070900780297197125,-0.337702425243274,0.006190835540206482,-0.1468391066264753
1005.0,11.758562448438877,-0.916897466318761,33.04589754982705,-0.19926139642386329,-0.04056450965212873,0.14566344666304132,2.547113479595644,-3.7705624536579565,-7.2157,0.0,7.5938950253,2.8536649873391955,-0.5837920355403191,-0.11884508532770234,0.4267618392593562,0.033215553864794155,-0.04379051338967268,0.014837557926181966,-0.334020559229509,0.00607133381090373,-0.145447206000829
1006.0,11.762056099318448,-0.8368055373145344,32.890647603659815,-0.19918789211032759,-0.06556423207689475,0.1347242796864581,2.3385958799184126,-3.8297469080753186,-7.2157,0.0,7.5938950253,2.992941370760784,-0.5834033459165703,-0.19203171418132448,0.3945952472941715,0.03322940700695582,-0.044514021459214785,0.021620648318385692,-0.3313020849933577,0.0059737677088609244,-0.1431035842501704
1007.0,11.765581716097502,-0.7819412110647653,32.74842433296728,-0.19771130317949,-0.08799725721505595,0.11943722243019322,2.1316268863761585,-3.911695407957566,-7.2157,0.0,7.5938950253,3.1297541968928004,-0.5789050264479917,-0.25765878680788173,0.3497160116690705,0.033237113742754246,-0.045336772496741534,0.027274224580379015,-0.32953480215439446,0.005897378061074295,-0.1399140714679885
1008.0,11.769138753907177,-0.7500607734974131,32.62325224712226,-0.1949233351231796,-0.10701132135539893,0.10052888265338476,1.927818015370753,-4.013362638583657,-7.2157,0.0,7.5938950253,3.2633018650862438,-0.5705692689504763,-0.31323787558113525,0.2942628241390534,0.03323833309108425,-0.046184451498146845,0.03169329462122669,-0.32866528408033296,0.005840190963156525,-0.13603282283637397
1009.0,11.772725288808603,-0.7380985512086864,32.51832765012851,-0.190942969407428,-0.12199680822061823,0.07890624852557834,1.7286597699222597,-4.131036081639729,-7.2157,0.0,7.5938950253,3.392937530431042,-0.5587478799270943,-0.3569938090032185,0.23089982948045734,0.033233460874401995,-0.046988779411710424,0.03484001981033695,-0.32860566773867517,0.005799252661553197,-0.13164687249887164
1010.0,11.776337651942475,-0.7424269191998701,32.435880326470176,-0.1859054257369361,-0.13261844185235827,0.055565544217324014,1.5354871494834628,-4.260585999621655,-7.2157,0.0,7.5938950253,3.5181590804217846,-0.5438398682107297,-0.3879563797204938,0.16254909249914934,0.0332236028943863,-0.04769206148887277,0.036743098991852526,-0.32924271215621564,0.005770935980150805,-0.1269583648918901
1011.0,11.77997019792187,-0.7591352717699027,32.37712851344665,-0.17995112557238657,-0.13881373936344688,0.03150225478523883,1.3494563643617967,-4.397726129329487,-7.2157,0.0,7.5938950253,3.6385908575595844,-0.52625907976086,-0.4059546196402408,0.09212694591900833,0.033210401029036676,-0.04825002593193822,0.03749033967948001,-0.33044781517616684,0.005751272090526696,-0.12216721645120378
1012.0,11.783615293417338,-0.7842962878777923,32.34231951047978,-0.1732160985553975,-0.14076380444032574,0.007634429272187754,1.1715339839976424,-4.5382568947513775,-7.2157,0.0,7.5938950253,3.7539606068735853,-0.5064060941099243,-0.4115301579540013,0.022319643155169093,0.03319577023177092,-0.04863292554146806,0.03721629103205851,-0.3320867875062431,0.005736265664643073,-0.11745643178648908
1013.0,11.787263550522415,-0.8141953581299438,32.3308382224887,-0.1658247367124496,-0.13884549980132835,-0.015253364228828545,1.0024982848154678,-4.678270176976325,-7.2157,0.0,7.5938950253,3.864074818846381,-0.4846470222081954,-0.40579626031554783,-0.04458018567505891,0.03318161703097902,-0.04882514940984324,0.036087277946594214,-0.33402846801764163,0.005722162552967573,-0.11298142115856147
1014.0,11.790904270214307,-0.8455086875599039,32.341361012050434,-0.1578852221894078,-0.1335748208579827,-0.03654308682550195,0.8429512633222611,-4.814303651896894,-7.2157,0.0,7.5938950253,3.9687949643369898,-0.46130014965563265,-0.39027138827528335,-0.1067695328778766,0.033169599909073096,-0.04882374529098067,0.03428607723569229,-0.3361516209715498,0.0057056528021713175,-0.10886374167582301
1015.0,11.794526020694034,-0.8754249138845349,32.37203200850227,-0.14948748089901906,-0.12555001545718913,-0.05579497552590345,0.6933388478903133,-4.9434412392167495,-7.2157,0.0,7.5938950253,4.068016325332215,-0.4366299847857872,-0.3667123227259331,-0.1629685587614879,0.033160968248335594,-0.048636290362301354,0.031997994265846416,-0.33834989418194844,0.005684004390974603,-0.10518894010009758
1016.0,11.798117260181973,-0.9017125082140461,32.4206421732965,-0.14070321583210257,-0.11540060433530631,-0.07274215606629031,0.5539763814379488,-5.063362893760634,-7.2157,0.0,7.5938950253,4.161650385546588,-0.41084739865868825,-0.3369648505502296,-0.21240399813122807,0.0331564903346628,-0.04827850050210121,0.02939945265982045,-0.3405348831346296,0.005655132406796948,-0.10200771394651911
1017.0,11.801666920900503,-0.9227401342549335,32.48479626103908,-0.13158744880391093,-0.10374585792318002,-0.08727323444667995,0.42507642884388486,-5.172351291348537,-7.2157,0.0,7.5938950253,4.249611157093604,-0.3841141799440681,-0.30284237213338006,-0.2547574801796486,0.03315646017570383,-0.0477718774751646,0.026649588790233877,-0.3426375204677797,0.0056176139578835,-0.09933942406857774
1018.0,11.80516489268174,-0.9374596584155171,32.56205801340242,-0.12218100530954298,-0.09116405325164167,-0.09940779470636481,0.3067762960335194,-5.269265060564013,-7.2157,0.0,7.5938950253,4.331805402148496,-0.3565503464947859,-0.2660362360940827,-0.290093239591871,0.03316076104074399,-0.04714159281205939,0.023884853303707283,-0.34460810104418366,0.005570661425845355,-0.0971770167865176
1019.0,11.80860237201525,-0.9453620998282257,32.65006857433293,-0.1125134615541733,-0.07817222160474094,-0.10926889082633678,0.1991632015700351,-5.353488542160292,-7.2157,0.0,7.5938950253,4.408126442332066,-0.32824280371460923,-0.22805688170730862,-0.3187772075286575,0.03316896032537932,-0.04641471718426633,0.02121629964132416,-0.34641527832197366,0.005514066628402632,-0.09549256268996724
1020.0,11.811972068014686,-0.9464161770459323,32.74663672030816,-0.1026061871693322,-0.06521513479453374,-0.11705555356166705,0.10229567458500574,-5.424867279357382,-7.2157,0.0,7.5938950253,4.47845110231145,-0.2992542758846541,-0.19020205777114557,-0.3413963220518527,0.033180413103350265,-0.045618835960013926,0.018729072752512066,-0.3480443517031078,0.005448127106832783,-0.09424281486973246
1021.0,11.815268276772777,-0.9409977514165514,32.84980204263801,-0.09247523254435372,-0.05266182045840345,-0.12301729308309199,0.01622037667633909,-5.48363701607779,-7.2157,0.0,7.5938950253,4.542639264661238,-0.26963177530346755,-0.1535470606586624,-0.3586838358163859,0.03319435769004374,-0.044781044272838785,0.016483559328357447,-0.3494951244215002,0.005373563780454025,-0.09337438476843046
1022.0,11.818486848147945,-0.9298168445605359,32.95787376402032,-0.08213390819419332,-0.04080780134925465,-0.12743171438704398,-0.059015918601138515,-5.530352341764964,-7.2157,0.0,7.5938950253,4.600535497204428,-0.23941416305196198,-0.11895167076334547,-0.37145386012944787,0.03320999325193584,-0.043927286492731726,0.014517684794605025,-0.3507795617150984,0.005291437147344403,-0.0928283000557095
1023.0,11.821625074717469,-0.913847268627162,33.069448649580266,-0.0715949801808218,-0.02988136592470997,-0.13058571057253374,-0.12335903659498285,-5.565819499763965,-7.2157,0.0,7.5938950253,4.651972231136803,-0.20863857986024467,-0.08707881104331681,-0.3805464731617116,0.03322653540471,-0.04308198995606217,0.012849906149723585,-0.35191942743628113,0.005203067301430574,-0.09254383779708772
1024.0,11.824681532914719,-0.894262402128179,33.18341169197191,-0.06087246075129459,-0.02005239068999766,-0.1327602472492403,-0.17674436035054153,-5.591036410527594,-7.2157,0.0,7.5938950253,4.696774008399415,-0.1773456872428078,-0.05842058894757734,-0.3867833991981485,0.033243250100470426,-0.042267936808748977,0.011482529267801998,-0.35294402851955525,0.005109961388140426,-0.09246161840354186
1025.0,11.827655903101174,-0.8723793311211635,33.29892309919806,-0.049983010418037516,-0.011442477742909858,-0.1342184632660959,-0.2190974239810634,-5.607141705242099,-7.2157,0.0,7.5938950253,4.734762374120935,-0.1455837676550864,-0.03332810503388828,-0.39093342733319214,0.03325946877309096,-0.04150631720313438,0.010405059431311637,-0.35388815296722875,0.005013750746279927,-0.09252600703235835
1026.0,11.830548790239211,-0.8496124659989102,33.41539473964381,-0.0389469905459692,-0.004135404116506941,-0.13519664958818473,-0.25033745694788717,-5.615373526688893,-7.2157,0.0,7.5938950253,4.765761060689983,-0.1134117992409302,-0.01204210170970298,-0.3936862660298272,0.03327458891499901,-0.04081690930101343,0.00959736678236944,-0.35479024907539214,0.004916138854471613,-0.09268690582129915
1027.0,11.8333615612886,-0.8274368238142029,33.53245871079991,-0.027789217425726976,0.001812915620729755,-0.1358975969644235,-0.27038320238958896,-5.617038014374087,-7.2157,0.0,7.5938950253,4.789601190559884,-0.08090165548968864,0.005277869928225112,-0.39563332795812733,0.03328806438695509,-0.040218334914812116,0.009032510956573599,-0.35569086175941833,0.004818860277264305,-0.09290103833535904
1028.0,11.836096210355375,-0.8073604112567092,33.6499301767215,-0.01653947222048282,0.006365580840681616,-0.1364858006266008,-0.2791603920201998,-5.613486722413825,-7.2157,0.0,7.5938950253,4.806126311157115,-0.04813958993482409,0.0185275834248138,-0.39725393812469045,0.033299389230926214,-0.0397283431939298,0.008679121000873171,-0.356631316083864,0.004723650053651015,-0.09313283126155862
1029.0,11.838755258454004,-0.7909045299393198,33.76776612520821,-0.0052328177079815266,0.009497457993444066,-0.1370840613147046,-0.27661034895677755,-5.606101692578916,-7.2157,0.0,7.5938950253,4.8151971626395955,-0.015227155735923604,0.02763697878123673,-0.39890561205066083,0.03330807793221543,-0.039364078072111265,0.008503268841805075,-0.3576526184175594,0.00463222236299085,-0.09335499078850015
1030.0,11.841341691625876,-0.7795903338094701,33.886021277259516,0.006090236478569981,0.011189907936939865,-0.13777111650139098,-0.26269928784363594,-5.596286496638248,-7.2157,0.0,7.5938950253,4.816696162828778,0.017718317075092197,0.03255478462378939,-0.40081733025484884,0.03331364424590691,-0.0391422881780479,0.00846980888053405,-0.3587945319524479,0.004546256823283805,-0.0935488544484692
1031.0,11.84385893894927,-0.7749295861237394,34.004802078316764,0.01738369244172052,0.011427759598257991,-0.13858006617388696,-0.23742797211920275,-5.585461254593706,-7.2157,0.0,7.5938950253,4.810531668469967,0.05056360496221857,0.033239700015788416,-0.40308511814426756,0.03331558006290731,-0.03907944087813305,0.008543184981350354,-0.3600947755533133,0.004467390415439846,-0.09370457526377585
1032.0,11.84631089036217,-0.7784172885659869,34.124219545255215,0.02859613656026888,0.010198703703106136,-0.13949751566021196,-0.2008414585084436,-5.5750594216530756,-7.2157,0.0,7.5938950253,4.796642133087088,0.08315980507507557,0.02965862924109574,-0.4056697024897496,0.03331333546319692,-0.03919170570921862,0.00868773166034235,-0.3615882929343759,0.004397212782538278,-0.09382116566678356
1033.0,11.848701952784731,-0.7915236983137202,34.24434175736217,0.039670936152670214,0.00749516934391321,-0.14046353218093083,-0.153038700281242,-5.566524022210286,-7.2157,0.0,7.5938950253,4.775000323896566,0.11534290894525286,0.021792141023272583,-0.40839652334201826,0.03330630114313131,-0.03949477761405817,0.008867521167863782,-0.36330654285692554,0.004337262529476174,-0.09390639617973136
1034.0,11.851037141326287,-0.8156832345262283,34.36514697152356,0.050546590626427815,0.003318607927482474,-0.14137268497584543,-0.09418178927106577,-5.561301012342406,-7.2157,0.0,7.5938950253,4.745617777816177,0.1469348231985678,0.00964692302778292,-0.41095888396421193,0.033293794804431155,-0.04000351826120485,0.009045834561006442,-0.36527677023345234,0.004289022156554394,-0.0939765114124948
1035.0,11.85332219998545,-0.85227794093143,34.48647869847143,0.06115728485843008,-0.002314068197670662,-0.14207658703279133,-0.024504592345000756,-5.560827604118826,-7.2157,0.0,7.5938950253,4.708549663187396,0.17774497544456377,-0.006725511047852234,-0.41292545167511513,0.03327505378490339,-0.040731405472346445,0.00918436406366174,-0.36752123241374157,0.004253909416641555,-0.09405569779959633
1036.0,11.855563742913926,-0.9026135606464063,34.6080045569994,0.07143370341141311,-0.009362365636767542,-0.14238844900163306,0.05567951414664316,-5.56651372343938,-7.2157,0.0,7.5938950253,4.663900162792974,0.207572675233943,-0.027205243308604386,-0.4137535906749392,0.03324923704608283,-0.0416897972480428,0.009242285683389223,-0.3700563739676466,0.00423326320874832,-0.09417521893776243
1037.0,11.857769402951117,-0.9678869348067051,34.72918125137891,0.0813041643657987,-0.01775313670209613,-0.14209015826515328,0.1459711787680184,-5.579715334225327,-7.2157,0.0,7.5938950253,4.611828399418622,0.23621040072719585,-0.05157762295790642,-0.4128100139151196,0.033215440366923976,-0.04288703821165718,0.009175372511236127,-0.3728919659650521,0.004228322628190039,-0.09437213130783954
1038.0,11.859947969013536,-1.0491443824612174,34.849228485762055,0.09069611710987403,-0.02737154474202835,-0.14094227602495277,0.24588032020857406,-5.6016991671463545,-7.2157,0.0,7.5938950253,4.552554784685137,0.2634481401266251,-0.07950707025245976,-0.4093998912765451,0.03317272888339409,-0.04432746145916584,0.008935344777116876,-0.3760302504786441,0.004240198494541339,-0.09468751111648532
1039.0,11.862109488767407,-1.1472319304882252,34.96711489140737,0.09953801702700969,-0.03805328581276317,-0.1386970827954968,0.3548235834323873,-5.63359942153277,-7.2157,0.0,7.5938950253,4.486367491044545,0.2890788261419766,-0.11051455034124041,-0.40280478837507006,0.03312019055910201,-0.04601036518423443,0.008469664604857294,-0.3794651550360903,0.00426983755374665,-0.09516416547535453
1040.0,11.864265308938087,-1.2627396840824596,35.081558975001194,0.10776154165805958,-0.04957941050380883,-0.135114400988127,0.4721245373975479,-5.676368218777492,-7.2157,0.0,7.5938950253,4.413628534695032,0.3129047617742822,-0.14396261777536817,-0.3923286434377279,0.03305701238402099,-0.04792906706458922,0.0077219710776012425,-0.3831816623842151,0.004317980583118209,-0.09584386792737783
1041.0,11.866428024251256,-1.395944069930926,35.191047532388374,0.11530405265783632,-0.06167505075398421,-0.1299794228955783,0.5970171105293269,-5.730722819307709,-7.2157,0.0,7.5938950253,4.334778749376783,0.33474476109781987,-0.1790518169522054,-0.37734953682788724,0.032982577886741984,-0.05007015457252166,0.006633307250187407,-0.3871554329370355,0.004385116699488778,-0.09676424294417188
1042.0,11.868611308850692,-1.5467529869759744,35.29387290177334,0.12211114403098938,-0.07401309863440357,-0.1231212496490844,0.7286526655697596,-5.797093743933757,-7.2157,0.0,7.5938950253,4.250340756957782,0.35444154353007856,-0.21483147283236043,-0.3573734904645462,0.032896580035413105,-0.05241305111889091,0.005144208980605049,-0.3913527785285818,0.00447143722862397,-0.0979555140328385
1043.0,11.870829612442689,-1.7146597383642257,35.3881888351471,0.1281390635319396,-0.08622339339504827,-0.11443041395214466,0.8661109312068722,-5.875578698009956,-7.2157,0.0,7.5938950253,4.16091895964573,0.3718687642562296,-0.2502264794826069,-0.3320852787339606,0.03279913846209612,-0.05493000149066116,0.003197611496291327,-0.3957310715529854,0.004576793325761909,-0.09943740679208661
1044.0,11.873097717557695,-1.8987117997213838,35.472082844397484,0.13335676437910646,-0.09790728847817136,-0.10387343481111676,1.0084147527303855,-5.965907431538499,-7.2157,0.0,7.5938950253,4.067195631817115,0.386936976528585,-0.28407970424476664,-0.3013905818320057,0.0326909052977452,-0.05758654471705281,0.0007423956849228822,-0.40023964380154964,0.004700662037282734,-0.10121654154150173
1045.0,11.875430173089292,-2.097499798856898,35.54366087637116,0.13774735068358665,-0.10865669264247771,-0.09150253282320067,1.154548307109821,-6.067422213703772,-7.2157,0.0,7.5938950253,3.9699224148468737,0.3995978387210782,-0.3152073657100701,-0.2654440479051067,0.032573141207699434,-0.06034249095586645,-0.0022627335741781836,-0.40482118513351617,0.004842125478175093,-0.1032846429191035
1046.0,11.877840639922193,-2.309170527485189,35.601138440642075,0.1413087270668745,-0.11807595440200484,-0.07745905587524074,1.3034780861374475,-6.179077445956004,-7.2157,0.0,7.5938950253,3.8699069184708152,0.4098460145265694,-0.34246263714611624,-0.224659056792963,0.032447743788823355,-0.06315335866436482,-0.005845442324332012,-0.4094135990305855,0.0049998671819114085,-0.10561782860226555
1047.0,11.880341203079404,-2.5314655263790806,35.64293118977787,0.14405334638350525,-0.12580444278855904,-0.06196988186220137,1.454175628904919,-6.299460197597963,-7.2157,0.0,7.5938950253,3.767994671218882,0.41771845589968687,-0.3648012275053589,-0.17969706371728428,0.03231721501845348,-0.06597216954721985,-0.010016480793868434,-0.41395221780495695,0.0051721884395683135,-0.10817712194717341
1048.0,11.882941717182138,-2.761784105623872,35.6677376807376,0.14600705531034758,-0.13153749127176806,-0.04533695183630841,1.6056407318542492,-6.426831368825227,-7.2157,0.0,7.5938950253,3.6650472632013553,0.42329106505407066,-0.38134215265569604,-0.13143698150959174,0.032184562579443306,-0.06875145255871645,-0.014767327390353989,-0.4183722338814262,0.005357045681455512,-0.11091018341441738
1049.0,11.885649254782495,-2.9972670129095307,35.67460771263036,0.1472071456651216,-0.1350435633947623,-0.02792096875547068,1.7569237256634154,-6.559185094995131,-7.2157,0.0,7.5938950253,3.5619180820856005,0.4266730457423585,-0.39141746985993303,-0.08092762566074622,0.032053140155568816,-0.07144528329225566,-0.020069072384576437,-0.4226111734902179,0.005552107880575477,-0.11375410189760057
1050.0,11.888348430603507,-3.2348670836329374,35.66291338039287,0.14772654407787014,-0.13617341789949583,-0.010118641730921939,1.9071541813510893,-6.694321397672881,-7.2157,0.0,7.5938950253,3.4594543140399434,0.42808128254231165,-0.39460268800344084,-0.029321752274093206,0.032161327321128426,-0.07509055059202693,-0.02513124693208947,-0.4296897482569315,0.0062870202369108815,-0.11626318879172665
1051.0,11.89091657357471,-3.4715028036198357,35.63244356764747,0.14764464974323824,-0.1348671367854948,0.007661357131825413,2.055583965332237,-6.829925566531891,-7.2157,0.0,7.5938950253,3.3584227629120553,0.42775156584295754,-0.39073294590137214,0.022196249680022803,0.0322794446210974,-0.07857618132699601,-0.030624453159181567,-0.43649262132815875,0.007029358240854919,-0.1187473694203864
1052.0,11.89335437649269,-3.704180875218121,35.58349093150175,0.14701511136889717,-0.1311541904448768,0.025015282633754597,2.2015711168528047,-6.963653944060096,-7.2157,0.0,7.5938950253,3.2594730688419746,0.4258403833210309,-0.37989802689781,0.07245865711662927,0.03240486170423703,-0.08183987696802134,-0.03649171218982036,-0.44289714001482705,0.007762212856494002,-0.12114485557032953
1053.0,11.895662735404068,-3.9300504627631634,35.51675596985304,0.1458909644938111,-0.12514440318535883,0.04156359653075245,2.344576256381539,-7.093214315395911,-7.2157,0.0,7.5938950253,3.1631638526327475,0.42250220425748086,-0.36241988240844064,0.12036873710473306,0.03253733462907692,-0.08483988458919443,-0.042654766426951665,-0.44882824835638296,0.008475427823283616,-0.12339288587032035
1054.0,11.897842724141684,-4.146484712286308,35.433311560679,0.14432242828722555,-0.11701785992175745,0.05696667592656815,2.4841634985938326,-7.216438399566062,-7.2157,0.0,7.5938950253,3.069953687279754,0.4178831213163138,-0.3388232108771098,0.164946035274798,0.03267620888784741,-0.08754355534859946,-0.04902587726289301,-0.45422456761967944,0.00915973461480882,-0.12543501020087697
1055.0,11.899895883840822,-4.3511462641499845,35.33455366438606,0.1423551073229997,-0.10701197727165994,0.07093661619468272,2.619996601641639,-7.331344088776554,-7.2157,0.0,7.5938950253,2.9801978246265692,0.4121156600989081,-0.30979788840125605,0.2053603201037476,0.032820396434124384,-0.08992787521365819,-0.05551134956191145,-0.45903951699004253,0.009807014843787558,-0.1272233417363431
1056.0,11.901824532958235,-4.542034739275587,35.22214235496052,0.1400287015705794,-0.09540704790880909,0.08324493559649661,2.7518308831105203,-7.436185273221989,-7.2157,0.0,7.5938950253,2.8941505339464024,0.40531506373228665,-0.27615705401779567,0.2409536473469174,0.03296839533460009,-0.09197944014800322,-0.062015127218034635,-0.4632416233304676,0.010410483131986215,-0.1287201316368905
1057.0,11.903632058713335,-4.717515809304036,35.0979373642469,0.13737622110127798,-0.08251141632276122,0.09372638146651449,2.8795016505093627,-7.529488199412264,-7.2157,0.0,7.5938950253,2.8119723901082283,0.39757704149422235,-0.2387941998121851,0.271251146338812,0.03311834805895784,-0.09369394537452914,-0.06844223160530272,-0.46681408941146313,0.010964788694105929,-0.12989866603629263
1058.0,11.905323156093047,-4.876332790374788,34.96393197705718,0.13442366458825206,-0.0686472270072744,0.1022793157358942,3.0029100608594788,-7.610074304140096,-7.2157,0.0,7.5938950253,2.733741513765308,0.38897686222782024,-0.1986419805152679,0.2959619307182137,0.03326813013457179,-0.09507528666600583,-0.0747018632328884,-0.4697537369046586,0.011466040496949041,-0.1307435388823832
1059.0,11.9069039891287,-5.017602618296217,34.82218846020965,0.13119009874578236,-0.05413741842034364,0.10886329865244589,3.122007383340099,-7.677070215555959,-7.2157,0.0,7.5938950253,2.6594675972597424,0.3795696098598441,-0.15663467735052378,0.3149719391372363,0.03341545844738097,-0.09613438298456983,-0.08071004327341233,-0.472069466272109,0.011911765515943211,-0.13125038699330377
1060.0,11.90838225970666,-5.1407986344078385,34.674777514484546,0.127688065601801,-0.03929439079688922,0.11349452804866207,3.2367786325227605,-7.729906149483504,-7.2157,0.0,7.5938950253,2.589107515075666,0.3693913886914814,-0.11367553824109267,0.32833061670399566,0.03355800775799566,-0.09688782954073576,-0.0863917238115305,-0.4737803851818477,0.012300812456789038,-0.13142518973640027
1061.0,11.909767179880584,-5.24572286008015,34.523723546385376,0.12392424350061151,-0.024410569340794313,0.11623975459992722,3.3472264691217664,-7.768304257902979,-7.2157,0.0,7.5938950253,2.5225813978228286,0.3584612632737354,-0.07060961823090786,0.3362332349143071,0.0336935247397937,-0.09735648085534838,-0.09168234013173746,-0.4749137520934594,0.012633214444032308,-0.13128323808330436
1062.0,11.911069353259565,-5.3324704447836755,34.37095694094844,0.11990029239919786,-0.009750929929183813,0.11720921491846667,3.4533561497824565,-7.792258651162783,-7.2157,0.0,7.5938950253,2.4597882063791072,0.3467837312207407,-0.028202298727146205,0.33900041500775774,0.03381993058605653,-0.09756404855118546,-0.09652881262682408,-0.47550286649366547,0.012910023981417617,-0.13084787138948828
1063.0,11.912300578707898,-5.401388816911771,34.21827400401757,0.11561382144561659,0.004452549670484265,0.11654903091226743,3.555162162547573,-7.802008859955449,-7.2157,0.0,7.5938950253,2.400620043043678,0.3343515488452784,0.012876634125766903,0.3370561453179117,0.03393540552978547,-0.09753578139425609,-0.10089003014176044,-0.47558501585057195,0.01313313237044127,-0.1301490693283931
1064.0,11.913473594897894,-5.453033818217209,34.067304835264096,0.11105942490203713,0.018004612987885662,0.11443343437616832,3.652617024063358,-7.798008467758645,-7.2157,0.0,7.5938950253,2.3449746495414363,0.3211487529139876,0.05206364982403582,0.33090532184897886,0.03403845109314205,-0.09729727777743064,-0.10473686230977662,-0.4751995651279774,0.013305084118694434,-0.12922197419937945
1065.0,11.914601787146825,-5.488124814829279,33.91948907903299,0.1062297399751454,0.03074875617876123,0.11105710054793903,3.7456625497435514,-7.780890560270371,-7.2157,0.0,7.5938950253,2.292765745441092,0.3071537435763619,0.08890726432007699,0.3211116227152303,0.03412792825164721,-0.0968734647776256,-0.10805175781103314,-0.4743862503161981,0.013428894989664849,-0.12810540729671135
1066.0,11.915698878637771,-5.507500485018102,33.77605925975896,0.10111648657637094,0.04256771779685303,0.10662781648417703,3.8342037484353395,-7.751431525831437,-7.2157,0.0,7.5938950253,2.243931040813335,0.29234231227520047,0.12306939719084574,0.30827636006020337,0.03420307177662278,-0.09628776382452313,-0.11082799057534455,-0.47318371477628324,0.01350788046357908,-0.12684043300720033
1067.0,11.916778626884396,-5.512076710118038,33.63803121821101,0.09571145438052724,0.05338258626523324,0.1013596685784682,3.9181053444970826,-7.710514617951218,-7.2157,0.0,7.5938950253,2.1984379078331804,0.2766905139926411,0.15432275402753654,0.2930188343560059,0.03426348270787634,-0.09556145119201424,-0.11306861856944385,-0.47162830749005535,0.013545499650505236,-0.12546901593270354
1068.0,11.917854543682651,-5.502807729081672,33.506201018364116,0.09000740769431388,0.06315069190923853,0.0954669004438631,3.997190801886218,-7.659094541782442,-7.2157,0.0,7.5938950253,2.1562868127007695,0.26017729816250734,0.182544712917852,0.27595862227018125,0.03430910215141789,-0.09471321166581065,-0.11478522062337,-0.46975314598033535,0.013545218136659775,-0.12403280853448055
1069.0,11.918939653092304,-5.480651489039739,33.38114756699156,0.0839988832189742,0.07186245945763697,0.08915856691281057,4.071243615792156,-7.598164186614246,-7.2157,0.0,7.5938950253,2.117512697574507,0.2427868259357191,0.20770821905061804,0.25770015786173034,0.03434017041044844,-0.09375887615160654,-0.11599647692702252,-0.46758743435026323,0.013510391973035892,-0.1225720997090157
1070.0,11.920046297826863,-5.4465398956292415,33.26324009177074,0.07768286123515204,0.07953740752859927,0.08263408094194778,4.140010556207618,-7.528724456386012,-7.2157,0.0,7.5938950253,2.0821845607567706,0.22451041738310026,0.2298702220527268,0.23881988520204736,0.03435717584675891,-0.09271132799093,-0.11672665762644889,-0.4651560180435635,0.013444173914376467,-0.12112494665146531
1071.0,11.921186000087312,-5.401354458233427,33.15264955088645,0.07105929664303304,0.08621949145982004,0.0760797178857555,4.203206492858029,-7.451757976982979,-7.2157,0.0,7.5938950253,2.050403518749552,0.20534808947151392,0.24915821972487018,0.21985616876920477,0.03436079789485588,-0.09158055857721872,-0.11700408160439664,-0.4624791516461756,0.013349442141876312,-0.11972650361921525
1072.0,11.922369378746573,-5.345907624321534,33.04936300783574,0.06413150301491767,0.09197199192884908,0.06966610246445978,4.2605204040272655,-7.3682072726207295,-7.2157,0.0,7.5938950253,2.022299648299195,0.1853096652752916,0.2657554904813691,0.2013020360012497,0.03435184836887025,-0.09037385023774502,-0.1168596034743445,-0.45957245377143296,0.013228750994695785,-0.11840855140589883
1073.0,11.923606121128568,-5.280929908332317,32.953200005018914,0.05690639008315167,0.09687215111660645,0.06354665884237586,4.311622171545599,-7.278957811948831,-7.2157,0.0,7.5938950253,1.9980279036165136,0.16441545606666022,0.2798855960239672,0.18360069721194736,0.03433121468880587,-0.08909606320237774,-0.11632518089960038,-0.4564470233551412,0.013084302680744583,-0.11719922087012075
1074.0,11.92490500460591,-5.207062748110729,32.86383001418784,0.04939456251083262,0.10100574874206382,0.057856955978922375,4.356169787959594,-7.184826134424198,-7.2157,0.0,7.5938950253,1.9777633863134696,0.14269653953980654,0.29179670972809507,0.16714364875057935,0.03429980798940886,-0.08775000366720423,-0.11543256662025224,-0.45310969398856993,0.012917938518794697,-0.11612289333058742
1075.0,11.92627396095124,-5.124856871584548,32.7807901331974,0.04161029486962764,0.10446179181346274,0.05271483251294266,4.39381664574479,-7.086553087362303,-7.2157,0.0,7.5938950253,1.9616962157777547,0.12019467798175067,0.30174627379486746,0.15227102664393502,0.03425851834419436,-0.0863368512690371,-0.1142121604103802,-0.44956340667040284,0.01273114796951782,-0.11520025080919014
1076.0,11.927720174822536,-5.034775833581977,32.7035023350664,0.03357140395327308,0.10732746591036638,0.0482211419992237,4.424218637429008,-6.984802041835224,-7.2157,0.0,7.5938950253,1.9500262082532478,0.09696193817754993,0.30998641370014646,0.1392737520267969,0.034208178614683636,-0.08485662642823662,-0.11269204626948205,-0.44580768599158827,0.012525093531253556,-0.11444844075828123
1077.0,11.92925020687577,-4.9372042907158,32.631289751310725,0.025299044429820436,0.10968346538178174,0.04446092409640895,4.447040864201598,-6.880161817257249,-7.2157,0.0,7.5938950253,1.9429575265414485,0.07306008889854365,0.31675045093986526,0.12839690748027574,0.034149537782724754,-0.08330868063607089,-0.11089723034417855,-0.4418392097159708,0.012300649493221998,-0.11388131371331375
1078.0,11.930870131661798,-4.832460520809809,32.56339167759016,0.01681745705122801,0.11159978929340066,0.04150478318380456,4.461963823447498,-6.773153932834674,-7.2157,0.0,7.5938950253,1.9406934120248653,0.048559861017790515,0.3222407669122917,0.11984371340088595,0.034083244084512056,-0.08169219546078743,-0.10884908629907096,-0.4376524664320295,0.012058452534543632,-0.11350968873090515
1079.0,11.932585680533993,-4.720812657799697,32.49897721416523,0.008153700016065123,0.1131320639667435,0.03941024462232294,4.468689017455787,-6.664243717801292,-7.2157,0.0,7.5938950253,1.9434310600015952,0.02354015911334929,0.326618195586248,0.11377944090138459,0.03400983785824149,-0.08000667842175103,-0.10656500792354258,-0.43324049988104524,0.011798962203962421,-0.11334160074322373
1080.0,11.934402380123549,-4.60249809442765,32.437157683376206,-0.0006626064264973336,0.11431843584999195,0.03822286121848521,4.466943991737809,-6.553854746171857,-7.2157,0.0,7.5938950253,1.9513566517442067,-0.001912688265886744,0.32999307293269364,0.11033460470294483,0.03392975373902305,-0.07825244557154383,-0.10405826424171712,-0.4285957411663533,0.011522529376717654,-0.11338248612914917
1081.0,11.936325677408163,-4.477745490756628,32.37699818771842,-0.00959949439582499,0.11517707350378105,0.037976858492580465,4.456486868167787,-6.442386006804704,-7.2157,0.0,7.5938950253,1.9646405160480764,-0.02770555955607766,0.3324180563969691,0.10960682629040666,0.03384333165826944,-0.07643108135285116,-0.10133805050146881,-0.42371093076072674,0.011229470819605621,-0.11363526780272207
1082.0,11.938361042928396,-4.346798801683125,32.31752887140628,-0.018622798219481013,0.11570432629614967,0.038695137026205924,4.437110482549719,-6.3302311648033855,-7.2157,0.0,7.5938950253,1.9834323631202606,-0.05373898446815208,0.3338828526436168,0.11166084404378233,0.03375083598550495,-0.07454586590195143,-0.09840972896110987,-0.41858013049714754,0.010920147958683922,-0.11410030885794009
1083.0,11.940514044276009,-4.209942685980664,32.25775661175108,-0.0276962219714484,0.11587360954019173,0.040388493713684206,4.4086462659491135,-6.21779920409753,-7.2157,0.0,7.5938950253,2.007856518116866,-0.07990735100502531,0.3343110551068108,0.11652627376653155,0.03365248203114761,-0.07260215844672209,-0.0952752557521297,-0.41319982102514197,0.010595047795417253,-0.11477521424528869
1084.0,11.942790382639531,-4.067528569641045,32.19667797974611,-0.03678131464747739,0.11563511848146252,0.04305398199846328,4.370968022512059,-6.1055356533360765,-7.2157,0.0,7.5938950253,2.0380070836950317,-0.10609884700375566,0.33355938637901,0.12419289230790713,0.03354846894744836,-0.07060772296167335,-0.09193379325934137,-0.40757007210902363,0.010254863625944988,-0.11565447313030942
1085.0,11.945195886061931,-3.9200004986250625,32.133294356228,-0.045837352446445226,0.11491651139965395,0.04667240550358363,4.323995752297832,-5.993943481720339,-7.2157,0.0,7.5938950253,2.0739429830952765,-0.13219513575516859,0.3314197486152094,0.13460343262135768,0.03343901776498247,-0.06857297915204869,-0.08838251007413027,-0.40169576140805824,0.009900572773026788,-0.11672895058218946
1086.0,11.947736454317441,-3.767919729240654,32.066630053539456,-0.054821139114205865,0.1136247371184376,0.051205031251073244,4.267699645096222,-5.883602608033055,-7.2157,0.0,7.5938950253,2.1156828787924007,-0.1580707985738948,0.32762458468153405,0.147644144423861,0.033324412845427975,-0.06651115869265005,-0.0846175710435695,-0.39558780214011957,0.009533507957554333,-0.1179852560676363
1087.0,11.950417952153117,-3.6119867773093453,31.99575415427259,-0.0636867487163349,0.11164920380750594,0.056589718285947374,4.202104330086009,-5.775186803404574,-7.2157,0.0,7.5938950253,2.1632000260952284,-0.18359261592875428,0.3218561130303887,0.16313369145383247,0.033205044412330006,-0.0644383441739054,-0.08063531654648146,-0.38926432196256566,0.009155418269762503,-0.1194050376057871
1088.0,11.953246050257146,-3.453059402393751,31.919806520542227,-0.07238525020331145,0.10886648130800508,0.06273678279535276,4.127293407179269,-5.669476605494768,-7.2157,0.0,7.5938950253,2.2164172031010168,-0.20861880187352408,0.31375998329592597,0.1808113175461161,0.03308144908367804,-0.06237336727875898,-0.07643362124919638,-0.38275171592265717,0.00876851504703897,-0.12096427353710396
1089.0,11.956226016830017,-3.2921647783219963,31.838028035634416,-0.08086446886161734,0.10514668435067741,0.06952505506830711,4.043414210934259,-5.567366729964078,-7.2157,0.0,7.5938950253,2.275201951642082,-0.23299835151672035,0.3029637672273802,0.20032559971112093,0.0329543445798601,-0.0603375442674554,-0.0720134069676004,-0.37608547775561557,0.008375497469869599,-0.12263265696755657
1090.0,11.959362467022565,-3.130503949497082,31.749794610947756,-0.08906885461266881,0.10036158582772797,0.07679871372504557,3.9506826707202665,-5.4698664074352275,-7.2157,0.0,7.5938950253,2.3393624579381456,-0.2565707034858659,0.28910041327863584,0.22122547879314378,0.03282465419301417,-0.058354231767962256,-0.0673802613793573,-0.36931069941884287,0.007979552535344377,-0.1243731882266019
1091.0,11.962659120954818,-2.9694466261613717,31.654653870564132,-0.09693954722834879,0.09439434196896729,0.08436559344321058,3.8493879567522065,-5.378091150002187,-7.2157,0.0,7.5938950253,2.4086445238408154,-0.2791659754114989,0.27183630729179964,0.24295557239673538,0.032724069741866466,-0.056568293372130145,-0.06247683934661269,-0.36283792866853387,0.007638224413054666,-0.1260988107889398
1092.0,11.966003792093172,-2.810492870498857,31.552297012862574,-0.10439463837051424,0.08715300178456117,0.09199826917415728,3.73990464986102,-5.293243813236438,-7.2157,0.0,7.5938950253,2.4827509427375807,-0.30055107405536857,0.25091258231608243,0.26486205654923306,0.032751776290839696,-0.055393149175022235,-0.05709599415343869,-0.3578617956132885,0.007525293588101518,-0.12762277899075028
1093.0,11.969349334648182,-2.65528877093093,31.442697184582023,-0.11136172024784786,0.07858057800129552,0.09943532194639383,3.62270714861338,-5.216583438678264,-7.2157,0.0,7.5938950253,2.5612946677473345,-0.3205196168377288,0.22616942963710412,0.28619323785104944,0.03277715125415076,-0.054337977374636096,-0.05156173531031857,-0.35290952926134894,0.007410208684583871,-0.12907784252612356
1094.0,11.972700484305374,-2.5055707328210293,31.32613438336343,-0.11777683744689249,0.06866552883592718,0.1063903198767615,3.4983541025469793,-5.149386151146589,-7.2157,0.0,7.5938950253,2.64381541832556,-0.33888862879048687,0.197576768206854,0.3061252993473741,0.03280010975989349,-0.05342082908541736,-0.04591603066366612,-0.3480388477928187,0.007294700063359657,-0.1304067909935007
1095.0,11.976061806285955,-2.3630974856829257,31.203186682280588,-0.1235769576865176,0.057452179531137786,0.1125634109999867,3.367485887166266,-5.092896017039862,-7.2157,0.0,7.5938950253,2.729798531356936,-0.35547797440941836,0.16526531149069776,0.32379671812600114,0.032820588256501505,-0.05265658027875811,-0.040211864402172184,-0.34331113368267213,0.00718059506275989,-0.13155103662477322
1096.0,11.979437577307683,-2.229585045743816,31.074737804551138,-0.1287019208407515,0.045047608231001,0.11765560215070058,3.2308219839598973,-5.048268560244208,-7.2157,0.0,7.5938950253,2.8186835145003917,-0.3701159711673508,0.12954615720004142,0.33834939811945486,0.032838521392066174,-0.052055894250343626,-0.03451286523971203,-0.33878916808641896,0.007069745771467559,-0.1324534632277036
1097.0,11.982831694663544,-2.1066355023939454,30.941968758402787,-0.13309666897422018,0.03162440195984442,0.12138562739654425,3.0891557875684192,-5.016510522592868,-7.2157,0.0,7.5938950253,2.9098750201989225,-0.3826458021774485,0.09091846362173499,0.3489771842220943,0.03285382087576513,-0.051624370630695526,-0.02889200399961531,-0.33453451569004666,0.0069639467091412045,-0.13306168537359042
1098.0,11.986247613251159,-1.9956645728353362,30.806331492188548,-0.13671359328399618,0.0174182840234421,0.12350806300433671,2.943346661936318,-4.998420300380954,-7.2157,0.0,7.5938950253,3.002755727545618,-0.3929322537461066,0.05006236346596045,0.3549778802997138,0.03286636240019146,-0.05136198404985377,-0.023429300478708327,-0.3306047385423078,0.006864847982493591,-0.1333314500824045
1099.0,11.98968830568202,-1.897833735138934,30.66950413980308,-0.13951478381330823,0.0027201133300539526,0.12383090998966005,2.794309257671955,-4.99453411151563,-7.2157,0.0,7.5938950253,3.0967003763766963,-0.4008681610255646,0.00781570811777898,0.3558036489674303,0.03287598566162542,-0.051262894971905656,-0.01820859510038862,-0.32705065936947364,0.006773870895829346,-0.13322984269148697
1100.0,11.993156236152013,-1.8139929749457875,30.533329374866135,-0.14147394405718286,-0.012137560877158834,0.12223065260207829,2.643000319420813,-5.00508300644467,-7.2157,0.0,7.5938950253,3.191090031498882,-0.40637987839085254,-0.03486479822198007,0.351104071290965,0.03288250991436777,-0.05131567876382086,-0.013313574387160965,-0.32391391147441434,0.006692133648067811,-0.13273793140854842
1101.0,11.99665333698938,-1.7446396292564348,30.399739406688315,-0.14257774510344043,-0.026798445374472936,0.11866289919524489,2.4904034348008297,-5.029965227115104,-7.2157,0.0,7.5938950253,3.2853255978586695,-0.40943112890233474,-0.076955332226202,0.3407564395206634,0.03288576381837477,-0.0515039713927079,-0.00882336720691353,-0.3212249976931505,0.006620394388306297,-0.13185251494824174
1102.0,12.000180978328158,-1.6898974580285229,30.270672899439194,-0.14282644601293848,-0.04090331585617139,0.11316714879544044,2.3375123808820324,-5.068737131751293,-7.2157,0.0,7.5938950253,3.37883967372277,-0.4100247382961742,-0.11742483165794891,0.32487912332686086,0.032885624535710464,-0.05180747888559673,-0.0048081231659802305,-0.319002034327754,0.006559017430206175,-0.13058672737455382
1103.0,12.003739926046437,-1.6495181000596373,30.14799023697013,-0.14223369206269693,-0.054111591863295214,0.10586494592811062,2.1853138797684637,-5.120624113043683,-7.2157,0.0,7.5938950253,3.4711060129840456,-0.4082020038544572,-0.15529696171154023,0.3038259250610577,0.0328820582081507,-0.05220325267908068,-0.0013250216241477639,-0.3172502840843998,0.006507966024196453,-0.1289693915945108
1104.0,12.007330289767449,-1.62290478788611,30.033393888356105,-0.14082550473853098,-0.06612142729321037,0.09695155428192191,2.03477066492465,-5.184550921016388,-7.2157,0.0,7.5938950253,3.561646133130278,-0.4040397424876993,-0.18970771314521856,0.27816183651236076,0.03287515300284629,-0.052667102880352965,0.0015848723054838927,-0.3159624973688044,0.006466822154520435,-0.12704317279038388
1105.0,12.010951468887848,-1.6091558649062225,29.928360041970915,-0.13863857939772187,-0.07668629552842685,0.08668213882922339,1.8868057588557425,-5.259188778521416,-7.2157,0.0,7.5938950253,3.6500329136151937,-0.39764535495985653,-0.2199528395229563,0.2486230745667356,0.032865137223621305,-0.05317501076957248,0.003898590393020235,-0.31511999454193484,0.006434830769924328,-0.1248617373904182
1106.0,12.014602109493792,-1.607123851392363,29.83408633727971,-0.13571808423316967,-0.08562658297336204,0.07535409956680506,1.7422887803257567,-5.3430151717694665,-7.2157,0.0,7.5938950253,3.7358913203771036,-0.38915046534401515,-0.24552088837810102,0.21606614238395355,0.03285237810110577,-0.05370441332036381,0.005611914217430153,-0.3146943533414394,0.006410963417566891,-0.12248623705779581
1107.0,12.018280085950542,-1.6154845245479454,29.751458612168587,-0.13211519991229917,-0.09283543651231939,0.06328756916116464,1.6020249259724966,-5.434381162048542,-7.2157,0.0,7.5938950253,3.8188966375005964,-0.37870382487584814,-0.26610968998701406,0.18141171132721878,0.032837360977802495,-0.05423525990543536,0.006738699527318495,-0.31464951661689194,0.006393994537814883,-0.11998149849758022
1108.0,12.021982518893262,-1.6328100875330773,29.681037510644455,-0.12788464299987004,-0.09827887681301434,0.05080610035453596,1.466747045033862,-5.531580834751286,-7.2157,0.0,7.5938950253,3.8987707472182085,-0.36646417880094395,-0.2816263707660116,0.14558914509009727,0.03282065246128243,-0.05475077987134683,0.0073090262700042236,-0.3149441179131125,0.006382583126337402,-0.11741229651797672
1109.0,12.025705836232206,-1.6576408041872166,29.62306384497957,-0.12308238601437581,-0.10199085408662027,0.03821929096200051,1.337110965397199,-5.632917879211755,-7.2157,0.0,7.5938950253,3.9752770750245383,-0.3525937068425538,-0.29217286462288156,0.10948667725381855,0.032802853838893316,-0.05523793999185753,0.007366444798495207,-0.31553382964632065,0.006375352865809268,-0.11484003247654848
1110.0,12.029445877349449,-1.688550380553375,29.57748005731009,-0.11776373224583232,-0.10406438626750329,0.02580861316502811,1.2136939720040334,-5.736765192462313,-7.2157,0.0,7.5938950253,4.048214811908938,-0.3372524900342982,-0.2980202200057952,0.07391086277792232,0.03278455211012077,-0.05568760658756655,0.006964651976116704,-0.3163735670097221,0.0063709650108289525,-0.1123200491166324
1111.0,12.033198034394541,-1.7242016361156267,29.543964118358375,-0.11198183829230522,-0.10464014435659161,0.013817151155046538,1.096996113847936,-5.8416145962822235,-7.2157,0.0,7.5938950253,4.117412960166597,-0.32059426913304534,-0.2995756375637478,0.03955730271626861,0.03276627543599066,-0.056094453633529134,0.006163940396734086,-0.3174194217380336,0.006368179935653931,-0.1098997077995702
1112.0,12.036957419783326,-1.763390392490521,29.521971762479417,-0.10578671410924811,-0.10389385242608008,0.002443414546779994,0.9874438459235048,-5.946115038399481,-7.2157,0.0,7.5938950253,4.1827246459089595,-0.3027635783668992,-0.29734617239701816,0.00699309868773184,0.03274845806410455,-0.05645667372243368,0.005027728847857661,-0.31863024537587015,0.0063659050017059555,-0.10761725450653033
1113.0,12.040719046399298,-1.8050768157409516,29.510783020344533,-0.09922467813501974,-0.10202370364554592,-0.008161040147915626,0.8853954093528984,-6.049098838100086,-7.2157,0.0,7.5938950253,4.244022022359134,-0.2838941884266994,-0.2919025497601085,-0.023349754446747,0.032731417485636904,-0.05677555392779002,0.0036194175141316363,-0.3199688450157523,0.006363228008899552,-0.10550142022096967
1114.0,12.044478006707745,-1.8484045434287941,29.50954944770558,-0.09233820827606504,-0.09923872660792128,-0.01789074486953004,0.7911473175504062,-6.149596514350697,-7.2157,0.0,7.5938950253,4.301191970921903,-0.2641086872622348,-0.2838457697991497,-0.051171678873261524,0.03271534431123108,-0.057054975572949196,0.0019997334583081935,-0.32140279107323544,0.006359436795284091,-0.10357164596485838
1115.0,12.048229638645966,-1.8927087391350632,29.517339116230996,-0.08516610880016,-0.09574873270217246,-0.026682934057797737,0.7049413407643674,-6.2468414427767165,-7.2157,0.0,7.5938950253,4.354132703641653,-0.2435189680278409,-0.27377830108827067,-0.07629561403300403,0.032700303540462224,-0.05730088843420593,0.00022465445858747476,-0.3229048642876803,0.00635402647214411,-0.10183879330172005
1116.0,12.051969669093534,-1.9375147330515725,29.533177196434114,-0.07774390636941077,-0.09175618517187469,-0.03451239708122239,0.6269714518995265,-6.340266020212675,-7.2157,0.0,7.5938950253,4.402751287161102,-0.22222737427679262,-0.2622808276125401,-0.09865209688480209,0.032686244749190414,-0.057520798669109224,-0.0016560680506771883,-0.3244531873857728,0.006346696330821908,-0.10030619380696969
1117.0,12.05569432923357,-1.9825291554474809,29.556080717502958,-0.07010439204627567,-0.08745008516572454,-0.0413852795819638,0.5573902969293787,-6.429491201818939,-7.2157,0.0,7.5938950253,4.446962046371458,-0.20032826314597962,-0.24989480918190615,-0.11826136617792733,0.03267301824078688,-0.05772329791929587,-0.0035998182693264477,-0.32603109660699225,0.006337338685199624,-0.09897090004138265
1118.0,12.05940043956136,-2.0276255009700908,29.585086763101273,-0.062278236358854655,-0.08300178377781006,-0.047332441859049765,0.49631486760686505,-6.514311265295137,-7.2157,0.0,7.5938950253,4.486685764325046,-0.17790977696736818,-0.23711058153149472,-0.13521423641386063,0.03266039428036734,-0.057917650066730136,-0.005571524367705034,-0.3276268111429084,0.006326021894133475,-0.09782501980626668
1119.0,12.063085465233838,-2.072825934207942,29.619273917150974,-0.054294618094522164,-0.07856250315433638,-0.052402855827208175,0.4438311691130634,-6.594675504966531,-7.2157,0.0,7.5938950253,4.521849570758589,-0.15505565294608736,-0.2243603629823429,-0.14965312054284838,0.03264808297572352,-0.05811344285752335,-0.007543652817669531,-0.329232956288828,0.006312969618112175,-0.09685703953635658
1120.0,12.06674754463713,-2.118280916587439,29.65777719652428,-0.046181821860146965,-0.07426227755826613,-0.056657393069625805,0.39999778072765324,-6.67066831781085,-7.2157,0.0,7.5938950253,4.552387401223411,-0.13184694195323088,-0.21201532993198977,-0.16175420791960432,0.03263575300207418,-0.0583203043777264,-0.009495883139357671,-0.3308459904693635,0.0062985380721946125,-0.09605306750862844
1121.0,12.070385495411534,-2.1642479491650626,29.69979700402181,-0.03796777289147636,-0.07020999639262186,-0.06016323919486718,0.36484829722485024,-6.74248885799242,-7.2157,0.0,7.5938950253,4.5782409088273575,-0.10836354618571074,-0.20038584323966183,-0.1717114661376032,0.03262304804028494,-0.058547679158422614,-0.011414555476010547,-0.3324655787558844,0.006283192697177687,-0.09539795038293777
1122.0,12.07399880277372,-2.2110704225450197,29.744602821496333,-0.02968048912936112,-0.06649423438184167,-0.06298907177350575,0.3383927095130872,-6.8104311403374655,-7.2157,0.0,7.5938950253,4.599360717792446,-0.0846855186263226,-0.18972391929740828,-0.17972285388158,0.032609600407249924,-0.05880465529649733,-0.013291974973991687,-0.3340939472147153,0.006267485322700507,-0.094876235900725
1123.0,12.07758759495032,-2.259157271146641,29.791532461134057,-0.02134843977995348,-0.06318457924002836,-0.06520106337415586,0.3206178347700556,-6.87486519085413,-7.2157,0.0,7.5938950253,4.615707919707488,-0.06089409367868242,-0.18022711387571028,-0.18597891471131237,0.03259504184665091,-0.05909983211312017,-0.015125644678835475,-0.3357352442797358,0.006252032566539498,-0.09447296971883037
1124.0,12.081152610051138,-2.3089638627417646,29.839987725352483,-0.01300080640155983,-0.060333205942258904,-0.06685971717379884,0.31148694063165555,-6.936219589986299,-7.2157,0.0,7.5938950253,4.627255727244535,-0.03707243795274269,-0.17204309984310523,-0.19065376715141258,0.03257901179968475,-0.05944121723531771,-0.016917484576165855,-0.3373949279346522,0.006237495920517313,-0.09417432534683023
1125.0,12.084695157927053,-2.360974327038697,29.889427313486618,-0.004667647221941228,-0.0579764929541195,-0.06801750782344435,0.31093872769999553,-6.994965541393411,-7.2157,0.0,7.5938950253,4.6339912143547135,-0.013306123546724054,-0.16527435373156918,-0.1938984073570623,0.03256116369515887,-0.059836142309945814,-0.01867307995893805,-0.33907919120065344,0.006224563724700212,-0.0939680733885361
1126.0,12.088217079618165,-2.4156853454722573,29.93935777421143,0.003620031759018252,-0.05613652512409926,-0.06871728116981415,0.31888584307545015,-7.051602430530467,-7.2157,0.0,7.5938950253,4.63591708505821,0.010316665665150188,-0.15998250840365505,-0.19583618665250466,0.0325411699067308,-0.06029118762587998,-0.02040098845989724,-0.3407944334590714,0.006213935032322138,-0.09384390039031498
1127.0,12.091720706013247,-2.473591291068234,29.98932325036076,0.011830293855214183,-0.05482237754053906,-0.06899135904987444,0.33521309810098027,-7.106644714775964,-7.2157,0.0,7.5938950253,4.6330534237077305,0.03370518003359531,-0.1561920715992348,-0.19656030577072536,0.032518726046446046,-0.060812107561176366,-0.02211212245257157,-0.3425467815599851,0.0062063052193002755,-0.09379358931143301
1128.0,12.095208816393477,-2.5351705226406995,30.038894707137132,0.019930371391757636,-0.054031122666969855,-0.06886129556475967,0.3597755589295203,-7.160609909797237,-7.2157,0.0,7.5938950253,4.625439387156537,0.056766386167343565,-0.15389334769931914,-0.1961331687792497,0.032493555220619114,-0.0614037508591571,-0.023819212442497066,-0.3443416624284663,0.006202353093375005,-0.09381107373068948
1129.0,12.098684596679616,-2.6008726002639415,30.087659281203116,0.02788684234874532,-0.053748548255857766,-0.06833823502076561,0.39239667111194804,-7.214007403310094,-7.2157,0.0,7.5938950253,4.613134803046153,0.07940546852324203,-0.15304452914843872,-0.1945874510284763,0.032465412783754706,-0.06206997216637278,-0.025536347734670655,-0.34618342784242684,0.0062027292065502315,-0.09389237714816767
1130.0,12.102151596483502,-2.67110619611769,30.135210338458652,0.03566587823336586,-0.05394961486311175,-0.06742382545592236,0.4328665705695112,-7.2673278343675864,-7.2157,0.0,7.5938950253,4.596221638249896,0.10152653396743698,-0.15357304172046887,-0.19192874659010573,0.03243409199967453,-0.06281353393598554,-0.027278583190943506,-0.34807503200910345,0.0062080450673643525,-0.09403544783144208
1131.0,12.105613683514726,-2.746227522172395,30.18113878067528,0.043233557075642436,-0.05459871810265871,-0.06611164225623171,0.4809407236347954,-7.32103281975183,-7.2157,0.0,7.5938950253,4.574805297579434,0.12303350166246615,-0.15537633099906487,-0.18813966274412974,0.032399430862055593,-0.06363600059686353,-0.02906159538215429,-0.35001776324256423,0.006218862982382417,-0.09423989919374114
1132.0,12.109074993541112,-2.8265291778189257,30.225026091077133,0.05055623444302552,-0.05564985065260653,-0.06438907149419568,0.536339028114262,-7.375544883673059,-7.2157,0.0,7.5938950253,4.549015705854133,0.14383115782924943,-0.15832236203053343,-0.18318521556421227,0.03236132014184066,-0.0645376296647308,-0.030901368006727582,-0.3520110321309865,0.006235686323870809,-0.09450666613681796
1133.0,12.112539873976255,-2.9122294285044132,30.26643955013571,0.05760096359962579,-0.05704678066526471,-0.06223959102363419,0.5987454947052572,-7.431237546016168,-7.2157,0.0,7.5938950253,4.5190081175117545,0.16382634993594397,-0.1622501650657701,-0.1770193479710151,0.03231971251894746,-0.0655172670396247,-0.032813885215966905,-0.354052219743816,0.0062589501162490626,-0.0948375894147349
1134.0,12.116012331938835,-3.0034619321030487,30.30492971754961,0.06433604171194376,-0.05872336485679911,-0.059645363832238216,0.6678086123422502,-7.488425639254639,-7.2157,0.0,7.5938950253,4.48496370715159,0.18292954614563295,-0.1669707709015678,-0.16959233184370612,0.03227809443173088,-0.0665873813840568,-0.03480493963043778,-0.3561751868700754,0.0062953400798352824,-0.09522967044538745
1135.0,12.11944311915174,-3.1002552249159616,30.34000220956517,0.0707410924542041,-0.06060325288093187,-0.05658930806946972,0.7431459494039104,-7.547355705231711,-7.2157,0.0,7.5938950253,4.447100480315749,0.20108437418186448,-0.17226716122367763,-0.16085736315000593,0.03232644841502362,-0.06813681040225605,-0.03663239870789725,-0.3593758108343873,0.006510168081964087,-0.09554849181364916
1136.0,12.122785295744922,-3.2025426340174095,30.37114934943107,0.07679750719946173,-0.06260232397464817,-0.05305809176946015,0.8243549817688322,-7.608196869579827,-7.2157,0.0,7.5938950253,4.405654235562418,0.21823979048363448,-0.1779005408669252,-0.150778160040455,0.032377136801348246,-0.06977648247498495,-0.038559727955857395,-0.362666188805281,0.0067436917405646855,-0.09592992582774161
1137.0,12.126038029458043,-3.3101627141143117,30.397880513855807,0.08248082410144689,-0.06463039826679201,-0.04904579003037007,0.9110071678620071,-7.671034620550794,-7.2157,0.0,7.5938950253,4.360871906436483,0.23432751764360424,-0.18361456684220015,-0.13933879000227453,0.032430288144885855,-0.07149852126591164,-0.04059981415197779,-0.36603328639559346,0.006995609887247145,-0.09637512151844552
1138.0,12.129200541393624,-3.4228422275330908,30.419706769108974,0.0877694478159645,-0.06659202226771059,-0.04455611869227408,1.0026486998685087,-7.735865024502195,-7.2157,0.0,7.5938950253,4.313022796969104,0.2492874503097765,-0.1891382007654597,-0.12655065630339377,0.032486022630449855,-0.07329291659101914,-0.0427641466168308,-0.36946092493606525,0.007265260892065932,-0.09688386066744487
1139.0,12.132272116438841,-3.540194131916633,30.436152291320308,0.0926449927106203,-0.06838883274382052,-0.03960465101389811,1.0988047278289326,-7.802590567636772,-7.2157,0.0,7.5938950253,4.262396435720139,0.2630686130552847,-0.19419242046445023,-0.11245875581541716,0.032544451340324784,-0.07514761390894212,-0.04506236418525762,-0.37293002465366676,0.007551612827769423,-0.09745414530758001
1140.0,12.135252111200003,-3.6617186382660902,30.446767716571323,0.09709254515675475,-0.06992237385759345,-0.034220486415555244,1.198984244501737,-7.87101841869737,-7.2157,0.0,7.5938950253,4.20929978043128,0.27562988803200433,-0.19849820649139327,-0.09714637538744156,0.03260567367241715,-0.07704868641442617,-0.04750177909489382,-0.3764189580210705,0.007853264291069272,-0.09808187394694974
1141.0,12.138139960986775,-3.786807700371125,30.451144766935712,0.10110082593557865,-0.07109726033280246,-0.028447226162263396,1.3026854936159697,-7.940861497995148,-7.2157,0.0,7.5938950253,4.154053797624023,0.286940459137492,-0.2017854981354102,-0.0807378185158366,0.03266977247541725,-0.07898059212009231,-0.05008690198460228,-0.37990400839364585,0.008168457332711853,-0.09876063276974434
1142.0,12.140935187965573,-3.914753134088901,30.448931371906188,0.10466223874427986,-0.07182453173324428,-0.02234314895198147,1.4094017232889664,-8.011742619106094,-7.2157,0.0,7.5938950253,4.096989485017193,0.2969799334992271,-0.20380267911016559,-0.06339886256527674,0.03273680670089326,-0.08092651218795506,-0.05281899804458533,-0.38335992235993793,0.008495103343179785,-0.09948162226032092
1143.0,12.14363741292916,-4.04475836086264,30.439846425643996,0.10777279750048419,-0.07202500760478582,-0.015980531215051358,1.5186270729011049,-8.083201811111888,-7.2157,0.0,7.5938950253,4.038443450249248,0.30573812010713886,-0.20432605385130387,-0.04533479398622183,0.032806801685816823,-0.08286876025804671,-0.05569570754174745,-0.38676053742225874,0.008830821964805877,-0.1002337313857003
1144.0,12.146246373115419,-4.175953542544894,30.423693300698044,0.1104319330333595,-0.07163243512336671,-0.009444117731023842,1.6298623593840453,-8.154706744755503,-7.2157,0.0,7.5938950253,3.9787532022106085,0.3132144677568763,-0.20316872506901304,-0.026786041204787586,0.03287973753997031,-0.0847892463031988,-0.05871076385889276,-0.3900794604378601,0.009172992222787944,-0.1010037613477413
1145.0,12.148761948105896,-4.307413646195737,30.40037128375526,0.11264218802626662,-0.07059622279558278,-0.0028288114945921646,1.7426205207671286,-8.225665992332873,-7.2157,0.0,7.5938950253,3.9182523461371357,0.3194171878649655,-0.20018828961308313,-0.008021603880706036,0.032955536473412865,-0.08666997332405353,-0.061853838620054655,-0.3932907674185436,0.009518814175280527,-0.10177678998940075
1146.0,12.15118419505223,-4.438178771273219,30.369884206958414,0.11440881686027862,-0.06888357581040525,0.0037632894380550492,1.8564314828371486,-8.29544466703176,-7.2157,0.0,7.5938950253,3.85726589575854,0.3243621096980382,-0.19529283307504508,0.010669356916981473,0.03303405020373153,-0.08849354161017679,-0.06511053665670126,-0.39636969242095094,0.009865378572173822,-0.10253665738349854
1147.0,12.153513393386854,-4.567275908590095,30.332345710773268,0.11573931347250369,-0.06648088831417999,0.01022633262826571,1.970846239329828,-8.363381830305347,-7.2157,0.0,7.5938950253,3.7961059217152515,0.3280713337838041,-0.18844481659679693,0.02898726875435467,0.033115048777111696,-0.0902436337755758,-0.06846255415438256,-0.39929327276843946,0.010209741372871478,-0.10326654409855207
1148.0,12.155750097890968,-4.693741196360783,30.287980775499946,0.11664289484002689,-0.06339430028566714,0.01645442213222924,2.08543997560449,-8.428808940026912,-7.2157,0.0,7.5938950253,3.7350677436661286,0.3305717619134103,-0.17966259813289084,0.04663265021824092,0.0331982121806558,-0.09190545451031801,-0.0718880023136693,-0.40204091984082774,0.010548999574485261,-0.10394960706275634
1149.0,12.157895197703601,-4.816641702874575,30.237123383344784,0.11712996985794001,-0.059649386068132915,0.022345379024472874,2.1998141184221263,-8.491068546909942,-7.2157,0.0,7.5938950253,3.6744268440353665,0.3318935881572818,-0.16901949857532209,0.06331674149802599,0.03328312599514394,-0.09346610192065491,-0.07536188736481325,-0.40459488904976837,0.010880364684862538,-0.1045696344523199
1150.0,12.15994997770755,-4.935095799626501,30.18021039752046,0.11721162309523905,-0.05529000104511362,0.027804336574967704,2.313597255049662,-8.54953243699248,-7.2157,0.0,7.5938950253,3.61443663736598,0.33206883441408996,-0.15664049107899825,0.07877165586730626,0.03336928204684037,-0.09491485209888118,-0.07885672706294793,-0.4069406289205557,0.011201230347626384,-0.10511168080734731
1151.0,12.161916177880006,-5.04829128328738,30.117771949968247,0.11689914046652992,-0.05037636641483177,0.03274697690921723,2.426444928291932,-8.603618458663648,-7.2157,0.0,7.5938950253,3.5553271753762683,0.33113000699647566,-0.1426967426520671,0.09275950746761219,0.03345608459574018,-0.09624334457139547,-0.0823432748232926,-0.4090669967104766,0.011509231050909853,-0.10556264636064491
1152.0,12.163796045833559,-5.155500554712055,30.050418811490836,0.11620359957760414,-0.04498251645387484,0.037102251043653875,2.5380383785819176,-8.652805362281013,-7.2157,0.0,7.5938950253,3.497304807568958,0.32910893855538426,-0.1273983619913445,0.10508007069813424,0.03354286209571391,-0.09744566307969256,-0.08579131605744683,-0.41096633630827967,0.011802289495549644,-0.1059117699799248
1153.0,12.165592377849384,-5.256092344733664,29.97882734892327,0.11513554203730873,-0.039193263229212176,0.040814466967959324,2.648082359959209,-8.696645103831056,-7.2157,0.0,7.5938950253,3.4405527590973923,0.32603586409874963,-0.11098579307200554,0.11557664792437833,0.03362888404734209,-0.09851831283732838,-0.08917049766678407,-0.41263442210415385,0.012078650966202656,-0.10615101226161741
1154.0,12.16730854430649,-5.349539678292478,29.90372276355406,0.11370473890823812,-0.03310085129608125,0.04384467685472407,2.7563022041025595,-8.734772212675027,-7.2157,0.0,7.5938950253,3.385232534382549,0.32193876247362574,-0.0937203427526786,0.12413995356039824,0.0337133819946516,-0.09946010159658708,-0.09245115087709126,-0.4140702797802553,0.012336903880264028,-0.10627531351116376
1155.0,12.168948496426061,-5.435423971861639,29.825861345110482,0.11192005425873822,-0.02680147923109605,0.046171340087760214,2.8624403404728302,-8.766909983816483,-7.2157,0.0,7.5938950253,3.3314860119548433,0.3168429770531044,-0.07587434195998359,0.13070995135614952,0.03379557334805981,-0.10027193699993997,-0.09560506954645345,-0.4152759008702006,0.012575986503472567,-0.10628271977553104
1156.0,12.170516752575322,-5.513435350824749,29.74601247152947,0.10978940592060674,-0.02039185782482889,0.04779028047117213,2.966252499999933,-8.79287341635849,-7.2157,0.0,7.5938950253,3.27943806553374,0.3107711127520174,-0.05772141942261441,0.13527569910977702,0.03387468648355691,-0.10095655651258591,-0.0986062102814556,-0.41625587218258814,0.01279518055801914,-0.10617437812926062
1157.0,12.172018363863954,-5.583369442630094,29.66494104200498,0.10731981737863269,-0.013965958650967506,0.04871399156041153,3.067503834113733,-8.81256897228128,-7.2157,0.0,7.5938950253,3.2291995296511864,0.30374319181689496,-0.03952732087179491,0.13787335502535678,0.033949985489619985,-0.10151820859696933,-0.10143128661242982,-0.41701694363200864,0.012994093063565318,-0.10595440956527874
1158.0,12.17345886026312,-5.6451210409232075,29.583390956754382,0.10451755042978451,-0.007612084000996954,0.04897037238682701,3.16596517099798,-8.82599136584334,-7.2157,0.0,7.5938950253,3.180870324920132,0.29577703869023897,-0.02154164209568595,0.13858257937134286,0.03402079300604852,-0.1019623047101885,-0.10406023652368866,-0.4175675587068498,0.013172628216868817,-0.10562967377980588
1159.0,12.174844179838333,-5.69867514143396,29.502070159467934,0.10138830496157741,-0.0014103621623218574,0.04860099655019984,3.261409608431884,-8.833217708389547,-7.2157,0.0,7.5938950253,3.134542566955587,0.2868888549481807,-0.0039907678303142905,0.1375216229811836,0.034086509803630836,-0.10229506130800704,-0.10647655024894746,-0.41791737090778874,0.013330951421748852,-0.10520944468414602
1160.0,12.176180584794272,-5.744095920920869,29.421637645282257,0.09793746994551952,0.004569257223370531,0.047659030878339045,3.353609609909575,-8.834399422712007,-7.2157,0.0,7.5938950253,3.090303501791138,0.2770939389513131,0.012927774046131593,0.1348414309663855,0.03414663005895728,-0.10252314953270175,-0.10866745292324033,-0.418076767300179,0.01346944773214749,-0.10470501855465557
1161.0,12.177474568800294,-5.781514266868955,29.342692715637032,0.09417040850495356,0.010268462732633741,0.04620692604928897,3.442334730814392,-8.82975240365155,-7.2157,0.0,7.5938950253,3.0482381367825955,0.2664075013802522,0.02904941735994799,0.13071910710258455,0.03420075164658423,-0.10265336790127647,-0.11062394400253416,-0.41805641718480047,0.013588676981820032,-0.10412927835685004
1162.0,12.178732760458589,-5.811114470399514,29.265766638142438,0.09009275964476697,0.015641479502433546,0.044314001332926525,3.527350057427372,-8.819545937117216,-7.2157,0.0,7.5938950253,3.0084314667177017,0.2548455271010769,0.04424507700902581,0.1253510833964497,0.034248581161210205,-0.1026923503693645,-0.11234070196960767,-0.4178668601724926,0.013689327766286176,-0.10349623801846063
1163.0,12.179961827791802,-5.833120671602207,29.191316750484592,0.08571073984622544,0.020655416892716192,0.04205403959106239,3.608415396615974,-8.804090899149084,-7.2157,0.0,7.5938950253,2.9709702275468777,0.2424256356013384,0.05842211346922427,0.11894632219670564,0.034289933758380284,-0.10264631889451356,-0.11381586846161405,-0.41751814400302795,0.013772172241187153,-0.1028205893898623
1164.0,12.181168388298094,-5.847783599643005,29.119722937579375,0.08103142913501774,0.02529009959724633,0.03950299758767911,3.685285211107379,-8.78372774214047,-7.2157,0.0,7.5938950253,2.9359441424974655,0.22916789627364995,0.07152383936848795,0.11171984685827681,0.03432472823247712,-0.10252088631045836,-0.11505073037317594,-0.4170195185909065,0.013838023432180829,-0.10211727246597033
1165.0,12.182358928510508,-5.855368084477327,29.05128631505254,0.0760630283040031,0.029537435908094045,0.03673692129565655,3.7577092568262396,-8.758814739882109,-7.2157,0.0,7.5938950253,2.9034466554047818,0.21509556075715547,0.08352772012425459,0.10388685361038749,0.03435297801278171,-0.1023209121693976,-0.11604932157117855,-0.4163791892661287,0.013887696440177406,-0.10140108633471528
1166.0,12.183539736183562,-5.8561417381012095,28.986229873257184,0.07081507657088877,0.03340039172646825,0.033830137157001075,3.825433846854454,-8.729716910492073,-7.2157,0.0,7.5938950253,2.873575172390863,0.2002356819686711,0.09444246252667987,0.09565760446428014,0.03437477893905711,-0.1020504113897556,-0.11681796753995695,-0.4156041291942403,0.013921974595262898,-0.10068635448221684
1167.0,12.184716847299459,-5.850365116468646,28.924700777087818,0.06529862191083001,0.036891648645827564,0.030853769214440885,3.8882036425052218,-8.696795970954675,-7.2157,0.0,7.5938950253,2.8464308544860284,0.1846195978962504,0.10430421254560689,0.0872332416713537,0.034390294773727105,-0.10171251319382303,-0.11736479657400807,-0.4146999486248899,0.013941581283525552,-0.09998665377328966
1168.0,12.185896009123454,-5.838283583905265,28.86677397940528,0.05952633944531939,0.040032028840667186,0.02787460985884469,3.945763856484427,-8.660401603682693,-7.2157,0.0,7.5938950253,2.8221180197774283,0.1682832671767368,0.11317209604681218,0.07880260170595972,0.03439974142307058,-0.10130946601500401,-0.11769924014804987,-0.4136708169835307,0.013947157860463986,-0.09931461190756355
1169.0,12.18708265961653,-5.820121015160877,28.812456790387284,0.05351259640753527,0.04284876875124022,0.02495434986531174,3.9978627461819847,-8.620864239088485,-7.2157,0.0,7.5938950253,2.8007432239276078,0.15126745241076395,0.12112333400113927,0.07054004447747296,0.03440337078652034,-0.10084268283006012,-0.1178315429999112,-0.41251943288065573,0.013939247786514185,-0.09868177369910613
1170.0,12.188281922691651,-5.796075390663632,28.76169405082687,0.04727346516501912,0.04537371820524328,0.022149152624592616,4.044254276260348,-8.578489483190191,-7.2157,0.0,7.5938950253,2.782414092526559,0.13361775558398442,0.1282481486796321,0.06260425487013242,0.03440145504739709,-0.1003128207118788,-0.11777230050911348,-0.41124703681419894,0.013918286884591385,-0.0980985323962553
1171.0,12.189498618115973,-5.766316271666071,28.714373582472604,0.04082668841031051,0.04764153255347962,0.01950953908143741,4.084700837887302,-8.533554249781556,-7.2157,0.0,7.5938950253,2.767237978115485,0.11538451742755805,0.1346446517519723,0.0551379217810191,0.03439427207883875,-0.09971988824467326,-0.11753203744302153,-0.4098534615957663,0.013884599432661288,-0.09757411866517329
1172.0,12.190737284334293,-5.730984086260368,28.670331630166498,0.03419160281079192,0.04968791378614662,0.01708053470052804,4.118975925866927,-8.486304595750985,-7.2157,0.0,7.5938950253,2.755320509490617,0.09662259872874492,0.1404138724351343,0.04826815693824735,0.034382092484029576,-0.09906337470371923,-0.1171208383983328,-0.40833721622893676,0.013838399668585837,-0.09711663696687348
1173.0,12.192002212118561,-5.690191115825162,28.62935806534106,0.027389029064381024,0.05154794377724112,0.014902018331008435,4.146866693044655,-8.436955207719091,-7.2157,0.0,7.5938950253,2.7467640918939287,0.07739106627868374,0.14565504764761503,0.042107483460998595,0.03436516863702078,-0.0983423954595195,-0.11654803660934092,-0.4066955999826893,0.013779798198368241,-0.0967331369598694
1174.0,12.193297486719294,-5.644024044119204,28.591201184564333,0.020441137405383152,0.05325454015330479,0.013009205355650212,4.168176322142506,-8.385690449009296,-7.2157,0.0,7.5938950253,2.7416664048900916,0.057752809228385334,0.15046126039978783,0.03675520301134987,0.03434372595311214,-0.09755584879314426,-0.11582196451296219,-0.4049248446025943,0.013708812757441723,-0.09642970629109243
1175.0,12.19462703608074,-5.592547916423074,28.555572006372202,0.013371298151378743,0.05483705408248462,0.011433193930334496,4.182726177130009,-8.33266684757902,-7.2157,0.0,7.5938950253,2.740118931155946,0.037774113136226285,0.1549154810189873,0.032298940323033556,0.03431795650537551,-0.09670258007628087,-0.11494976678187378,-0.4030202838513068,0.01362538276972498,-0.09621157067259326
1176.0,12.195994682650115,-5.535811351189109,28.522148040871894,0.006203926913526827,0.05632002060263411,0.010201503172006958,4.190357718015179,-8.278016886323057,-7.2157,0.0,7.5938950253,2.742205535133948,0.017524219035208535,0.15908704129896736,0.028816164111287852,0.034288015021257924,-0.0957815499571551,-0.11393727461159002,-0.4009765507317081,0.01352938717030974,-0.09608318741775129
1177.0,12.19740419632859,-5.473852848075726,28.49057657614343,-0.0010356663380479665,0.05772206672327248,0.009338535452933037,4.190934183400471,-8.221853944645058,-7.2157,0.0,7.5938950253,2.7480010965693324,-0.0029251064219460495,0.1630285564542726,0.02637549278315942,0.0342540172405366,-0.0947920037020173,-0.11278893893751359,-0.3987878036840289,0.013420664992749288,-0.09604831954615783
1178.0,12.19885934614802,-5.40670803997901,28.460477590303316,-0.008321415998749547,0.05905498085605544,0.008865901111113277,4.184342063342572,-8.164278231335942,-7.2157,0.0,7.5938950253,2.7575701913569315,-0.023499966105227973,0.16677330500851442,0.02503761086271536,0.034216040589245496,-0.09373363909762392,-0.1115078199371015,-0.39644798362604877,0.013299038258181992,-0.09611007908004265
1179.0,12.20036394829,-5.334417738544683,28.431446455577678,-0.01562662018312396,0.06032294917452548,0.008802552578653916,4.170492400213646,-8.10538354033695,-7.2157,0.0,7.5938950253,2.7709658017922667,-0.04412467264012018,0.1703330825105158,0.0248556467347952,0.03417412711605959,-0.09260677028074496,-0.11009563052922773,-0.39395110378890275,0.013164336728419941,-0.09627093018353551
1180.0,12.201921908081324,-5.257036618693946,28.40305664844574,-0.022924035066105596,0.06152196990697341,0.009164685992970753,4.149321966758345,-8.045264649785286,-7.2157,0.0,7.5938950253,2.7882280310913403,-0.06472201789000946,0.17369656020266247,0.025874893712337158,0.034128288637816466,-0.09141248451858021,-0.10855283243279394,-0.39129157376314117,0.013016424087394056,-0.09653264530246009
1181.0,12.203537253603544,-5.174642374590063,28.3748627155187,-0.030185940399960517,0.0626394645770578,0.00996538178356236,4.120794377850653,-7.984025168241504,-7.2157,0.0,7.5938950253,2.809382793651441,-0.08521346107839096,0.1768282023347315,0.028131794520670567,0.034078514037495095,-0.09015278834807822,-0.10687878444489192,-0.38846455789939505,0.012855225085981956,-0.09689621043710504
1182.0,12.205214158559718,-5.087345154863591,28.34640376589118,-0.03738417453421474,0.06365411471812923,0.011213971644727,4.0849011951229155,-7.92178560844431,-7.2157,0.0,7.5938950253,2.8344404535807186,-0.10551923104114343,0.17966782258397704,0.0316521544105731,0.034024778638659034,-0.08883073865872154,-0.10507194365680732,-0.38546636612383717,0.012680753118556366,-0.0973616791313901
1183.0,12.206956952077794,-4.995297047812537,28.31720776463712,-0.04449013971831195,0.06453596216365654,0.012915137886000629,4.041663081272952,-7.858691437778499,-7.2157,0.0,7.5938950253,2.863394389965962,-0.12555834507427852,0.18213088694144508,0.03644860073803972,0.03396705553357798,-0.08745055337482495,-0.10313012102965109,-0.3822948722974917,0.012493137594202421,-0.09792797869526913
1184.0,12.208770113238819,-4.898701338408596,28.28679688613651,-0.05147478122463152,0.06524681893726851,0.01506777248977952,3.9911310531419706,-7.794920816786046,-7.2157,0.0,7.5938950253,2.89621947837745,-0.14524855466527598,0.18410969258496443,0.04251736722522318,0.033905328658949296,-0.08601769549560573,-0.10105079278158428,-0.37894995150874944,0.012292650325392944,-0.09859267657028603
1185.0,12.210658248348677,-4.797821200986834,28.254694147214188,-0.05830854685374725,0.06574103709349916,0.017663647140803318,3.933387869419487,-7.730691695088206,-7.2157,0.0,7.5938950253,2.9328704941013717,-0.16450623694944913,0.18547556420042519,0.049834548770781244,0.033839607288714976,-0.08453892354762127,-0.09883146809750858,-0.3754339232755879,0.01207972999209098,-0.09935171951619408
1186.0,12.212626049375999,-4.692987429424891,28.220431476176536,-0.06496133658183822,0.06596668754765957,0.020685971420980515,3.8685495701163535,-7.666267892408895,-7.2157,0.0,7.5938950253,2.973280462984004,-0.18324625974760547,0.1860822051562766,0.05835204587216445,0.03376994144966243,-0.08302230117590974,-0.09647011151434781,-0.37175198280462185,0.011855003566640886,-0.10019916325827782
1187.0,12.214678232601793,-4.584604747708523,28.18355928315462,-0.07140245531427063,0.06586718799629245,0.02410794304246971,3.796767161129748,-7.6019637571731,-7.2157,0.0,7.5938950253,3.0173590094645766,-0.20138185703584183,0.18577031529294236,0.06799349291055182,0.03369643757229911,-0.08147715883185011,-0.09396561480689646,-0.367912597603741,0.011619303428107339,-0.10112691508229316
1188.0,12.216819457397914,-4.473156197508269,28.1436574797297,-0.07760058466004327,0.0653834017974147,0.027891419381772344,3.7182284091313393,-7.538146974142945,-7.2157,0.0,7.5938950253,3.0649907766346765,-0.21882455993238448,0.1843735351721971,0.07865053593144551,0.033619273486412325,-0.07991400147498162,-0.09131830828437415,-0.36392784241210424,0.011373678783662862,-0.10212451614241762
1189.0,12.219054226173853,-4.359205076965211,28.100347754141684,-0.08352379198162434,0.06445620113089966,0.03198586076649308,3.6331596810252536,-7.475239094571844,-7.2157,0.0,7.5938950253,3.1160340176066326,-0.23548423474571617,0.18172569561096075,0.09017988487565033,0.03353871168687527,-0.07834435801806956,-0.08853049527670982,-0.35981364225891777,0.011119399983034501,-0.10317899335810268
1190.0,12.22138676786945,-4.243393918348238,28.053306748347914,-0.08913959625970064,0.06302944893068818,0.03632770924219346,3.5418277303503265,-7.413713396482468,-7.2157,0.0,7.5938950253,3.17031947813423,-0.2512692830587857,0.1776692413802678,0.10240160197562724,0.0334551096675853,-0.07678057096356666,-0.08560698664455714,-0.3555898922314205,0.01085795439441321,-0.10427481200602942
1191.0,12.223820908844376,-4.126440053086817,28.002279614789217,-0.09441511004756574,0.06105330650074256,0.04084036767389587,3.4445413028602574,-7.354089757047121,-7.2157,0.0,7.5938950253,3.227649703960304,-0.2660870578351869,0.17206456349739038,0.11509909028098844,0.03336892609052075,-0.07523552825894993,-0.08255560505201871,-0.35128042395846015,0.010591032736874697,-0.10539395870945127
1192.0,12.226359936496475,-4.0091274299352335,27.947093268326316,-0.09931727449453868,0.05848772078826986,0.04543492879062249,3.3416524082310257,-7.2969263393355215,-7.2157,0.0,7.5938950253,3.287798909400288,-0.27984454278362264,0.16479982526453227,0.12802120213757345,0.033280721660267465,-0.07372234366762746,-0.07938762241955719,-0.346912793512777,0.010320505155063855,-0.10651617980836868
1193.0,12.229006462263138,-3.8922945300105214,27.887668510879656,-0.10381319972047258,0.055305892429344805,0.05001176874883323,3.2335570878206457,-7.242808063334595,-7.2157,0.0,7.5938950253,3.350513533324073,-0.29244932868474643,0.15580071856780506,0.14088678738652483,0.033191153837545395,-0.07225399660439931,-0.07611808955907881,-0.34251787375264325,0.010048386879212808,-0.10761939160796771
1194.0,12.231762291632522,-3.7768184584622957,27.82403011404189,-0.10787061557917393,0.051497480228735786,0.0544630633773699,3.1206955029703924,-7.1923320416310075,-7.2157,0.0,7.5938950253,3.415513583168712,-0.30381089969714936,0.1450394596936831,0.15339184073532036,0.0331009649524026,-0.07084294698372882,-0.07276601571122869,-0.33812924600143646,0.009776794016682487,-0.10868026670347958
1195.0,12.23462830922955,-3.6635955749334133,27.75631391991216,-0.11145842825972817,0.047071268257619675,0.05867620875327779,3.0035511772862726,-7.146090401715491,-7.2157,0.0,7.5938950253,3.482494826782078,-0.31384221543134366,0.13254225224412358,0.1652191910093028,0.033010963843844277,-0.06950074464156857,-0.06935435869713327,-0.3337824008114962,0.00950789082217492,-0.10967498499430522
1196.0,12.23760438679827,-3.5535193322684018,27.68477008118088,-0.11454736688476229,0.04205701687219457,0.06253803614813158,2.8826492514322295,-7.104651170056821,-7.2157,0.0,7.5938950253,3.551131837788419,-0.32246154267228244,0.11839443288509265,0.1760504161768216,0.03292200180046967,-0.06823765574399022,-0.06590979447886126,-0.32951377420099964,0.009243830617781518,-0.11058012033841821
1197.0,12.240689320905254,-3.44745629450531,27.609761719565455,-0.1171106923877396,0.03650624566940332,0.06593961371634252,2.7585536504381927,-7.068538131628686,-7.2157,0.0,7.5938950253,3.6210818371233757,-0.32959445722287667,0.10274259319392123,0.1855793928736036,0.03283494422078761,-0.06706232975706736,-0.062462248326443134,-0.3253596624774118,0.00898669328540769,-0.11137361594848172
1198.0,12.24388080546736,-3.3462215640575774,27.531758537519845,-0.1191249300022674,0.03049175816396402,0.06878133610634496,2.6318631197343203,-7.03821077187762,-7.2157,0.0,7.5938950253,3.6919892078200425,-0.33517590572635964,0.0857931472413141,0.19352663314114463,0.032750639951215486,-0.06598152962667764,-0.059044187939488235,-0.32135507349143827,0.008738422828051633,-0.11203578600221367
1199.0,12.247175441903286,-3.2505550256283886,27.45132525821622,-0.12057057840156189,0.02410581301679634,0.07097793293393603,2.50320615341618,-7.0140455254238345,-7.2157,0.0,7.5938950253,3.763490499795446,-0.3391521943681982,0.06780708436553413,0.19965336506962775,0.03266989059728104,-0.06499994463356473,-0.05568970027235118,-0.3175325827523205,0.008500768795716634,-0.1125502701281566
1200.0,12.250568787064328,-3.1610998771114733,27.369105164841816,-0.1214327445273672,0.017456967006711368,0.07246299166913679,2.373234911135008,-6.9963195713626485,-7.2157,0.0,7.5938950253,3.835219694251175,-0.3414827606523143,0.04909098702553563,0.20377421705004578,0.03259342216883921,-0.06412010006750898,-0.052433396107156,-0.3139212674301882,0.008275235325511401,-0.11290486374930517
1201.0,12.25405543642256,-3.078384843463085,27.285799421244644,-0.12170165464804625,0.010665746770729043,0.07319260027360486,2.2426182916687423,-6.98519831362853,-7.2157,0.0,7.5938950253,3.906813470165445,-0.3421415893193629,0.029984765301411455,0.20576739614961365,0.03252186118879934,-0.06334237083532648,-0.049309206664600896,-0.3105457887053999,0.008063041125771372,-0.11309215223276053
1202.0,12.257629137603105,-3.0028112535259166,27.202143233247785,-0.1213729996232466,0.0038594317122525807,0.07314777380679276,2.1120343943020603,-6.980727466081719,-7.2157,0.0,7.5938950253,3.9779162125558023,-0.34111815507566173,0.01084691182891346,0.20558142030203141,0.032455716898129816,-0.06266509808781211,-0.04634915167335897,-0.3074256830036126,0.007865092965818646,-0.1131098906681971
1203.0,12.261247840862895,-2.9346385627679603,27.118863359280414,-0.12044306098770335,-0.002832916865754924,0.0723357905104253,1.9821642775555117,-6.982830109088363,-7.2157,0.0,7.5938950253,4.048191546320403,-0.33840466361002725,-0.007959547616353287,0.2032393452466725,0.032460729574727135,-0.06235985747945738,-0.043409623962606045,-0.3052269156243749,0.007776166922801177,-0.11287461517728122
1204.0,12.264869334497611,-2.873992788044809,27.036668398918543,-0.11891378089744804,-0.009286584503885554,0.07078947420653968,1.8536891498583048,-6.991308455937689,-7.2157,0.0,7.5938950253,4.11731566789288,-0.3340092454466322,-0.026084487933271727,0.19883598592900828,0.03246707174321209,-0.06212871208641391,-0.040697442094853674,-0.3032539538219981,0.007694919329178774,-0.11248736759711998
1205.0,12.268493980108707,-2.820878463153925,26.95624474758872,-0.11679861257535584,-0.015387845904149454,0.06856475381692008,1.727276859217201,-7.0058522914881225,-7.2157,0.0,7.5938950253,4.184973828334197,-0.3279711600906175,-0.04320915772200197,0.19253021379988217,0.03247205228758366,-0.061953109125172226,-0.03824078904835935,-0.30148207318635245,0.0076174727506190445,-0.1119644056118402
1206.0,12.272122079952517,-2.775178809525372,26.87821436709658,-0.11411593314828308,-0.02103798596073582,0.06573761684151645,1.603572609008001,-7.026051948967335,-7.2157,0.0,7.5938950253,4.250873139441962,-0.32034344764060263,-0.05905731801114492,0.18453702509118167,0.032475792290421926,-0.06182596069389994,-0.036054666392511925,-0.2999105718056959,0.0075438933979483985,-0.11132198420251542
1207.0,12.275753627945733,-2.7366708754123907,26.803116419561373,-0.11088839632304645,-0.02615682560210653,0.06239969089988264,1.4831926939743938,-7.051414776648901,-7.2157,0.0,7.5938950253,4.31474390123651,-0.3111910982501708,-0.07340507713849938,0.17511506149872855,0.03247841217599536,-0.06174021891539126,-0.03414798742579414,-0.2985350034809771,0.0074741377604636275,-0.1105791783552105
1208.0,12.279388346772487,-2.705044110768739,26.73139381192924,-0.10714223607198148,-0.030684934399140853,0.058653228591395073,1.3667192620110076,-7.081384155506003,-7.2157,0.0,7.5938950253,4.376340044737264,-0.3005890789055399,-0.08608702324560404,0.1645524734548082,0.03248002962616747,-0.061689192236608244,-0.03252364842308492,-0.2973476983613988,0.007408070711810528,-0.10975688183002909
1209.0,12.28302572989557,-2.679920931694115,26.663384923239313,-0.10290653269689183,-0.034584470525839336,0.0546059122164931,1.2546962073414478,-7.1153598067719095,-7.2157,0.0,7.5938950253,4.435438875077795,-0.28862025769265115,-0.09699849498119505,0.15315230279780429,0.0324807569982012,-0.06166680099057602,-0.03117890122635581,-0.29633837363184057,0.007345486282187701,-0.10887678813686728
1210.0,12.286665087167725,-2.6608778669235664,26.5993205023737,-0.09821249027765233,-0.03783872223239205,0.05036586730040096,1.1476262233854833,-7.152718135883835,-7.2157,0.0,7.5938950253,4.491840268960269,-0.2753733634034503,-0.1060942063332821,0.1412184767948927,0.032480698404724805,-0.06166776254336498,-0.030105977540058164,-0.2954947867976036,0.007286129494938647,-0.10796042663238498
1211.0,12.29030559266156,-2.647466001947194,26.5393253629952,-0.09309276668959125,-0.04045052896342692,0.046037207398455314,1.0459689744833054,-7.192831493846222,-7.2157,0.0,7.5938950253,4.545365491899028,-0.2609410960758632,-0.1133837325918175,0.12904331653264683,0.03247994676522046,-0.061687703541533224,-0.029292899486280305,-0.2948033875117543,0.007229717785170644,-0.10702831309790634
1212.0,12.293946333162943,-2.6392296438126346,26.483424216985668,-0.08758088677108804,-0.042439831313299946,0.04171634291834914,0.9501402863613155,-7.235085440359637,-7.2157,0.0,7.5938950253,4.595855796547003,-0.24541847406029293,-0.11892456247342603,0.11689720896702409,0.032478581203632555,-0.06172320293992307,-0.028724403350782593,-0.29424993039893516,0.00717596074643339,-0.10609925661138371
1213.0,12.297586355661528,-2.6357223994991736,26.431550801052513,-0.08171075725910124,-0.043840633548753075,0.03748918702944582,0.8605122115815418,-7.278893345660738,-7.2157,0.0,7.5938950253,4.643170946161565,-0.22890146945624867,-0.12281351657752185,0.105020811061012,0.032476665142491555,-0.06177177420557799,-0.028382904092683122,-0.2938200200917668,0.007124577257354341,-0.10518984545155408
1214.0,12.301224712154562,-2.6365201526781794,26.38355936452666,-0.07551629050830659,-0.044697663192304976,0.03342929620934921,0.7774137995990938,-7.323707934226776,-7.2157,0.0,7.5938950253,4.687187781548596,-0.21148595110539223,-0.1251773325832696,0.09361988593494855,0.032474245350986634,-0.0618317981058488,-0.028249435559347155,-0.2934995693121465,0.007075309375096814,-0.10431411674247118
1215.0,12.304860500187516,-2.6412307060245186,26.339237590259824,-0.06903113399611904,-0.045062985836512845,0.029596901742692486,0.7011323912709884,-7.369029625926705,-7.2157,0.0,7.5938950253,4.727798919902186,-0.19326692619798985,-0.12616314195875766,0.08286264318236018,0.03247135207329206,-0.06190241885018698,-0.028304513406672192,-0.2932751601972235,0.007027932707576908,-0.10348339938543308
1216.0,12.308492897786758,-2.6495001048169016,26.298320097035322,-0.06228849494254505,-0.04499278872189376,0.026038727536867944,0.631915262801393,-7.414411748366558,-7.2157,0.0,7.5938950253,4.764911643549657,-0.17433805004319655,-0.12592943623081201,0.07287928514841976,0.03246800022614188,-0.06198341631275932,-0.0285288822497188,-0.2931343073567541,0.006982263262090853,-0.10270630858818486
1217.0,12.312121191769686,-2.66101585728884,26.260501799099277,-0.055321044319099476,-0.04454449266508538,0.02278845093261981,0.5699714611149599,-7.459462865822223,-7.2157,0.0,7.5938950253,4.798447008533383,-0.15479135943422637,-0.12463796842237072,0.06376335339791367,0.03246419153682164,-0.06207506597341549,-0.028904123529432876,-0.29306562784121537,0.006938160996315061,-0.10198886330491036
1218.0,12.31574479880541,-2.675507411712513,26.22545055406099,-0.04816088197924172,-0.0437742965453827,0.019867645524769422,0.515473697892227,-7.50384659074987,-7.2157,0.0,7.5938950253,4.828339179037357,-0.134717177993637,-0.1224468792285066,0.05557442115840979,0.03245991740986246,-0.06217799646342023,-0.02941311437924408,-0.29305892808142486,0.0068955304612338545,-0.10133469487490802
1219.0,12.319363278999038,-2.692744340360762,26.19281869470365,-0.04083954424790167,-0.042735207716366144,0.017287045001059497,0.4685601992957142,-7.547279315169716,-7.2157,0.0,7.5938950253,4.854534974808954,-0.11420414086973224,-0.11950519458570864,0.04834167860783207,0.032455162267658016,-0.062293052544277826,-0.0300403393456063,-0.29310522095299896,0.006854319025803086,-0.1007453154370481
1220.0,12.322976342144445,-2.712532722286758,26.162253197434357,-0.033388036558563594,-0.04147556922103636,0.015047980238535591,0.4293364394259377,-7.589526327393801,-7.2157,0.0,7.5938950253,4.876993605107043,-0.0933392897549258,-0.11594872212633471,0.042067995979560464,0.032449907103383455,-0.06242116926963402,-0.030772065619326622,-0.2931966876127511,0.0068145132175031825,-0.10022041745766594
1221.0,12.326583847104958,-2.7347102193038486,26.133404379070978,-0.025836876091455237,-0.04003806236543912,0.013143863790769287,0.39787671504264654,-7.630396773275955,-7.2157,0.0,7.5938950253,4.895686553972106,-0.07220819591144702,-0.11189728359437763,0.03673411167347462,0.03244413300517224,-0.06256326118532074,-0.03159639837334988,-0.29332659893528257,0.00677613371223288,-0.09975818007324082
1222.0,12.330185795022711,-2.7591403128302865,26.105933127761844,-0.01821613235742425,-0.03845914123553906,0.011561622333488357,0.37422554506432987,-7.669737889919463,-7.2157,0.0,7.5938950253,4.9105975770891765,-0.05089507734478624,-0.10745315906749323,0.03230266729228473,0.032437824447773114,-0.06272012883276337,-0.03250323610685518,-0.2934892105683898,0.006739229473309323,-0.09935556313580055
1223.0,12.333782317222346,-2.785706123319139,26.079516760219626,-0.010555456886629363,-0.03676884316033442,0.010283005281955622,0.35839889954711196,-7.707428892702969,-7.2157,0.0,7.5938950253,4.9217227693838295,-0.029482885330043253,-0.10270058399723628,0.028721889429547728,0.0324309721917998,-0.0628923835869242,-0.033484146997483206,-0.2936796441379945,0.006703871484285221,-0.09900857522880091
1224.0,12.3373736587701,-2.814304177536401,26.053853656206144,-0.0028840963185367084,-0.034990914270531207,0.009285724227225081,0.35038527862834307,-7.743374841464994,-7.2157,0.0,7.5938950253,4.929070663928593,-0.008053344327701462,-0.09770612692458315,0.025928792340702594,0.032423575673402275,-0.0630803909773738,-0.03453218669046777,-0.29389376524107247,0.006670146453963558,-0.0987125070360995
1225.0,12.34096015868807,-2.844838428934912,26.028666854433407,0.004769113952145654,-0.0331431902063108,0.008544401494095745,0.3501466722215766,-7.777500754929722,-7.2157,0.0,7.5938950253,4.93266232599481,0.013313062641706445,-0.09251977868217887,0.02385184197068913,0.03241564480386787,-0.06328423206730989,-0.03564167624329664,-0.2941280667890897,0.006638150802399418,-0.09846212600126494
1226.0,12.344542227821417,-2.8772147777994914,26.003706805065487,0.01237577595811044,-0.031238176700850946,0.008031326150233074,0.35761943638687504,-7.809746188344661,-7.2157,0.0,7.5938950253,4.93253141054517,0.03453716418872397,-0.08717659735643649,0.02241307784196046,0.03240720112731898,-0.06350368213465443,-0.03680795658790829,-0.29437956416810945,0.0066079851695903516,-0.09825183204997302
1227.0,12.34812032532852,-2.9113362838147996,25.978753466713606,0.01990797354574584,-0.02928378139819637,0.007717031875385912,0.37271512285921377,-7.840060440470407,-7.2157,0.0,7.5938950253,4.9287241566556075,0.055541221706770005,-0.08169877216846974,0.02152973417028731,0.03239827830570696,-0.06373820573560833,-0.038027133278292574,-0.29464570667521084,0.0065797496275872315,-0.09807577720808355
1228.0,12.351694934723016,-2.9470992156642244,25.95361791424332,0.02733833179299383,-0.027284155342467933,0.0075707232631820375,0.3953212949420506,-7.86839851362064,-7.2157,0.0,7.5938950253,4.921299297956416,0.07624909255336602,-0.0760979895079556,0.021115435395301873,0.032388921915777066,-0.06398696715753001,-0.03929582277120812,-0.2949243078401873,0.006553539723643302,-0.09792795424325615
1229.0,12.355266540350478,-2.9843900402864034,25.928143591749897,0.034640087187741544,-0.025240608945107698,0.007560585596968122,0.42530235668457433,-7.894717914274604,-7.2157,0.0,7.5938950253,4.9103278739882,0.09658642326496059,-0.07037800239429674,0.02108106473987597,0.03237918855559241,-0.06424885521483378,-0.04061090925316581,-0.2952134955798512,0.006529443436978572,-0.09780226103700126
1230.0,12.358827938586103,-3.023081781449695,25.90220383827266,0.04178831298463563,-0.023152423450179396,0.007654095282247654,0.4625006303044298,-7.918976322854516,-7.2157,0.0,7.5938950253,4.895894541404822,0.11648413502270946,-0.06453694410361124,0.021335646372272265,0.032392227100908916,-0.06462098951492427,-0.04190663950927272,-0.29573171724909486,0.006542439114105159,-0.09766124410144864
1231.0,12.362347303715994,-3.0630304197611036,25.875694678020963,0.04876255333364011,-0.02101747112824902,0.007818429821028202,0.5067405218023213,-7.9411297848828815,-7.2157,0.0,7.5938950253,4.878099365121778,0.13588600296312256,-0.058569126281587,0.021787521472840295,0.03242190002787468,-0.06507483926358584,-0.04319711412412909,-0.2964174613260342,0.006583442546131661,-0.09750727339020122
1232.0,12.365820241032992,-3.1040863058187216,25.848558827790907,0.05553908428248838,-0.01883417710247179,0.008020127349357689,0.5578287762317379,-7.961132315228441,-7.2157,0.0,7.5938950253,4.85704600940972,0.15472661062812712,-0.05247022749264483,0.022343312598751792,0.03245252548052765,-0.06554136581632997,-0.044521782902008866,-0.29711915901426716,0.006628733138822993,-0.09735563397566763
1233.0,12.369246110806719,-3.1460890213529176,25.82077576031405,0.06209448752570919,-0.016602019643506518,0.008225499217152706,0.6155529177540332,-7.978936663498525,-7.2157,0.0,7.5938950253,4.832847642145607,0.17294142877404245,-0.04623883877766079,0.022909112284809213,0.03248402140565343,-0.06601814155982026,-0.04587715998117747,-0.29783447679626895,0.006678095163124653,-0.09720049068300868
1234.0,12.372624379092839,-3.1888685314913365,25.79236022734249,0.06840624291993189,-0.014322331733297783,0.008400982375304355,0.6796820921271779,-7.994495642991222,-7.2157,0.0,7.5938950253,4.805627111499885,0.19046848884977136,-0.03987871231635055,0.023391467643540866,0.03251629351879291,-0.06650271702286889,-0.04725920130146356,-0.2985613061053412,0.006731282516382379,-0.09703613353893487
1235.0,12.375954620573369,-3.2322480443686366,25.763362036776268,0.07445276014724125,-0.011999079201711341,0.00851355802379988,0.7499679793270468,-8.007764240526015,-7.2157,0.0,7.5938950253,4.775516196157378,0.2072484641151368,-0.03340092067013451,0.02369854147916372,0.032549234150944385,-0.06699271302915945,-0.04866322609745602,-0.29929781675488365,0.006788026220594751,-0.09685704513219562
1236.0,12.379236522456504,-3.276047603486325,25.733865344283668,0.08021339359552201,-0.009639512712720455,0.00853128245586918,0.8261456529304207,-8.018702416569665,-7.2157,0.0,7.5938950253,4.74265481308334,0.22322470407224929,-0.026825661853282237,0.023741583745616322,0.03258272175365868,-0.0674859163133808,-0.050083877445671304,-0.3000425145624692,0.0068480438532879506,-0.09665798615786625
1237.0,12.38246988880534,-3.3200882507353224,25.703987342100312,0.0856684405831553,-0.007254658588411398,0.008423930928381996,0.907934353482109,-8.027278461047027,-7.2157,0.0,7.5938950253,4.707190210311705,0.23834322268434277,-0.02018361365826711,0.02343671521827207,0.032616621129042615,-0.06798037383750172,-0.05151512474542741,-0.3007942967346187,0.0069110504685589505,-0.09643409964528357
1238.0,12.385654644634846,-3.3641965629279627,25.673876234079298,0.09079912470834113,-0.004859614251500394,0.008163742099160036,0.9950381451786979,-8.033472737632435,-7.2157,0.0,7.5938950253,4.669276174704472,0.2525526454556309,-0.01351674301985386,0.022706988317156878,0.0326507844431889,-0.06847448052150798,-0.0529503101282769,-0.30155249868816647,0.006976770465247415,-0.09618103197015879
1239.0,12.38879083909881,-3.4082093332035925,25.64370840620087,0.09558756778478024,-0.002473617639688829,0.007726236906217399,1.0871464310259518,-8.037281618662947,-7.2157,0.0,7.5938950253,4.629072285459355,0.26580412511227924,-0.006878486269889999,0.021484652124335257,0.03268505306201062,-0.0689670548264339,-0.05438223946201366,-0.3023169264540879,0.007044949770526916,-0.0958950662852265
1240.0,12.391878647093222,-3.451978143908905,25.613684735481097,0.10001675540755997,-0.00011986681838778955,0.007091072703091258,1.183934311106017,-8.038721386897823,-7.2157,0.0,7.5938950253,4.586743242988918,0.2780512400029575,-0.00033323533994000104,0.019713512501092535,0.032719260215541446,-0.06945739668339368,-0.055803316811385145,-0.30308786965247025,0.007115367639645916,-0.09557326164898974
1241.0,12.394918368640262,-3.495373562897365,25.584026026313644,0.10407050253087216,0.002174923609546611,0.006242882140900593,1.2850627813345996,-8.037831862309794,-7.2157,0.0,7.5938950253,4.542458299412429,0.28924989302546333,0.006044906155933017,0.017351246967318157,0.03275323445047252,-0.06994532271775854,-0.05720571897474237,-0.30386609122855374,0.007187847335583014,-0.09521358909492518
1242.0,12.39791042549808,-3.5382886938967233,25.5549676193209,0.10773342638154107,0.004381229027144891,0.005172037904267847,1.3901787853516785,-8.034679505089198,-7.2157,0.0,7.5938950253,4.496390811192475,0.29935823146544355,0.012174095053528169,0.014371510979429356,0.03278680377330269,-0.07043117460865946,-0.0585816041437727,-0.30465279165192555,0.007262264954674579,-0.09481505438292592
1243.0,12.400855354572734,-3.580641826352789,25.526753280170407,0.11099093443689927,0.006467667662321755,0.0038752801234227647,1.4989151488802421,-8.029359752859985,-7.2157,0.0,7.5938950253,4.4487179265071966,0.30833660921149597,0.01796740181191004,0.010765660628618312,0.032819800322641875,-0.07091579774540457,-0.059923346015107876,-0.3054495470216051,0.00733855571249468,-0.09437779642095619
1244.0,12.403753797891664,-3.6223779626637236,25.499628539843116,0.1138292349463593,0.008402165290136928,0.002356144074571232,1.6108904426207968,-8.021998372760468,-7.2157,0.0,7.5938950253,4.399620410096745,0.3161476120695514,0.02333604801914219,0.006543919259569287,0.032852065345725774,-0.07140048904123497,-0.061223782064319,-0.3062582223746893,0.0074167171019681385,-0.09390315051298878
1245.0,12.406606489127778,-3.663469051266272,25.47383371802363,0.11623537650217272,0.010153279307657737,0.0006251322878281481,1.725708834945889,-8.012751648383524,-7.2157,0.0,7.5938950253,4.349282597117252,0.32275616414600783,0.028193081843558957,0.0017358338345422717,0.03288345419929739,-0.07188691473901498,-0.0624764624648842,-0.3070808633275445,0.007496808482384583,-0.09339366679119251
1246.0,12.409414236926242,-3.7039128212184202,25.449596911720192,0.11819732145780468,0.011691613420359674,-0.0013004124273027513,1.8429600076874681,-8.001805276973947,-7.2157,0.0,7.5938950253,4.297892455755527,0.32812972848507016,0.03245730013048196,-0.0036100985320703057,0.032913841057249794,-0.07237700114645698,-0.06367588460237082,-0.30791957083738586,0.007578946848511038,-0.09285307644832452
1247.0,12.412177905562057,-3.7437301945073687,25.42712726612134,0.11970405561945387,0.012991241470438727,-0.0033967586789898137,1.9622192156453653,-7.989371921470128,-7.2157,0.0,7.5938950253,4.245641726962759,0.33223860852350945,0.03605719093472404,-0.009427703774593956,0.03294312299436963,-0.07287280329068889,-0.06481769758176045,-0.30877636521416457,0.007663298753449365,-0.09228620161295109
1248.0,12.414898393720456,-3.78296134110788,25.406608859283462,0.1207457337447313,0.014031051586110586,-0.005634566336737487,2.0830475719726596,-7.9756874407757685,-7.2157,0.0,7.5938950253,4.192726099667889,0.33505634887918173,0.03893465027357788,-0.015635312037574876,0.03297122313217879,-0.07337635828683695,-0.06589886176755284,-0.3096530464154468,0.007750068602487786,-0.09169880869683125
1249.0,12.417576612415107,-3.8216605326073787,25.388195522777785,0.12131385719912702,0.014795921298133213,-0.007979973056833995,2.2049926364714914,-7.961005904945662,-7.2157,0.0,7.5938950253,4.139345372338283,0.3365602251514595,0.04104822580366213,-0.02213878604405595,0.03299809258112547,-0.07388953158709446,-0.06691775035910719,-0.31055105803891797,0.007839483780766598,-0.0910974094726375
1250.0,12.42021346320638,-3.859890035281688,25.37200688393684,0.12140147695255414,0.01527764155600048,-0.010395940696357648,2.327589371510379,-7.9455935831947135,-7.2157,0.0,7.5938950253,4.085703547913026,0.3367318036364731,0.04237566070529871,-0.028835265839067484,0.033023710991115666,-0.07441386504326841,-0.06787418329006796,-0.31147136222523736,0.007931777304290023,-0.09048901859861322
1251.0,12.422809817963945,-3.8977133539369784,25.358125858693217,0.12100341220956107,0.015475522181866062,-0.012843791811267397,2.4503615134204724,-7.929722162599896,-7.2157,0.0,7.5938950253,4.032008808662917,0.3355575438812113,0.04291555187413022,-0.03561743553848279,0.03304808562032612,-0.07495043578812062,-0.06876938804640195,-0.3124143319792909,0.00802716886933134,-0.08988088031284383
1252.0,12.425366501364069,-3.9351881895649004,25.34659773961471,0.12011647278286239,0.015396633401187012,-0.015284847903383804,2.572823382986382,-7.913661512261889,-7.2157,0.0,7.5938950253,3.978473322696989,0.3330294109968776,0.04268799802506133,-0.042378066692339865,0.03307124894603032,-0.07549973425907473,-0.06960588725055233,-0.31337966617703444,0.008125845307274327,-0.08928018016022102
1253.0,12.427884277187237,-3.972359497153555,25.337430930261654,0.11873967200443745,0.015055664747509082,-0.017682069821370914,2.6944821335766305,-7.897672339509853,-7.2157,0.0,7.5938950253,3.925312842356298,0.32914546107108417,0.0417341873309651,-0.04901456207348065,0.03309325495231036,-0.0760615683074971,-0.07038731828986963,-0.31436633096306,0.008227941507614649,-0.08869375944088878
1254.0,12.430363839249733,-4.009253024889836,25.33059927333597,0.11687441678439467,0.014474412143451772,-0.020001597902467888,2.8148404082901153,-7.8819990925718715,-7.2157,0.0,7.5938950253,3.8727460676820353,0.32391036258399786,0.040114955989253694,-0.055433216328252585,0.033114174330897764,-0.07663499837248003,-0.07111819555770506,-0.315372529436156,0.008333522850108436,-0.08812785036482301
1255.0,12.432805807506037,-4.045869680593449,25.326045819459626,0.11452466240543872,0.013680932914588599,-0.02221409586925011,2.9333993521451305,-7.866863444396452,-7.2157,0.0,7.5938950253,3.8209937638030027,0.31733581952075773,0.03790842921579578,-0.06155292815992089,0.03313408891016648,-0.07721830633855957,-0.07180363036148586,-0.31639569965114267,0.00844257008412435,-0.08758784855698906
1256.0,12.43521072952054,-4.082181008823364,25.323687793890507,0.11169702171214696,0.012708433891959001,-0.024295817605376406,3.049661903585625,-7.852458647139196,-7.2157,0.0,7.5938950253,3.7702776383158323,0.3094408676845823,0.03520692629186092,-0.06730814094836726,0.033153085676523704,-0.07780899817554338,-0.07244902676498333,-0.31743253917990916,0.008554967417915395,-0.08707813670363565
1257.0,12.437579087159953,-4.11812597841103,25.323422448213588,0.10840082130656961,0.01159397684914153,-0.02622933811745788,3.1631362732663577,-7.838944980375674,-7.2157,0.0,7.5938950253,3.720819001964644,0.30025202395428974,0.03211336383502983,-0.07265085044397944,0.0331712507682604,-0.07840383802512396,-0.07305977320840441,-0.31847905290467965,0.008670494348193529,-0.08660196907060291
1258.0,12.439911308033981,-4.1536091832387285,25.325133438938316,0.10464810087412153,0.010377096322501162,-0.028003916733493044,3.2733395083903494,-7.826446434834432,-7.2157,0.0,7.5938950253,3.6728372515957037,0.2898032780012839,0.02873742098782402,-0.07755159241736614,0.03318866380454128,-0.07899890928713396,-0.07364094952129194,-0.31953061946094,0.008788821492666875,-0.08616142181969064
1259.0,12.442207780938912,-4.188500458211608,25.32869735802763,0.10045355545204707,0.00909842645022477,-0.029615488842083735,3.379801038266608,-7.815048685277893,-7.2157,0.0,7.5938950253,3.6265482270662854,0.2781359262159723,0.025191734194507286,-0.08199940143844749,0.03320539286538934,-0.07958969665712004,-0.0741970669589505,-0.3205820708665253,0.008909510410234672,-0.08575740904523849
1260.0,12.444468874358108,-4.222635816993944,25.333990051540383,0.09583442392523697,0.007798426071884391,-0.031066309109371384,3.4820661009464984,-7.8047983194621455,-7.2157,0.0,7.5938950253,3.5821625024682016,0.2652982572062327,0.02158836836580337,-0.08600080562884188,0.03322149036868757,-0.08017118209849564,-0.07473185541216593,-0.321627779388377,0.00903201713095246,-0.08538975980072289
1261.0,12.446694956957726,-4.255819536577728,25.340892398628796,0.09081032994798799,0.0065162762703488445,-0.03236429136881368,3.579698960835388,-7.795703212674035,-7.2157,0.0,7.5938950253,3.5398836760963075,0.25134510627332407,0.01803576919735064,-0.08957798367448318,0.03323699000539768,-0.0807379474411882,-0.0752481073886766,-0.3226617455959784,0.009155698893666717,-0.08505734755948544
1262.0,12.44888641899,-4.287827152519987,25.349295278511214,0.08540308359720351,0.005289003949965337,-0.03352210626487606,3.6722858416207265,-7.787733875502671,-7.2157,0.0,7.5938950253,3.4999067229826837,0.23633730206065787,0.014636344163150343,-0.09276625410151941,0.03325190480288827,-0.08128427665210922,-0.07574758326962705,-0.32367768179008166,0.009279823421079036,-0.08475826089013949
1263.0,12.451043693576754,-4.318409091534125,25.35910352062784,0.07963645323653451,0.004150861517920124,-0.03455610623284244,3.7594375159917437,-7.780825560489667,-7.2157,0.0,7.5938950253,3.462416468955542,0.22034103176538675,0.011484754435976937,-0.09561109004344397,0.03326622629652401,-0.0818042517242405,-0.07623097725266191,-0.3246690855194386,0.009403579960608354,-0.08449000278425542
1264.0,12.453167276982947,-4.347294656096003,25.370238705391873,0.07353591731400141,0.0031329689001486265,-0.03548514853583681,3.840791511690408,-7.774880892989723,-7.2157,0.0,7.5938950253,3.4275862368937196,0.20342715191416744,0.008666933978282575,-0.09816485556401734,0.03327992470838499,-0.082291837439742,-0.07669793879854266,-0.3256292986419543,0.009526091287791865,-0.08424970602734888
1265.0,12.455257747189622,-4.374196087335138,25.382640752699892,0.06712840524277972,0.002263202285126973,-0.036329381795075645,3.916013910838081,-7.7697727925447895,-7.2157,0.0,7.5938950253,3.3955767052096517,0.1856704700579613,0.006259791672333446,-0.10048344468204623,0.03329294996445532,-0.08274095181696024,-0.07714714067992966,-0.3265515482867778,0.009646425902975791,-0.08403435307046567
1266.0,12.45731578032043,-4.39881246423628,25.396268296925133,0.06044203532407545,0.0015662958677109253,-0.037109051348370885,3.984800734969226,-7.765347471000991,-7.2157,0.0,7.5938950253,3.3665350067647113,0.167149019390182,0.004331502355257261,-0.10262297604841591,0.033305233331345795,-0.08314552069286614,-0.07757638212175859,-0.3274289670759076,0.009763609741870443,-0.08384099074088565
1267.0,12.459342164747444,-4.420833244316156,25.411097896599358,0.05350585610530084,0.0010641094674423966,-0.03784336582236257,4.046878920944954,-7.761427328796432,-7.2157,0.0,7.5938950253,3.3405940844802764,0.14794334391449618,0.0029422557522428916,-0.10463666021381934,0.0333166894223346,-0.08349951648363454,-0.0779827141014434,-0.3282545910270097,0.009876636852676556,-0.08366693246982995
1268.0,12.461337812981693,-4.439941308194508,25.42712216255988,0.046349595875824184,0.0007760065245838998,-0.03854945352170527,4.102006902549791,-7.757813616921868,-7.2157,0.0,7.5938950253,3.3178723087273596,0.12813580707672684,0.002145309369918983,-0.10657191818034678,0.033327218310402223,-0.08379698260179357,-0.07836257358756105,-0.3290213346582491,0.009984478651933913,-0.0835099431516356
1269.0,12.463303771724497,-4.455815432741001,25.444346910122235,0.03900342341088437,0.0007192833508519135,-0.03924142442758581,4.149974819164202,-7.754288784480598,-7.2157,0.0,7.5938950253,3.298473351739597,0.1078099323514321,0.0019881816162633584,-0.10846779443804562,0.033336707491961354,-0.08403204622035747,-0.07871191418115986,-0.3297219439414976,0.010086091543478505,-0.0833684039632007
1270.0,12.46524123070129,-4.46813218030022,25.462787450601827,0.03149772175871771,0.0009095909494226327,-0.03992954317190148,4.190604376884654,-7.750618486364419,-7.2157,0.0,7.5938950253,3.2824863060641993,0.08704978062640976,0.0025138228476824093,-0.11035267884620126,0.03334503346731483,-0.08419892302847622,-0.079026322070862,-0.33034892890598666,0.010180422857362115,-0.0832414562177212
1271.0,12.467151531106413,-4.476567251357345,25.482464138202914,0.023862875944294218,0.0013612943473418327,-0.04061951124473586,4.223748389526274,-7.74655327877004,-7.2157,0.0,7.5938950253,3.2699860274126955,0.06593936668129834,0.0037616122775852904,-0.11224233209083039,0.03335206274035926,-0.08429191831186719,-0.07930110819347803,-0.3308944788926468,0.010266415228543675,-0.08312912444406209
1272.0,12.46903617464296,-4.480796402379288,25.503397283562848,0.016129074991916816,0.002087720327888277,-0.041311853341504404,4.2492900279355785,-7.741830079309293,-7.2157,0.0,7.5938950253,3.261033676930005,0.04456211576332561,0.005768045283404638,-0.11413820023307285,0.033357652088625775,-0.08430542912361727,-0.07953136979829105,-0.3313503647150075,0.01034300968189435,-0.08303241930374133
1273.0,12.470896834234928,-4.4804960777956415,25.525601538933365,0.008326128648791186,0.0031012519785535144,-0.04200140315503484,4.267141806849849,-7.736173511240674,-7.2157,0.0,7.5938950253,3.2556774334450322,0.023000361222092758,0.008566996590644393,-0.11602600501984817,0.03336164801374681,-0.08423395250189378,-0.079712017081561,-0.3317078333058781,0.010409147816569585,-0.08295342069470238
1274.0,12.472735367509301,-4.4753439441525265,25.549079855744612,0.00048329957595939256,0.004413237079706037,-0.042676887689260846,4.277244339996644,-7.729297286369329,-7.2157,0.0,7.5938950253,3.2539533422168025,0.001334885243791224,0.012189468702424117,-0.11787460709900609,0.033363885350734514,-0.08407210465288352,-0.0798377630782249,-0.33195750181767325,0.010463773587105402,-0.08289534052671121
1275.0,12.474553834082611,-4.4650195447071725,25.57381711624405,-0.007370847521456073,0.006033686804157562,-0.043320615653735316,4.2795648969224045,-7.72090580730536,-7.2157,0.0,7.5938950253,3.255886262598187,-0.020355493309940544,0.016662761102951642,-0.11963515722652167,0.0333641850913997,-0.08381465575324984,-0.07990307751263391,-0.33208925957489166,0.010505835259822686,-0.0828625633228588
1276.0,12.47635451752955,-4.449205313515606,25.59977354937122,-0.015208577435696848,0.007970751464770229,-0.043908283827276934,4.2740957996547895,-7.710696186087287,-7.2157,0.0,7.5938950253,3.261490872571681,-0.041994277408806846,0.022009024156497484,-0.12124057357655216,0.033362351562354814,-0.08345658452863472,-0.07990210780286326,-0.3320921876982538,0.010534288180593872,-0.08286066118037265
1277.0,12.478139952649904,-4.427588198605563,25.626878058421646,-0.023003093279749802,0.01022997128833968,-0.0444089244538451,4.2608527039576085,-7.6983608817258515,-7.2157,0.0,7.5938950253,3.2707726831202883,-0.06350758738838248,0.028243192672996128,-0.12260540859778314,0.03335816919052957,-0.08299315601529521,-0.0798285728902054,-0.331954507545247,0.010548099022445696,-0.08289637791455887
1278.0,12.479912958275381,-4.39986214299864,25.655021614725783,-0.030728618257307324,0.012813312637316245,-0.044785025668734914,4.239872818544212,-7.683591152966902,-7.2157,0.0,7.5938950253,3.283729009968262,-0.08482438158851768,0.035370328449513884,-0.12362619350360646,0.033351399187184806,-0.08242002488755651,-0.07967563803556343,-0.3316635702170522,0.010546252186335633,-0.0829775756330469
1279.0,12.481676675363838,-4.3657316586530035,25.684050906773603,-0.03836044529749706,0.015718013947910735,-0.044992864518935256,4.211213125758146,-7.666081503367438,-7.2157,0.0,7.5938950253,3.300349844714434,-0.10587658812755234,0.043382439281919684,-0.12418236932356184,0.033341776581470646,-0.08173336541312635,-0.0794357811771354,-0.3312059001042849,0.010527759001729038,-0.08311313577404433
1280.0,12.483434609514829,-4.324916700036758,25.713762476073402,-0.04587494906900031,0.018935280976840184,-0.04498309719980936,4.174948678149433,-7.64553526245038,-7.2157,0.0,7.5938950253,3.320618562413622,-0.12659913275970475,0.05225488417706359,-0.1241379273419097,0.03332900813054878,-0.0809300274714404,-0.07910066383061522,-0.33056730558654845,0.010491670309805598,-0.0833128060236315
1281.0,12.48519067631669,-4.277158999075895,25.74389761654335,-0.05324955496518759,0.022448887602411354,-0.04470165257045817,4.1311710559778465,-7.621671398205137,-7.2157,0.0,7.5938950253,3.3445123991292425,-0.1469298480183004,0.06194252037896987,-0.12334388564633421,0.03331277171595945,-0.08000771614830163,-0.07866102173345657,-0.329733069341395,0.010437092904601979,-0.08358698472618903
1282.0,12.48694924712418,-4.22222995985347,25.774138359313376,-0.06046266033454037,0.026233755966627248,-0.04409097179149207,4.079987079568045,-7.5942325918474305,-7.2157,0.0,7.5938950253,3.3720026319939604,-0.16680925078674677,0.07237579613438795,-0.12164171953903967,0.03329271789260878,-0.07896519024511543,-0.07810659232728547,-0.3286882290256057,0.010363210149131385,-0.08394643562097218
1283.0,12.48871519200716,-4.159940128369967,25.80410490438573,-0.0674935046234146,0.030254607381322525,-0.04309162813344163,4.0215178759987396,-7.562994525505683,-7.2157,0.0,7.5938950253,3.4030543971357163,-0.186180179348212,0.083457041678204,-0.1188678391951124,0.03326847427162277,-0.07780247269367489,-0.07742609751431931,-0.32741795614765556,0.010269306868213108,-0.0844019281426272
1284.0,12.490493915765805,-4.09015014953262,25.833354888731396,-0.07432198727570069,0.03446479197791009,-0.04164434590299158,3.9558984000716837,-7.527776238291402,-7.2157,0.0,7.5938950253,3.4376260887587824,-0.20498728704523841,0.09505725647408933,-0.11485916618134794,0.03323965337323913,-0.07652106347219115,-0.07660730063670103,-0.32590803657953904,0.010154798343300946,-0.08496380222529755
1285.0,12.49229138215949,-4.012783001345156,25.86138489050946,-0.08092843522954697,0.03880541898947366,-0.0396924155731233,3.8832775031315157,-7.4884512982625635,-7.2157,0.0,7.5938950253,3.4756682969174078,-0.22317639801769867,0.10701372897021495,-0.1094598000209086,0.033205864462353664,-0.07512414334454726,-0.07563715599436961,-0.3241454502626179,0.010019262896942263,-0.08564146158309147
1286.0,12.494114120949309,-3.92783715793963,25.887634554272722,-0.08729332564388138,0.04320491887177936,-0.03718447351063421,3.803818628545031,-7.4449594209412435,-7.2157,0.0,7.5938950253,3.5171222630016135,-0.24069374101436664,0.11912885065113436,-0.10252868671124457,0.033166729661255064,-0.07361675480320555,-0.0745020671045777,-0.32211904027052385,0.009862477161650802,-0.08644280573559121
1287.0,12.495969212128793,-3.8354001839471623,25.91149367544429,-0.0933969739852938,0.04757917092685061,-0.03407757962133273,3.717701188360557,-7.397318045029973,-7.2157,0.0,7.5938950253,3.5619178610828106,-0.2574850897256043,0.13117049270888598,-0.09394810422671622,0.03312190431182017,-0.07200594522890749,-0.07318826600052986,-0.31982025269277964,0.009684452694235377,-0.0873736184059474
1288.0,12.49786424194036,-3.735662110904552,25.932312497884844,-0.09921920262801272,0.051832323195304994,-0.030340485926869866,3.6251226413653,-7.345633260606495,-7.2157,0.0,7.5938950253,3.609971149701943,-0.2734948519495488,0.14287429432030938,-0.08363266874615927,0.03307110113447887,-0.07030085674443534,-0.07168231991792819,-0.3172439191947445,0.009485472146570655,-0.08843693797953775
1289.0,12.499807226063472,-3.628927803248542,25.949415351374874,-0.10473901037559023,0.055858412591643564,-0.025956945595145185,3.5263012488369267,-7.290109384339712,-7.2157,0.0,7.5938950253,3.6611815810911703,-0.28866516436473255,0.15394815927798447,-0.07153844532003753,0.03301411722116228,-0.06851274778393832,-0.0699717635968744,-0.3143890442345663,0.009266122773668672,-0.08963244392183822
1290.0,12.50180649680037,-3.515627401468217,25.962117584183083,-0.1099342683826936,0.059543860272005804,-0.02092886842614824,3.4214794322361577,-7.231056402140771,-7.2157,0.0,7.5938950253,3.715429000672554,-0.3029350635648596,0.16407916623054378,-0.057671626693737016,0.03295086234215025,-0.06665493323317359,-0.06804584519042296,-0.3112595496750644,0.009027324697792672,-0.09095590065376155
1291.0,12.503870553206339,-3.396323850501326,25.969745531218386,-0.114781472277699,0.0627708684209727,-0.01527908967908367,3.31092759964042,-7.168894465650829,-7.2157,0.0,7.5938950253,3.772570615149503,-0.31623981575471116,0.17294296257313668,-0.042096136328719266,0.0328813865027167,-0.0647426332530533,-0.06589636173974273,-0.3078649220556221,0.008770351111405249,-0.0923987063992274
1292.0,12.506007875861767,-3.271716501627467,25.971659007350222,-0.1192555831629845,0.0654216796563607,-0.009053490151953433,3.1949482488817074,-7.1041546491804946,-7.2157,0.0,7.5938950253,3.8324381475530274,-0.3285104951752412,0.18021553212929847,-0.024939432217757487,0.03280590423619629,-0.06279272559660344,-0.06351854700386579,-0.3042207033961479,0.008496837555758377,-0.09394759780408979
1293.0,12.508226711206333,-3.142639835090537,25.967275541574235,-0.1233299907984244,0.0673835806843601,-0.0023221934098618547,3.0738801002912632,-7.037475261368488,-7.2157,0.0,7.5938950253,3.894835426277951,-0.3396739027123023,0.18558700670946868,-0.006395755754736035,0.03272481286103457,-0.06082340223058217,-0.060911961164876946,-0.3003487664464865,0.008208777617717317,-0.09558456043778639
1294.0,12.51053483378189,-3.010056504895597,25.9560952914205,-0.12697662982859653,0.06855444200872225,0.004820421709535921,2.9481019666828696,-6.969593171112798,-7.2157,0.0,7.5938950253,3.9595366662172014,-0.34965290898541085,0.18877694347832677,0.01327389516914139,0.03263870195652036,-0.058853738056051194,-0.05808132001873313,-0.2962773209755619,0.007908502893934008,-0.09728698945254222
1295.0,12.512873233723226,-2.875031479254579,25.937695660811325,-0.1301573530530255,0.06884961354272427,0.012257608706822356,2.8180388140784363,-6.901329514325884,-7.2157,0.0,7.5938950253,4.026298035071305,-0.35834462068969036,0.18955432075779913,0.033747214733380757,0.032673315575001596,-0.057404422529921346,-0.05474023879709933,-0.29323321768372235,0.007768079075383147,-0.09885907862957793
1296.0,12.515161204428356,-2.7387257202028135,25.911772700002203,-0.1328305153687121,0.06820702164919223,0.01985225663326989,2.6841748725584407,-6.833569076989574,-7.2157,0.0,7.5938950253,4.09484335678676,-0.3656374200623928,0.1877508293687216,0.05464653869373679,0.032715975597268035,-0.056038894979859234,-0.05117509952447102,-0.29016769959541366,0.007635028637947185,-0.10042642850701428
1297.0,12.51740277322734,-2.6023888315600834,25.87820860058398,-0.13496613470419327,0.0665906946272543,0.027450941087779922,2.547045747769256,-6.767236950962113,-7.2157,0.0,7.5938950253,4.16484811940203,-0.3714495270939232,0.1832688035584749,0.07554961181697233,0.03275648613051587,-0.05473145537484991,-0.04743506807818132,-0.2870158740602728,0.007497034280687733,-0.10197182940852706
1298.0,12.519602964073052,-2.4673084529125213,25.837048134800536,-0.13653552334276867,0.06399611588814194,0.0348910798273835,2.4072334953394443,-6.703270556117985,-7.2157,0.0,7.5938950253,4.235962103205464,-0.37570271139238465,0.17609713332548343,0.0960092507328452,0.032794779039131965,-0.0534952596708201,-0.043551993700851895,-0.28381179349527175,0.00735554194549537,-0.10346327700366276
1299.0,12.521766731287482,-2.334774434072442,25.788504316826618,-0.13751216497789887,0.06045257776961746,0.042008252042223394,2.265364246255425,-6.642588491999898,-7.2157,0.0,7.5938950253,4.307814057927455,-0.3783247352509601,0.16631768893758897,0.11557349006019993,0.032830843052318995,-0.052341476437918276,-0.0395638252612309,-0.2805912222427207,0.007212035551045688,-0.10486909046607654
1300.0,12.523898856080963,-2.2060411333390757,25.732956642591933,-0.13787278473492895,0.05602357750111253,0.04864420352099447,2.1221040562219846,-6.586058422146047,-7.2157,0.0,7.5938950253,4.380017288806972,-0.3792522990404129,0.1541063423692704,0.13380759702355632,0.032864705587254565,-0.051278907210585194,-0.03551372396603138,-0.27739037624184487,0.0070679934730057846,-0.10615943520256002
1301.0,12.526003868240815,-2.0822898549971143,25.67094103747581,-0.1375984099418715,0.05080506851927642,0.05465495352963448,1.9781530270230936,-6.5344659117153885,-7.2157,0.0,7.5938950253,4.452176056718274,-0.3784339580571444,0.13972809116934118,0.150316347408277,0.03289641352322878,-0.05031373312561743,-0.031448796251830655,-0.2742446080849535,0.006924843902126586,-0.10730781988637275
1302.0,12.528085994920717,-1.9645937882521913,25.603131731696067,-0.13667533932322318,0.044921567746256615,0.059918340025511094,1.8342378804334452,-6.488486206879087,-7.2157,0.0,7.5938950253,4.523892418626896,-0.37583278416144333,0.12352629200389952,0.16476473858143567,0.03292601565161383,-0.04944940855307187,-0.027418507080775627,-0.2711871277692986,0.006783921864747066,-0.1082924452955118
1303.0,12.530149135233316,-1.8538877229566262,25.53031594985428,-0.135095940379018,0.0385203406077176,0.06434034742375118,1.691103275112007,-6.448660819521601,-7.2157,0.0,7.5938950253,4.594773096564975,-0.371428551713763,0.10590661927593742,0.17689533818201886,0.032953549137150234,-0.04868670917595683,-0.023472871197218914,-0.2682478483127098,0.00664643072764677,-0.1090972886821644
1304.0,12.532196856698867,-1.7509444891431443,25.45336293967022,-0.13285920695677178,0.03176409817827281,0.06785965372260068,1.549502250613982,-6.415380455768949,-7.2157,0.0,7.5938950253,4.664435966625804,-0.36521926139503885,0.08731694807814751,0.18654072366362345,0.03297903152436544,-0.0480239272375911,-0.01966054954760412,-0.26545243463390555,0.006513410739220345,-0.10971282870242685
1305.0,12.534232407865607,-1.656359522982898,25.37318936335903,-0.12997103038565813,0.024822808389397565,0.07045000418453766,1.4101862415866107,-6.388875331214259,-7.2157,0.0,7.5938950253,4.732515808231361,-0.35722187455022425,0.0682248199321816,0.19362993801154552,0.03300245877672835,-0.047457192643832524,-0.01602699414284068,-0.26282161453531466,0.006385716591885219,-0.11013635022694664
1306.0,12.53625874081669,-1.5705442656520985,25.290723370586825,-0.12644416522187452,0.017865317942768057,0.0721202440419658,1.2738951253340207,-6.369213304942116,-7.2157,0.0,7.5938950253,4.798669039290018,-0.3474722069759866,0.04909440813665471,0.19818850732207077,0.033023808776508984,-0.046980887291773715,-0.01261278382743906,-0.26037078503900113,0.006264005192108366,-0.11037181099852522
1307.0,12.538278537760958,-1.4937283424013104,25.206869723618674,-0.1222979005619665,0.011051487280059374,0.0729120886742179,1.1413477458335468,-6.356305614096084,-7.2157,0.0,7.5938950253,4.862577271694773,-0.3360240133181886,0.030364912986375062,0.2003322423618258,0.03304304886448802,-0.046588112984084856,-0.009452275089248282,-0.2581099193127006,0.00614873390056144,-0.11042929674783439
1308.0,12.540294237200095,-1.4259697448844288,25.12247815093721,-0.11755747548136537,0.004525457834518409,0.07289593802139095,1.0132333008857501,-6.349919382653634,-7.2157,0.0,7.5938950253,4.923949637769205,-0.3229473689954869,0.012432086476622247,0.20025567321916485,0.033060145519205705,-0.046271171381198975,-0.006572658731589888,-0.256043752832779,0.006040168583354328,-0.11032413126225638
1309.0,12.542308056871251,-1.3671716397240805,25.038316700987398,-0.11225329844012699,-0.0015894848774037707,0.07216521849086929,0.8902038946071564,-6.3496955856630715,-7.2157,0.0,7.5938950253,4.982523945938991,-0.3083265148429986,-0.004365843493738865,0.19821644993390608,0.033075074220696284,-0.04602201752927653,-0.003993470126293877,-0.2541722056222381,0.005938400019776361,-0.11007573729375103
1310.0,12.544322012362374,-1.317104015066894,24.955051318277466,-0.10642004281120632,-0.007194188703868558,0.07082983745163415,0.7728684559511969,-6.355170825538755,-7.2157,0.0,7.5938950253,5.038066810471861,-0.29225736323039725,-0.019757130007028424,0.19451732009144068,0.03308782786245099,-0.045832655640456126,-0.0017265545750400034,-0.2524909826632332,0.005843366638334554,-0.10970635954123589
1311.0,12.546337931660963,-1.27542818698649,24.87323225193339,-0.1000956931179184,-0.012214999927444434,0.06900935474692654,0.6617881176585636,-6.365801144813636,-7.2157,0.0,7.5938950253,5.090372957827146,-0.2748448708057222,-0.03354020510148588,0.1894873455490361,0.03309842263778374,-0.04569545551146088,0.00022355315908020174,-0.2509922878978606,0.005754881254590751,-0.1092397613908483
1312.0,12.548357466711108,-1.2417222099430316,24.79328731138065,-0.09332061017216478,-0.016603353386783256,0.06682642079758414,0.5574730494600616,-6.380986149230111,-7.2157,0.0,7.5938950253,5.13926393928708,-0.256200465197115,-0.045582501589715954,0.18346386788741734,0.03310690097341618,-0.045603378520903175,0.001858909501346314,-0.24966558806300992,0.005672659460707349,-0.10869999457589419
1313.0,12.550382103353007,-1.215505447491356,24.715521477484653,-0.08613666997928264,-0.020333871483112668,0.06440091889773235,0.46038065534280315,-6.400091925318208,-7.2157,0.0,7.5938950253,5.184586477826851,-0.23643967620663148,-0.0558151829023662,0.17677642304086877,0.03311333166379393,-0.04555011211114679,0.0031871979787023615,-0.24849836988619609,0.005596347539331302,-0.10811031874905135
1314.0,12.552413170804744,-1.1962608913712485,24.640121997399337,-0.07858651450230793,-0.023401346944383103,0.06184510798774574,0.37091498010919455,-6.422471545669006,-7.2157,0.0,7.5938950253,5.226210654297757,-0.21568007583604268,-0.06422481408666963,0.16973341629108032,0.03311780778128784,-0.0455301197806277,0.004220623263750813,-0.24747684535722075,0.005525548161838308,-0.10749232122744701
1315.0,12.554451851409935,-1.1834542289485943,24.567167867424768,-0.07071293441997414,-0.025817017800469567,0.05925991285006093,0.2894271322964449,-6.447482328185705,-7.2157,0.0,7.5938950253,5.264028099237111,-0.19403958210206734,-0.07084309803030488,0.16261195804063136,0.03312044315368184,-0.045538619417395815,0.004974761710244104,-0.2465865733930926,0.005459842622445902,-0.10686525964819532
1316.0,12.556499190773096,-1.1765490750397798,24.496642522689655,-0.06255838804243706,-0.027604528779938065,0.05673237564123382,0.2162165127606101,-6.474499387489875,-7.2157,0.0,7.5938950253,5.297950312450094,-0.17163513773374173,-0.07573576058266886,0.15565089529704912,0.03312136822924981,-0.0455715060809386,0.005467453590470229,-0.24581297961413717,0.00539880886469459,-0.10624562620093406
1317.0,12.558556107903033,-1.1750181758222285,24.428448595608213,-0.0541646475543093,-0.028795922851174407,0.054334176268297535,0.15153264300265884,-6.502925362531786,-7.2157,0.0,7.5938950253,5.327907186709558,-0.14858173919147516,-0.07899152846071895,0.14904678184022513,0.03312072603292025,-0.04562523643071541,0.005717803251435109,-0.24514176827917597,0.005342035029749838,-0.10564691318244204
1318.0,12.560623404609478,-1.178350719063694,24.362423736192195,-0.045572554947322944,-0.029427936031997885,0.0521210578582338,0.09557740652943594,-6.532196490097277,-7.2157,0.0,7.5938950253,5.353845771033583,-0.12499176731619298,-0.08071194905264711,0.14295233487831654,0.03311866871693203,-0.04569669136942214,0.005745332486732462,-0.2445592303593693,0.0052891286487212735,-0.1050795472287499
1319.0,12.56270177322633,-1.1860561361328534,24.298356674538418,-0.036821865225881975,-0.029538791057610866,0.05013295647797557,0.048507546403572126,-6.561785411181954,-7.2157,0.0,7.5938950253,5.375729275049101,-0.10097455785626415,-0.0810025876840785,0.13747682479791232,0.03311535498050645,-0.04578303172139393,0.005569312185366489,-0.2440524590260536,0.0052397218985962115,-0.10455095342928304
1320.0,12.56479180175453,-1.1976649536500452,24.236002915092445,-0.02795115328384145,-0.029165611789542852,0.04839462722997159,0.010437296958867658,-6.591201243975724,-7.2157,0.0,7.5938950253,5.393536290325679,-0.07663614692715223,-0.07996593513069182,0.1326878259805082,0.033110948417947456,-0.045881559444301986,0.005208279777203513,-0.24360948843252864,0.0051934735400900114,-0.10406570979445556
1321.0,12.566893975696974,-1.2127273533244203,24.17509965640839,-0.018997762476174872,-0.02834251719621793,0.046916575077699946,-0.018558937205927682,-6.619987540499605,-7.2157,0.0,7.5938950253,5.407260187175185,-0.0520791309745992,-0.07769618485665274,0.12861380183142054,0.033105616678561635,-0.04598959441409027,0.0046797361830038,-0.24321937385967057,0.005150068265550025,-0.10362575595926492
1322.0,12.569008676151011,-1.2308101397852278,24.11537970913896,-0.00999777647734509,-0.027099404541698003,0.045696130815014016,-0.03844391015522445,-6.64771877518782,-7.2157,0.0,7.5938950253,5.416908635402592,-0.027402590651247023,-0.07427590437047765,0.12524708568021353,0.03309953119528328,-0.04610437452467314,0.0040000061525540705,-0.24287223149102893,0.005109214222442986,-0.10323062619668424
1323.0,12.571136174084014,-1.2514928122206195,24.05658432634775,-0.000986000713281537,-0.025461396316932453,0.04471855358213451,-0.049214901129163074,-6.673996005844601,-7.2157,0.0,7.5938950253,5.422503193623982,-0.002702040937443268,-0.06977452880723692,0.12254693208084552,0.03309286716180006,-0.046222984859193066,0.0031842397170832835,-0.24255925475144596,0.005070639461584848,-0.10287768453321283
1324.0,12.573276621103378,-1.2743633998351935,23.998474957865202,0.008004055209877035,-0.02344890259554247,0.043958085531730265,-0.05090113056336712,-6.698442312573906,-7.2157,0.0,7.5938950253,5.424078912738713,0.021930616043033188,-0.06424854226626787,0.12044243455412136,0.03308580340460702,-0.04634232005141734,0.0022465293200922623,-0.2422727217259723,0.005034088006747956,-0.10256234797471098
1325.0,12.575430037411902,-1.2990146645718554,23.940843993378593,0.01694019760911672,-0.02107823686795863,0.04337892732694725,-0.043561228298582486,-6.720698568366394,-7.2157,0.0,7.5938950253,5.421683903794538,0.046407145194867404,-0.05774317521873151,0.1188352240812029,0.033078521799546144,-0.04645908260651693,0.0012001162026155816,-0.24200600505095482,0.004999316168088444,-0.10227829178828297
1326.0,12.577596297987785,-1.3250412050309777,23.883524570083626,0.025791570311883935,-0.01836271555642077,0.042936142053448804,-0.02728075581921369,-6.740420032932498,-7.2157,0.0,7.5938950253,5.41537882790152,0.07064303672924775,-0.05029542497081901,0.11760196930298612,0.033071205915859166,-0.0465698187751563,5.765999093050936e-05,-0.24175359213876826,0.004966089636380215,-0.1020176379032687
1327.0,12.579775118325024,-1.3520379175202635,23.82639949544351,0.034528672838719465,-0.0153141660530207,0.0425765278035242,-0.0021697911430694876,-6.7572741929012485,-7.2157,0.0,7.5938950253,5.405236275380985,0.09455755513157912,-0.04193819170567245,0.11659678881657987,0.03306403863056889,-0.04667099243264808,-0.0011684535323178286,-0.24151111989515145,0.004934181804528086,-0.10177113343241574
1328.0,12.581966041295555,-1.379600185166099,23.769409281019836,0.04312336737025765,-0.011944762532313545,0.04223952429384938,0.03163940192483898,-6.770940197715343,-7.2157,0.0,7.5938950253,5.391340012549244,0.11807375739446876,-0.03270530757177518,0.11565375452032897,0.03305719853998442,-0.046759096166203315,-0.002465790321023429,-0.24127542439635666,0.004903373669744281,-0.10152833084004917
1329.0,12.584168426829883,-1.407326073235474,23.712559207711074,0.05154886481328064,-0.00826910106260072,0.0418582354832503,0.07399458084836613,-6.781110160380846,-7.2157,0.0,7.5938950253,5.373784087145372,0.14111845396405584,-0.022637215423725657,0.11458971014115993,0.03305085510191689,-0.046830797302178005,-0.003821554479073723,-0.24104460246730558,0.004873455573698169,-0.10127778424024178
1330.0,12.586381446137903,-1.4348207061282192,23.655925255113157,0.05977967955173872,-0.004306414714707156,0.041360657564575166,0.1247255484491599,-6.787492503304631,-7.2157,0.0,7.5938950253,5.352671797176412,0.16362208386663216,-0.011787024535728193,0.11320764901311914,0.0330451625694993,-0.046883114837764694,-0.005222305356858917,-0.240818078889816,0.004844230936608108,-0.10100727757801808
1331.0,12.5886040820875,-1.4617028864065846,23.5996586377733,0.06779154296084003,-8.281546882766763e-05,0.04067119934993928,0.18364591498742613,-6.789817428984729,-7.2157,0.0,7.5938950253,5.328114542578144,0.18551847685193618,-0.00022663298349121278,0.11130088836450783,0.03304025292036242,-0.04691362115963078,-0.00665372702762583,-0.24059667022845435,0.0048155220315873335,-0.10070409993810123
1332.0,12.59083513711194,-1.4876138868462558,23.543988608994955,0.07556126752659857,0.004366566267090078,0.039712569518082726,0.2505545024001989,-6.787844480990893,-7.2157,0.0,7.5938950253,5.3002305941446375,0.20674448024647962,0.011947436866825508,0.10865824268204671,0.033036228134282204,-0.04692066008261359,-0.008100471379378082,-0.24038263416272088,0.00478717772486108,-0.10035538087197567
1333.0,12.593073249624512,-1.5122282024419882,23.489223129028396,0.08306655646523438,0.008995689925891863,0.03840808222615814,0.32523628396091053,-6.781372031479997,-7.2157,0.0,7.5938950253,5.269143829038009,0.22723943659365678,0.024608887108332752,0.10507033560934782,0.03303315231448324,-0.046903570241980816,-0.009546095260178092,-0.24017969194198394,0.004759082974373711,-0.09994849441103354
1334.0,12.595316919392824,-1.5352658924848845,23.435746959429924,0.09028575803853459,0.013746120051462266,0.03668439934092122,0.40746275048966185,-6.770248388484834,-7.2157,0.0,7.5938950253,5.234982495999949,0.24694450995818654,0.03759761177932341,0.10033709873142745,0.03303104426445587,-0.046862900410407915,-0.010973110562841962,-0.23999301131566264,0.004731169734702392,-0.09947153438826152
1335.0,12.597564541697487,-1.5565059780312436,23.384016749152337,0.09719756919846616,0.01854611599496984,0.034474684693542534,0.4969916034590148,-6.75438406311093,-7.2157,0.0,7.5938950253,5.197878085079687,0.26580187367200137,0.050717239345107516,0.0942763884051915,0.033029871202852376,-0.04680060113793953,-0.012363163380949584,-0.2398291381921696,0.0047034287639813625,-0.09891385597737085
1336.0,12.599814449423246,-1.5758001953622975,23.33455272952541,0.1037806995515453,0.02331046247606715,0.0317220947470764,0.5935656978819925,-6.733764580386119,-7.2157,0.0,7.5938950253,5.157964385023821,0.2837537897007993,0.06373470304058904,0.08673351249921032,0.03302954430398743,-0.04672017553512933,-0.013697353980744287,-0.2396958674472287,0.004675921676090433,-0.09826666927765057
1337.0,12.60206496157582,-1.5930862528595133,23.287926741734196,0.11001351356880586,0.027941193580337503,0.028383473324296384,0.6969111947526108,-6.708463067950007,-7.2157,0.0,7.5938950253,5.115376815090493,0.30074162877283306,0.07638225336701188,0.07759130420319152,0.033029916676077804,-0.04662677137579898,-0.014956702951738388,-0.23960204674799224,0.004648792439679298,-0.09752366081360467
1338.0,12.604314436165128,-1.608399611797838,23.24474648567092,0.11587367598945154,0.03232933259590224,0.024433059249884297,0.8067349337252134,-6.678651727389733,-7.2157,0.0,7.5938950253,5.070252115591895,0.31670489958445763,0.08836224402123771,0.06678022001287107,0.033030784229041425,-0.04652719733242244,-0.0161227602923078,-0.23955731187651763,0.004622277409062521,-0.09668160869156218
1339.0,12.606561325022165,-1.6218827282535146,23.20563610267444,0.12133783181950615,0.03635772096610816,0.0198659600168997,0.9227210997129927,-6.6446111999371675,-7.2157,0.0,7.5938950253,5.022728471683653,0.33158037298284726,0.09935488790240934,0.05428778752091553,0.03303188964807744,-0.046429848388402556,-0.017178343328126643,-0.23957175757355664,0.004596712897588641,-0.09574094781630543
1340.0,12.608804227979942,-1.6337906725497013,23.171213480319782,0.12638135739100195,0.03990494029854966,0.014701098496213484,1.0445273283488148,-6.606736799361522,-7.2157,0.0,7.5938950253,4.97294612681182,0.3453014007829945,0.1090289902538427,0.040166603750631275,0.03303292940436296,-0.04634452953033893,-0.01810837651266476,-0.2396555539769897,0.004572539289899039,-0.09470623421468674
1341.0,12.611041943968797,-1.6444921031173168,23.142064981336336,0.13097822166800827,0.042850242759184747,0.008983311207238196,1.1717804690908584,-6.565540618359924,-7.2157,0.0,7.5938950253,4.921048515242607,0.35779753619968213,0.11705542409680905,0.024540008071050917,0.03303356344104416,-0.04628217279998337,-0.01890079196460912,-0.23981852475233406,0.004550300752786595,-0.09358645352584177
1342.0,12.613273516925142,-1.6544647292584047,23.118718628662776,0.13510099634873465,0.04507930127155731,0.0027842744760700833,1.3040722938274194,-6.521648636603453,-7.2157,0.0,7.5938950253,4.867183907345049,0.3689945610050098,0.12312282982853563,0.007604548935841779,0.033033426921501075,-0.04625445055916876,-0.019547435170397313,-0.2400697083545265,0.004530639758756283,-0.09239511955809207
1343.0,12.615498274910266,-1.664284661912469,23.1016170935126,0.13872104837796143,0.04649047949894581,-0.003798032669433414,1.4409554946885346,-6.475792179721501,-7.2157,0.0,7.5938950253,4.811507517809032,0.37881501090806213,0.1269547174306974,-0.010371546379757388,0.03303214326680042,-0.04627329699464265,-0.020044907250860312,-0.2404169278305185,0.004514285888685737,-0.09115011581094018
1344.0,12.617715861363795,-1.6746094232094322,23.0910920938451,0.14180893858360646,0.047001214552573146,-0.01064154635370062,1.5819403485844012,-6.428793401264311,-7.2157,0.0,7.5938950253,4.754183978054879,0.38717926349604853,0.12832685876959773,-0.029054487825925894,0.03302933767521339,-0.04635035974455623,-0.02039526568012701,-0.24086639652897934,0.004502038727048061,-0.0898732469265873
1345.0,12.619926257829539,-1.6861548492081595,23.087341977399042,0.14433503514929993,0.04655401796506019,-0.01760411702874489,1.7264924312484031,-6.381544872105623,-7.2157,0.0,7.5938950253,4.695390022897463,0.39400721203172545,0.1270836204689641,-0.048055893453736,0.03302465041616248,-0.046496413034150495,-0.020606501667272053,-0.2414223865859172,0.004494745087694763,-0.0885894882885931
1346.0,12.622129797720774,-1.6996666505486415,23.090414278650986,0.1462703311301299,0.04512155187544317,-0.02452923409433863,1.8740317302371023,-6.3349838455488605,-7.2157,0.0,7.5938950253,4.635317195000219,0.39922049512934726,0.12315175703467318,-0.06694845704268995,0.033017749396609265,-0.04672077154364519,-0.020692717323985876,-0.24208698375563675,0.004493271284764969,-0.08732594947369211
1347.0,12.624327170595501,-1.7158879335873807,23.100194904013623,0.1475874328869237,0.04271024127056792,-0.03125323773330815,2.023933443345847,-6.290062264484755,-7.2157,0.0,7.5938950253,4.574174330897375,0.40274519142667997,0.11655019644913553,-0.08528565723647022,0.033008341746871915,-0.04703074908832551,-0.020673940161471605,-0.24285994652019705,0.004498471637415714,-0.08611059850564773
1348.0,12.626519416193013,-1.7355244837843227,23.116405236588818,0.14826166364317805,0.03936195775666159,-0.03761359075165298,2.1755306407944888,-6.247714057238859,-7.2157,0.0,7.5938950253,4.5121895734545365,0.4045148266241266,0.1073945558566164,-0.10262433840102032,0.03299618438653529,-0.047431206647176274,-0.02057553843845092,-0.24373867935177085,0.0045111548300079156,-0.08497082526477678
1349.0,12.6287079070802,-1.759209990158439,23.138607952213007,0.1482722067388282,0.03515345098340433,-0.04345761739925776,2.3281188487227276,-6.208821644490617,-7.2157,0.0,7.5938950253,4.449611654332178,0.4044734868947978,0.0958955100782179,-0.11854854276620672,0.03298109362390117,-0.04792422986024125,-0.02042723545240435,-0.2447183212844466,0.004532050071590187,-0.08393194909958453
1350.0,12.630894318604245,-1.787473585540727,23.16622164600877,0.14760320017894027,0.030193411046631723,-0.04865100220248324,2.480962462344122,-6.174183807269026,-7.2157,0.0,7.5938950253,4.386710221728299,0.4025787975024712,0.08235070172540279,-0.13269266479467734,0.032962953781423256,-0.048508966245041654,-0.020261762613800378,-0.24579194151682396,0.004561775164645969,-0.08301579273484327
1351.0,12.633080584972973,-1.8207120399886987,23.1985436363342,0.1462446907575481,0.024617287916142476,-0.053085307650537684,2.633302759615651,-6.144487084968304,-7.2157,0.0,7.5938950253,4.323775044979605,0.39880451665846084,0.06713054373450929,-0.1447619079337121,0.032941724623044386,-0.04918163832277823,-0.020113233231394297,-0.24695082579684483,0.0046008085647023,-0.08223944776020764
1352.0,12.63526884096082,-1.8591686543068255,23.234779575320132,0.14419336418456755,0.018580243996915914,-0.056683830078306935,2.7843671603661586,-6.120282665913844,-7.2157,0.0,7.5938950253,4.2611140116070185,0.393142517083207,0.050658946299482074,-0.1545481913188308,0.032917447067220836,-0.04993573193366393,-0.02001535586544998,-0.24818483109160222,0.004649467276356031,-0.0816143440783626
1353.0,12.63746134992525,-1.9029203739460798,23.274077874968434,0.14145298706185852,0.012248831503777147,-0.059405268108595186,2.933379283191777,-6.101970307363564,-7.2157,0.0,7.5938950253,4.199049933417484,0.38560398084302355,0.03339058641770791,-0.16194007876061353,0.03289024641281784,-0.05076234170858192,-0.01999963088880998,-0.24948278247039812,0.004707892001990472,-0.08114570720416636
1354.0,12.63966042037615,-1.9518739372906067,23.315566536874407,0.13803452490088414,0.005792131428252208,-0.06124490843533033,3.0795693017340366,-6.089790222428758,-7.2157,0.0,7.5938950253,4.137916285138151,0.37621971039424046,0.015786731689533033,-0.16692593198119643,0.03286033220554602,-0.05165064045119237,-0.020093681603132112,-0.25083288536261183,0.004776040380377522,-0.08083244679620773
1355.0,12.64186831497081,-2.0057710743957604,23.358389812969364,0.13395593347557005,-0.0006268598591519772,-0.06223330482015624,3.2221840982214736,-6.083823172028815,-7.2157,0.0,7.5938950253,4.078052097633055,0.3650395490015072,-0.001708238182026616,-0.16959022967479256,0.03282799401240227,-0.05258842831101674,-0.02031985964066744,-0.25222312817993847,0.0048536884896803675,-0.08066747332311106
1356.0,12.644087157144625,-2.0642019870937336,23.401742243813644,0.1292416534931891,-0.006858864597830687,-0.06243269454468653,3.360496753811879,-6.083998291497639,-7.2157,0.0,7.5938950253,4.019796304403905,0.3521309927324031,-0.018687619158157347,-0.1701037251905626,0.03279359276100391,-0.05356271255914743,-0.02069423474443692,-0.2536416541450397,0.0049404401223474195,-0.08063839464996089
1357.0,12.646318841305169,-2.1266256727174846,23.44489799364981,0.12392186574852002,-0.01277439238282013,-0.061931619444172345,3.4938149944990293,-6.090107557173014,-7.2157,0.0,7.5938950253,3.9634818844555295,0.3375771502053889,-0.03479888678362115,-0.16870872201032883,0.0327575478689044,-0.05456026993304255,-0.021226036110740424,-0.25507708626964903,0.005035742749752636,-0.08072850763981931
1358.0,12.648564952406275,-2.192395167772229,23.487233966189105,0.11803158215489337,-0.018267867199132117,-0.06083836596723923,3.621488317373311,-6.101825318748831,-7.2157,0.0,7.5938950253,3.909430150976602,0.32147425581765476,-0.04975489530852886,-0.1657011459764587,0.032720321010698855,-0.0555681500586343,-0.0219175629956824,-0.25651879491802415,0.005138908633747063,-0.08091797643407903
1359.0,12.650826699781177,-2.260785561684366,23.52824584927826,0.11160965461670679,-0.023259672140711472,-0.05927389023649258,3.742913638881313,-6.118731067017998,-7.2157,0.0,7.5938950253,3.857945505333632,0.30392895996370384,-0.06333939467065582,-0.16141123162192159,0.03268239788649778,-0.05657408919983289,-0.02276453473105305,-0.2579571027102647,0.00524913928858736,-0.08118508203662653
1360.0,12.653104868504576,-2.331022621618722,23.56755690726383,0.10469778010909665,-0.027696194487254782,-0.05736485916377214,3.8575394221055226,-6.140333537150485,-7.2157,0.0,7.5938950253,3.809310915531763,0.28505560984769257,-0.0754070965191244,-0.15618454274500235,0.0326442696648526,-0.05756681596374412,-0.02375681050975438,-0.25938342588148117,0.005365551413319475,-0.08150743537278075
1361.0,12.65539978956738,-2.4023100835137536,23.604919938628242,0.0973395678094644,-0.031548135946584,-0.05523733059399416,3.9648683432015948,-6.1660943812090485,-7.2157,0.0,7.5938950253,3.763784297695295,0.2649737003014649,-0.08587901618530945,-0.15036475106316258,0.03260641579869549,-0.058536243112614086,-0.024879382496070912,-0.26079035467057227,0.005487202527003433,-0.08186306571603877
1362.0,12.657711328171745,-2.4738540372329876,23.64021326726359,0.08957971579297412,-0.03480747301389655,-0.053011440953498495,4.064458634225991,-6.195449930136983,-7.2157,0.0,7.5938950253,3.721595892903996,0.24380562402300396,-0.0947341438147598,-0.14427917444944627,0.0325692896733848,-0.0594735504466022,-0.026113534034904913,-0.2621716774434836,0.005613114804395774,-0.08223132364354004
1363.0,12.660038887733446,-2.544883277137189,23.673431932244018,0.0814633250628492,-0.03748350865135858,-0.05079730240766547,4.155924295020364,-6.22782992507278,-7.2157,0.0,7.5938950253,3.682946647935591,0.2216747968392373,-0.10199864980592398,-0.13822762184716925,0.03253330811336796,-0.06037117177116126,-0.02743805607466505,-0.2635223544617632,0.005742295952254708,-0.08259356666842815
1364.0,12.662381425995767,-2.6146649657010066,23.704675358080785,0.07303535944030032,-0.03959845294449361,-0.048692152424212355,4.238934391252762,-6.262672505603484,-7.2157,0.0,7.5938950253,3.648007539902477,0.1987041811544927,-0.1077338186272909,-0.13247465816898674,0.03249884524220414,-0.06122270401711201,-0.028830427687018413,-0.2648384474211114,0.005873756366788437,-0.082933623111353
1365.0,12.664737479063321,-2.6825153925477525,23.734132761280176,0.06434024409069837,-0.04118292293233912,-0.04677866944441809,4.313211657549586,-6.29943512721786,-7.2157,0.0,7.5938950253,3.6169197346701076,0.17501518784647496,-0.11202377446547855,-0.12724505067904424,0.03246623066593692,-0.06202275870336032,-0.030267886054140103,-0.26611701050407977,0.006006522197815655,-0.08323805184412403
1366.0,12.667105189155146,-2.747805976933748,23.762067408058385,0.05542158404406512,-0.04227167708379297,-0.04512427665689007,4.378530606164169,-6.337601417080642,-7.2157,0.0,7.5938950253,3.589795440146894,0.15072690577738748,-0.11496385747103721,-0.12272190904049365,0.03243575150863841,-0.06276677572533625,-0.03172833384813856,-0.26735594790311623,0.006139644288732186,-0.08349623101190606
1367.0,12.669482332347997,-2.8099649378435987,23.788800624340837,0.046321977344096044,-0.042899814745701995,-0.04378120389072878,4.4347153093090865,-6.376684244254013,-7.2157,0.0,7.5938950253,3.566719306410414,0.1259555897899394,-0.11665027656386805,-0.11904689035199789,0.03240765751670332,-0.06345081763218036,-0.033191054044475886,-0.2685538418297424,0.0062722032377594645,-0.08370031737715894
1368.0,12.671866343390327,-2.8684752407808873,23.814696211520886,0.03708289501175961,-0.04309958875798663,-0.042787061381240075,4.481636983133791,-6.416225472309313,-7.2157,0.0,7.5938950253,3.547750231528426,0.10081433141231548,-0.11717144045534418,-0.11632179701394733,0.0323821682754791,-0.06407135986438287,-0.03463722146872457,-0.269709754144439,0.006403311026789627,-0.08384512024914394
1369.0,12.674254335666268,-2.9228695339457436,23.84014567286046,0.02774460102719318,-0.04289790938333153,-0.04216569138629688,4.519211458934035,-6.455792983880004,-7.2157,0.0,7.5938950253,3.5329234499342603,0.07541283929399385,-0.11660117740394735,-0.11461092935228415,0.03235948153202062,-0.06462508949374107,-0.03605021542090216,-0.27082300410194754,0.006532109792372627,-0.08392793133278441
1370.0,12.676643115449094,-2.9727228256503846,23.865554430675285,0.018346089058365676,-0.04231456434964842,-0.04192809602066797,4.5473965871917965,-6.494975629788837,-7.2157,0.0,7.5938950253,3.5222528041384527,0.049857266021037384,-0.11499390876349878,-0.11394364381463777,0.03233978166011491,-0.06510872230146245,-0.03741574816693799,-0.2718929244575927,0.006657768380006467,-0.08394834570187376
1371.0,12.679024454629758,-3.017642656418718,23.89132710376555,0.008925651059571674,-0.0413610555948145,-0.042073234947015745,4.56618969717544,-6.53337675945377,-7.2157,0.0,7.5938950253,3.5157341030350517,0.024251761647952688,-0.112381545626017,-0.11431659818239678,0.03234089068167446,-0.0655949591616344,-0.038672796134470125,-0.27307379189690706,0.006803248317605855,-0.08388419906622298
1372.0,12.681359841529906,-3.05725479645256,23.917844970935608,-0.0004758492260507841,-0.04003980520362872,-0.04258834390442269,4.575627464208703,-6.570606700874647,-7.2157,0.0,7.5938950253,3.513351904422087,-0.001292685172749725,-0.10877155971457705,-0.11569488334386382,0.03236731892757547,-0.06609850110204786,-0.039799660413462126,-0.2744024806341298,0.006973156359376802,-0.083733358083705
1373.0,12.683641969551726,-3.0912070141443744,23.945479267514756,-0.009823318180945836,-0.0383456152805272,-0.04344993281914324,4.575783317369755,-6.606275568909322,-7.2157,0.0,7.5938950253,3.515068554764948,-0.02668108356779362,-0.10415040487466944,-0.11801422566269329,0.03239162028630482,-0.06649601252164489,-0.04086525700715156,-0.2756337326382931,0.007129410133654793,-0.08353894274158069
1374.0,12.685873501851324,-3.1191541973434815,23.97457213649516,-0.019084672361235913,-0.03626595859088047,-0.04462391161301678,4.566760827095629,-6.639987026289178,-7.2157,0.0,7.5938950253,3.520832828945696,-0.05182670020701604,-0.09848452873769438,-0.12118154534995812,0.03241363802521898,-0.06678164228550822,-0.04186402764520544,-0.27676107644704717,0.007270914796674575,-0.08330902298926622
1375.0,12.68805718862485,-3.140747924778554,24.00542193326915,-0.028229638018922955,-0.03378216357512151,-0.046065487996300294,4.548690266613902,-6.671332570242876,-7.2157,0.0,7.5938950253,3.5305846454643217,-0.07664774955647075,-0.09172369873981234,-0.1250747878796834,0.03243321741413225,-0.06694917468113015,-0.0427913726498919,-0.27777659893930934,0.007396578822721876,-0.08305357207690192
1376.0,12.69019588458373,-3.1556298920479953,24.038272454968997,-0.03722988274521471,-0.030871312902640665,-0.047719013952938046,4.521725283519645,-6.699887354290026,-7.2157,0.0,7.5938950253,3.544257462242031,-0.10106774333804684,-0.08380617124972434,-0.12954252602796923,0.032450194908481014,-0.06699205383442963,-0.04364315942800974,-0.2786706068779977,0.007505297375564406,-0.08278449005547903
1377.0,12.692292582929285,-3.1634274791488943,24.073302051223287,-0.04605913995025325,-0.027508611149867915,-0.04951780591732366,4.48603941190638,-6.725208055882266,-7.2157,0.0,7.5938950253,3.561780576733372,-0.12501582050041407,-0.07466512829900697,-0.13440348957493808,0.032464386366537305,-0.06690347125735312,-0.04441519307634183,-0.27943134094476496,0.007595940700963274,-0.08251562178545241
1378.0,12.694350466505457,-3.163751930746214,24.11061264575872,-0.05469330945626667,-0.023670172285249282,-0.05138407027794768,4.441822465585722,-6.746833207687115,-7.2157,0.0,7.5938950253,3.5830812769409013,-0.1484270121373978,-0.064236247248601,-0.13944638016304897,0.032475574909907524,-0.06667651968640227,-0.045102669279740645,-0.28004476567504255,0.007667348681224358,-0.08226274337899289
1379.0,12.69637297594422,-3.1561995747263434,24.150218837898695,-0.06311051582421279,-0.019336161788450653,-0.05322908021681575,4.389276889525849,-6.764286345704992,-7.2157,0.0,7.5938950253,3.6080867709786486,-0.17124239137141764,-0.052466225974476415,-0.14443036739261583,0.03248349921246379,-0.06630441412114078,-0.045699632069209864,-0.28049446097672437,0.0077183326083662815,-0.08204348871956538
1380.0,12.698363893501817,-3.1403564404332927,24.192037402367653,-0.0712911056745119,-0.014494205347504296,-0.05495375466626896,4.328614186107825,-6.777082243751752,-7.2157,0.0,7.5938950253,3.6367258033184595,-0.19340905734665095,-0.03932202434969159,-0.14908667479766888,0.03248784319971513,-0.06578077797996937,-0.046198462267933546,-0.2807616421626977,0.0077476851193958324,-0.0818771873835158
1381.0,12.70032743989822,-3.1158065474055787,24.235877655058445,-0.07921756631773375,-0.00914294733633297,-0.056449784383601175,4.26005157114206,-6.784736396286024,-7.2157,0.0,7.5938950253,3.6689298488804454,-0.21487990546390182,-0.024800505122976185,-0.15312164833685935,0.032488228340715616,-0.0650999885501522,-0.04658942616037004,-0.2808253350940239,0.0077541990698908325,-0.08178458717001875
1382.0,12.702268379834509,-3.082144011943494,24.281433290713082,-0.08687435058045426,-0.003295609786333687,-0.05760143307059527,4.183809048153323,-6.78677777647848,-7.2157,0.0,7.5938950253,3.7046337645349854,-0.235613143101897,-0.00893806946477655,-0.15622165348295536,0.03248420988880019,-0.06425757152949435,-0.04686031747699557,-0.2806627305681136,0.0077366958755237785,-0.08178743871426462
1383.0,12.704192130032792,-3.038988958200553,24.32827641441796,-0.09424759684270893,0.0030166308980927904,-0.05828811263413483,4.100107113991383,-6.782764732577896,-7.2157,0.0,7.5938950253,3.7437757743773434,-0.2555715214315593,0.008180208027051335,-0.15806006865237499,0.0324752785356553,-0.06325062966141728,-0.04699622849135597,-0.2802497369971598,0.007694063502784308,-0.08190792642525588
1384.0,12.706103606232316,-2.9860067610822494,24.375854053582312,-0.10132457958773242,0.009741685763302688,-0.058387778753947885,4.009165329749394,-6.772303693452539,-7.2157,0.0,7.5938950253,3.7862969323702895,-0.27472086447376637,0.026412587599330295,-0.15830651475932309,0.03247486207681639,-0.06213671903283764,-0.04694319324508336,-0.27968733966551623,0.00764321827963983,-0.08214861637406409
1385.0,12.707959980673008,-2.9229216591095053,24.42346918824886,-0.10808720267465337,0.016804910126168762,-0.057780718017317705,3.9112045912992373,-6.755069823395804,-7.2157,0.0,7.5938950253,3.8321481642862985,-0.2930135236343897,0.04555641934086843,-0.15663770886310083,0.032517450586407155,-0.061062331273397,-0.0465917777375726,-0.27926726857633744,0.007627974450993537,-0.08248173393046265
1386.0,12.709740675238846,-2.8495580019126345,24.470314517768948,-0.11452028795260041,0.02410616646602976,-0.05635535728924561,3.8064515249657136,-6.730829316006623,-7.2157,0.0,7.5938950253,3.881271314093988,-0.31040947418016024,0.06534023438988215,-0.15275229512721958,0.03256361069578162,-0.05986832141365135,-0.046021960705136575,-0.27861951035114674,0.007597842306020599,-0.08297945098588211
1387.0,12.71144289234183,-2.765864695288208,24.515482367355332,-0.12061033132379698,0.03151991865936228,-0.054014047090354005,3.695136610822364,-6.699463143261793,-7.2157,0.0,7.5938950253,3.9335984479735853,-0.3268728773983679,0.08542391347792795,-0.1463865226019108,0.03261279690572427,-0.058561867383850406,-0.04521034194565052,-0.27772530960338604,0.007552546804621478,-0.08365701774004024
1388.0,12.713064814216974,-2.6719381514681166,24.557975047170807,-0.12634264997110903,0.038896756279446554,-0.0506790752794706,3.5774975072624406,-6.66098932985092,-7.2157,0.0,7.5938950253,3.989051178382803,-0.3423646740664231,0.10540284922707421,-0.13733070419222085,0.03266438226990894,-0.05715305536888922,-0.044133060768090454,-0.2765688578565809,0.007491991650412921,-0.08452542556529102
1389.0,12.714605697553946,-2.568047392650405,24.596728416636505,-0.1317006804450644,0.0460662070172546,-0.04629895473963295,3.453784281361014,-6.615582904881175,-7.2157,0.0,7.5938950253,4.04753551223077,-0.35684067200018005,0.12481557584201974,-0.12544620169284554,0.032717683945136466,-0.055654944643168086,-0.04276692692704415,-0.27513848430420385,0.007416287751728593,-0.08559028208996228
1390.0,12.716065925072366,-2.4546557696837406,24.63064171575479,-0.13666532927953254,0.05284130907820755,-0.04085443038315109,3.3242659105745234,-6.563592026595907,-7.2157,0.0,7.5938950253,4.108936256912166,-0.370249778620356,0.14315615446401442,-0.11068164753097925,0.032771995653004156,-0.05408349183419022,-0.041090775054106216,-0.27342782051521725,0.007325778753425613,-0.08685077724880322
1391.0,12.717447005913842,-2.332437323475817,24.658613166462818,-0.14121443607888653,0.059024975012877186,-0.03436373326187954,3.189237776981485,-6.505548654157075,-7.2157,0.0,7.5938950253,4.173111330681259,-0.38253254137056003,0.15989139866264404,-0.0930871274966782,0.03282662453030599,-0.052457315672828644,-0.03908699818365066,-0.2714368553909223,0.0072210615460456444,-0.08829883119935851
1392.0,12.718751520638495,-2.202285798702902,24.679580338533665,-0.14532241402283094,0.06441804433607572,-0.026886553899925544,3.049029750792697,-6.4421722018778835,-7.2157,0.0,7.5938950253,4.239886403174982,-0.3936201721499786,0.17448266237269824,-0.07282489797441509,0.032880928798952005,-0.05079729176062507,-0.036743191974356076,-0.2691727888222277,0.00710299951816076,-0.08991852161119487
1393.0,12.71998301171731,-2.0653144656734614,24.692563722304133,-0.14896013303959482,0.0688287579075167,-0.018526186505627318,2.9040143487168617,-6.3743648108744235,-7.2157,0.0,7.5938950253,4.309050345200962,-0.40343423245824134,0.1864114682959647,-0.05017515546451149,0.03293435196357485,-0.04912597839740961,-0.0340538160492866,-0.26665059188932866,0.006972726329188818,-0.09168588675523251
1394.0,12.721145826184618,-1.922845252007018,24.69671139817951,-0.15209510470696402,0.07208320108863854,-0.009429327006844887,2.7546143689762292,-6.3031972322005565,-7.2157,0.0,7.5938950253,4.380351980193538,-0.41188713884324823,0.19520775183570002,-0.02553546039203246,0.03298644906843571,-0.04746688870328482,-0.03102175493281221,-0.2638931901918818,0.006831638199250705,-0.09356918940546208
1395.0,12.722244922786153,-1.7763862524182779,24.691342201623424,-0.15469201361472235,0.07403607199868106,0.00021689312454273128,2.601309362223118,-6.229884843340644,-7.2157,0.0,7.5938950253,4.453498590922366,-0.4188836090934265,0.2004789796010308,0.0005873152250916375,0.03303690109040267,-0.04584364021715486,-0.027659641853788365,-0.2609312064044247,0.006681373189055888,-0.09552970259779112
1396.0,12.723285660597602,-1.627597469444954,24.675984429234827,-0.1567136164691322,0.07458096169756667,0.01019087743649596,2.4446403083687356,-6.155754006336019,-7.2157,0.0,7.5938950253,4.528156536891065,-0.4243231057902718,0.20193794268394138,0.02759316555899729,0.03308551487862002,-0.04427902928781108,-0.02399079870565326,-0.2578022285995086,0.006523776705488821,-0.09752304074415763
1397.0,12.724273588721909,-1.4782455985519172,24.65040699321276,-0.15812199797101728,0.07365921752343152,0.020245522768303575,2.285211938919425,-6.082199780913005,-7.2157,0.0,7.5938950253,4.603954182361088,-0.4281032462968835,0.19942671194459138,0.05481320835369703,0.03313220807602545,-0.04279409171096724,-0.020049649409891235,-0.25454961052483926,0.0063608535047004885,-0.0995010095905417
1398.0,12.725214256708103,-1.330149740807401,24.614640106120824,-0.15888013342414412,0.07126643762407767,0.030119827050520402,2.1236922800050655,-6.010636871274793,-7.2157,0.0,7.5938950253,4.680487130467392,-0.4301240423968853,0.19293417985911346,0.08154110578872507,0.033176980881572234,-0.04140722063769914,-0.01588148691512166,-0.2512208557812449,0.006194707725229708,-0.10141388976232701
1399.0,12.726113062235093,-1.1851209583763802,24.56898307993942,-0.15895366681652484,0.06745574132910434,0.03955245978641242,1.9608091749241392,-5.942446491439726,-7.2157,0.0,7.5938950253,4.757325533063345,-0.4302927213556861,0.18260487530035394,0.10706978894328611,0.03321987887779653,-0.04013341521877063,-0.011541517188262448,-0.2478656832055519,0.0060274738161589375,-0.10321300861179045
1400.0,12.7269751469336,-1.0448994650247652,24.513997684943305,-0.15831277562008358,0.06233719458777201,0.048296282775720206,1.7973437690890428,-5.878922490769424,-7.2157,0.0,7.5938950253,4.834023025744659,-0.42852877900259906,0.16873737308005682,0.13073074492680484,0.03326095291165068,-0.03898372709600858,-0.007093167041776871,-0.24453390997606977,0.005861242481216401,-0.10485340291909301
1401.0,12.72780534382154,-0.911093788722638,24.450486700933176,-0.15693396742244176,0.05607313568036131,0.05613257127069089,1.6341211871144106,-5.821220443435388,-7.2157,0.0,7.5938950253,4.91012665471275,-0.4247688451903875,0.1517716112091675,0.15193248388372077,0.03330022270853798,-0.037964955785866894,-0.002605720847684869,-0.24127331502970087,0.005697986700497735,-0.10629634176316011
1402.0,12.728608171941218,-0.7851263387704235,24.37945859497844,-0.1548016453738911,0.0488695934594285,0.06288359664129295,1.4719988493731595,-5.770313398750535,-7.2157,0.0,7.5938950253,4.985187059980111,-0.4189709205509493,0.1322656390970165,0.1701945629112847,0.033337650246313355,-0.03707962018968223,0.001848567732258194,-0.23812765209316536,0.005539493321815808,-0.10751147358632024
1403.0,12.729387867270948,-0.668189387291124,24.30208063850894,-0.15190929355793772,0.040964467059614956,0.06842232900141214,1.3118530737690715,-5.726957546307099,-7.2157,0.0,7.5938950253,5.058768159015974,-0.4111175822151231,0.11086360985450025,0.18517380872329386,0.033373127008756574,-0.03632620406492418,0.006197669713789922,-0.23513496818908633,0.005387305487416333,-0.10847838930377118
1404.0,12.730148434833326,-0.5612145561089403,24.219623899093804,-0.14826016988923735,0.03261354385619886,0.07267830754815426,1.1545647273926878,-5.69167021475589,-7.2157,0.0,7.5938950253,5.13045565864695,-0.40121785530076576,0.08825793285895499,0.19668016503113897,0.03340647647698897,-0.035699643717323724,0.01037301271584834,-0.23232634957731357,0.00524268024687495,-0.10918745289171922
1405.0,12.730893706039272,-0.4648575949882625,24.13340431834085,-0.1438674482349409,0.024075703384150916,0.07563916874693,1.0010047430052635,-5.664721478925423,-7.2157,0.0,7.5938950253,5.1998638839371605,-0.3893075934914593,0.06514923466767657,0.20468078859975208,0.03343747027569472,-0.035192000716577215,0.014312468542132396,-0.2297251688950361,0.005106564200580526,-0.10963983404982627
1406.0,12.731627387505313,-0.37949873165757736,24.044724353405048,-0.13875381429399686,0.01559873048225878,0.07734784424013207,0.8520202825513226,-5.646139359168263,-7.2157,0.0,7.5938950253,5.266640627510686,-0.37544838196563163,0.042207979291099144,0.2092924300225432,0.03346585396895263,-0.03479324556906765,0.017962839009341282,-0.22734685203048363,0.004979588142226497,-0.10984677048770347
1407.0,12.732353092065688,-0.3052573909341843,23.954819391263385,-0.1329505803533124,0.007407028816562623,0.07789594779138462,0.7084222253851302,-5.635727343812912,-7.2157,0.0,7.5938950253,5.330469952878727,-0.3597251395757932,0.020041239893794322,0.2107635078927762,0.033491377133602035,-0.03449207237984889,0.021281643460069714,-0.22519912990190322,0.004862079721981855,-0.10982817394497382
1408.0,12.73307434819466,-0.2420188319361755,23.864812401828754,-0.1264964320016074,-0.00030778343666396915,0.07741427455720204,0.5709744999741342,-5.633091926578221,-7.2157,0.0,7.5938950253,5.391073094642045,-0.3422427265629875,-0.0008327242190788815,0.20944837716067652,0.033513822237104265,-0.034276669777444674,0.024238097459046273,-0.22328269660918926,0.004754091441265655,-0.10961075961850031
1409.0,12.733794589225367,-0.18946939748889235,23.775679218683837,-0.119435947988841,-0.007392835040755968,0.0760615736976157,0.4403855880142928,-5.637677156368259,-7.2157,0.0,7.5938950253,5.4482077588793665,-0.3231219397631161,-0.020000571343403165,0.2057769344025725,0.03353302786728295,-0.03413538775762479,0.02681326788756341,-0.2215921666825952,0.00465544006059535,-0.10922591368892229
1410.0,12.734517127576703,-0.14713668739162608,23.688225611992703,-0.11181804001204297,-0.013736410004237986,0.074012803242053,0.3173023346873346,-5.64880291056032,-7.2157,0.0,7.5938950253,5.501666223168694,-0.302495292112259,-0.03716036657732693,0.20022283107753183,0.03354890359186255,-0.03405726014694754,0.028999478541635114,-0.2201172124506773,0.004565752889741824,-0.10870751542572218
1411.0,12.73524512109865,-0.1144310339083395,23.603076128186686,-0.10369444479918588,-0.01926709528401095,0.07144795402367007,0.20230601854614497,-5.665703700883148,-7.2157,0.0,7.5938950253,5.551272666974808,-0.2805029341299227,-0.05211925064830763,0.19327323445369968,0.033561435656919464,-0.03403236399963873,0.030799109465520745,-0.2188437663022856,0.004484516429050312,-0.1080899034551347
1412.0,12.735981538786458,-0.09068512489105067,23.520673684443217,-0.09511837110958488,-0.02395025861905915,0.06854227916800182,0.09591049096562834,-5.687565261831223,-7.2157,0.0,7.5938950253,5.596880136940172,-0.25728899455027243,-0.06478388861618951,0.18540239793427468,0.03357068439771935,-0.03405201716729174,0.03222297383361324,-0.2177551893057455,0.004411123372455687,-0.10740612805450181
1413.0,12.736729131704706,-0.07518931023531122,23.441288198801246,-0.08614336792690967,-0.027782615826723367,0.06545845819365335,-0.0014379081552486073,-5.713556797573563,-7.2157,0.0,7.5938950253,5.638367487338252,-0.23299851903852525,-0.07514575408910487,0.17705047045069247,0.033576775367019585,-0.03410883060356176,0.033288468332617255,-0.21683333104462965,0.004344914847231393,-0.10668657534745504
1414.0,12.737490412817769,-0.0672209510941856,23.36503215534061,-0.07682244293424437,-0.03078568880908365,0.062340912191318286,-0.08935900767919693,-5.742857500826472,-7.2157,0.0,7.5938950253,5.675636549732286,-0.20777508546122284,-0.08326341729024428,0.16860812886891244,0.03357988667998316,-0.034196642061955065,0.03401767948499932,-0.21605943220399237,0.004285215809339915,-0.10595799379672682
1415.0,12.73826764710626,-0.06606698323997233,23.291880926256066,-0.06720742821807994,-0.03299889354430317,0.059312217935744635,-0.16753639611052012,-5.774676677220302,-7.2157,0.0,7.5938950253,5.70860969398033,-0.18175908736215143,-0.08924383708168455,0.16040689083421625,0.033580235017620606,-0.03431036247500269,0.03443559688067488,-0.21541484692950572,0.004231362543615473,-0.10524290664824926
1416.0,12.739062851276122,-0.07103957388611762,23.221695824822735,-0.05734856661040777,-0.03447286971218887,0.05647137296259904,-0.2357142864291546,-5.808267433786926,-7.2157,0.0,7.5938950253,5.737227859900808,-0.15508661373239385,-0.0932243113523803,0.15271443600473758,0.0335780622941816,-0.03444576654712208,0.03456854390623719,-0.2148815832927601,0.004182722111330881,-0.10455936056081111
1417.0,12.739877800928296,-0.08148531660087154,23.154248184832667,-0.04729427744663904,-0.035263503220304776,0.05389354476087483,-0.2936939470357803,-5.842934386076078,-7.2157,0.0,7.5938950253,5.761449069475207,-0.12788881365235674,-0.09535630599619885,0.14573394235201015,0.03357362436603927,-0.03459925624712513,0.03444289403926547,-0.21444267655910226,0.004138704285494152,-0.10392094096736655
1418.0,12.740714042252442,-0.09678880298999411,23.089243162105163,-0.037091054680618823,-0.03542693225558975,0.05163089230710768,-0.34132993005762474,-5.878036181680545,-7.2157,0.0,7.5938950253,5.781247378690551,-0.1002916186259069,-0.0957919479361693,0.1396063230115009,0.033567182508430896,-0.03476762134110711,0.03408410254766316,-0.21408242059444932,0.004098766986411452,-0.10333697799458563
1419.0,12.741572905121238,-0.1163716475386667,23.026342370233174,-0.026783451325552654,-0.03501568637860666,0.04971406107272053,-0.3785262623862833,-5.9129838422069705,-7.2157,0.0,7.5938950253,5.796612194668303,-0.07241569820586523,-0.09467358580651793,0.13441428438296302,0.03355899781907885,-0.03494781602814202,0.03351605260103013,-0.21378648837254066,0.004062416497141671,-0.10281287006834769
1420.0,12.742455514748256,-0.139688147832842,22.965184843960323,-0.01641411009243239,-0.034075997845599997,0.048154005985007395,-0.4052327025196245,-5.947236013301313,-7.2157,0.0,7.5938950253,5.807547865468472,-0.04437654045798468,-0.09212652337080669,0.1301872707551123,0.03354932827797388,-0.035136765958255475,0.03276069271939429,-0.21354197400142716,0.004029203836603396,-0.10235046255263627
1421.0,12.743362799676165,-0.16621876947133593,22.9054061372051,-0.006023808882838953,-0.032646247424995806,0.04694387358767763,-0.4214411133883139,-5.980292213044667,-7.2157,0.0,7.5938950253,5.814073443573331,-0.016284572547763883,-0.08825482264537628,0.12690656858145727,0.03353842790966301,-0.0353312158955848,0.031837928778163715,-0.21333738703009975,0.003998718643162261,-0.10194843291257699
1422.0,12.74429549463977,-0.19546258596860336,22.84665559225577,0.0043485001876755365,-0.03075646021804605,0.046060760873384725,-0.42718196161704275,-6.011685112172576,-7.2157,0.0,7.5938950253,5.816222526203973,0.011754736189884357,-0.08313994719891231,0.12451007690111285,0.03352654734080657,-0.03552762519763711,0.030765727058483464,-0.213162626007733,0.003970581817788448,-0.10160264952398204
1423.0,12.745254137688157,-0.22692970635000964,22.78861195790469,0.014665669525469311,-0.028428743691456555,0.04546725377661964,-0.42252092896555105,-6.040972789809766,-7.2157,0.0,7.5938950253,5.814043083459756,0.03964081921743941,-0.07684195305879754,0.12289648175573092,0.03351393499329136,-0.03572211603586789,0.02956038320335696,-0.2130089531641121,0.003944438030146176,-0.10130648660819119
1424.0,12.746239061774064,-0.260134606910425,22.730997591689775,0.024892354609777727,-0.025678552197843544,0.04511272648284965,-0.4075556123405583,-6.067731803613773,-7.2157,0.0,7.5938950253,5.807597196703348,0.06727801135305925,-0.06940291319881968,0.12192878383985535,0.03350083817414731,-0.03591047765093003,0.028236913485358464,-0.21286898627062445,0.003919949029908261,-0.10105109171011681
1425.0,12.747250381775483,-0.29459116054648254,22.673591464702795,0.03499502647772779,-0.02251666175444376,0.04493444963845295,-0.3824122938981906,-6.091551803890173,-7.2157,0.0,7.5938950253,5.796960643343691,0.09457558501253861,-0.060852260229358225,0.12143730951247655,0.033487503397145686,-0.03608822860537691,0.026809527816656506,-0.21273671764841856,0.0038967885453183586,-0.10082561399784176
1426.0,12.748287978569568,-0.3298100315329659,22.616241109342173,0.044941985909559154,-0.018951738956367068,0.04485860914771457,-0.3472427805750828,-6.1120323111197745,-7.2157,0.0,7.5938950253,5.782222279586809,0.12144779104354965,-0.051213732239527215,0.12122248004882044,0.033474175385176136,-0.0362507376360143,0.025292147128996113,-0.21260756419404553,0.00387463939833197,-0.10061741109615438
1427.0,12.749351482303346,-0.3652989739806662,22.55887352525816,0.054703362485081924,-0.014993383491587832,0.04480137637777789,-0.3022213403488887,-6.128782163698807,-7.2157,0.0,7.5938950253,5.763483189718141,0.147813858628565,-0.04051359490732967,0.12105771955199172,0.033461094352454354,-0.0363934020155118,0.023698930261239922,-0.21247844639076305,0.003853193319928354,-0.10041225898917228
1428.0,12.750440257369599,-0.4005664328160043,22.50150490183979,0.06425107897638631,-0.01065551162627713,0.044670194437862014,-0.24754179741525312,-6.141422022019513,-7.2157,0.0,7.5938950253,5.740855589203509,0.17359790141027964,-0.02878978044017563,0.12069294607257879,0.033448491350127466,-0.036511880073139845,0.022044776902185922,-0.21234788873924879,0.0038321538046538375,-0.10019459360572336
1429.0,12.751553391766755,-0.4351286893002406,22.44424884302211,0.07355876085358906,-0.005959927088208464,0.04436545288971434,-0.18341488641128925,-6.149590178828214,-7.2157,0.0,7.5938950253,5.714461489527974,0.1987286751308531,-0.01610152754576156,0.11985911089369616,0.0334365816759028,-0.03660237155827146,0.020345773439717482,-0.21221612907133883,0.0038112421916152613,-0.09994781389148466
1430.0,12.752689693466932,-0.468520611258477,22.387322608962172,0.08260157214491982,-0.0009398968123723967,0.043782713766237415,-0.1100660023295853,-6.1529517664768445,-7.2157,0.0,7.5938950253,5.684431155218368,0.22313913604047556,-0.002539028704102847,0.11827422492837512,0.03342555659052689,-0.036661935836188014,0.01861954810185604,-0.21208522005392832,0.0037902069909760932,-0.0996546743029354
1431.0,12.753847696113151,-0.5003098557029529,22.33105073727302,0.09135596263491606,0.004356485306440409,0.04281562406034113,-0.027733512836263102,-6.151211263234581,-7.2157,0.0,7.5938950253,5.650901407531628,0.24676575946033916,0.011767501257883973,0.11565123592688588,0.033415573834940177,-0.03668883359582636,0.01688550115269291,-0.21195910315720745,0.0037688362831374738,-0.09929778955478737
1432.0,12.755025675813204,-0.5301141265049026,22.275865292982456,0.09979931748580498,0.009863398846144716,0.04135960304191251,0.06333218201035927,-6.14412798046793,-7.2157,0.0,7.5938950253,5.614013853963027,0.26954759439688736,0.02664001616978491,0.11170799346141219,0.03340674767487346,-0.03668287307750659,0.01516487593699516,-0.21184363380660653,0.003746972798418736,-0.09886026598838976
1433.0,12.756221680023398,-0.5576208154566625,22.222301940706547,0.10790950881663448,0.015495144227625893,0.03931632659402536,0.16286865645887785,-6.131533962076818,-7.2157,0.0,7.5938950253,5.573913146620156,0.29142505296491833,0.041846851836831116,0.10617935977745484,0.03339913937855834,-0.036645737192308125,0.0134806381854151,-0.21174653672199534,0.0037245310396939076,-0.09832646210038212
1434.0,12.757433568590956,-0.5826080610692629,22.170991053939506,0.11566435941366564,0.021145038571356092,0.03659894600301216,0.27060036666703235,-6.11335345474607,-7.2157,0.0,7.5938950253,5.530745393676807,0.3123384621504935,0.057099774407343706,0.09883129573239288,0.03339274911801566,-0.03658126383511145,0.011857135179336266,-0.21167727287949245,0.003701515547292536,-0.09768286578770288
1435.0,12.758659066059971,-0.6049659625382333,22.122643192522784,0.12304104120246437,0.02668566077262735,0.033137877672985094,0.3862363397251441,-6.089622826705782,-7.2157,0.0,7.5938950253,5.484656864167549,0.33222643911699723,0.07205467352463003,0.08947647867409286,0.03338751023956543,-0.036495648836989726,0.010319514079683761,-0.21164680429528082,0.003678039140361639,-0.09691905824987704
1436.0,12.759895823482514,-0.6247164108390987,22.0780285044076,0.13001544472999718,0.031970717877095246,0.02888688772662097,0.5094665975007671,-6.060509545413415,-7.2157,0.0,7.5938950253,5.435793134574316,0.3510241880427795,0.08631663189906298,0.07799070587635008,0.03338328665520243,-0.036397540086712005,0.008892890768717285,-0.21166724991068656,0.0036543397255397497,-0.09602871518943026
1437.0,12.761141487358309,-0.6420297766680455,22.037949949718396,0.13656156966421806,0.03683874051545551,0.02382907910020278,0.6399573670799337,-6.026328599747952,-7.2157,0.0,7.5938950253,5.384298823079907,0.3686618536118279,0.09944992867720007,0.06432902384282892,0.03337987377143841,-0.03629799312691674,0.007601277502459078,-0.2117514349658441,0.003630794073197393,-0.09501057644853508
1438.0,12.76239377306568,-0.6572365640728499,22.003210702172495,0.1426509987692402,0.04111870890039008,0.017982280004514427,0.7773452485559648,-5.987554605217872,-7.2157,0.0,7.5938950253,5.330318041145022,0.38506309983725295,0.11099324678478155,0.04854023133676695,0.03337700294053694,-0.03621026368691045,0.0064662996498324535,-0.21191234677762727,0.0036079268599938127,-0.09386929762085315
1439.0,12.763650540282752,-0.6708321412026895,21.974576639700857,0.14825252704795833,0.044637559786762995,0.011403247156097984,0.9212306416417051,-5.944827800871732,-7.2157,0.0,7.5938950253,5.273995659669042,0.40014410772868303,0.12047994653259438,0.03077817457378248,0.03337434897244142,-0.03614942165210769,0.005505758241945755,-0.2121625208466708,0.0035864133023189373,-0.09261608423459988
1440.0,12.764909868362343,-0.6834728372510198,21.95273545929636,0.15333202145566868,0.047229331635549876,0.004190054501524666,1.071170862299742,-5.898952273919875,-7.2157,0.0,7.5938950253,5.215479436668855,0.41381319520632626,0.12746274682889192,0.011308139192998752,0.03337153989231477,-0.03613178403679822,0.0047321244227802525,-0.21251339148077222,0.0035670738931945813,-0.09126900410109212
1441.0,12.766170130228373,-0.6959620818541701,21.938254585806988,0.15785258228813343,0.04874548119885501,-0.0035179400062914923,1.2266734932658643,-5.850885066715723,-7.2157,0.0,7.5938950253,5.154922984861552,0.42597125091963006,0.1315415516298242,-0.009493296108421352,0.03336816797858875,-0.036174181220208726,0.004151081339738606,-0.21297464923258705,0.0035508601301026984,-0.08985287984673182
1442.0,12.767430063816045,-0.7092258763036593,21.93154061582354,0.16177506280428994,0.04906567149947485,-0.011543050412113011,1.3871905908620148,-5.801715348826474,-7.2157,0.0,7.5938950253,5.092489472522815,0.4365131342604774,0.13239253120699632,-0.031146290577638583,0.033363801246190566,-0.0362930898856882,0.0037602543274036122,-0.21355365202244736,0.0035388306879245834,-0.08839868453465202
1443.0,12.768688840071276,-0.7242777183259399,21.93280345114861,0.16505897746108383,0.048108121970545946,-0.019675437286793225,1.5521143977145886,-5.7526335730023135,-7.2157,0.0,7.5938950253,5.028355854676374,0.44533012314384174,0.12979600510619513,-0.053084449235137214,0.03335799495103824,-0.036503685818038575,0.0035482857578828415,-0.21425493673679552,0.0035321182328156386,-0.08694240038134926
1444.0,12.769946125862578,-0.7421741044310564,21.942028413933084,0.16766379167946965,0.045838470796488145,-0.02768249347678827,1.7207751695475715,-5.704891438914922,-7.2157,0.0,7.5938950253,4.962717334483866,0.45231339008233873,0.12366029608698526,-0.074680181958163,0.03335030328944338,-0.03681888705117885,0.0034944101218111617,-0.2150798725351877,0.0035318879360225425,-0.08552335310741191
1445.0,12.771202138667338,-0.7639628053919555,21.95895946933186,0.16955054014069143,0.04227606518036854,-0.035321055228686164,1.892441624534872,-5.659754468916328,-7.2157,0.0,7.5938950253,4.895791663524373,0.4573583633260325,0.11403863392421972,-0.0952776676319377,0.033340292051875914,-0.037248469868486046,0.003568663675072574,-0.21602648686174522,0.0035392896395432857,-0.08418209821645567
1446.0,12.772457688135304,-0.790627140969862,21.9830960204355,0.17068367158615808,0.03749672099546426,-0.04235164118187833,2.0663243330718966,-5.618449974109762,-7.2157,0.0,7.5938950253,4.8278228331399,0.46036969780728204,0.10113652907174615,-0.11423126811929295,0.03332755331582287,-0.037798342957396404,0.0037328147452570203,-0.21708947985516835,0.0035554064594036858,-0.08295800266041761
1447.0,12.773714197726825,-0.8230302806497318,22.01370478725517,0.17103297417969635,0.031631272223838845,-0.04855354842862014,2.2415821523731494,-5.582113965078038,-7.2157,0.0,7.5938950253,4.7590836844283055,0.4612664624623493,0.08530778998524703,-0.1309462320413923,0.0333117230987192,-0.03847005734675116,0.003942031542337562,-0.2182604264273323,0.003581203239560038,-0.08188672447457097
1448.0,12.774973698801935,-0.8618640253769319,22.049846883542322,0.1705754057427462,0.0248596746637618,-0.053739374383365186,2.417331536849563,-5.551741032417174,-7.2157,0.0,7.5938950253,4.689877007040241,0.45998707053218446,0.06703855619263707,-0.1449178284946725,0.03329250215696629,-0.03926060960120633,0.004147215596918278,-0.2195281474831014,0.00361747859348155,-0.08099783151881444
1449.0,12.776238790093247,-0.9076064473133855,22.090418717572327,0.1692966458030679,0.017400960117325733,-0.05776745950032488,2.592658306446546,-5.528141241450105,-7.2157,0.0,7.5938950253,4.620534794136719,0.45649345975265104,0.04692015278445624,-0.1557648547809952,0.03326967890930858,-0.04016256607110219,0.004297837738800745,-0.22087921733227234,0.003664824202093175,-0.08031280744902418
1450.0,12.777512558083107,-0.9604921296749064,22.134203854234748,0.16719220616144617,0.009499885223746264,-0.06055089957193967,2.7666312309262704,-5.511907609643443,-7.2157,0.0,7.5938950253,4.5514154799685365,0.45077408267684826,0.025613048272922715,-0.1632538790919617,0.033243152114309824,-0.041164500004143824,0.004345033632157939,-0.22229856382126317,0.003723594548455867,-0.07984366244315325
1451.0,12.778798458179072,-1.0204976009093154,22.179931776377003,0.16426798289582523,0.0014115743848626358,-0.06206215425374521,2.938316632697652,-5.503396786471445,-7.2157,0.0,7.5938950253,4.482899185562129,0.442845391863827,0.003805423312501887,-0.16731159983770374,0.03321294988820193,-0.042251697173771904,0.004244665257376521,-0.22377011295607693,0.0037938893962488644,-0.0795922996386268
1452.0,12.780100162043748,-1.0873430465336373,22.22633876286536,0.1605401985604733,-0.006614271988666505,-0.06233282384314554,3.1067931404154887,-5.502724257317304,-7.2157,0.0,7.5938950253,4.415381210783667,0.43275168193391295,-0.017829411907607638,-0.1680241746284534,0.03317924133107009,-0.04340705557701179,0.0039600454788929484,-0.22527743081501128,0.0038755501649554935,-0.07955069571048934
1453.0,12.781421381831592,-1.1605097093707086,22.27222598186885,0.1560347577021319,-0.014348000486217618,-0.061448784494484085,3.271165747106695,-5.509773913778302,-7.2157,0.0,7.5938950253,4.349264204407593,0.4205633506833138,-0.03867242945708788,-0.1656240384065658,0.033142337668842975,-0.044612085646769356,0.0034640596653693068,-0.22680432141567947,0.003968170048499227,-0.07970185138435537
1454.0,12.782765686104998,-1.2392708584575116,22.316510408673885,0.15078610704206943,-0.021592070764702983,-0.05954144058122831,3.4305784365789855,-5.524220442965888,-7.2157,0.0,7.5938950253,4.284949584508376,0.4063738251297102,-0.05819138487788971,-0.16046626202755124,0.0331026813169845,-0.04584791287633539,0.0027404948968138033,-0.22833534888578114,0.004071116490288161,-0.08002137495631217
1455.0,12.784136323922231,-1.3227329931792122,22.358265185357556,0.1448357427463334,-0.02818958411014665,-0.05677627561799028,3.5842248141211908,-5.5455618425952755,-7.2157,0.0,7.5938950253,4.2228288494160635,0.3902955359037001,-0.07596376853220263,-0.15299764062901303,0.03306082329086349,-0.04709619372833082,0.0017844895260479034,-0.22985626325522474,0.004183563579592977,-0.08047949437606683
1456.0,12.785536072553684,-1.4098832281342495,22.39674738676624,0.1382305332419154,-0.03402881068434181,-0.05334009398906242,3.7313563926850772,-5.573158630989553,-7.2157,0.0,7.5938950253,4.163275402855303,0.37245539359170976,-0.09168896176297994,-0.14372226768558005,0.033017391391988365,-0.048339875771109195,0.000602124708760518,-0.23135432028626637,0.004304531218899893,-0.08104326149646446
1457.0,12.786967120791326,-1.4996386606579228,22.431412588630156,0.13102102447532044,-0.03904377286869493,-0.04942832522774114,3.871288407485153,-5.60627608601023,-7.2157,0.0,7.5938950253,4.106637425352307,0.35299021656477514,-0.10518975786991006,-0.1331672935427321,0.032973053075979385,-0.04956375958743231,-0.0007907255056265501,-0.23281849542955546,0.004432927629644634,-0.08167871837187782
1458.0,12.788430994687676,-1.5908938459805129,22.461916958161854,0.12325987117263562,-0.043211381047070445,-0.045233557478151755,4.003403240494992,-5.644126020758301,-7.2157,0.0,7.5938950253,4.053232174777788,0.33204249713363704,-0.11640459081258332,-0.12185201263310921,0.03292847756049347,-0.05075484741397372,-0.0023701002126334386,-0.23423959952648446,0.004567591844987664,-0.08235283198256851
1459.0,12.789928526948733,-1.6825632506519974,22.488108597325503,0.11500049784593672,-0.04654591214105227,-0.0409361279712645,4.127151698286056,-5.685905175603225,-7.2157,0.0,7.5938950253,4.003341924951227,0.3097567857744449,-0.125372606256604,-0.11026250894511469,0.032884301472135766,-0.05190248779905598,-0.004105995912216619,-0.2356103086335495,0.004707333306156896,-0.083035061876538
1460.0,12.791459866097284,-1.7736164728204682,22.51001053740537,0.10629604891366029,-0.049091758367206584,-0.03669722171568625,4.242052506507054,-5.73082804745901,-7.2157,0.0,7.5938950253,3.9572115746385417,0.28627685372966377,-0.13221407825643758,-0.09883307310810557,0.03284110136360229,-0.052998343440004536,-0.005964530336353701,-0.2369251229952637,0.004850966331968822,-0.08369848915238465
1461.0,12.793024517765508,-1.8631050197832282,22.527798041018805,0.09719864390093719,-0.05091536105535681,-0.032654567343651006,4.347690442120626,-5.778152830406953,-7.2157,0.0,7.5938950253,3.915047810623725,0.26174367740304705,-0.13710863962788766,-0.08793462745471751,0.03279937505255397,-0.05403622000247771,-0.007910034824412496,-0.2381802705065429,0.004997338030267635,-0.0843204962864032
1462.0,12.794621408375443,-1.9501803340276909,22.541772801919144,0.0877589186869441,-0.052097123845051115,-0.0289205299562151,4.443713534736075,-5.827199933272743,-7.2157,0.0,7.5938950253,3.877019599245052,0.23629419365126003,-0.14027346798140963,-0.07786961608253745,0.0327595323015038,-0.05501179730130536,-0.009906928207381326,-0.239373568868975,0.005145348993781044,-0.08488303587435284
1463.0,12.79624896100893,-2.0341034904630724,22.55233631352501,0.07802580931129807,-0.0527239148246823,-0.02558220334677154,4.529829735723725,-5.877363209166888,-7.2157,0.0,7.5938950253,3.8432597187038158,0.21006070911598476,-0.14194307028917752,-0.06887228499396063,0.032721894142966834,-0.055922302258743714,-0.011921276106622806,-0.2405042584150009,0.005293966804167092,-0.08537255935357815
1464.0,12.797905174132667,-2.1142475026994387,22.55996420586531,0.06804652146726234,-0.052882561962582016,-0.022703000843944814,4.6058033914431045,-5.928114529599797,-7.2157,0.0,7.5938950253,3.813867026900358,0.1831708105858862,-0.14235175482415752,-0.06111300001305911,0.03268669931632969,-0.05676615740191779,-0.013921988596146542,-0.24157281477283332,0.005442232894262309,-0.08577969376672273
1465.0,12.799587695575019,-2.190093475593834,22.56518281781939,0.05786662502449744,-0.05265455408233303,-0.02032522150443116,4.671451777361936,-5.979002654052909,-7.2157,0.0,7.5938950253,3.788909178459075,0.15574761308781196,-0.1417193609106236,-0.054705190314038234,0.032654115860115136,-0.057542631186172796,-0.01588165044583842,-0.2425807475784109,0.005589263669287267,-0.08609875792417677
1466.0,12.801293886287873,-2.2612219537383216,22.568548749281938,0.047530216362348256,-0.05211200198964555,-0.018473105409577084,4.726641864512473,-6.029647502605486,-7.2157,0.0,7.5938950253,3.7684255488671643,0.12791019159686806,-0.1402403916737107,-0.049713606063025384,0.03262425584193599,-0.05825150868478811,-0.017777008649053242,-0.24353038863478071,0.005734246971086704,-0.08632720247080136
1467.0,12.80302087059142,-2.327300785808167,22.57063167542496,0.03708009938203546,-0.051314800845792014,-0.017155966009400767,4.771287407788438,-6.079730967517424,-7.2157,0.0,7.5938950253,3.752430181709257,0.09977406399807838,-0.1380763889245987,-0.046162779471947774,0.032597191404438536,-0.058892794265370266,-0.01958916107858728,-0.24442467052114053,0.005876435013435232,-0.08646504514984624
1468.0,12.804765571538782,-2.3880707019491445,22.57200032999298,0.02655794652195877,-0.050308866050209004,-0.0163710793285641,4.805346373513893,-6.1289853385545,-7.2157,0.0,7.5938950253,3.7409146366053556,0.07145162108356594,-0.1353512038738109,-0.04404482688246966,0.03257297064276274,-0.05946645241638128,-0.02130349906417206,-0.24526689484480446,0.00601513485932356,-0.0865143563030366
1469.0,12.806524731624087,-2.443329631350564,22.573211286403023,0.016004412186683158,-0.04912528526018565,-0.016106104827238277,4.82881866542626,-6.177180304079924,-7.2157,0.0,7.5938950253,3.7338506727293597,0.04305242924099003,-0.1321487376691908,-0.0433259860052598,0.03255163220619233,-0.05997218913906547,-0.022909457563824495,-0.24606048824087623,0.006149697393170126,-0.08647883285132527
1470.0,12.808294920267183,-2.4929166072174924,22.574799981995504,0.005459181578550264,-0.04778023005711708,-0.016340901508167995,4.841744065488522,-6.2241093575632895,-7.2157,0.0,7.5938950253,3.731192750345797,0.014683360006292973,-0.12851272833069238,-0.043951522076963886,0.032533217861237765,-0.06040927423328102,-0.024400121882490536,-0.24680874395080005,0.0062795055982391565,-0.08636348327346138
1471.0,12.810072530384536,-2.536695943593585,22.5772733327434,-0.00503905261601505,-0.04627549243634797,-0.017048680797542574,4.844200279020983,-6.26957631124929,-7.2157,0.0,7.5938950253,3.732880367655705,-0.01355147382733105,-0.12444821921584646,-0.045848846841596395,0.032517782524888274,-0.06077640413919241,-0.025771731967772302,-0.24751454741698273,0.0064039628107676995,-0.08617443226059684
1472.0,12.811853766974872,-2.574542239525868,22.581103260848487,-0.01545268509312209,-0.044599544370353954,-0.01819650353176917,4.836300961817325,-6.313382510814601,-7.2157,0.0,7.5938950253,3.738840271288733,-0.041550973898116315,-0.11992443338053183,-0.048928871502212284,0.03250540146297081,-0.06107160539701456,-0.027023116250427796,-0.24818008585087986,0.006522481506932307,-0.08591884200833558
1473.0,12.813634631090233,-2.606326678089891,22.586720493654447,-0.02574535689861847,-0.042729054909614594,-0.01974518288082921,4.8181936090254025,-6.355315264387506,-7.2157,0.0,7.5938950253,3.7489885862976147,-0.0692174836174444,-0.11487887582377383,-0.05308576136501643,0.03249617445865115,-0.06129217984877508,-0.028155078426454476,-0.24880654416114034,0.00663447309727282,-0.08560493738362354
1474.0,12.815410902890711,-2.631905040061335,22.594508078362296,-0.035882165310381596,-0.040630831831585064,-0.021648699954710474,4.790057200342098,-6.395137946773876,-7.2157,0.0,7.5938950253,3.7632329067125414,-0.09645735156754245,-0.10922257329122195,-0.05819538047520192,0.032490226813218843,-0.06143469401384592,-0.02916975367057246,-0.2493937929049745,0.006739339157803449,-0.08524211418837607
1475.0,12.817178127727251,-2.6511078375131034,22.604794184178186,-0.04582990669142425,-0.038264178465268764,-0.023853275840108733,4.7520995222129425,-6.432582209923164,-7.2157,0.0,7.5938950253,3.781474372410061,-0.12318158254382677,-0.1028464249300601,-0.06411281363985055,0.03248770707579261,-0.061495016226658095,-0.030069946268784044,-0.24994007791059725,0.0068364645132206695,-0.08484110316315982
1476.0,12.818931609358717,-2.663732979691635,22.61784392423261,-0.05555733051183068,-0.03558366730474666,-0.026296273861012128,4.704554123932099,-6.467342714162416,-7.2157,0.0,7.5938950253,3.803609734470781,-0.1493065174585415,-0.09562866672551407,-0.07066943346904922,0.032488781442620886,-0.061468405773986434,-0.030858458910212824,-0.25044172567395906,0.006925212595540537,-0.0844141570898155
1477.0,12.820666414449684,-2.66954139749277,22.633850116884943,-0.06503537982758535,-0.032542328241435076,-0.028905128866418956,4.647676909298003,-6.499074779393155,-7.2157,0.0,7.5938950253,3.8295333819003847,-0.17475447551893,-0.08744344261651706,-0.07767004126445608,0.03249362484964071,-0.0613496581149478,-0.031537424883835596,-0.25089288320917236,0.0070049235177198675,-0.08397522440829483
1478.0,12.822377392347631,-2.668256057533951,22.65292311229591,-0.07423739171347346,-0.02909523014681201,-0.03159651516048776,4.581742416835943,-6.527395327973381,-7.2157,0.0,7.5938950253,3.8591392704394303,-0.19945428731925005,-0.07817042408655533,-0.08489064968002097,0.0325024089265469,-0.06113330909581906,-0.032107657865613065,-0.25128531526490905,0.00707491531093989,-0.08354007040269583
1479.0,12.824059213718147,-2.6595647760938625,22.675080026273232,-0.08313923074343678,-0.02520340120105307,-0.034275969294573806,4.507039896882354,-6.551887438459448,-7.2157,0.0,7.5938950253,3.8923226623655856,-0.22334164646148574,-0.06770533080878842,-0.09207748673952902,0.032515287198887625,-0.06081389877305789,-0.0325680392563608,-0.2516082851454354,0.0071344887605798695,-0.08312630663075668
1480.0,12.825706430837032,-2.6431271825890055,22.700233938009536,-0.09171932990654487,-0.02083798845993823,-0.03683817590506305,4.4238693494613885,-6.572108740733279,-7.2157,0.0,7.5938950253,3.9289815581442737,-0.24635921088007162,-0.055971084814391975,-0.09894777857055628,0.03253237821448495,-0.06038629204082727,-0.03291496930491798,-0.2518485471677364,0.0071829362251426224,-0.08275329134007142
1481.0,12.827313561128461,-2.6185860704584707,22.72818380768565,-0.09995861662724928,-0.015984504814445206,-0.03916810178825927,4.332537738327596,-6.5876037505879985,-7.2157,0.0,7.5938950253,3.969017680129528,-0.26845639395953114,-0.042929190764180045,-0.10519280597416267,0.03255374761230839,-0.05984604886374654,-0.03314191451596537,-0.2519904784087215,0.0072195547229883025,-0.08244186857520824
1482.0,12.8288751938673,-2.585583203522756,22.7586060382443,-0.10784030701845539,-0.010646957042067076,-0.04114312378625329,4.2333556384088205,-6.597920062396224,-7.2157,0.0,7.5938950253,4.012336858873468,-0.2895888003152256,-0.02859078949295177,-0.11048362331204133,0.03257939050731219,-0.059189831811418146,-0.03323908899823308,-0.25201637427257567,0.0072436634161856615,-0.08221392184200188
1483.0,12.830386117861714,-2.54377941684936,22.791048726030457,-0.11534955917780014,-0.004851598175877417,-0.042636239228860645,4.126634600264656,-6.602628094180473,-7.2157,0.0,7.5938950253,4.058848677331113,-0.3097172818628688,-0.013026697374781099,-0.11447967566536803,0.03260921587691663,-0.058415833165625666,-0.03319331036572831,-0.2519069261016158,0.007254625406467222,-0.08209172964568606
1484.0,12.831841465511259,-2.492878567982956,22.824929700559053,-0.12247298609693595,0.0013499926645389668,-0.043520374385606644,4.012685520226601,-6.601343818108007,-7.2157,0.0,7.5938950253,4.108465250125051,-0.32880661613374584,0.0036243626776692275,-0.11684035386610922,0.03264303483304211,-0.05752419860449592,-0.032988070579366376,-0.2516418893497689,0.007251873487852131,-0.08209712476357078
1485.0,12.833236866100185,-2.432654568901561,22.859539428829464,-0.12919804024609505,0.007878823265310145,-0.04367371879360662,3.8918182835111743,-6.593753624775044,-7.2157,0.0,7.5938950253,4.161099055873483,-0.3468238397621444,0.021150194944731537,-0.117239292638176,0.03268055467180671,-0.05651741990454678,-0.03260385792438859,-0.25120093782123626,0.00723493918218206,-0.08225047624613477
1486.0,12.834568598830577,-2.3629803792870216,22.894049741849514,-0.13551229459060754,0.014627715450598754,-0.04298591491548021,3.764342896345119,-6.579640180023627,-7.2157,0.0,7.5938950253,4.216659800736605,-0.3637363042394578,0.03926308807286614,-0.11538095397871204,0.03272138034306234,-0.05540066581043108,-0.03201875762376334,-0.2505646835950794,0.00720348403079955,-0.0825695320602943
1487.0,12.835833734281998,-2.283857491135646,22.927529121111906,-0.14140265800118382,0.021462141241772204,-0.041364828008408815,3.6305722408206784,-6.558907860477609,-7.2157,0.0,7.5938950253,4.275050369341963,-0.37950955652615204,0.057602083439608445,-0.11101875845304375,0.03276502443042266,-0.054182018764211026,-0.031209345107713598,-0.2497158243453133,0.007157331745636127,-0.08306817991480173
1488.0,12.83703025213689,-2.195444125176775,22.958964954848476,-0.14685457568009608,0.02822290507698846,-0.038743517740664056,3.490826474546677,-6.531606136675247,-7.2157,0.0,7.5938950253,4.336162011498472,-0.39410518109024095,0.07574018762948728,-0.10397375093384208,0.0328109258743121,-0.05287258620525549,-0.030151868065089932,-0.2486403613547913,0.007096499472406451,-0.08375520249823812
1489.0,12.83815712338487,-2.0980800950671648,22.987292750784693,-0.15185127674085214,0.03473081670412515,-0.035086935342003335,3.3454389631356163,-6.497949106889883,-7.2157,0.0,7.5938950253,4.399869011822718,-0.40747877078038863,0.09319691478753706,-0.09415252601405466,0.032858476574770576,-0.05148645879734697,-0.0288236906467544,-0.2473288138088544,0.007021226086471233,-0.08463312009756088
1490.0,12.839214347224205,-1.9923061704914433,23.011431766809274,-0.15637313936086894,0.040793371371851336,-0.030397793838151166,3.1947634836919394,-6.45832935779276,-7.2157,0.0,7.5938950253,4.4660231873013165,-0.41957821602585815,0.10945620236211001,-0.08156293441356166,0.0329070537825105,-0.050040495108921834,-0.027204947786750956,-0.24577734104186255,0.006931995223228348,-0.08569722510529187
1491.0,12.840202936389842,-1.8788757692292746,23.030325939040694,-0.16039724829789612,0.04621329203045813,-0.02472101036873115,3.039182288056613,-6.41332440919273,-7.2157,0.0,7.5938950253,4.534448639963455,-0.43034251337277746,0.12398931063132433,-0.0663259616239551,0.03295605503806987,-0.0485539225058074,-0.02528032942735211,-0.2439886757566338,0.006829550627291588,-0.08693491817221621
1492.0,12.841124849546846,-1.7587570113004503,23.042988369010562,-0.1638972177333736,0.05079859855638927,-0.01814611793162429,2.8791144786319025,-6.363694257522278,-7.2157,0.0,7.5938950253,4.604937246221827,-0.4397012891837099,0.13628180870224677,-0.04868216531408597,0.033004931569312015,-0.04704775755427658,-0.023040886569482416,-0.24197277095785788,0.006714901481937451,-0.08832545126176475
1493.0,12.841982875124202,-1.633123588271239,23.04854703936785,-0.16684334293256087,0.054373664288331194,-0.010807102906935255,2.7150240454757446,-6.310368964264243,-7.2157,0.0,7.5938950253,4.677245375993004,-0.4475752085887385,0.1458632014189548,-0.028991215668500787,0.033053215753467556,-0.04554406524219147,-0.020485726056950714,-0.23974707322734778,0.006589315685741113,-0.08984016657870003
1494.0,12.842780476742293,-1.503333555196721,23.046288928324632,-0.1692031256595005,0.05679052123614683,-0.0028792586387310143,2.547426857331454,-6.254425847208675,-7.2157,0.0,7.5938950253,4.751092292011954,-0.4538773896763197,0.15233721857414542,-0.007723441219283704,0.033100538675771556,-0.0440650936268121,-0.017623442908337394,-0.23733635631680206,0.006454299622774468,-0.09144329043661768
1495.0,12.843521615230106,-1.3708960243901176,23.035699368146094,-0.17094219017557805,0.05793951134025656,0.005427138871264728,2.376895904939586,-6.197056601196443,-7.2157,0.0,7.5938950253,4.826160576806325,-0.4585158672186465,0.15541034814819968,0.014557139366929012,0.033146635039952674,-0.04263233723007509,-0.014473132482218081,-0.23477208160890836,0.006311563840226525,-0.09309329736863872
1496.0,12.844210565159239,-1.2374267759473023,23.016493421672145,-0.17202556996031076,0.057758286800145636,0.013876234683423902,2.2040641694219643,-6.139525550669936,-7.2157,0.0,7.5938950253,4.902098774722634,-0.4613970516185814,0.15491594210253815,0.03721803550470109,0.0331913345981884,-0.04126559624669614,-0.011064834503009727,-0.23209129366964376,0.006162975176297718,-0.0947448042480869
1497.0,12.844851744217133,-1.1045949139489835,22.988636327197785,-0.17241930286282744,0.056238176497656014,0.022218631920241986,2.029624638404334,-6.083121143591021,-7.2157,0.0,7.5938950253,4.978526229642037,-0.462430014912284,0.15083126056448934,0.059590556971351634,0.03323454156701951,-0.03998210666906196,-0.007439291578861293,-0.2293351062157507,0.006010497199585571,-0.09635089178582405
1498.0,12.845449571054013,-0.974063725840227,22.952350673308676,-0.17209222986247802,0.05342707841466082,0.030205258469227662,1.8543271947643398,-6.029103601774258,-7.2157,0.0,7.5938950253,5.055039875934031,-0.46153132173138167,0.14328520315338727,0.08100698605440172,0.033276205718906,-0.03879581643681494,-0.0036469557506217387,-0.22654687913457583,0.005856122153323079,-0.09786569016791231
1499.0,12.846008362146973,-0.8474297345926163,22.90810894695467,-0.17101785620395918,0.04942832411307234,0.03760194583930715,1.6789723523465139,-5.978652261033879,-7.2157,0.0,7.5938950253,5.131222526441263,-0.4586300257741486,0.13255524344145372,0.10083965366091599,0.03331629045619703,-0.037716873296736314,0.000253752469765188,-0.22377022529668714,0.00570179879731285,-0.0992470162798744
1500.0,12.846532271493656,-0.7261643806110272,22.856611372584453,-0.16917611146292053,0.044395371390689775,0.04420340072827916,1.5044020825721025,-5.932816411948781,-7.2157,0.0,7.5938950253,5.206652031337754,-0.45367239319751324,0.11905318198616398,0.11853838241377505,0.03335474375480509,-0.03675137085567329,0.004198845333207687,-0.22104700933974009,0.005549361353510176,-0.10045882332268913
1501.0,12.847025269825101,-0.6115627372423748,22.79875030506517,-0.16655484307999682,0.03852265363614746,0.049845214450251224,1.331488213205415,-5.8924733316853795,-7.2157,0.0,7.5938950253,5.280910594443005,-0.44662590939108543,0.1033005999359529,0.13366266522760037,0.033391477187320676,-0.0359013730584574,0.008121660632182635,-0.21841550395482995,0.005400465016389527,-0.10147322750822793
1502.0,12.847491154275705,-0.5047030899113059,22.735563814471064,-0.16315089950794012,0.03203339432393475,0.05441271702759125,1.1611190940867542,-5.858296618311432,-7.2157,0.0,7.5938950253,5.3535935284001255,-0.4374821839186862,0.0858961816908732,0.14590538176604778,0.033426356444153454,-0.03516520636926641,0.011956008190801726,-0.21590885221119888,0.005256533054986475,-0.10227191477165024
1503.0,12.847933575910263,-0.406420188126979,22.668182106817895,-0.1589707020387763,0.025165568587572476,0.05784582806146873,0.9941853373802778,-5.830737018869505,-7.2157,0.0,7.5938950253,5.4243168307425265,-0.42625848373813974,0.06747807596603714,0.1551057814039493,0.033459204265005066,-0.034537980232513754,0.01563929299758872,-0.2135539479081078,0.0051187194638166655,-0.10284679828582835
1504.0,12.848356071980112,-0.3172935746855261,22.597771114561187,-0.1540302635902543,0.018157419540021875,0.06013954087084364,0.8315654949911363,-5.8100167007021435,-7.2157,0.0,7.5938950253,5.492723126016617,-0.4129977836041151,0.048685069097509207,0.1612507601278884,0.03348981415341193,-0.034012272209271235,0.019115334158399663,-0.21137079668491304,0.004987889474005756,-0.10319988654806804
1505.0,12.84876209188302,-0.23765088752386448,22.52547766882963,-0.14835467685362194,0.011233942942518449,0.06134020844742751,0.6741124810230296,-5.796136624051936,-7.2157,0.0,7.5938950253,5.5584857365280715,-0.39776739432633335,0.030120359580340192,0.1644648850918359,0.033517971254992965,-0.03357890079614027,0.02233663602964972,-0.20937236609637844,0.004864618345069317,-0.10334241490229912
1506.0,12.849155009798446,-0.16758459287112776,22.452380254620877,-0.14197715279121215,0.004595560153684263,0.061538288167247726,0.5226414263555631,-5.788895457013772,-7.2157,0.0,7.5938950253,5.621310864142644,-0.380656386348162,0.012321203003130884,0.16499092942259858,0.03354347579754201,-0.03322770648864002,0.025265938025361683,-0.20756488217321684,0.00474920697467244,-0.10329337546773543
1507.0,12.849538121629132,-0.10697946703491729,22.37944848596788,-0.13493773336492243,-0.0015901578822924106,0.06085856107935069,0.3779194728816576,-5.787917526556657,-7.2157,0.0,7.5938950253,5.68093805952174,-0.36177214078977366,-0.004263261334877314,0.1631636413183244,0.033566164621174774,-0.03294827024286546,0.027876960723546187,-0.20594849022765974,0.004641711303502899,-0.10307763756836277
1508.0,12.849914628066474,-0.05554743249531603,22.307513297360412,-0.12728182364031904,-0.007193296568089072,0.05944901952206004,0.24065780789246824,-5.79268672869515,-7.2157,0.0,7.5938950253,5.737139296199834,-0.3412364168421546,-0.01928488040141605,0.15937994779060521,0.0335859273747687,-0.032730515317419884,0.030154361220885148,-0.20451817348051132,0.004541981464783387,-0.10272387540137684
1509.0,12.850287608431097,-0.012866107762422863,22.237248617076865,-0.11905868742129345,-0.012122960724678005,0.057469606902491505,0.1115060304200421,-5.802583151789613,-7.2157,0.0,7.5938950253,5.78971704402719,-0.3191813215894492,-0.03250012837776063,0.15406876625017044,0.03360271552182467,-0.032565159570787594,0.032092994659164646,-0.20326481523900863,0.004449706212486277,-0.10226251195030653
1510.0,12.850645938243268,0.02158255230065459,22.169153209162314,-0.11031964269681936,-0.016325565937595654,0.05508200893236622,-0.008951161298590714,-5.816919389289361,-7.2157,0.0,7.5938950253,5.838501941590016,-0.29574479829026956,-0.04376556238908055,0.14766379969063426,0.033651696793561656,-0.03245596062534275,0.03370796821167256,-0.20277801927510652,0.0043741751881012,-0.10165750279685797
1511.0,12.85095112574557,0.048375928975969984,22.103542680611117,-0.10111652324324859,-0.019780748836738346,0.052441056295656686,-0.12019454294415674,-5.834973965155587,-7.2157,0.0,7.5938950253,5.883349894131557,-0.27106664647966394,-0.05302695425091353,0.14058059763110026,0.033706279163548986,-0.03238761905324745,0.03500221809770635,-0.20258343294346215,0.0043067156665824585,-0.10098777762542607
1512.0,12.85121619318415,0.06811820522926092,22.040621582385505,-0.09150283570923011,-0.022495898263359515,0.04968687474914791,-0.22177073225848176,-5.856020217430349,-7.2157,0.0,7.5938950253,5.9241384226596105,-0.24528983426913603,-0.06030430766418516,0.13319461826624474,0.03374661346662196,-0.032347245336651724,0.03598567491998428,-0.20232500588317448,0.00424136849896312,-0.10031679213632833
1513.0,12.851456927809584,0.0814159699898021,21.980462446276942,-0.0815315716680816,-0.02449958502697173,0.04694084154013345,-0.3132913149842362,-5.879349441288538,-7.2157,0.0,7.5938950253,5.96076541127834,-0.218555970715465,-0.06567432073423525,0.12583102446215955,0.03377384805292487,-0.03233015030316693,0.03667873436560089,-0.20200587959743568,0.004178164336583331,-0.09966487716159372
1514.0,12.851687647597439,0.08885940616300195,21.923022781584635,-0.07125456271489412,-0.02583496840461745,0.04430297339487314,-0.3944302789479906,-5.9042877890680305,-7.2157,0.0,7.5938950253,5.993147195231033,-0.19100368393928407,-0.06925274609404744,0.11875774414255255,0.033789130378663775,-0.03233275597206182,0.03710400436738261,-0.2016287535435122,0.004117133471597265,-0.0990483954495491
1515.0,12.85192125828352,0.09100988691499129,21.86816725383398,-0.06072216132830211,-0.026553646167661787,0.04185096010285921,-0.4649208522628453,-5.930207148543446,-7.2157,0.0,7.5938950253,6.021217035458437,-0.16276776177816357,-0.07117792679334577,0.11218288274324982,0.03379357593689735,-0.032352348279250605,0.037284897059769735,-0.20119604066880564,0.004058308908654253,-0.09847963607172372
1516.0,12.852169334279822,0.08839344433335823,21.815690203826637,-0.04998308213739375,-0.026710322149263062,0.03964050844913522,-0.5245520427518423,-5.9565305972499045,-7.2157,0.0,7.5938950253,6.044924041583263,-0.13397871867751135,-0.07159651994218569,0.10625564296217946,0.03378824883690889,-0.032386816882263046,0.037244513719942335,-0.20071003277582738,0.004001727509756225,-0.0979669328647491
1517.0,12.852442209951684,0.08149917600983718,21.765337373402623,-0.03908435565029609,-0.026358516970423875,0.037706584676682836,-0.5731650953295633,-5.98273331214855,-7.2157,0.0,7.5938950253,6.064232488158387,-0.10476266145823519,-0.07065201265234992,0.101069650490699,0.033774152926619457,-0.03243440709954084,0.03700484024032355,-0.20017307099220633,0.003947429240368236,-0.09751493329342914
1518.0,12.852749069921142,0.07078148006155655,21.716826114227132,-0.028071349808599412,-0.025547414685471566,0.03606517486569592,-0.6106500130843661,-6.008339962719694,-7.2157,0.0,7.5938950253,6.0791214427812506,-0.07524133519181692,-0.06847627936455897,0.09666766754443823,0.0337522316268134,-0.03249350181429751,0.03658624194439944,-0.19958771818376542,0.0038954547011235802,-0.09712495065494473
1519.0,12.853098029728343,0.05666495638023969,21.669863713168986,-0.016987822250591728,-0.02431983964567016,0.03471524817724412,-0.6369422248709518,-6.032919656563805,-7.2157,0.0,7.5938950253,6.089584612944044,-0.045532250293220104,-0.06518416601628026,0.093046851190268,0.03372337424744375,-0.032562444989748404,0.036007227186051954,-0.19895693051225458,0.0038458412678588857,-0.09679534494402917
1520.0,12.853496201078835,0.03955084516470689,21.62416374875018,-0.005875975834469079,-0.022711293196531698,0.03364069079018473,-0.6520194311961862,-6.056079471890182,-7.2157,0.0,7.5938950253,6.095630317054889,-0.01574881762368043,-0.0608709131259437,0.09016393513420823,0.033688426421547756,-0.03263941366521591,0.03528443815494528,-0.19828422476373672,0.0037986182776122137,-0.0965218928993685
1521.0,12.853949738753569,0.019823961236087477,21.579460586046192,0.005223499720983961,-0.0207499440290371,0.03281206584383645,-0.6558986243450469,-6.077457529469555,-7.2157,0.0,7.5938950253,6.097281490705643,0.0139995541483537,-0.05561213372767123,0.0879399477432356,0.033648202347994406,-0.03272234193606806,0.03443282295324495,-0.1975738368029304,0.0037538017874191266,-0.09629812348032019
1522.0,12.854463339178535,-0.0021407925778929617,21.535521822200693,0.016271414584000082,-0.018457450052567256,0.03218814493061694,-0.6486332589500288,-6.096716450707131,-7.2157,0.0,7.5938950253,6.094575658129238,0.04360743950393691,-0.049466021064678435,0.0862643241962536,0.033606983566995284,-0.032810104414804045,0.03346707910754146,-0.19688910353582437,0.0037118691093621778,-0.09610900567730088
1523.0,12.855015192177756,-0.025972758221928294,21.4921406342252,0.027230396117210634,-0.015850427368471972,0.03171754605561919,-0.6303104261597756,-6.1135379072218505,-7.2157,0.0,7.5938950253,6.087565148999922,0.0729744097703385,-0.04247736892416337,0.08499946871171088,0.03359739867144612,-0.03291084220786668,0.032409976979136765,-0.19676640668216297,0.0036766648308028485,-0.09588419997029056
1524.0,12.855587477376426,-0.05130268271731776,21.44916876506093,0.03806442188058554,-0.012942623904946972,0.031339479280240536,-0.601048065832646,-6.127618867349029,-7.2157,0.0,7.5938950253,6.076316184631711,0.10200384355004108,-0.034683237487985824,0.08398255335310595,0.03358733930309462,-0.03301009353672901,0.03126262718823989,-0.19666201988268373,0.0036431404268855976,-0.09567450580933484
1525.0,12.856180395705172,-0.0777618811745466,21.40653653209817,0.04873869538742279,-0.009747545634983958,0.03098466304967182,-0.5609927985901334,-6.138670176064352,-7.2157,0.0,7.5938950253,6.060908294889805,0.13060240323460537,-0.026119962289684277,0.08302789858314254,0.03357698294065778,-0.033104763386397354,0.030036717586116694,-0.19657398935347611,0.003611092818341558,-0.09546820859870339
1526.0,12.856793946004242,-0.10498378787953909,21.36424708325889,0.05921990236948946,-0.006281347388806896,0.030576797174777088,-0.5103176574439637,-6.146417722609561,-7.2157,0.0,7.5938950253,6.041433934730022,0.15868074460841475,-0.016830978115788355,0.08193105272550841,0.03356650245086084,-0.033191931593918124,0.028744343870030463,-0.19650163892182898,0.003580331170157737,-0.09525253684384102
1527.0,12.8574279128954,-0.13260894363337933,21.322382960173794,0.06947616216423617,-0.0025659620009666293,0.03003407808542699,-0.4492199453403302,-6.150606469946125,-7.2157,0.0,7.5938950253,6.017997526312746,0.1861533895249309,-0.006875200198061537,0.08047285950600044,0.03355606244140841,-0.033269082289072716,0.027398428203851716,-0.1964456325830567,0.003550681318469621,-0.09501393302817543
1528.0,12.858081858635826,-0.16029318234543086,21.281110909384715,0.07947692000776817,0.001367739240686964,0.02927115843006678,-0.377919394684333,-6.15100746745199,-7.2157,0.0,7.5938950253,5.990714285106559,0.2129384401475648,0.0036645136778328887,0.07842471521042142,0.03354581410804987,-0.033334368478380685,0.02601306217175539,-0.1964080339550946,0.0035219930522835587,-0.09473839434127104
1529.0,12.858755121158769,-0.18771891418866773,21.24068441010296,0.08919276424720854,0.005476955167827876,0.02820169133184353,-0.2966567610354932,-6.147427780521021,-7.2157,0.0,7.5938950253,5.9597088663323525,0.2389570918307867,0.014673357082693033,0.07555539064456952,0.033535888790038125,-0.033386899257300505,0.024603741761819217,-0.19639234583098764,0.0034941501041979802,-0.0944119068102053
1530.0,12.859446820274966,-0.21460917401572643,21.201443265138174,0.09859515787763133,0.00970436817222432,0.026741557465640685,-0.20569300446281663,-6.1397230653680355,-7.2157,0.0,7.5938950253,5.925113891352309,0.2641329161631676,0.02599765668038117,0.0716396799618806,0.03352639062818622,-0.03342703268108868,0.0231874616924665,-0.1964035112192976,0.003467082503193186,-0.09402098891198914
1531.0,12.86015587359978,-0.24074384343672295,21.163809533869617,0.10765608177663742,0.013976230828287986,0.024812809698053717,-0.10530921866884915,-6.127812281057639,-7.2157,0.0,7.5938950253,5.887068437620916,0.2883909070510368,0.03743976019940311,0.06646896837796079,0.03351738887662619,-0.03345665275069463,0.02178263734993369,-0.19644785711971938,0.003440780716762135,-0.09355334965535608
1532.0,12.860881023211052,-0.2659771711959786,21.1282790940371,0.11634759745031921,0.018201415534597302,0.02234828577302747,0.004192545034400502,-6.111693770093899,-7.2157,0.0,7.5938950253,5.84571659889792,0.31165631070916733,0.048755506254603447,0.05986358504454707,0.03350891052685672,-0.033479404828436636,0.020408826064455446,-0.1965329641366348,0.0034153107655542003,-0.0929986515548129
1533.0,12.861620873386022,-0.2902554259274488,21.0954082226661,0.12464134964738055,0.02227171847796332,0.019296736954866237,0.12248744845507134,-6.091461668072751,-7.2157,0.0,7.5938950253,5.801206242145302,0.3338532940461202,0.059655055075794904,0.05168653271927228,0.033500933935429265,-0.03350086079253086,0.019086226578923445,-0.1966674491185971,0.0033908292458731193,-0.09234935139736575
1534.0,12.862373939087082,-0.3136332438088257,21.06579480155287,0.13250804310774844,0.026063681071664374,0.015628205143502657,0.24922498390358094,-6.067321344603344,-7.2157,0.0,7.5938950253,5.753688100794518,0.35490354320906425,0.06980778331986254,0.04185787707178722,0.03349338408870971,-0.03352858417996084,0.017834947365213995,-0.1968606543732682,0.0033675969670570426,-0.09160157226495165
1535.0,12.863138704246447,-0.33628701568302244,21.040054087892706,0.13991694179877145,0.02944212539485215,0.011339262032289025,0.38402507772584493,-6.039602362976707,-7.2157,0.0,7.5938950253,5.703315347293684,0.37472492179349876,0.07885176729982837,0.030368760377542818,0.033486129991823474,-0.03357206729340046,0.016674051581349082,-0.19712224542240017,0.0033459897332414447,-0.09075594061332876
1536.0,12.863913688401267,-0.3585235356310944,21.018789442666055,0.14683545155869102,0.032265488576637406,0.006457615047826792,0.526473328076988,-6.008767312904875,-7.2157,0.0,7.5938950253,5.650243777273781,0.3932303518763407,0.08640807987287594,0.017293713545218994,0.03347898446103941,-0.033642517512913875,0.01562040900443266,-0.19746172917425314,0.0033265047093641894,-0.08981830472874328
1537.0,12.864697519870786,-0.38078215112708413,21.00255895895768,0.15322885592510002,0.03439288260760415,0.001045504161415022,0.6761156464604599,-5.975414860990481,-7.2157,0.0,7.5938950253,5.594632709863397,0.4103271047349675,0.09209970183922858,0.0027997252407306714,0.033471706381115095,-0.03375247936423663,0.0146874124006394,-0.1978879148893205,0.003309760848400088,-0.0888002386737235
1538.0,12.865489013398543,-0.403628857136365,20.991839539459622,0.15906027753408378,0.035692606026354774,-0.0047987173287284135,0.8324526944182121,-5.940275518345512,-7.2157,0.0,7.5938950253,5.536646661209147,0.4259166950702397,0.09557431329095735,-0.012849555256121904,0.03346400532821664,-0.03391529231889511,0.013883645479844373,-0.19840835016725394,0.0032964920555907367,-0.08771923244248295
1539.0,12.866287249884458,-0.4277411932556537,20.98699057771768,0.16429093127858124,0.036051606959973705,-0.01094138415343254,0.9949346141622449,-5.9041989735094775,-7.2157,0.0,7.5938950253,5.476457780253824,0.439895555930321,0.09652962316555208,-0.029295994778069014,0.033455548417000186,-0.034144401254598396,0.013211618507928236,-0.19902877197171354,0.0032875321467328595,-0.08659847799552994
1540.0,12.867091655365561,-0.45388345215072196,20.988219910276193,0.1688807182779522,0.035385170353091105,-0.017217136913754778,1.1629566250973322,-5.868132402402631,-7.2157,0.0,7.5938950253,5.41424895025191,0.4521566256388156,0.09473928929041701,-0.0460966924434332,0.03344596933337432,-0.03445255560729242,0.012666710617030792,-0.19975261697470223,0.0032837912299002276,-0.08546618497041443
1541.0,12.86790207562967,-0.4828725568347762,20.9955550356741,0.17278918089598183,0.03364591242077657,-0.023435560118824954,1.3358560824154735,-5.833089918537567,-7.2157,0.0,7.5938950253,5.350217361702791,0.46259190090823676,0.09007697417055718,-0.06274177728027303,0.03343487973438621,-0.034850952152488845,0.012236469328153872,-0.20058063504369164,0.00328622386713952,-0.08435440004985341
1542.0,12.868718841711262,-0.5155359602413386,21.008822652540275,0.1759767995893287,0.030831055415489937,-0.02939072191171258,1.512911558291526,-5.800114222339454,-7.2157,0.0,7.5938950253,5.284578262098115,0.4710959047611149,0.08253578869257415,-0.07867996669386061,0.03342188342627507,-0.035348392220723356,0.011900411658668314,-0.2015106440740901,0.003295790205097503,-0.08329735850891565
1543.0,12.86954282028106,-0.5526639578498597,21.02763923016694,0.17840656608506253,0.0269869744679816,-0.03487311309978989,1.6933443931600523,-5.770232461019729,-7.2157,0.0,7.5938950253,5.217568503169869,0.47756989408705186,0.07224042713909415,-0.09335053801557845,0.03340659381401072,-0.035950533349496654,0.011630441618857994,-0.2025374532567134,0.0033134121125610212,-0.08232945985873535
1544.0,12.870375441806267,-0.5949597311651348,21.051414633255785,0.1800457206928171,0.02221017637955786,-0.03968309199484298,1.876322998590874,-5.744409178915174,-7.2157,0.0,7.5938950253,5.149449447750039,0.4819265067994832,0.059449747968532154,-0.106219319351144,0.033388654885861284,-0.03665931538622019,0.011391946132738022,-0.20365296713371636,0.0033399271097752756,-0.08148302273039087
1545.0,12.871218699101414,-0.6429910907479197,21.079369691141064,0.1808675032410167,0.01664420807851654,-0.04364461521658556,2.060969958324401,-5.723499883054351,-7.2157,0.0,7.5938950253,5.080508792306431,0.48409444609064295,0.044548459762005714,-0.11681543367112093,0.0333677653698095,-0.037472629177428496,0.011145556132135612,-0.20484646499525258,0.0033760433945421503,-0.08078602511576236
1546.0,12.87207510974412,-0.6971481435848063,21.110567292308918,0.18085274525231,0.010472449817872646,-0.04661784525703303,2.2463717355160435,-5.708209050755895,-7.2157,0.0,7.5938950253,5.011060907171088,0.4840227407642847,0.028027796074046096,-0.12476502470755961,0.03334370470389571,-0.038384273819783585,0.010849473513334738,-0.20610503369265645,0.0034222994886579858,-0.08026006369637723
1547.0,12.87294763851898,-0.7576108171854605,21.143955086368084,0.1799911337091867,0.003907284437388176,-0.048509239080945676,2.4315905353297436,-5.69905623064082,-7.2157,0.0,7.5938950253,4.94144541345536,0.48168412786264286,0.010456497816028478,-0.1298182307009556,0.03331635835365707,-0.03938421650553817,0.010462178773969936,-0.2074141167967504,0.0034790318237780385,-0.07991875964638664
1548.0,12.873839580175233,-0.8243293759311195,21.178416583037556,0.17828200556362112,-0.002823367144552771,-0.049277956410886684,2.6156776711041267,-5.696353257126323,-7.2157,0.0,7.5938950253,4.8720238811952035,0.47707718069787763,-0.007555243913371729,-0.13186630047567666,0.03328573910768638,-0.04045913392217938,0.00994526757632443,-0.20875813370338983,0.0035463530059879557,-0.07976679619316798
1549.0,12.874754408028647,-0.8970197835004741,21.21282644851462,0.17573458542079157,-0.009490773740826294,-0.0489378652951437,2.797687636948567,-5.700194520282778,-7.2157,0.0,7.5938950253,4.803174736782305,0.4702269477055799,-0.02539521493066902,-0.1309469218586705,0.0332520006925867,-0.04159318030970852,0.009266130818408033,-0.21012111821072643,0.0036241425351658486,-0.07979969838168112
1550.0,12.875695599138234,-0.9751742583161377,21.24610536495605,0.1723676461774049,-0.015879843931103588,-0.04755498258003087,2.9766920393083995,-5.710460930642564,-7.2157,0.0,7.5938950253,4.735286672326427,0.4611840475017934,-0.04248785001278946,-0.12723733154981642,0.03321544057732431,-0.042768902144295136,0.008400201312374397,-0.2114873288000114,0.00371205060702682,-0.08000437217247983
1551.0,12.876666450921398,-1.0580857586187356,21.27726995275577,0.1682086439606615,-0.02180182162124378,-0.045240779656064184,3.15179257518365,-5.7268367851417175,-7.2157,0.0,7.5938950253,4.6687510265229815,0.4500223568367836,-0.058328198351220384,-0.12103636178600313,0.033176490233359286,-0.04396820558725971,0.007332542178644732,-0.2128417901262894,0.0038095143405288325,-0.08036032255559555
1552.0,12.877669905984511,-1.1448837889108112,21.30547397893736,0.16329243869060833,-0.02710404315861499,-0.04214228084232172,3.3221323701119605,-5.748837510353857,-7.2157,0.0,7.5938950253,4.6039537214430455,0.43683558857780713,-0.07250801531885527,-0.11273790876898483,0.033135693050304345,-0.04517328395236755,0.006058637071476691,-0.21417073666700126,0.003915784648787894,-0.08084138975835237
1553.0,12.878708401225458,-1.2345779270373292,21.330038216618874,0.15765975223761441,-0.031676021318265274,-0.03843021291411995,3.4869051761277503,-5.775845303332793,-7.2157,0.0,7.5938950253,4.541267376295464,0.42173316573182146,-0.08473201662912123,-0.1027991933387867,0.033093672155052226,-0.046367425755032735,0.004584345663234769,-0.2154619421585401,0.004029961052478858,-0.08141778988148522
1554.0,12.879783753976339,-1.3261050392059959,21.350467683015577,0.1513555299221585,-0.035451636343556164,-0.03428657067769144,3.645362151690752,-5.80714921303544,-7.2157,0.0,7.5938950253,4.481044173829444,0.4048358346240554,-0.0948237094165854,-0.09170746826256383,0.03305109200029761,-0.04753564692419427,0.0029250883405456604,-0.216704930912277,0.004151031224653404,-0.08205823077178526
1555.0,12.880897092828365,-1.418376207375043,21.366456361304422,0.144427360877867,-0.03840769930372232,-0.02989286670042137,3.79681617614535,-5.841986145137907,-7.2157,0.0,7.5938950253,4.423609937762865,0.3862714333004583,-0.10272151322052835,-0.07994856650185322,0.03300861843239022,-0.04866511775138663,0.0011044070199341463,-0.2178910777804049,0.004277911912546971,-0.08273189184596251
1556.0,12.882048834947351,-1.5103199461328467,21.377880663167833,0.13692408151024843,-0.04055952548697838,-0.025420064221457483,3.9406438502921786,-5.879579665456389,-7.2157,0.0,7.5938950253,4.3692597193235425,0.36617114780929466,-0.10846688061263787,-0.0679799637192409,0.03296688185408518,-0.04974538169542425,-0.0008479002007859109,-0.21901361111214238,0.004409488171026444,-0.08341010266756821
1557.0,12.88323870618639,-1.6009190979417198,21.384783752617025,0.12889464523668515,-0.04195438294807577,-0.02102084213004174,4.0762854991915525,-5.9191741079173426,-7.2157,0.0,7.5938950253,4.318255009975623,0.34466647942116935,-0.11218673545706946,-0.05621009032706974,0.032926447210035785,-0.05076838492571187,-0.002897853836541415,-0.2200675378717929,0.004544648380534751,-0.08406761438487716
1558.0,12.884465796110478,-1.6892397860018373,21.387353305256216,0.1203872968300071,-0.04266374828569818,-0.01682446535288175,4.203243594186086,-5.960062316716515,-7.2157,0.0,7.5938950253,4.270822530714677,0.3218870259289858,-0.11407272538113229,-0.04498462261289443,0.032887793114211444,-0.051728350533247966,-0.005009373979451573,-0.2210495116424915,0.004682313284854105,-0.08468342139119976
1559.0,12.885728637586213,-1.7744517616486284,21.385895381537242,0.11144905005278581,-0.0427752386283301,-0.012934205620524802,4.321080057773317,-6.001606174663407,-7.2157,0.0,7.5938950253,4.2271544130147785,0.2979590741278936,-0.11435961536917884,-0.03457960323076827,0.03285130088924564,-0.05262153888488458,-0.0071461994113237275,-0.2219576635120389,0.00482145808378818,-0.08524114582873318
1560.0,12.887025299931718,-1.8558403160107508,21.380806894612626,0.10212543662834175,-0.04238493360083867,-0.009427008556127542,4.429412908043958,-6.043249812758145,-7.2157,0.0,7.5938950253,4.187409496747394,0.2730049185101712,-0.11330473313780404,-0.025200574779682832,0.032817252911262376,-0.05344593654550122,-0.009273524964736171,-0.22279141331715258,0.004961127370016885,-0.08572903942566072
1561.0,12.888353485469501,-1.9328105566721807,21.372548750319872,0.09246047501214492,-0.04159059947093467,-0.006354948855217743,4.527912651235193,-6.084525985081279,-7.2157,0.0,7.5938950253,4.151715428409098,0.24714276868333107,-0.1111698366582708,-0.0169864977950111,0.03278583866088724,-0.05420091213889669,-0.011359288314072718,-0.22355127517269896,0.00510044332066592,-0.08613968301282458
1562.0,12.889710621193553,-2.0048852559698824,21.361621224220702,0.08249679846635366,-0.040486119339240026,-0.003747950789102109,4.616298755049611,-6.125056499804885,-7.2157,0.0,7.5938950253,4.120171243835003,0.22048708389876334,-0.10820621596760636,-0.010017052242605877,0.03275716634884052,-0.0548868703797774,-0.013375083929572974,-0.2242386672601829,0.0052386079998532654,-0.086469474731135
1563.0,12.891093939624138,-2.071697670877236,21.34854260231682,0.07227588172416803,-0.03915724713596586,-0.0016172592260683331,4.694336445515117,-6.164547824206175,-7.2157,0.0,7.5938950253,4.092850153328939,0.19314917237118406,-0.10464334292744713,-0.004321943552579412,0.03273127787864566,-0.055504927076857086,-0.015296719218895194,-0.22485573199014106,0.0053749008893032475,-0.08671799625498541
1564.0,12.89250054532395,-2.132980751638068,21.333831610929582,0.061838311523263745,-0.03767865627652749,4.079544625340309e-05,4.761833978310012,-6.20278305356189,-7.2157,0.0,7.5938950253,4.069802301923822,0.16523790900665095,-0.10068098924356157,0.00010900935148220489,0.03270816512554908,-0.056056619602104396,-0.01710445388364079,-0.22540516922687548,0.005508672857375992,-0.0868873360615157
1565.0,12.893927465665197,-2.188554045277237,21.317993736922393,0.0512240559300662,-0.0361121524080492,0.0012411086780961442,4.818640450817381,-6.239611387094061,-7.2157,0.0,7.5938950253,4.051057341816824,0.13686045089751417,-0.09648446167935022,0.003315994608645519,0.032687785919670136,-0.05654366010477903,-0.018782978349189263,-0.22589008246932926,0.005639337736642365,-0.08698143360267832
1566.0,12.895371686094476,-2.2383094100184886,21.3015112107018,0.04047269849213003,-0.034505862145114315,0.0020064632360479668,4.864644149685557,-6.27493612840058,-7.2157,0.0,7.5938950253,4.036626718382092,0.10812285965804187,-0.09218244962888766,0.0053602687975554675,0.03267007860087149,-0.05696773314258109,-0.020321192312554907,-0.22631383580355513,0.005766362547773226,-0.08700549133294518
1567.0,12.896830171294418,-2.282196431298564,21.28483619377528,0.02962361423675746,-0.032894189551128314,0.0023647216476490717,4.899771373363652,-6.308702059994163,-7.2157,0.0,7.5938950253,4.026505628695599,0.07913056905469561,-0.08786692660019992,0.006316642126747813,0.032654974469395366,-0.05733033557018384,-0.0217118422378282,-0.22667991808775978,0.005889257223958935,-0.08696548520579586
1568.0,12.898299874333471,-2.3202082043074617,21.268386571779157,0.018716074367077083,-0.03129834058068297,0.002346648868045073,4.92398563055194,-6.340882862377058,-7.2157,0.0,7.5938950253,4.020674658069597,0.04998866270963672,-0.08359457009912684,0.006267651883720089,0.0326424078316605,-0.0576326543780499,-0.022951069427014505,-0.22699181016598968,0.006007564490830398,-0.08686778989166463
1569.0,12.899777736225019,-2.352367946521754,21.252543688715296,0.007789274699012203,-0.029727243563646276,0.0019843978727674427,4.937287092672337,-6.3714690803890655,-7.2157,0.0,7.5938950253,4.019101133867311,0.020801948596945157,-0.079389239234079,0.005299510434576213,0.03263232360911122,-0.05787547746615761,-0.02403791033404314,-0.22725285088335828,0.006120850369323458,-0.08671892323765105
1570.0,12.901260678399256,-2.3787167416180637,21.2376513527245,-0.003117710661229173,-0.028178732650804665,0.0013106396683534053,4.939712169284253,-6.400456998381718,-7.2157,0.0,7.5938950253,4.021740256763654,-0.008325165652933035,-0.07524515347911481,0.003499777091580872,0.03262468263918788,-0.05805913274450247,-0.024973779922229544,-0.2274660982511082,0.006228695611697157,-0.08652540545217419
1571.0,12.902745590533991,-2.399302600279101,21.22401548311787,-0.01396604401008156,-0.026640903849560863,0.00035828148816842735,4.931333077467625,-6.427838678945722,-7.2157,0.0,7.5938950253,4.028536078666621,-0.03728897952543431,-0.07113053041134858,0.0009566023898399989,0.03261946486728458,-0.05818345212761534,-0.02576195849976498,-0.2276341832516811,0.006330688264273088,-0.08629372184202759
1572.0,12.904229316079386,-2.414170953955785,21.21190384021644,-0.024717297088767375,-0.025093594225298815,-0.0008393102392596416,4.9122572873052075,-6.453593349304196,-7.2157,0.0,7.5938950253,4.039422395348411,-0.06598696162714703,-0.06699154981571516,-0.002240679162952096,0.03261667063149753,-0.058247758595209614,-0.026407093588563777,-0.22775915545655273,0.006426417477600124,-0.0860303731458555
1573.0,12.905708637703246,-2.4233566698530082,21.201545374670435,-0.03533366973323969,-0.02350996977121587,-0.002247685359693298,4.882626743836459,-6.477680282167501,-7.2157,0.0,7.5938950253,4.054323612314493,-0.0943183327999518,-0.06275660495327309,-0.005999884455412158,0.03261632020528822,-0.05825087621172867,-0.02691472160748156,-0.22784232181915556,0.006515468653173208,-0.08574199404788369
1574.0,12.907180264803527,-2.4268776808721793,21.193128845273904,-0.045778239281798805,-0.021858233273662278,-0.003830402241782962,4.842616789806416,-6.500033307309715,-7.2157,0.0,7.5938950253,4.0731556264375355,-0.1221847305842966,-0.05834087080437378,-0.010223561964905406,0.03261845171302453,-0.058191164551606556,-0.027290809803187977,-0.2278840826394543,0.006597420018722976,-0.08543551784919286
1575.0,12.908640825180886,-2.4247303520717076,21.18680048015226,-0.056015224194317544,-0.020103478127283473,-0.00554796742449464,4.792434742170895,-6.52055709729005,-7.2157,0.0,7.5938950253,4.095826745218343,-0.14949091074948231,-0.05365125816607505,-0.01480616591337858,0.03262311749251215,-0.0580665801161418,-0.027541317026475845,-0.22788377166168525,0.00667184075147217,-0.08511836321309182
1576.0,12.910086862909981,-2.4168867428994254,21.182660593164968,-0.06601024398931868,-0.01820971627074357,-0.0073567633646123756,4.732318107830636,-6.539125384895077,-7.2157,0.0,7.5938950253,4.122238641995652,-0.17614543802685528,-0.04859182840429896,-0.01963120005327136,0.032630378965264675,-0.05787476784187971,-0.027671772520371833,-0.22783951037615058,0.0067382908085158125,-0.0847986172861359
1577.0,12.911514844350226,-2.4032939587323634,21.180759213086883,-0.07573055668416653,-0.01614209787995067,-0.009208112307398781,4.6625324595937085,-6.555581279584639,-7.2157,0.0,7.5938950253,4.152287320852276,-0.20206131574957203,-0.043069715573121524,-0.02456872588646682,0.032640300102027876,-0.05761318552601273,-0.027686874579304615,-0.22774808957816237,0.006796322662300795,-0.08448518844478822
1578.0,12.912921174040449,-2.3838758029244533,21.181090934143057,-0.0851452546358963,-0.013869317789710517,-0.011047627212314809,4.5833690307308785,-6.569739844262754,-7.2157,0.0,7.5938950253,4.1858640413383,-0.22715650337148413,-0.03700154220844086,-0.029473637477890564,0.03265293964414476,-0.05727926282908,-0.02759011531176797,-0.22760489373510745,0.006845485163449178,-0.08418790174032373
1579.0,12.914302221872404,-2.358536929446294,21.183589347222046,-0.09422540032303689,-0.011366170520652707,-0.012814996724562652,4.495142123958268,-6.581393062068778,-7.2157,0.0,7.5938950253,4.222856132622484,-0.2513542726010313,-0.03032022696304176,-0.03418509413644302,0.03266834235930103,-0.05687059443537497,-0.027383443186836193,-0.2274038853002524,0.006885329750021083,-0.08391751125710326
1580.0,12.915654362388887,-2.3271696462939446,21.18812155337155,-0.10294408551382339,-0.008616175162612538,-0.014444337629683265,4.39818646581272,-6.5903172579141085,-7.2157,0.0,7.5938950253,4.263147611620164,-0.27458335802780554,-0.022981974124081518,-0.03852746576988383,0.0326865297628905,-0.05638516402989982,-0.027066980810655776,-0.2271376663308591,0.006915419180768301,-0.08368560655677766
1581.0,12.916974026278012,-2.289663424515221,21.194483384057616,-0.11127640072965686,-0.005614147311265495,-0.015865222535957513,4.292854667014734,-6.596282936912343,-7.2157,0.0,7.5938950253,4.306619512397122,-0.29677786742761475,-0.01497311788965686,-0.04231307698318761,0.03270749090414999,-0.055821592170679675,-0.02663882058334594,-0.22679763318251833,0.006935338882128442,-0.08350439559237968
1582.0,12.918257763142988,-2.24591702491495,21.20239604302351,-0.11919930712105029,-0.0023685529433415905,-0.017004451002618534,4.179514969817961,-6.599066861811949,-7.2157,0.0,7.5938950253,4.353149836896998,-0.31787693089978253,-0.006316381852274287,-0.04534693050571889,0.032731173970791144,-0.05517939719422266,-0.026094924582756467,-0.22637423631803918,0.006944710861126505,-0.0833863542132515
1583.0,12.91950231346578,-2.195852967854029,21.211504928208758,-0.12669140983497568,0.001096555531804154,-0.017788578654388303,4.058549470585414,-6.598466019333237,-7.2157,0.0,7.5938950253,4.402613051479209,-0.3378240866341924,0.002923977809213244,-0.047433447494718804,0.032757479571720344,-0.054459254391882844,-0.025429156276732805,-0.2258573512149458,0.006943209950851401,-0.08334374264602888
1584.0,12.92070468645099,-2.1394338510717836,21.221381375329216,-0.13373264044466915,0.0047402416145621825,-0.018147152488108498,3.9303529962725365,-6.594312931808854,-7.2157,0.0,7.5938950253,4.45487908073707,-0.3565664238228411,0.01263873198749829,-0.04838508567345462,0.03278625657678895,-0.05366323531816937,-0.024633469667157938,-0.2252367580547599,0.0069305819298714055,-0.08338800178008676
1585.0,12.921862239275159,-2.0766797819165554,21.231527976524156,-0.1403038655607899,0.008504247200350035,-0.01801652504022483,3.7953327844634974,-6.586491571116619,-7.2157,0.0,7.5938950253,4.509811789200064,-0.3740535287458955,0.022672530524400075,-0.04803249532789953,0.03281730129231629,-0.05279500675181022,-0.02369827561770556,-0.22450271770157826,0.006906662805647135,-0.08352905598576349
1586.0,12.92297275235467,-2.0076859571968244,21.241387960002093,-0.14638644860485414,0.012313613757859599,-0.017344041017164642,3.653909066918863,-6.5749529482276845,-7.2157,0.0,7.5938950253,4.56726699103086,-0.39023630638843126,0.03282557365765318,-0.04623566299266957,0.032850360510687564,-0.05185996804548415,-0.0226129951877162,-0.2236466201515624,0.00687139829656455,-0.08377456340749856
1587.0,12.924034494783545,-1.9326392249236024,21.250358870880085,-0.15196180090409808,0.016078510379702426,-0.016092315031505624,3.506516587549186,-6.559729308923724,-7.2157,0.0,7.5938950253,4.6270900840001215,-0.4050657744111707,0.04285849614563611,-0.04289529349825939,0.032885138593037176,-0.05086530681244755,-0.02136679603664483,-0.22266167026393358,0.006824862315685635,-0.08412916771005227
1588.0,12.925046274204371,-1.851832316103035,21.257810478534818,-0.1570109657833174,0.01969733880534265,-0.01424325587585802,3.353607000949435,-6.540945777612651,-7.2157,0.0,7.5938950253,4.689113461509616,-0.4184919462942696,0.05250064931669464,-0.03796351320633965,0.032921308260710894,-0.049819956288069504,-0.01994949075653295,-0.22154356528649513,0.006767273070356683,-0.08459381565988111
1589.0,12.926007466244045,-1.7656743940394446,21.26310646322945,-0.161514283702215,0.023061082606454432,-0.01180145344616422,3.195652003493682,-6.518828302947714,-7.2157,0.0,7.5938950253,4.75315390890827,-0.43046293204394276,0.06146169247287327,-0.03145287299903541,0.03295852423771067,-0.04873444358163609,-0.01835255716237264,-0.22029111135459595,0.00669900530192836,-0.0851652104291945
1590.0,12.926918020192444,-1.6746966318971375,21.265629040401613,-0.16545118688112326,0.0260587463473118,-0.008796535639922966,3.0331469547679406,-6.4937068614127735,-7.2157,0.0,7.5938950253,4.819010229515636,-0.4409243857779059,0.06944608221871644,-0.02344260653018629,0.03299643840195107,-0.04762062593000711,-0.01657022118528427,-0.21890672282240126,0.006620597201713714,-0.08583547002287398
1591.0,12.927778439765543,-1.579551734369201,21.264805293900583,-0.16880016709473994,0.028583600959268977,-0.005284134673531702,2.866614663093239,-6.466013098989864,-7.2157,0.0,7.5938950253,4.886461364620663,-0.44981941665448705,0.07616970368380438,-0.014081184973221786,0.033034714762340996,-0.04649132168967929,-0.014600525802389547,-0.21739675055919128,0.006532750700246189,-0.08659205200580886
1592.0,12.928589740298483,-1.4810066623132019,21.26013365705672,-0.1715389499432661,0.030539827933526678,-0.0013451796306237472,2.6966089465251613,-6.436271925922338,-7.2157,0.0,7.5938950253,4.955265263609137,-0.4570890518031926,0.08137755884004903,-0.003584415563171719,0.03307304247904736,-0.04535985323187318,-0.012446296743991548,-0.21577159385613157,0.006436324143303553,-0.08741798927934032
1593.0,12.929353386203582,-1.3799282901712004,21.251208748277943,-0.17364489297908983,0.03184905416908444,0.002916644618623832,2.5237175500762326,-6.405087011904021,-7.2157,0.0,7.5938950253,5.02515872173282,-0.4626732972982917,0.0848611592050488,0.0077713404615274645,0.033111145345159486,-0.04423952903207455,-0.01011591021761249,-0.21404556540038158,0.00633231684166306,-0.0882924572834358
1594.0,12.93007121459718,-1.2772622943426388,21.23774267949647,-0.17509560443332595,0.032456209423308076,0.007379268644205712,2.348564008398813,-6.373120628535653,-7.2157,0.0,7.5938950253,5.095858334193014,-0.46651278810578456,0.08647411109156809,0.0196608201589713,0.033148786651563414,-0.0431431007574772,-0.0076237719215945625,-0.21223649900426816,0.006221845591288538,-0.08919166219736871
1595.0,12.930745352319848,-1.174006189350344,21.219581056678035,-0.17586975570213859,0.03233413738886095,0.011908246332819327,2.1718080971094897,-6.341068809341521,-7.2157,0.0,7.5938950253,5.167062619991177,-0.4685509550191326,0.0861443793606544,0.03172586536877603,0.03318576909524964,-0.04208223663981507,-0.004990432127366939,-0.21036511376238082,0.006106113964558289,-0.09009000530073884
1596.0,12.931378133755164,-1.0711780129986366,21.196712172046574,-0.17594803716059895,0.031486456871367266,0.016364012891797203,1.9941446063178685,-6.309633273434578,-7.2157,0.0,7.5938950253,5.238455260435941,-0.4687365737423109,0.08388189008154942,0.04359475365203849,0.03322193023094149,-0.04106705375170474,-0.0022422877300534404,-0.20845417263953944,0.005986375881911126,-0.09096144509407993
1597.0,12.93197202605891,-0.9697826627372382,21.16926837920317,-0.17531418621340378,0.029948309322312766,0.02060983450272748,1.8163003000513596,-6.279491947141288,-7.2157,0.0,7.5938950253,5.30970928440405,-0.4670265063117643,0.07978050478880419,0.054903366415287626,0.033257134728417306,-0.04010574822573253,0.0005891409608531767,-0.2065274959293965,0.005863895626651159,-0.09178095046498218
1598.0,12.932529566584357,-0.87077820022073,21.137519266674563,-0.17395600265567088,0.027784827355900238,0.024519772892957495,1.6390290712354294,-6.2512701361786,-7.2157,0.0,7.5938950253,5.38049193595787,-0.46338840832595385,0.07401392724312698,0.06531639242062705,0.03329126521225898,-0.039204353991032906,0.003468328622581285,-0.2046089061964756,0.005739906936409768,-0.09252592061802928
1599.0,12.933053314958535,-0.7750445313133631,21.101856966867988,-0.17186626202913025,0.025087397666102317,0.027985946112740665,1.4631054553481995,-6.225514422232785,-7.2157,0.0,7.5938950253,5.450469890919422,-0.4578031639331041,0.06682573933238253,0.07454665345489662,0.03332421360258485,-0.038366648011018196,0.006357184838156917,-0.20272118931098723,0.005615574028154513,-0.09317744420546009
1600.0,12.933545819826874,-0.6833566909839022,21.062774659946914,-0.16904344458462273,0.021968036827418408,0.030924417430182743,1.2893168062159068,-6.202671150425045,-7.2157,0.0,7.5938950253,5.519314459441143,-0.4502668291484977,0.058514415091367004,0.08237077405614791,0.03335587461517194,-0.03759420479185728,0.009216703955101862,-0.20088515411106497,0.005491957317911657,-0.0937212832923875
1601.0,12.93400959820882,-0.5963645441991858,21.020839936250415,-0.1654922150767853,0.018552407957395975,0.03327918433082371,1.118454541794129,-6.183070972609649,-7.2157,0.0,7.5938950253,5.586706428410463,-0.44079191113208943,0.049414719331954265,0.08863979042938445,0.03338614247943229,-0.036886587647218944,0.01200868764903238,-0.19911886127983455,0.005369986190031771,-0.09414849609442302
1602.0,12.93444712412872,-0.514580084408574,20.976665138056,-0.16122361512573638,0.014972154253748652,0.03502395344939014,0.9513049380056664,-6.166920336045955,-7.2157,0.0,7.5938950253,5.652340251637381,-0.42940788174243305,0.0398772911661182,0.09328386321829482,0.03341491116324758,-0.03624165042018168,0.014697393284918089,-0.1974370721953051,0.0052504404765602725,-0.09445565263453541
1603.0,12.934860822744598,-0.4383727737246721,20.930876987609032,-0.15625496081373288,0.011357277806131506,0.03616163978330764,0.7886399617125548,-6.154300157852641,-7.2157,0.0,7.5938950253,5.715927384127969,-0.4161609060816245,0.030248351782281555,0.09631093118098302,0.03344207763352884,-0.03565591384037922,0.017250970783735997,-0.19585094355097138,0.0051339414384668075,-0.09464464287885554
1604.0,12.935253066603142,-0.3679726122752202,20.884087749982296,-0.15060946896816035,0.007829248995427961,0.03672178051386485,0.6312086024265429,-6.145171271871186,-7.2157,0.0,7.5938950253,5.777198659595967,-0.4011128486808684,0.020851360735172873,0.09779981359381756,0.03346754711614538,-0.035124976123334886,0.019642577323064167,-0.19436796754158753,0.005020952109567613,-0.09472212074804609
1605.0,12.935626171611695,-0.3034799541930888,20.83686987581172,-0.14431566135557197,0.0044954008502016436,0.03675626498064499,0.47972908812752224,-6.139385668008494,-7.2157,0.0,7.5938950253,5.835905713815405,-0.38433968852703915,0.011972096072883904,0.09788883133946141,0.03349123905123985,-0.034643918325539036,0.021851098829167907,-0.192992133944208,0.004911786008650359,-0.09469866281713732
1606.0,12.935982391512908,-0.24488058398881002,20.789735583646618,-0.13740661324441872,0.0014449711990258815,0.036333922946537735,0.3348822674244563,-6.136702129346479,-7.2157,0.0,7.5938950253,5.8918215453576686,-0.36592951992389094,0.003848123497686654,0.09676139064084131,0.03351309248858392,-0.034207670604193566,0.02386145311827092,-0.19172427249380047,0.004806622557149709,-0.09458774275685519
1607.0,12.936323910753412,-0.1920642783832004,20.74312225473788,-0.12991911974299875,-0.0012530617711699699,0.03553456854902408,0.19730632313460642,-6.136804647947456,-7.2157,0.0,7.5938950253,5.944740369564256,-0.34598033460076233,-0.003336958653371517,0.09463012019174032,0.03353306996792285,-0.033811314495111704,0.02566449444334065,-0.1905625232686816,0.0047055271320384185,-0.09440462957911008
1608.0,12.936652836427422,-0.14484501520736578,20.69738391237965,-0.12189285026166022,-0.0035504122862827434,0.03444306955059059,0.06759286642490805,-6.139321971802729,-7.2157,0.0,7.5938950253,5.994476956595363,-0.32459777228387354,-0.009454663799745132,0.09172107816611445,0.03355115936713866,-0.03345030684228784,0.0272565766867733,-0.1895028796880625,0.004608473559028355,-0.09416531039131013
1609.0,12.936971190336742,-0.10298112589583375,20.652788518377502,-0.11336955043629728,-0.005418418882346828,0.03314391764076466,-0.05371564213720373,-6.143846777063859,-7.2157,0.0,7.5938950253,6.040865651168025,-0.3018929976011473,-0.014428766034222686,0.08825929546609912,0.033567373654095456,-0.033120621355711755,0.028638858274075637,-0.18853975219888397,0.004515366982735329,-0.09388551992013225
1610.0,12.937280902201532,-0.06619398112500496,20.609520401697132,-0.10439233457282501,-0.006845819244022712,0.03171663902938255,-0.16612727708150477,-6.149953235567099,-7.2157,0.0,7.5938950253,6.083759254442095,-0.2779808178565434,-0.018229369427732678,0.08445655797550898,0.033581748844569353,-0.032818812647630556,0.029816444017480338,-0.18766650933296966,0.0044260653865625214,-0.09357993378559218
1611.0,12.937583804744124,-0.03418417662831784,20.56768686290374,-0.09500509375024672,-0.007835764256222379,0.0302322348026822,-0.2692010225927409,-6.157212092083116,-7.2157,0.0,7.5938950253,6.123027915454798,-0.2529781085163553,-0.020864953046941814,0.08050193178810487,0.03359434069879964,-0.03254201406441389,0.030797458614989216,-0.18687596412668794,0.004340398485643153,-0.09326155553846567
1612.0,12.937881630915678,-0.006644596064276466,20.52732787553632,-0.08525202777007515,-0.008402465647626804,0.028750699878607372,-0.36254634651158113,-6.1652027343792675,-7.2157,0.0,7.5938950253,6.158558138314991,-0.22700256815313186,-0.022373441790428297,0.07655516096632616,0.033605220770011573,-0.03228788453224575,0.03159213582390431,-0.18616078610119463,0.004258183211079592,-0.09294130262964762
1613.0,12.938163607011239,0.016730047278367546,20.488418892208458,-0.07517700067989916,-0.008567801946516407,0.02731971633568029,-0.4458221141520828,-6.173522079875033,-7.2157,0.0,7.5938950253,6.190252127153401,-0.20017119523972307,-0.022813189415655674,0.07274326220872379,0.03364172167150614,-0.0320632024633199,0.03222042059529136,-0.18594714944556992,0.004185701572036133,-0.09257785740945976
1614.0,12.938403171554333,0.03623663357385889,20.450880957334387,-0.06482326919687338,-0.008358214790392202,0.025974107102163923,-0.5187346683756761,-6.181790367182156,-7.2157,0.0,7.5938950253,6.218027000756015,-0.17259947724785663,-0.022254716885161042,0.06915907456314418,0.03368120798113671,-0.031859116990821834,0.032687355652562866,-0.18586513348225644,0.004116713556006723,-0.09221907872504807
1615.0,12.938607630420776,0.05215949706406159,20.414629563642286,-0.05423448147845641,-0.00780217282504212,0.024735263996277606,-0.5810366313707527,-6.1896543358819756,-7.2157,0.0,7.5938950253,6.241813832946037,-0.1444033191438592,-0.02077386234286478,0.06585947027779615,0.03371341671645051,-0.03167090833801634,0.033001812491649955,-0.1857441398868417,0.004048655444577001,-0.09188782615650679
1616.0,12.93878535762643,0.06476988342079122,20.379564173478187,-0.04345373298529993,-0.006928053139790035,0.023612125320049984,-0.6325254847498564,-6.196788190528479,-7.2157,0.0,7.5938950253,6.26155807394927,-0.11569718949400656,-0.0184462006339017,0.06286816689452711,0.033738888891714995,-0.03149745655512234,0.03317567697226736,-0.18558630240842375,0.0039816542199133855,-0.09158495832811969
1617.0,12.938944061328934,0.0743265345026573,20.34557904560219,-0.0325234557950274,-0.0057627491543113364,0.02260206679838052,-0.6730417315589495,-6.202892911300199,-7.2157,0.0,7.5938950253,6.2772194458028565,-0.08659385548217731,-0.015343346986047274,0.06017811016985231,0.033758146511606454,-0.0313377070477579,0.03322027390646904,-0.18539415045023316,0.0039158378406160075,-0.09130933778545776
1618.0,12.939090808951125,0.08107731495988177,20.312574380271073,-0.021485373050110435,-0.004330941526838766,0.02169192735587578,-0.702467080206179,-6.207694568258504,-7.2157,0.0,7.5938950253,6.288771883218386,-0.057204258978093114,-0.011531021599785038,0.057754204560721965,0.03377169430877305,-0.031190607672721436,0.03314627855525774,-0.18517070041815403,0.0038513327579730713,-0.0910580329322021
1619.0,12.93923204667516,0.0852612495357861,20.280466417372573,-0.010380463346821203,-0.0026549963873880424,0.020859090158089483,-0.7207226845483702,-6.210942246804719,-7.2157,0.0,7.5938950253,6.296203496340505,-0.02763741781645229,-0.007068783156185891,0.05553619050605338,0.033780022553871046,-0.03105507779557553,0.032963747923462544,-0.18491953614015383,0.0037882613173384956,-0.09082652712190814
1620.0,12.93937361306568,0.08711035622352768,20.24919646192526,0.0007510712460487064,-0.000755433880638193,0.02007256459573677,-0.7277674555731469,-6.212406150036224,-7.2157,0.0,7.5938950253,6.299516506259752,0.001999664373262317,-0.002011279522967558,0.053441524373705536,0.033783609699226905,-0.03093001220996371,0.03268224614652153,-0.18464487322341794,0.0037267394300003857,-0.09060892623796277
1621.0,12.939520748032878,0.08685072767262801,20.218738842976904,0.011869834419880704,0.001348106371179648,0.019294061036186357,-0.7235964542345479,-6.211876382403998,-7.2157,0.0,7.5938950253,6.2987271100766264,0.03160208200346643,0.0035891796451734295,0.051368239646562466,0.033782923720591954,-0.030814321109143145,0.03231103706603389,-0.18435160100968592,0.003666874929822058,-0.09039816406281484
1622.0,12.939678099629303,0.08470239625380087,20.189107799036375,0.02293725820523071,0.0036354879275852263,0.018479090864740547,-0.7082393781361083,-6.209162844152936,-7.2157,0.0,7.5938950253,6.293865240406737,0.06106709448922345,0.009678954773140689,0.049197876128661146,0.03377842117401509,-0.03070700576746732,0.031859317167388865,-0.18404529456377866,0.0036087670367054487,-0.09018621162784829
1623.0,12.939849732246817,0.08087761385959706,20.160363232757447,0.033915611199736836,0.006084384247326868,0.01757815680933223,-0.681759165420065,-6.204096580076457,-7.2157,0.0,7.5938950253,6.284974193936054,0.09029415565153241,0.0161985681176852,0.04679865026348705,0.033770543177050326,-0.030607268030068784,0.0313364626277287,-0.18373218808429237,0.003552507331774094,-0.0899643020868024
1624.0,12.940039140606414,0.07557728630061361,20.132615199220673,0.04476798222178911,0.008668378645959332,0.01653812061853707,-0.6442507553037441,-6.196532828510164,-7.2157,0.0,7.5938950253,6.272110114810777,0.1191848780967721,0.02307764614221286,0.044029098298531286,0.0337597077525875,-0.0305146499300656,0.03075226475981999,-0.18341910048723162,0.0034981826020585244,-0.08972318611820541
1625.0,12.940249274474885,0.06898542697073205,20.106026897448814,0.05545822814324856,0.011354984115891148,0.015303844941141618,-0.5958400635228368,-6.186355904358701,-7.2157,0.0,7.5938950253,6.255341331329433,0.147642902312826,0.030229649715022518,0.040742449935820366,0.033746298241150954,-0.03042919760567108,0.030117128381930452,-0.1831133039419453,0.0034458798294034745,-0.08945343413584356
1626.0,12.940482579254647,0.06126163922282626,20.080815837243716,0.06595087535198267,0.014103731537019038,0.013820201910752339,-0.5366832493207339,-6.173485919489093,-7.2157,0.0,7.5938950253,6.23474755871192,0.17557364201534034,0.03754678764679358,0.03679197842193928,0.03373064779618738,-0.03035164109990828,0.029442207634983092,-0.18282232711687327,0.003395693473180998,-0.08914580038840744
1627.0,12.940741057426902,0.052531804842406854,20.05725276835382,0.07621096691166088,0.016864499675888687,0.012034520741735787,-0.46696636498638344,-6.157887191812375,-7.2157,0.0,7.5938950253,6.2104189966547825,0.2028838841961001,0.04489557524226407,0.032037519158522876,0.033713020326728814,-0.030283578619742894,0.02873945383032809,-0.18255368710948155,0.0033477350242414354,-0.08879166009802482
1628.0,12.941026355233449,0.04287734781768163,20.03565790327076,0.08620385216863743,0.01957628483602716,0.009899509206836004,-0.3869054854670195,-6.139578019834491,-7.2157,0.0,7.5938950253,6.182455367652173,0.22948123477150492,0.05211356457275137,0.02635324917931119,0.0336935886371457,-0.030227650562522503,0.028021550623963484,-0.18231454775562866,0.0033021445863709387,-0.08838352392225468
1629.0,12.941339877916663,0.03232365458752258,20.01639395652338,0.09589492234131747,0.022166626885655745,0.007376628625357977,-0.29674741045979286,-6.118641305323182,-7.2157,0.0,7.5938950253,6.150964959910705,0.25527341881312277,0.05900782325591573,0.01963667275111332,0.033672410920725225,-0.03018768538718611,0.027301713960379746,-0.18211130743447942,0.0032591039744415537,-0.08791562416759027
1630.0,12.941682935275914,0.020828454356395333,19.99985557994717,0.10524930436459069,0.0245519148702497,0.004439829875726847,-0.19677101122802054,-6.095235301397812,-7.2157,0.0,7.5938950253,6.116063755754207,0.2801674676696789,0.06535575562391643,0.011818566409309809,0.033649407169884356,-0.03016879667898124,0.02659333872336466,-0.1819491266710497,0.003218850515947636,-0.08738455453448381
1631.0,12.942056917246346,0.008271178835009564,19.986454910728366,0.11423153551587854,0.0266387816823918,0.001079472206135237,-0.08728925676359581,-6.069603561827136,-7.2157,0.0,7.5938950253,6.077874740662145,0.30406885270902645,0.07090882344486366,0.002873408588692198,0.03362433744028639,-0.03017740915047212,0.02590948179720002,-0.18183141464573746,0.0031816904248981224,-0.0867899303316023
1632.0,12.942461123511844,-0.005555469043694139,19.97660150701531,0.12280525765715399,0.02832676010584218,-0.0026938153257657802,0.03134810238498528,-6.042082991000071,-7.2157,0.0,7.5938950253,6.036527521956377,0.32688072893673875,0.07539963816259634,-0.00717034705277523,0.03360583279000194,-0.030223165074564965,0.025264435559637526,-0.1819004970970419,0.003148205749350875,-0.08611817170206085
1633.0,12.942876550918959,-0.020950258273290157,19.970668565525166,0.13093298131724185,0.029512327145998603,-0.006845538158480883,0.15875128923853876,-6.0131087501451495,-7.2157,0.0,7.5938950253,5.99215849187186,0.34850376488051427,0.07855283685816081,-0.018220740082924018,0.03360026490896893,-0.03031620201518614,0.0246700598824198,-0.1822637518299689,0.003118718776538523,-0.0853634596896625
1634.0,12.943297522751338,-0.038303794358814154,19.96898976074779,0.13857585372946327,0.030094183792504454,-0.011315251867591756,0.2944868375969127,-5.983214780550858,-7.2157,0.0,7.5938950253,5.944910986192044,0.3688347697013474,0.08009895699526492,-0.030116778676634683,0.033594001760549816,-0.030463237049312978,0.02413059697404931,-0.18271642531260124,0.003093352048647834,-0.08456146125817342
1635.0,12.943723814712934,-0.058092441711555774,19.971826838047303,0.1456937297662604,0.02997972387988014,-0.016015317837569015,0.43807381030386566,-5.95302883069397,-7.2157,0.0,7.5938950253,5.894936388982415,0.3877670029348495,0.07979168147020421,-0.04262511371550683,0.03358684148193967,-0.030674400246433968,0.023650007605234464,-0.183262785724002,0.0030727244499912042,-0.08372724800810456
1636.0,12.944155416321028,-0.08086524334640505,19.979338620100137,0.15224542924647205,0.029092306200784172,-0.02083150463590912,0.5889802826212964,-5.923261012286264,-7.2157,0.0,7.5938950253,5.842395768939858,0.4051909814778513,0.07742721841498619,-0.05544165004401944,0.03357854220442692,-0.03095969420273634,0.023227649970074753,-0.1839054799274594,0.0030575212164770317,-0.08288011793320943
1637.0,12.944592604655908,-0.10722340256056474,19.99155553637319,0.15818923992976816,0.02737877212385085,-0.025625841547616494,0.7466204846302837,-5.894685386927957,-7.2157,0.0,7.5938950253,5.7874619843673925,0.420995815165353,0.07286430160246313,-0.06819915220799297,0.03356882619638223,-0.0313283650551395,0.022857498679418654,-0.18464515664726824,0.0030484747828374197,-0.08204307060427116
1638.0,12.945036016586846,-0.13779245139594462,20.00835831986902,0.16348370317714392,0.02481651171159002,-0.030241858283315163,0.9103530554183021,-5.8681146469463705,-7.2157,0.0,7.5938950253,5.730322195550426,0.4350712942966051,0.06604298569496689,-0.08048119885686515,0.03355738732627701,-0.03178822247572256,0.022527627080320807,-0.18548016573581844,0.0030463392654896857,-0.08124189502178067
1639.0,12.945486713685005,-0.17318806872422593,20.02946330342367,0.1680886738945627,0.021419265237235023,-0.0345121694233888,1.0794808536492158,-5.84436865391717,-7.2157,0.0,7.5938950253,5.671180585192944,0.4473107071012043,0.05700007297853856,-0.09184237432949359,0.03354390261901083,-0.03234496291580737,0.022220069164439707,-0.18640636578154338,0.003051859407756912,-0.08050388264840486
1640.0,12.945946232642191,-0.2139773521238883,20.0544165497105,0.17196660987451634,0.017240831727417236,-0.038268059384080295,1.2532527071032347,-5.824238361282761,-7.2157,0.0,7.5938950253,5.610261009158873,0.4576142681049884,0.04587896800559343,-0.1018337804043623,0.03352804849943326,-0.033001559791959886,0.0219111586606591,-0.18741706554526044,0.003065735486621679,-0.07985622764754785
1641.0,12.946416613109182,-0.26063813507144346,20.08259852772244,0.17508400720461248,0.012375962766352555,-0.04135040211485394,1.4308673676114823,-5.808447374393783,-7.2157,0.0,7.5938950253,5.54780923932234,0.46589293612654364,0.032932040582498594,-0.11003209578581673,0.033509521834447484,-0.033757786684532054,0.021572404529901126,-0.18850311408368967,0.0030885863033682536,-0.07932422804697167
1642.0,12.94690039491512,-0.31351954264205695,20.113240212508988,0.1774128645793827,0.006957959125698231,-0.043620964526359114,1.6114797739234197,-5.797613975528546,-7.2157,0.0,7.5938950253,5.484094432886489,0.47207231061730925,0.01851421456632559,-0.1160696523565804,0.03348806507385753,-0.034609933059510434,0.021171905453719813,-0.1896531410009451,0.0031209128591363224,-0.0789294464461651
1643.0,12.947400578052003,-0.3728072657918673,20.145450403411324,0.17893203742081676,0.0011528441766652901,-0.0449729555871639,1.7942095283751072,-5.792216746827067,-7.2157,0.0,7.5938950253,5.419409481035199,0.47609623661420475,0.0030674482995021873,-0.11966249986921304,0.033463493738824346,-0.035550756023977205,0.020676237007893658,-0.1908539337299647,0.0031630655594919515,-0.07868801715216542
1644.0,12.94792054181245,-0.4384969103098514,20.178252859479397,0.17962833897103225,-0.004849584035497793,-0.045339647742972174,1.9781512863240853,-5.792566871587255,-7.2157,0.0,7.5938950253,5.354069961277403,0.47792973841387487,-0.012903088915582174,-0.12063333719892827,0.033435723432990026,-0.036569687551516815,0.02005267434121008,-0.19209092510824224,0.003215217732050544,-0.07860928991323565
1645.0,12.948463923900762,-0.5103782059572087,20.210630711641436,0.1794972633832785,-0.010847090600903948,-0.044700043161281164,2.1623865665667896,-5.798789746338653,-7.2157,0.0,7.5938950253,5.2884115403814445,0.47756094930610843,-0.028859196997984005,-0.11892657661606489,0.03340479276485013,-0.03765328770343904,0.01927155332381349,-0.19334875374367827,0.003277347849755758,-0.0786949743799458
1646.0,12.949034465613925,-0.5880318824076344,20.24157471479623,0.17854324453205728,-0.016637649282109885,-0.04308087782286159,2.3459963428887884,-5.8108177180444756,-7.2157,0.0,7.5938950253,5.2227858356368415,0.47500180731334224,-0.04426330158366068,-0.11461366057358915,0.03337087838456306,-0.038785905190875505,0.018308537243833668,-0.19461185330299557,0.003349232147260569,-0.07893889547502161
1647.0,12.949635834350468,-0.6708397702883698,20.270131408847718,0.17677941786497806,-0.022032113643614803,-0.04055470216226362,2.528073693735489,-5.8283946890229155,-7.2157,0.0,7.5938950253,5.1575549187345455,0.47028742918730587,-0.05861217448363871,-0.10788793656914897,0.03333429894449357,-0.03995048238258421,0.017146553127023546,-0.1958650258155171,0.0034304483898690485,-0.07932739625822943
1648.0,12.950271438695326,-0.7580073236305666,20.29544725028536,0.17422691251396388,-0.026865623975654625,-0.03723427366498312,2.7077357795966135,-5.851092134736483,-7.2157,0.0,7.5938950253,5.093084811105916,0.46347423407448973,-0.07146728548066197,-0.09904971751602887,0.03329550618809997,-0.041129426445488955,0.015777194888549773,-0.1970939581169685,0.0035203904957947277,-0.07984034367184109
1649.0,12.95094425317975,-0.8485965195366098,20.31680526625295,0.17091375569112469,-0.03100664807994795,-0.033263949464826394,2.8841344891077836,-5.878334963084101,-7.2157,0.0,7.5938950253,5.029738443547491,0.45463703406132827,-0.08247885292934874,-0.08848335971965243,0.033255063293399764,-0.0423054645013056,0.014201454410880785,-0.19828564899410606,0.003618292694701175,-0.08045261910085505
1650.0,12.951656669059014,-0.9415661349781661,20.333651678297276,0.16687351207920462,-0.034362896692705744,-0.02880909867249732,3.05646523291747,-5.909434750489089,-7.2157,0.0,7.5938950253,4.967868615510922,0.44386541722204803,-0.09140157288849139,-0.07662907337858267,0.03321361262707134,-0.043462408267627796,0.012429725118594966,-0.19942872577856027,0.003723261048211378,-0.08113592228127171
1651.0,12.952410384175785,-1.035815867489909,20.345611087421986,0.1621438011020442,-0.036883781972847085,-0.024044712532253452,3.223973548618369,-5.943627348514528,-7.2157,0.0,7.5938950253,4.907811481024619,0.43125980279236453,-0.09810114498201476,-0.06395260203831492,0.033171836726128175,-0.04458577057636545,0.01048111010757025,-0.200513641342484,0.003834309586585428,-0.08186069212107033
1652.0,12.953206339827839,-1.1302306842388423,20.352490033102118,0.15676483366912664,-0.03855952145813879,-0.019144368153894635,3.385959387936034,-5.980111695743095,-7.2157,0.0,7.5938950253,4.8498810115042525,0.41692754505856133,-0.10255186857855125,-0.050915847829413635,0.033130417250388886,-0.04566319867795266,0.008382144068025708,-0.20153275410906013,0.003950398077087393,-0.08259795262586672
1653.0,12.954044706616713,-1.2237221432109522,20.354269825817923,0.15077808926646027,-0.039417352858009826,-0.014270519083168617,3.5417791539624917,-6.018086902879999,-7.2157,0.0,7.5938950253,4.794364759669047,0.4009794078120165,-0.10482654929119022,-0.03795103332969414,0.03308999667100558,-0.04668471309885816,0.006165091969958559,-0.20248030308207132,0.0040704685696794545,-0.08332092294869255
1654.0,12.954924915549581,-1.3152640830249949,20.351090425952194,0.14422522166936655,-0.03951557798682963,-0.009566805881905378,3.690845731575694,-6.056785175132806,-7.2157,0.0,7.5938950253,4.741521092107811,0.3835266448010053,-0.1050806292217349,-0.025440244909181616,0.03305114666414098,-0.04764276227456759,0.003866014739953433,-0.20335229680598416,0.0041934782663899444,-0.0840062775290202
1655.0,12.955845726207247,-1.4039209383005211,20.343227669954686,0.13714724268665987,-0.03893626925723141,-0.005152753125532936,3.832626877991019,-6.095498839644796,-7.2157,0.0,7.5938950253,4.691577901344275,0.3646788183806639,-0.10353276075202976,-0.013701332118792944,0.03301434581111072,-0.048532119571472465,0.0015227903083032401,-0.20414633866348064,0.004318426896832215,-0.08463499693385315
1656.0,12.956805321065826,-1.4888678284626258,20.331066356528055,0.1295839961235768,-0.03777746509264851,-0.0011209102707578121,3.9666424144135006,-6.133600498748073,-7.2157,0.0,7.5938950253,4.644732670285447,0.344542389565671,-0.1004440246027163,-0.0029803148130059373,0.032979967624906334,-0.049349659386185865,-0.0008267453720590331,-0.20486141164932453,0.004444377506515543,-0.08519280181544864
1657.0,12.95780141421361,-1.5694023895655833,20.315071621807764,0.12157390295882083,-0.03614557625051585,0.0024637602725116245,4.092460679782675,-6.170556049171929,-7.2157,0.0,7.5938950253,4.601153659606346,0.32322002962147994,-0.09609771457558962,0.006550227054330613,0.03294827845332078,-0.05009405283914112,-0.0031464116083343187,-0.20549764406922214,0.004570470290968039,-0.08567020513505316
1658.0,12.958831363493676,-1.6449489842006957,20.295760727901758,0.11315393647315543,-0.03414856052022821,0.005562621081076023,4.209694681346785,-6.205930912883263,-7.2157,0.0,7.5938950253,4.560981928682567,0.3008105439570494,-0.09078117284834408,0.014787776063119115,0.03291944369018339,-0.050765422132070664,-0.0054029701651141515,-0.20605607426021155,0.004695929746228759,-0.08606224759751868
1659.0,12.959892277047361,-1.7150563936778074,20.27367694817351,0.10435977338720132,-0.0318902350036795,0.008160692116728954,4.317998315839994,-6.239390275955025,-7.2157,0.0,7.5938950253,4.524333882277218,0.27740926516467734,-0.08477065799555054,0.021692760820182014,0.03289354006957599,-0.05136498744327077,-0.007567050465763989,-0.20653842819092916,0.004820065899833113,-0.08636799735407118
1660.0,12.960981107788202,-1.7793903649698148,20.249366733429635,0.0952260630284264,-0.0294659126094081,0.010263069305055912,4.417062952392684,-6.27069441685036,-7.2157,0.0,7.5938950253,4.491304051880546,0.25310876113830827,-0.07831974145723732,0.027279010332537386,0.03287057161822669,-0.05189473289717018,-0.009613715293746758,-0.2069469193350147,0.004942270712168536,-0.08658989892118575
1661.0,12.962094732023132,-1.8377224663919223,20.223360848861766,0.08578675940181642,-0.02695939186216133,0.011890888039198152,4.506614574736073,-6.299690329922288,-7.2157,0.0,7.5938950253,4.461967863530365,0.22799971165858793,-0.07165130859265814,0.03160300101328139,0.03285048701554052,-0.052357109972637414,-0.011522698823779879,-0.20728407597887885,0.005062010891239624,-0.08673305050532959
1662.0,12.963230010802343,-1.8899166510821759,20.19615973904086,0.07607546845617237,-0.02444121037818197,0.013077221758698469,4.586411591993917,-6.326300851211017,-7.2157,0.0,7.5938950253,4.436384200128841,0.20217182647621068,-0.06495292429639257,0.0347529349715888,0.03283319652138462,-0.05275478911631516,-0.013278367974295918,-0.20755259767228984,0.005178818379936492,-0.08680447699861289
1663.0,12.964383834492207,-1.9359147637572927,20.168223021246284,0.06612577286804766,-0.021967991567630005,0.013863217559131941,4.656243345953313,-6.350512392557568,-7.2157,0.0,7.5938950253,4.4145976288002755,0.17571470456185154,-0.05837510823239955,0.03683845302708917,0.03281858716054707,-0.05309046365197159,-0.014869467904433942,-0.20775523977707275,0.005292279672456295,-0.08681245053180878
1664.0,12.965553152364317,-1.9757220071651644,20.139962748230083,0.05597150745797793,-0.01958267155464208,0.014294678781373773,4.715929278411525,-6.372362229857689,-7.2157,0.0,7.5938950253,4.3966402226925245,0.14871856289260765,-0.05203195167453382,0.03798154064321784,0.03280653538301184,-0.05336670498542323,-0.016288714287121184,-0.20789472325261169,0.005402024943882788,-0.08676589438897099
1665.0,12.966734989739455,-2.0093931417148485,20.111739912923216,0.04564696865220623,-0.017315381396380225,0.014419218611430378,4.7653186748609055,-6.391926099249455,-7.2157,0.0,7.5938950253,4.382532957534606,0.12127479055543668,-0.04600347655576516,0.03830895607543821,0.03279691688120903,-0.053585864558178514,-0.017532290884626153,-0.2079736657729933,0.005507717765102837,-0.08667389103664999
1666.0,12.967926455501443,-2.03701995452212,20.083863580809528,0.0351870503649611,-0.015184771166455724,0.014284035478281661,4.804290870952443,-6.409306657549047,-7.2157,0.0,7.5938950253,4.372286703026927,0.09347630781470505,-0.0403391682147053,0.03794631500381804,0.03278961359938879,-0.05375001592918087,-0.018599302944195102,-0.20799452989558453,0.005609045955467035,-0.08654530217870574
1667.0,12.969124742727699,-2.058720322069114,20.05659201558929,0.024627305875258538,-0.01319958952073944,0.013934303483530638,4.832755794021921,-6.42462317896858,-7.2157,0.0,7.5938950253,4.365902856899465,0.0654177289703682,-0.035062185614681246,0.03701381276919293,0.032784518206540596,-0.05386092952898476,-0.019491226869121383,-0.2079595841379268,0.005705713920323583,-0.0863884986666652
1668.0,12.970327124896754,-2.074629015396078,20.03013519378512,0.01400394060063369,-0.011360367972171796,0.013412129644178093,4.85065471070112,-6.438002701228482,-7.2157,0.0,7.5938950253,4.363373685832404,0.037195342033107814,-0.03017384780450815,0.035623455121268834,0.03278153643310555,-0.05392007274691822,-0.020211386012197335,-0.20787087331951296,0.005797436644558538,-0.08621119086402446
1669.0,12.971530949736726,-2.0848902629851844,20.004658168215393,0.0033537442465401066,-0.009661097496488896,0.01275600299565749,4.857961060104911,-6.449572706934387,-7.2157,0.0,7.5938950253,4.364682443949203,0.008906927774446826,-0.02565809772521859,0.03387759740181784,0.03278058771456149,-0.05392862878268341,-0.0207644724032499,-0.20773019525933656,0.0058839353742883675,-0.08602034544521238
1670.0,12.972733632355585,-2.0896519937988107,19.98028482494675,-0.007286027108930997,-0.00809082191222361,0.012000646155042986,4.854681267189055,-6.459455332091652,-7.2157,0.0,7.5938950253,4.369803338292842,-0.019348553744805107,-0.021485742540872006,0.03186855382662797,0.032781604567187934,-0.053887528845770555,-0.021156125502834924,-0.20753908178987346,0.005964934918818531,-0.08582217217827544
1671.0,12.973932648898433,-2.0890616271707594,19.957101672398032,-0.01787780752940292,-0.006635104728776944,0.011177174921493683,4.840855449898633,-6.467763030887158,-7.2157,0.0,7.5938950253,4.3787014037163985,-0.04747137865250314,-0.017618355520426843,0.029679025355365235,0.03278453106725546,-0.05379749358625796,-0.021392572083417532,-0.2072987829816571,0.006040162441547906,-0.08562216348603176
1672.0,12.97512553163847,-2.0832632510126063,19.935161396613765,-0.02838390481135976,-0.005277352032049966,0.010313473071538277,4.816557954499674,-6.474595589965732,-7.2157,0.0,7.5938950253,4.391332338953125,-0.07536154608809138,-0.014011793339556494,0.02738309902652844,0.032789320734922675,-0.053659080904277706,-0.021480326226279805,-0.20701025441852888,0.006109347576428445,-0.08542517000035794
1673.0,12.976309866135672,-2.072396027533132,19.91448600798368,-0.03876670013364386,-0.0039999926418976955,0.00943469524247068,4.781897674409315,-6.480038370531368,-7.2157,0.0,7.5938950253,4.407642342998235,-0.10291930705888307,-0.010619332301318741,0.02504758706104381,0.03279593405356519,-0.05347273837561252,-0.021425945139169934,-0.20667414828098554,0.006172223698994242,-0.08523549648164457
1674.0,12.977483290885637,-2.0565936785297976,19.895069488695043,-0.04898885358578667,-0.002785528131165579,0.00856381881357463,4.73701812783383,-6.484161656265661,-7.2157,0.0,7.5938950253,4.427567977735864,-0.13004570826268252,-0.007394457150721201,0.02273349551024638,0.03280433579428241,-0.053238859353957974,-0.021235834863583856,-0.20629080984261425,0.0062285301902798,-0.08505700403667324
1675.0,12.97864349971609,-2.035984922775277,19.876879925377718,-0.05901350642006256,-0.0016174697837319195,0.007722174778841281,4.682097287912763,-6.48702099285641,-7.2157,0.0,7.5938950253,4.451036070081132,-0.15664312654982995,-0.004293348072222151,0.02049743651074949,0.032814492269550376,-0.05295784231064829,-0.02091609968380657,-0.2058602817124086,0.006278015550606801,-0.08489320631831604
1676.0,12.979788247052518,-2.010694759321023,19.859861177042262,-0.06880447200849096,-0.00048117802301640483,0.00692989719401443,4.617347175434445,-6.488658414954222,-7.2157,0.0,7.5938950253,4.477963655633199,-0.1826157727365676,-0.0012771073439259996,0.018392823811128788,0.03282636861127589,-0.052630153127564194,-0.02047242985610073,-0.20538231870000206,0.006320441241220687,-0.08474734923075715
1677.0,12.98091535604903,-1.9808465069676537,19.843934184094675,-0.07832640872679669,0.0006353866023357923,0.0062062408731166935,4.543013238235524,-6.489104463586959,-7.2157,0.0,7.5938950253,4.508257956619305,-0.20787014679829444,0.0016862499947099547,0.01647071814386635,0.032839926155760535,-0.05225638987623034,-0.01991002380457925,-0.20485641646392946,0.00635558614899528,-0.08462246559429243
1678.0,12.982022729450982,-1.946564517310373,19.828998069289632,-0.08754496937292036,0.0017410017444097238,0.005569728007501147,4.459373552828994,-6.4883808975959605,-7.2157,0.0,7.5938950253,4.541816380285588,-0.2323154301721556,0.004620043528259289,0.014780218295498943,0.03285512001794799,-0.05183734913281641,-0.01923354282889679,-0.2042818570392812,0.006383251577983747,-0.08452139831360014
1679.0,12.98310836291261,-1.9079774737902477,19.814931214773825,-0.09642692332181499,0.002840623611526997,0.005038096886699813,4.366737892253316,-6.486503994068453,-7.2157,0.0,7.5938950253,4.5785265202782055,-0.2558638051520734,0.00753744640202259,0.01336832697496425,0.03287189694481557,-0.05137409216151491,-0.018447098286044603,-0.20365777384839223,0.0064032666680303146,-0.08444678794402077
1680.0,12.984170360333655,-1.865222170949838,19.801592519065714,-0.10494024947999461,0.003934953995865348,0.004628040484303162,4.265446709136595,-6.483488314205121,-7.2157,0.0,7.5938950253,4.618266143255283,-0.2784306963215873,0.010440340922489081,0.012279259302644185,0.03289019354687797,-0.05086800844374924,-0.01755427280226421,-0.20298323781454541,0.0064154941232512155,-0.08440102325268277
1681.0,12.985206950609552,-1.8184476374200926,19.78882304164215,-0.11305420025798757,0.005020168658719855,0.004354739630106194,4.1558700840034986,-6.4793507835256925,-7.2157,0.0,7.5938950253,4.6609031461056,-0.29993493470697796,0.013318602541392737,0.011553206724219061,0.03290993501118186,-0.050320873161305804,-0.01655817802472373,-0.20225736470208433,0.006419836102206238,-0.08438615646301255
1682.0,12.98621650502387,-1.7678194259174849,19.77644822839842,-0.12073933919223225,0.006087847941807964,0.004231214628469247,4.03840668543042,-6.474114901535381,-7.2157,0.0,7.5938950253,4.706295475617896,-0.3202988517527997,0.016149920303126723,0.01122461988019178,0.03293103439309284,-0.049734894502207166,-0.01546155146790774,-0.20147944183489402,0.006416240079445286,-0.08440378829946141
1683.0,12.98719755436965,-1.7135238485834487,19.76428087675946,-0.12796755740735186,0.007125150982119421,0.004267539660230035,3.913482780456054,-6.467814860412676,-7.2157,0.0,7.5938950253,4.754291011829228,-0.33944831702356,0.01890026314810515,0.01132012820159648,0.03295339256332172,-0.04911274620272281,-0.014266893958053896,-0.20064907001313073,0.006404704439489683,-0.08445493154481765
1684.0,12.988148804792202,-1.6557718929925007,19.752124943989955,-0.134712076616861,0.008115268341986918,0.0044699845652547724,3.781551320684898,-6.460499320789931,-7.2157,0.0,7.5938950253,4.80472742779743,-0.35731274019116155,0.021525084027240033,0.011856267631936068,0.0329768988492131,-0.04845758071319864,-0.012976646957690244,-0.19976631395345165,0.006385283515934851,-0.0845398652911726
1685.0,12.989069151323767,-1.594802520962275,19.739780227531625,-0.14094744853958116,0.009038173520287227,0.004840166434272995,3.643091112260795,-6.452234571982917,-7.2157,0.0,7.5938950253,4.857432051020642,-0.3738250636454356,0.02397131573836933,0.012837235041104634,0.03300143235686012,-0.04777301889540892,-0.01159340573981036,-0.1988318521973891,0.006358091748610588,-0.08465799500377147
1686.0,12.989957688149154,-1.5308850371841973,19.727047855725147,-0.1466495621335829,0.0098716719494986,0.005374306183267846,3.4986060574023328,-6.443106800839025,-7.2157,0.0,7.5938950253,4.912221763654827,-0.3889217760971603,0.026180154456583317,0.014252921561283181,0.03302686389835665,-0.04706311328721507,-0.010120160232868054,-0.19784711549965353,0.006323306609822306,-0.0848077354526488
1687.0,12.990813714809855,-1.4643202252090495,19.713736427570677,-0.1517956705851499,0.010592718142789285,0.006062690186904475,3.3486244331648787,-6.433223213540608,-7.2157,0.0,7.5938950253,4.968902988331559,-0.4025429789434061,0.02809055291148343,0.016077489949744554,0.03305305838508745,-0.04633228369310076,-0.008560550812538752,-0.19681440157537605,0.0062811699555525465,-0.08498643402668761
1688.0,12.991636737817052,-1.3954399900220995,19.699668540422966,-0.15636444925337772,0.011178940306256404,0.006889431730571452,3.193698151753514,-6.422711802035665,-7.2157,0.0,7.5938950253,5.0272718120135655,-0.41463253518309073,0.02964326214798728,0.01826874687985359,0.033079877494219125,-0.0455852260725304,-0.006919121974957254,-0.1957369540708324,0.006231987496380225,-0.08519035053973928
1689.0,12.992426467480193,-1.3246053216049052,19.684687355902476,-0.16033609359282755,0.01161028074424897,0.00783261003213017,3.0344019286385797,-6.411719622062954,-7.2157,0.0,7.5938950253,5.087114300458048,-0.4251383248616666,0.03078517878400198,0.020768515895184976,0.0331071823825058,-0.044826798203963,-0.005201553395893427,-0.19461899494939103,0.0061761261598461716,-0.08541470615819302
1690.0,12.99318281013121,-1.2522025004548287,19.668662788879146,-0.16369246246330743,0.01187063426050348,0.008864835821673646,2.871332272552214,-6.400409549995852,-7.2157,0.0,7.5938950253,5.148207049541023,-0.43401262140819485,0.03147368556651711,0.02350414048038574,0.033134836217820055,-0.04406188812133197,-0.0034148460838953724,-0.19346570222362086,0.006114009230568108,-0.0856538085760356
1691.0,12.993905856288846,-1.178637597077612,19.651496873419603,-0.1664172674103048,0.01194935012536338,0.009954253656390067,2.705106207469159,-6.388955603859378,-7.2157,0.0,7.5938950253,5.210318006781765,-0.4412125904013906,0.031680629086560136,0.026391143837375737,0.03316270632828274,-0.04329527352131729,-0.0015674417940793606,-0.19228312898970518,0.006046109300580372,-0.08590125340683535
1692.0,12.994595865613984,-1.1043294613047785,19.63312787169652,-0.16849630291177256,0.011842460032359817,0.011065945866502093,2.5363596424605888,-6.377537039013431,-7.2157,0.0,7.5938950253,5.273207577708653,-0.4467008974608305,0.03139557030737403,0.029336951994773305,0.03319066582878954,-0.042531481888059414,0.00033074302574616354,-0.1910780646938276,0.005972939228390033,-0.0861501936460814
1693.0,12.995253249713024,-1.029701538510979,19.613532751180763,-0.16991770688186186,0.011553507340394838,0.012163656486506344,2.3657453213295274,-6.366331547528282,-7.2157,0.0,7.5938950253,5.336630009017303,-0.45044639681873144,0.03062797778761193,0.032245463624912214,0.03321859466564342,-0.0417746616921103,0.0022683816878469112,-0.1898578449541697,0.005895041474340092,-0.0863936609436915
1694.0,12.995878553925454,-0.955172971141941,19.592727760246866,-0.17067223566243175,0.011093882160804033,0.013211711943199991,2.1939303093530507,-6.355507987530669,-7.2157,0.0,7.5938950253,5.400335016388728,-0.45242485870990246,0.029408111106444493,0.035022139869548254,0.03324638010721416,-0.04102847451437041,0.004232904932578014,-0.18863012142027122,0.00581297633208805,-0.08662491542368833
1695.0,12.996472439178028,-0.881149528771029,19.570766974439564,-0.170753534083037,0.010482610298105858,0.014176984930734693,2.0215930070923935,-6.345219131190134,-7.2157,0.0,7.5938950253,5.464069602419104,-0.45261968404810204,0.02778645716826423,0.037579207215608056,0.03327391678532837,-0.040296016297024354,0.006210766996667366,-0.18740260738466666,0.005727309690927331,-0.08683779597717273
1696.0,12.99703566481837,-0.8080149449353631,19.547738850918243,-0.1701583795591584,0.009745596953480868,0.01503073402166861,1.8494197177679697,-6.3355949373386515,-7.2157,0.0,7.5938950253,5.527579992403289,-0.4510225506021128,0.025831722225416215,0.03984052982543847,0.03330110644369863,-0.039579773278240506,0.00818779527016477,-0.18618281756243277,0.005638601023745711,-0.08702704119177992
1697.0,12.997569073091046,-0.7361232169000171,19.523760998516114,-0.1688868799922906,0.008914381747951079,0.01575015721757171,1.678100831085127,-6.32673682210539,-7.2157,0.0,7.5938950253,5.590613605205373,-0.44763393700901905,0.023627529847308665,0.041745722842025844,0.03332785756710766,-0.03888161483415579,0.010149599709199795,-0.18497782120733314,0.005547392289212921,-0.08718855281585432
1698.0,12.998073575635155,-0.6657923454575915,19.498973525175582,-0.16694260844468048,0.008024512386562559,0.016319522996108206,1.5083267184349631,-6.318713320089564,-7.2157,0.0,7.5938950253,5.652920974631973,-0.44246347948820636,0.02126810947087377,0.04325314547147847,0.033354085047270055,-0.03820282185785256,0.012082011434642697,-0.1837940263980685,0.00545419836156277,-0.0873195788134069
1699.0,12.998550142110846,-0.597299864063982,19.473531444398773,-0.1643326628146284,0.007113682936543922,0.01673078447325639,1.3407834583540987,-6.311557407862935,-7.2157,0.0,7.5938950253,5.714257543798953,-0.435530130058383,0.0188533624507865,0.04434152415479198,0.03337970999538501,-0.037544145927098746,0.01397151653125846,-0.1826370100727344,0.005359499464103691,-0.08741880102350501
1700.0,12.998999790839857,-0.5308803451698146,19.447596693398367,-0.16106764533195472,0.006219803743062405,0.016983635325263768,1.17614852432565,-6.305265614990159,-7.2157,0.0,7.5938950253,5.774385269820344,-0.42686210254391715,0.01648374816495446,0.04501009665125433,0.03340465975036425,-0.03690589179360312,0.015805651529260216,-0.18151140366594395,0.005263735899479258,-0.08748632211299068
1701.0,12.999423581193515,-0.46672489629538916,19.421330330293912,-0.15716156371244563,0.005379170741421373,0.017085022597125007,1.0150865682063386,-6.299798892799741,-7.2157,0.0,7.5938950253,5.833073996504352,-0.4164966112594861,0.014255434549425787,0.045277317474481237,0.03342886807074917,-0.03628801399917941,0.0175733313665397,-0.18042083866800113,0.0051673051634896225,-0.08752355654980376
1702.0,12.99982260738443,-0.4049824904382611,19.394885436385714,-0.15263166229342312,0.004624882879410267,0.017048183561758294,0.858245422138683,-6.295085066118364,-7.2157,0.0,7.5938950253,5.890102575680103,-0.404479424436267,0.012256106872195267,0.04517830292306891,0.03345227545074861,-0.035690217856922085,0.019265088165142233,-0.17936795082404852,0.0050705613256653076,-0.08753303934354467
1703.0,13.000197993304495,-0.3457628341055827,19.368401160313685,-0.1474981965848135,0.003985621126863817,0.01689131452748109,0.7062524216009257,-6.291022574313748,-7.2157,0.0,7.5938950253,5.945259740208165,-0.3908642679875998,0.010561735128278404,0.04476130177182095,0.03347482947498664,-0.03511205561273833,0.020873208802485308,-0.17835443672847606,0.004973816383088267,-0.0875181731374606
1704.0,13.000550888081397,-0.2891403761445845,19.3419982178044,-0.14178416784242562,0.0034848569582082265,0.016636004270925497,0.5597111252301575,-6.287485127067581,-7.2157,0.0,7.5938950253,5.998344750922996,-0.37571212360312567,0.009234479618885651,0.044083543233448486,0.033496485124470385,-0.03455301014238566,0.022391769643634676,-0.1773811527996192,0.0048773431633055125,-0.08748293814141272
1705.0,13.000882462076396,-0.23515900949603297,19.31577602110381,-0.13551503527839912,0.0031405091324774492,0.01630557180633118,0.4191984767963258,-6.284326863257819,-7.2157,0.0,7.5938950253,6.049167853761786,-0.35909046781700044,0.008321784304214748,0.04320683233362566,0.033517204964201366,-0.03401256074107238,0.023816576540513168,-0.17644824436993423,0.004781379278843292,-0.08743159012939708
1706.0,13.001193903098155,-0.18383701677297742,19.28981147383055,-0.12871842249230356,0.002965021701515568,0.01592343858437316,0.28526242480585245,-6.281387607953494,-7.2157,0.0,7.5938950253,6.097550591180517,-0.34107249595001904,0.007856585970375413,0.042193237276534595,0.03353695917317372,-0.033490228072683086,0.025145026135525987,-0.17555529197511635,0.004686131622221401,-0.0873683695503279
1707.0,13.001486412648704,-0.13517185355699587,19.264159345259813,-0.12142383204511592,0.002965798746396289,0.015511642393558948,0.15841998878638663,-6.278497867219843,-7.2157,0.0,7.5938950253,6.143326013662848,-0.3217363677652038,0.00785846814514629,0.04110115286035522,0.03355572541138298,-0.032985597822201285,0.02637590986151709,-0.17470146272203957,0.004591780930747855,-0.08729724037729739
1708.0,13.001761202042971,-0.08914444025296078,19.238854044033562,-0.11366237839547806,0.003145905641929521,0.015089569119167322,0.03915574059991851,-6.275483273781357,-7.2157,0.0,7.5938950253,6.186338833528397,-0.3011645018606363,0.008335520679109441,0.03998194152909318,0.03357348854810604,-0.032498324761826104,0.027509184504698067,-0.17388565654057775,0.004498486032868098,-0.08722167154293256
1709.0,13.002019488254534,-0.04572273157737544,19.2139125507671,-0.10546654531739462,0.0035049337221385495,0.014672944437497185,-0.07207934465069092,-6.272168287298729,-7.2157,0.0,7.5938950253,6.226445555721354,-0.27944293495840644,0.009286631729536235,0.03887726336115783,0.03359024029582478,-0.03202812061960101,0.028545732933964955,-0.1731066397660374,0.00440638749718472,-0.08714446762591692
1710.0,13.002262489342705,-0.004864439395734783,19.189338242498426,-0.09686997001131945,0.004039924130314297,0.014273095349674456,-0.17486872027216455,-6.268379049805241,-7.2157,0.0,7.5938950253,6.263514610409507,-0.2566607518980073,0.010703936057544028,0.037817121074067934,0.03360597880247988,-0.031574730255014116,0.029487136086250375,-0.17236316142852975,0.004315610525620725,-0.08706764971345117
1711.0,13.002461516166385,0.03348143875742876,19.165105240215915,-0.08790650263753788,0.00474630921981618,0.013896839287360725,-0.2688306195004587,-6.263945372741985,-7.2157,0.0,7.5938950253,6.297426811499414,-0.23290813144095046,0.01257533832492945,0.03681965240614912,0.03367524160356228,-0.031153298605560712,0.0303511553817521,-0.17246749976759218,0.004239937688856225,-0.08689589762847352
1712.0,13.002574658850664,0.0693730148975524,19.141173845651608,-0.07861055515857857,0.005618624606448112,0.013546015034088428,-0.35361751183927304,-6.258701902905236,-7.2157,0.0,7.5938950253,6.328074917802788,-0.208276721823677,0.014886406944057259,0.03588983183470495,0.03374743090149475,-0.03074897597148086,0.031125482502265274,-0.17266119309841677,0.004165636078400592,-0.08671917405448579
1713.0,13.002607534284614,0.10287459676292833,19.117536649956055,-0.06901844247813593,0.006651010672342377,0.013216618870984992,-0.42891720063973005,-6.252488805030036,-7.2157,0.0,7.5938950253,6.355363401792965,-0.18286219414855237,0.01762164374015317,0.03501701631037375,0.033814743445590816,-0.03035915873772396,0.031810464637533016,-0.17282692281582765,0.00409082063691707,-0.086550692651862
1714.0,13.002566456819077,0.13405753056785447,19.09419261572947,-0.05916700114718132,0.007837687653826574,0.012899417399137258,-0.4944533223514489,-6.245151941930316,-7.2157,0.0,7.5938950253,6.379209472498171,-0.1567616052022889,0.020765772708873337,0.03417670895019537,0.03387731565622703,-0.02998343213372876,0.032408911327528364,-0.17296617300540806,0.004015673866166678,-0.08638874136027372
1715.0,13.00245752768818,0.163000462284232,19.071151504373415,-0.049093435183412276,0.009173067829407888,0.012580081707105515,-0.5499852430646155,-6.236542797858941,-7.2157,0.0,7.5938950253,6.399543260143172,-0.13007301415652142,0.024304035298724665,0.03333091562782747,0.033935300866096064,-0.029621307081327604,0.03292379320598435,-0.1730809174395673,0.0039403800214762655,-0.08623074295403377
1716.0,13.002286611224665,0.18978952087105525,19.04843876276976,-0.038835190934069126,0.01065159940055592,0.01223936975561962,-0.5953078480994253,-6.226518435247061,-7.2157,0.0,7.5938950253,6.416307956118116,-0.1028951574197509,0.028221774394080152,0.03242862587855089,0.03398886943195172,-0.02927222608761504,0.03335827299102327,-0.17317366725487976,0.0038651231318587065,-0.08607329739670287
1717.0,13.002059310330829,0.21451816339864943,19.026100224790184,-0.02842983710591205,0.012267343549710232,0.011853356274405502,-0.6302512381064145,-6.214941736949387,-7.2157,0.0,7.5938950253,6.429459900348037,-0.07532713587304424,0.0325033116063185,0.03140641908384584,0.03403820823694448,-0.02893558761246287,0.033715773913240064,-0.1732475096522278,0.003790085289289661,-0.08591223269906047
1718.0,13.001780942325352,0.23728641551325041,19.004206579030598,-0.01791495113609065,0.014013294768634528,0.011393716619848676,-0.6546803453024187,-6.201682181203682,-7.2157,0.0,7.5938950253,6.438968596716933,-0.047468117589123365,0.03713014447181717,0.03018921325431794,0.0340835190828391,-0.02861079113610652,0.03400007709228223,-0.1733061334653307,0.0037154454479524745,-0.08574266567778252
1719.0,13.001456516894306,0.25819925708807906,18.982857537794494,-0.007328015238581561,0.015880464273287705,0.01082808963505634,-0.6684944875188513,-6.186617381941533,-7.2157,0.0,7.5938950253,6.444816639029612,-0.01941706489892859,0.0420785158573483,0.02869122297513149,0.03412501549370455,-0.028297304407159905,0.03421543809275597,-0.17335383646468458,0.003641378994298037,-0.0855590771489555
1720.0,13.001090718442809,0.27736393019310807,18.96218560753283,0.0032936725413228434,0.017856756792258642,0.01012056189583355,-0.6716268854909039,-6.169635602801648,-7.2157,0.0,7.5938950253,6.446999532994756,0.008727499984875296,0.04731643558341319,0.02681723901956015,0.034162917498474346,-0.027994753462730452,0.034366711764793174,-0.1733955082613295,0.0035680583578122844,-0.08535540895942147
1721.0,13.00068789564625,0.29488598605508715,18.942359309799553,0.013913065295879226,0.019925683662481403,0.009232330205748032,-0.6640441796737244,-6.150639417838779,-7.2157,0.0,7.5938950253,6.445525403893866,0.03686767217937383,0.052800267776781526,0.024464380511321368,0.03419744403124404,-0.027703034884609037,0.03445947329140453,-0.17343658177141835,0.0034956549260830878,-0.08512519258556481
1722.0,13.000252061406815,0.3108639421116676,18.923585638094366,0.024493404210001544,0.022064971137946008,0.008122609130300397,-0.6457459958319165,-6.129550642978016,-7.2157,0.0,7.5938950253,6.440414585089683,0.06490626266697494,0.058471039800745375,0.02152449684953014,0.034228802689048814,-0.02742244829242871,0.034500121989155995,-0.17348294555890376,0.003424342500734559,-0.08486172052761534
1723.0,12.99978690669623,0.32538249307716105,18.906111465333517,0.034998217186556504,0.024245142721108393,0.006749853881380643,-0.616764622290777,-6.106316596450571,-7.2157,0.0,7.5938950253,6.431699089527732,0.09274679583061611,0.06425068139478093,0.017887405992307842,0.03425717672163028,-0.027153845197702295,0.03449595281838205,-0.17354080918991172,0.0033543024768881696,-0.08455827208636241
1724.0,12.999295831866634,0.3385043147815393,18.89022354669083,0.04539127157574396,0.02642817796800978,0.005073363941864483,-0.5771648742179507,-6.080917660325921,-7.2157,0.0,7.5938950253,6.41942197510746,0.12029338558101235,0.07003846537333559,0.013445142726022128,0.03428270930032346,-0.02689878801283027,0.03445517887118825,-0.17361651424572266,0.0032857308415954797,-0.08420840398783294
1725.0,12.998781998890403,0.35026061928778646,18.876246702893724,0.05563647546711033,0.02856637635515044,0.003055317316283453,-0.5270442293796784,-6.05337600608477,-7.2157,0.0,7.5938950253,6.403636625372557,0.1474504749756986,0.07570799060396106,0.008097349548207653,0.03430548532567674,-0.02665971025194224,0.034386886595856994,-0.17371628511647663,0.0032188469603687125,-0.08380631336442465
1726.0,12.998248407595746,0.36064076535983325,18.864539731584337,0.0656977255272234,0.030601580927369844,0.0006632571822525095,-0.46653332292282845,-6.023765213962791,-7.2157,0.0,7.5938950253,6.384405979322624,0.1741224335342181,0.08110511738888121,0.001757868384423753,0.03432551128439165,-0.02644006589273048,0.034300904629323656,-0.17384591640699465,0.003153903951617556,-0.08334727547511046
1727.0,12.997697998249446,0.3695813973900292,18.855488592737448,0.07553870454859396,0.032464938668327975,-0.002126989526817778,-0.39579688315088535,-5.992220360495291,-7.2157,0.0,7.5938950253,6.3618017578853205,0.20021302018630882,0.0860473244781137,-0.005637520521613999,0.03434269394979027,-0.026244452726139005,0.03420756745282047,-0.1740103979750846,0.003091200236176981,-0.08282815100787977
1728.0,12.99713378175968,0.37695577137351166,18.84949646308475,0.08512263874123495,0.034077387537577455,-0.005328038920176763,-0.3150351733810954,-5.9589479774871155,-7.2157,0.0,7.5938950253,6.335903748860627,0.22562473802885769,0.0903249916775574,-0.014122416825291658,0.034356819025370425,-0.02607869168188864,0.03411735740270207,-0.17421348445865417,0.0030310915985049367,-0.08224794779483013
1729.0,12.996558997303032,0.38256411545730196,18.846970368359326,0.09441203315585325,0.03535105739945194,-0.00893746976951447,-0.22448597468745485,-5.9242351100874355,-7.2157,0.0,7.5938950253,6.306799225544737,0.25025812931669705,0.09370510514851194,-0.02369056560460859,0.034367531142108665,-0.025949842113392917,0.03404041367505715,-0.17445722364812621,0.002974002820734309,-0.0816084095349357
1730.0,12.995977295312732,0.3861260451811256,18.848304292656966,0.10336841297634075,0.03619174649024382,-0.012934362893326837,-0.12442709954898298,-5.888456539537594,-7.2157,0.0,7.5938950253,6.274582584718719,0.27401108405439445,0.09593781508364023,-0.034286671294495134,0.03437431691633632,-0.02586613252653807,0.033985905637358566,-0.17474146700175622,0.0029204376737700013,-0.0809145903660539
1731.0,12.99539294151876,0.3872761830183998,18.85385893736047,0.11195210786387444,0.0365025798536921,-0.017276168851440895,-0.015179367597286414,-5.852079111580058,-7.2157,0.0,7.5938950253,6.239355294598457,0.29677826082415787,0.09676612947516834,-0.045798077796528905,0.03437649303113797,-0.025836788001215964,0.033961280571054346,-0.1750633954183983,0.0028709858056860183,-0.08017536015257434
1732.0,12.994811035156534,0.3855641857039291,18.863938654558147,0.12012212473613651,0.03618886642222549,-0.02189628506133795,0.10289009564043256,-5.815662053885696,-7.2157,0.0,7.5938950253,6.201226239589625,0.318450740527452,0.09593879009650798,-0.058048325467935966,0.03437320149019055,-0.025871740320310935,0.03397141303333171,-0.17541710307537006,0.0028263249029339115,-0.0794037731369856
1733.0,12.994237731654817,0.38046032574736793,18.87876649507431,0.1278361595632528,0.0351640461201508,-0.026702772108471513,0.22936445280501144,-5.7798522073259,-7.2157,0.0,7.5938950253,6.160312533073268,0.33891604785910096,0.09322604479431232,-0.07079372550618196,0.034363414271707825,-0.025981215133520887,0.034017703718017454,-0.17579329022383708,0.0027872164694402748,-0.07861722478507153
1734.0,12.993680457225734,0.37136757237790163,18.89845875587231,0.13505079892078956,0.0333564626616992,-0.03157864632324178,0.36377393279544407,-5.745373266854237,-7.2157,0.0,7.5938950253,6.116740839232139,0.3580586761492941,0.08843761723080629,-0.08372411261127416,0.03434594953452169,-0.02617520246531444,0.034097198343043415,-0.1761791203824866,0.0027544937305307806,-0.07783732133879254
1735.0,12.993148100034738,0.3576407483775506,18.923000834388738,0.14172195514991234,0.03071652496331089,-0.036384134132135225,0.5055931482984888,-5.71300845027435,-7.2157,0.0,7.5938950253,6.070649198651901,0.37576123333046807,0.0814417165754642,-0.0964688011867353,0.034319501238519956,-0.02646283197129632,0.03420181875959693,-0.17655829619876404,0.002729040573094319,-0.07708939688558929
1736.0,12.992651160341124,0.3386127976693083,18.95222653087452,0.1478055635269974,0.027223652868934915,-0.04096114975038898,0.6542393498454857,-5.683576493181524,-7.2157,0.0,7.5938950253,6.022189290850832,0.3919062861510223,0.07218348509175124,-0.10860844268706216,0.03428268346691219,-0.02685169110987297,0.03431781496665205,-0.17691139929477706,0.0027117611083829728,-0.07640163603217326
1737.0,12.992201840586462,0.31362750630771546,18.98580310717254,0.1532585454328985,0.022892272034774928,-0.04514005715156234,0.8090720215032648,-5.657901487595479,-7.2157,0.0,7.5938950253,5.971528993903195,0.40637891520972763,0.06070093285761311,-0.11969295027524968,0.03423408980739674,-0.027347140428352023,0.03442555293499312,-0.17721652131016352,0.00270354037763805,-0.07580379722279779
1738.0,12.991814056371847,0.28207723273431995,19.023224337368752,0.15804000943262556,0.017776063555613508,-0.04874851007517559,0.9693941886700865,-5.636777791826662,-7.2157,0.0,7.5938950253,5.918855024560982,0.4190699082768739,0.04713624955173527,-0.12926494828227184,0.034172366817222674,-0.02795169230895944,0.03449974398381884,-0.1774501860879208,0.002705197846638776,-0.07532558039719621
1739.0,12.991503351140011,0.24344341276302447,19.063813417727534,0.16211262582495758,0.011969718792076917,-0.05162185828607241,1.1344557264559514,-5.620931960264937,-7.2157,0.0,7.5938950253,5.864375373027961,0.4298794226289232,0.03174050002079746,-0.13688739246633388,0.034096298880182355,-0.028664524394079984,0.03451019312026205,-0.17758852847906856,0.0027174365240393737,-0.074994737763633
1740.0,12.991286701622302,0.19733692924238072,19.1067369236042,0.16544407503581526,0.005607619366834391,-0.0536143102455474,1.303458829254911,-5.610984269363555,-7.2157,0.0,7.5938950253,5.8083211986059355,0.43872085312935927,0.014870158100915508,-0.14217321427664745,0.03400489978471312,-0.02948119372275133,0.03442309538640162,-0.17760865776789447,0.0027407916052127304,-0.0748350794547688
1741.0,12.991182207944226,0.14353500492645996,19.151030046519125,0.16800844299269593,-0.001140844648781377,-0.05460980949815857,1.4755656371378802,-5.607412834919227,-7.2157,0.0,7.5938950253,5.750947839845687,0.4455245695467983,-0.0030252903485938985,-0.14481422145408182,0.03389750437150835,-0.03039360112858362,0.034202844334610454,-0.177490099380829,0.0027755832738080716,-0.07486456610548578
1742.0,12.99120867147112,0.08201119479146886,19.195632215318174,0.16978742389843565,-0.008079218054849565,-0.0545314709844904,1.649907829323444,-5.61052343161452,-7.2157,0.0,7.5938950253,5.692534626405989,0.450241151629408,-0.02142441623624922,-0.1446061889176753,0.03377385198718149,-0.03139022889160694,0.03381424347290655,-0.17721618423257668,0.0028218784973801283,-0.07509369764288892
1743.0,12.991385074494685,0.012955420139963505,19.23943103511124,0.1707711981471237,-0.014994657845457457,-0.0533484803555977,1.825597806816081,-5.620427844764218,-7.2157,0.0,7.5938950253,5.6333832649041815,0.45284376857694214,-0.0397621931621561,-0.14146722137106896,0.03363415275121027,-0.03245664129439728,0.033224942733218146,-0.17677524747899656,0.0028794661716810693,-0.07552439353385593
1744.0,12.991679101799791,-0.06321733078709885,19.281276590873023,0.1709587250294213,-0.02167028069768692,-0.051078906620994326,2.001740868209583,-5.637032925999155,-7.2157,0.0,7.5938950253,5.573815595212056,0.4533307843516289,-0.05746302415458314,-0.1354457972141169,0.033582095827884316,-0.033612656503333976,0.03244192721506044,-0.1777285607741777,0.0029447419264002177,-0.0759519413910299
1745.0,12.992002914047964,-0.14587184397630235,19.320028105762532,0.17035767847710437,-0.027898071455120035,-0.047789309365471745,2.177447461428651,-5.66004137191408,-7.2157,0.0,7.5938950253,5.514169527937777,0.4517257317723058,-0.07397539609459922,-0.1267196227196308,0.03354762022572172,-0.03481903219691977,0.03142445021411495,-0.1789949939480581,0.0030192294233240633,-0.07649824273065231
1746.0,12.99235936843167,-0.2341741543756704,19.354703124053216,0.16898440195274997,-0.03349179556574087,-0.04359246363755305,2.351845731828435,-5.688964734140552,-7.2157,0.0,7.5938950253,5.4547905797648815,0.44807201541985686,-0.08880545284509393,-0.11558796441257789,0.03351000302627773,-0.03604960284718208,0.03015475928569266,-0.18023814086349005,0.0031029337128358025,-0.07718362729847042
1747.0,12.992752815353787,-0.32712120499070996,19.384459944055596,0.1668627019994923,-0.03829746896893305,-0.038638438293051025,2.524093084846569,-5.723147564268128,-7.2157,0.0,7.5938950253,5.3960263592774185,0.44243280585539124,-0.10154490158703282,-0.1024489742945489,0.03346977705692248,-0.037285247956231476,0.028631688151203,-0.18144353502801092,0.0031950553955794846,-0.07798203378016841
1748.0,12.99318703132663,-0.4235809020211314,19.40862917395001,0.16402254896171806,-0.042201082380550856,-0.03310428907637056,2.693386006601267,-5.761800396587004,-7.2157,0.0,7.5938950253,5.338219494565873,0.4348876682916687,-0.11189150779595439,-0.08777236531201724,0.033427601993935414,-0.03850765922659292,0.026864228362260982,-0.18259833848739543,0.0032946526597517596,-0.07886328111052873
1749.0,12.993665048805692,-0.522338072232492,19.426735073054022,0.16049858343149248,-0.045132909208412134,-0.027182333914469836,2.858967849812236,-5.8040387775386035,-7.2157,0.0,7.5938950253,5.281700705306111,0.4255286078598069,-0.11966052044513104,-0.07206830404171129,0.03338422479277282,-0.03970007885279882,0.02487110942756848,-0.18369162206898643,0.003400677764460779,-0.07979503104010746
1750.0,12.994189036508518,-0.6221425553148269,19.438504589601717,0.15632856879409152,-0.04706826252666668,-0.021068188392169528,3.0201343225788992,-5.848925110475093,-7.2157,0.0,7.5938950253,5.226782555160265,0.4144559679580834,-0.12478667498894243,-0.055855666565341834,0.03334043308118413,-0.04084786829710009,0.02267971249010245,-0.18471452223487883,0.003512016712521219,-0.08074477516269196
1751.0,12.994760237862126,-0.7217558416855958,19.44386443498156,0.15155192477065146,-0.0480249738451381,-0.014949661168636611,3.176236609790545,-5.895510145044486,-7.2157,0.0,7.5938950253,5.17375430335889,0.4017745393360091,-0.12731749710506365,-0.03963257634865457,0.033297007202115335,-0.04193888121049111,0.020324455347232873,-0.1856602785542957,0.0036275291397968755,-0.08168166613640832
1752.0,12.995378968053657,-0.8199931362528147,19.44292758777269,0.1462084515182723,-0.04805819084546151,-0.008997384763259326,3.3266822540206724,-5.94287127358678,-7.2157,0.0,7.5938950253,5.122878137333966,0.3875901708743215,-0.12739949167285516,-0.0238515479891932,0.03325467636184705,-0.04296363717580522,0.017844830713482508,-0.1865241652414289,0.00374608565072541,-0.08257804981075019
1753.0,12.9960446637404,-0.9157585141815674,19.43597134103225,0.1403373175385514,-0.047253283742262474,-0.00335774719652384,3.470934077520071,-5.9901454280814495,-7.2157,0.0,7.5938950253,5.0743869138998825,0.37200707709876707,-0.12525931289408343,-0.008900738179438818,0.033214083206228096,-0.04391531266415062,0.015283292998259956,-0.18730333651250172,0.0038666003457520706,-0.08341060593365333
1754.0,12.996755974686854,-1.0080717248931412,19.423409422266072,0.13397634642927703,-0.045717716584309454,0.001851631856047583,3.608507542591189,-6.03655510825219,-7.2157,0.0,7.5938950253,5.028483383359049,0.3551259363088719,-0.12118218880134113,0.004908049175123192,0.03317575948106947,-0.044789579873606,0.012683177880312545,-0.18799660913730382,0.003988056949217412,-0.08416105829197115
1755.0,12.99751088395146,-1.0960860955513592,19.405760804504332,0.1271616023574856,-0.04357269238891973,0.006543927310025429,3.738967010062746,-6.081426837157022,-7.2157,0.0,7.5938950253,4.985340741605663,0.3370427799852373,-0.11548974770636483,0.01734472837477933,0.03314011361900356,-0.04558433222833963,0.010086808150541325,-0.18860420629312175,0.0041095276842046564,-0.08481646341038468
1756.0,12.998306842738355,-1.1790977729340277,19.383617651330397,0.1199272462429746,-0.04094525244727116,0.010662909657461781,3.8619213679022097,-6.1242020351151885,-7.2157,0.0,7.5938950253,4.945104262181161,0.31784860005659726,-0.1085190528177536,0.028260391306639706,0.033107429486462565,-0.046299337620236566,0.00753389718507131,-0.18912748522910938,0.004230184748681297,-0.08536912465753961
1757.0,12.999140907279086,-1.2565471623431856,19.357614475024523,0.11230561575405285,-0.03796133652087712,0.014180940305808994,3.977019471660751,-6.164440870516587,-7.2157,0.0,7.5938950253,4.907893708173401,0.2976295503159482,-0.10060419011320282,0.03758197537973894,0.033077874348313566,-0.04693585815422626,0.005060315759098037,-0.18956866799853667,0.0043493048557481425,-0.08581620348110283
1758.0,13.000009867627822,-1.3280138315233467,19.32840010293019,0.10432747253142097,-0.03474012165308265,0.01709564997860874,4.083945771485979,-6.201820044524506,-7.2157,0.0,7.5938950253,4.87380621300116,0.27646759235601126,-0.09206125250173237,0.04530343805581579,0.033051513464538926,-0.0474962693448078,0.0026972449249947628,-0.18993059008628443,0.004466267749563695,-0.08615911130895262
1759.0,13.000910361237459,-1.3932063738300897,19.29661354667989,0.09602235808901596,-0.031389784722036865,0.01942579426687315,4.1824164188780095,-6.2361257124657685,-7.2157,0.0,7.5938950253,4.842919338635679,0.25444143096543426,-0.08317710480477782,0.05147475014434929,0.0330283285772552,-0.04798370449761216,0.00047070215155893894,-0.19021647731249314,0.004580549903115911,-0.0864027667353637
1760.0,13.001838967296885,-1.4519487682375987,19.262864373763964,0.087419003954072,-0.028004686027509388,0.021206736462094963,4.272176051054815,-6.267242833032435,-7.2157,0.0,7.5938950253,4.815294064794836,0.2316275946650873,-0.07420192144160011,0.05618990305577206,0.033008237787235994,-0.048401741956182784,-0.0015985986970071635,-0.19042975689126243,0.004691714726813217,-0.08655479519628306
1761.0,13.002792280498014,-1.5041646888968834,19.227717758517837,0.07854574960696038,-0.024663861774785224,0.02248593403005226,4.352995360542398,-6.2951422084427655,-7.2157,0.0,7.5938950253,4.790977519545882,0.2081015381610132,-0.06534519815530024,0.05957492903252248,0.03299111480184691,-0.04875414546255428,-0.0034951097024860725,-0.19057390477920372,0.004799400607625128,-0.08662473572819689
1762.0,13.003766965008756,-1.5498610380123798,19.19168404948495,0.06943093184781167,-0.021430640735228653,0.023318716685479746,4.424669476470151,-6.319866361052731,-7.2157,0.0,7.5938950253,4.770005323040351,0.18393867012484574,-0.05677474652654467,0.061776698396427805,0.03297680612761069,-0.049044661458127796,-0.00520809770634063,-0.19065232848246055,0.004903307983192672,-0.08662330415527925
1763.0,13.004759790860788,-1.5891117438551117,19.15521244333005,0.060103219813437345,-0.018353161976678457,0.023764553740965613,4.487017118105611,-6.341515218059201,-7.2157,0.0,7.5938950253,4.7524034742040895,0.15921523779532004,-0.04861807832397672,0.06295301793667933,0.0329651453671954,-0.04927687211355283,-0.006731144490767272,-0.190668282421601,0.005003186471173237,-0.0865617463751302
1764.0,13.00576765575935,-1.6220426139698478,19.118688198332944,0.05059187988143339,-0.015465560349514382,0.023883925089566025,4.539880432650618,-6.3602323742658795,-7.2157,0.0,7.5938950253,4.738189760296032,0.13400902646016252,-0.04096555990717207,0.06326433326457191,0.0329559642877362,-0.04945409929238412,-0.008061558597916407,-0.19062481172682783,0.0050988228541447075,-0.08645130088429995
1765.0,13.006787595595124,-1.6488177878504897,19.08243274247117,0.04092696340862457,-0.012789597418163675,0.023735839296771605,4.58312539833756,-6.3761924965219645,-7.2157,0.0,7.5938950253,4.727374708671475,0.10839985500375238,-0.033874746382800365,0.06286714976807216,0.03294910071663926,-0.04957935242957029,-0.009199750924385589,-0.1905247198248633,0.005190030492503493,-0.0863027772926099
1766.0,13.007816786823918,-1.6696281114669744,19.046706017713625,0.031139417275813302,-0.010336540819635132,0.02337598644627675,4.616642658818989,-6.389590239503398,-7.2157,0.0,7.5938950253,4.719962128036423,0.0824698673676276,-0.02737537259881539,0.06190913865653104,0.03294440358354681,-0.049655312243230165,-0.010148616235295012,-0.19037055521717033,0.005276640522915442,-0.08612624781520059
1767.0,13.008852543516879,-1.6846815687230452,19.011710437489544,0.02126112243262165,-0.008109128406429553,0.02285547307650446,4.640348653072619,-6.400630872265867,-7.2157,0.0,7.5938950253,4.715949303542822,0.05630363364898307,-0.021474566851072532,0.06052578771660955,0.03294173557437409,-0.049684342045665825,-0.010912952232999037,-0.19016461326167158,0.005358495011923913,-0.08593084171169628
1768.0,13.009892311392136,-1.6941957568485133,18.977595902886474,0.01132486912890849,-0.0061034898697970895,0.02222006073573614,4.654186913370042,-6.409522674585915,-7.2157,0.0,7.5938950253,4.715326917737402,0.029988083848262844,-0.01616194976728521,0.05883838805305215,0.03294097391777428,-0.04966851891527661,-0.011498937791465859,-0.18990894939544625,0.005435442080791732,-0.08572462819600726
1769.0,13.010933660609632,-1.6983922838458427,18.94446541111454,0.0013642794813560725,-0.004310933942909807,0.02150981642173925,4.658129419047316,-6.416471053446991,-7.2157,0.0,7.5938950253,4.718078769601148,0.0036123024956315492,-0.011414374879403104,0.056953113055392884,0.032942009812287266,-0.04960967789112086,-0.011913683100093827,-0.18960540093986974,0.005507332900804217,-0.0855145711269675
1770.0,13.01197427860736,-1.6974928930890634,18.91238088560548,-0.008586311277816217,-0.00271954106594637,0.020759080045184782,4.652177912905139,-6.421674251886405,-7.2157,0.0,7.5938950253,4.724181358797342,-0.02273278575466315,-0.007200151776804747,0.054960937690476025,0.03294474694867332,-0.04950946344865735,-0.012164857128829934,-0.18925561531064905,0.005574020376420364,-0.0853065383788649
1771.0,13.013011963815567,-1.691717077655027,18.88136895180716,-0.018492003798207018,-0.0013155279721176938,0.019996658550690608,4.636365107562518,-6.425320471423062,-7.2157,0.0,7.5938950253,4.733603393768035,-0.04895481020225247,-0.0034826632577817304,0.05293815828240447,0.03294909950719183,-0.04936938364650864,-0.012260392166814557,-0.18886108304333357,0.0056353592825679494,-0.08510534972914319
1772.0,13.014044620721988,-1.6812809286433898,18.85142646981209,-0.02831750375104719,-8.437137453635112e-05,0.01924616608390086,4.610755729056813,-6.427586200844751,-7.2157,0.0,7.5938950253,4.7463052722013614,-0.07496040106319041,-0.00022334285285522908,0.050947298930776326,0.03295498992917357,-0.04919086338565312,-0.01220826115112851,-0.1884231744977376,0.005691207596367622,-0.08491484896112203
1773.0,13.015070256477554,-1.666396961207325,18.822525710200313,-0.038027302420193726,0.0009883071156390252,0.018526442560478713,4.575447363053478,-6.428635533218716,-7.2157,0.0,7.5938950253,4.762238572011391,-0.10065566628222168,0.002615981278842445,0.04903822519827305,0.032962346686188616,-0.04897529412534496,-0.012016320912900828,-0.18794317940166358,0.005741428756539753,-0.0847379882918455
1774.0,13.016086979021628,-1.6472746734012906,18.794619120542535,-0.047585861703648064,0.0019160829091108963,0.017851997517219897,4.530571084336238,-6.428620254740867,-7.2157,0.0,7.5938950253,4.781345581339576,-0.12594667954607497,0.0050713441240258245,0.04724932427537088,0.03297110220395946,-0.04872407812491666,-0.011692213068941314,-0.18742234853116696,0.005785894589899862,-0.08457691589962418
1775.0,13.017092996557754,-1.6241216113372525,18.76764367602934,-0.05695779821378506,0.002711279652675127,0.01723344094928853,4.476291862349888,-6.427680499202175,-7.2157,0.0,7.5938950253,4.803558887864923,-0.15073996544265142,0.007175456460160331,0.04560865016943384,0.03298119104398918,-0.04843866583006595,-0.011243313787240396,-0.18686193680965346,0.005824488658700008,-0.08443306001573578
1776.0,13.018086618113424,-1.597144735792211,18.741524838881396,-0.06610806285320978,0.003384709631910419,0.016677877057276108,4.412808744347173,-6.42594577704406,-7.2157,0.0,7.5938950253,4.8288010412518485,-0.17494297219717841,0.00895701881850069,0.0441349701747818,0.03299254840340994,-0.04812058542263098,-0.010676723763487127,-0.18626324696001725,0.005857109801256086,-0.08430720559801406
1777.0,13.01906625486018,-1.56655190785026,18.716180168529586,-0.07500211380684049,0.003945582579866428,0.016189249816013593,4.340354823272932,-6.42353620581213,-7.2157,0.0,7.5938950253,4.85698429796187,-0.19846452656933686,0.010440481461230434,0.042838683300614175,0.03300510896118656,-0.047771463846036435,-0.009999290199532981,-0.18562767259126525,0.005883675658687714,-0.084199561909157
1778.0,13.020030421844977,-1.5325533331160925,18.691522629536554,-0.083606082267689,0.0044015622422519055,0.015768640592237898,4.25919700019922,-6.420563787903652,-7.2157,0.0,7.5938950253,4.88801045478756,-0.22121526915094175,0.011646195464425895,0.0417226112998297,0.0330188060743545,-0.04739303885390163,-0.009217653155781377,-0.18495673928213416,0.005904126001290665,-0.08410982130227138
1779.0,13.020977739784385,-1.4953628252721132,18.667463638749876,-0.0918869313556119,0.004758950100760949,0.01541452734044054,4.169635551324085,-6.4171336013221625,-7.2157,0.0,7.5938950253,4.9217707760500495,-0.24310807133391568,0.012590900180275517,0.04078268755929614,0.0330335713092812,-0.04698716185616727,-0.008338309198448128,-0.18425214188787592,0.005918425688763605,-0.08403721111249662
1780.0,13.021906936595812,-1.4551987708408864,18.643915879435284,-0.09981260955314099,0.005022974993247842,0.015123021895805517,4.072003507777083,-6.413344789870947,-7.2157,0.0,7.5938950253,4.95814601903006,-0.2640584375121185,0.013288490645796668,0.040008587593753524,0.033049334278289336,-0.046555791598116084,-0.007367685685205894,-0.18351577600071675,0.005926567119801675,-0.08398054171713898
1781.0,13.022816848381837,-1.4122846990340832,18.620795890633097,-0.10735220053171074,0.005198165673242549,0.014888106273433881,3.9666658533249506,-6.409291261430576,-7.2157,0.0,7.5938950253,4.997006562396493,-0.28398489753597117,0.013751004066793521,0.039384356479184264,0.033066022740275966,-0.04610097903239428,-0.006312219301213624,-0.18274976130379902,0.005928572049611179,-0.08393825451228047
1782.0,13.023706419642375,-1.3668493847529446,18.598026417488438,-0.11447607144140244,0.005288780645460445,0.014701890413525761,3.8540185411908277,-6.405062027398552,-7.2157,0.0,7.5938950253,5.0382126426456075,-0.30280939496673687,0.013989757398195057,0.03888909258443421,0.03308356291479232,-0.045624844143998845,-0.0051784326072792375,-0.18195645453756149,0.005924492680080672,-0.08390847372263839
1783.0,13.024574702561928,-1.3191264401869893,18.575538485832478,-0.12115602156496671,0.005299266264208096,0.014554912300039441,3.734487327281817,-6.400741143565581,-7.2157,0.0,7.5938950253,5.081614703378591,-0.32045767621818116,0.014016559232913724,0.0384977429349559,0.03310187995257813,-0.04512954595300553,-0.003973002481950434,-0.18113845000361883,0.005914411957890147,-0.0838890655907333
1784.0,13.025420855301366,-1.2693533815272806,18.55327314495954,-0.12736543269018893,0.005234710755743132,0.014436496800703903,3.6085264138645137,-6.396407242740223,-7.2157,0.0,7.5938950253,5.127053861212943,-0.33685968422211804,0.013844910466900883,0.03818205340995431,0.033120898502306484,-0.04461724741685338,-0.0027028145568572387,-0.18029856600338318,0.005898443051427123,-0.08387770758808356
1785.0,13.026244139310158,-1.2177701917336263,18.531182809383683,-0.13307942166268724,0.005101259408039599,0.014335182152933426,3.4766168958004604,-6.392132681696657,-7.2157,0.0,7.5938950253,5.1743624899630305,-0.3519499578888106,0.013491101865397015,0.03791169733094759,0.03314054331389708,-0.04409007743024035,-0.001374998203101354,-0.1794398163574358,0.005876728017789203,-0.08387196890699698
1786.0,13.027043915758961,-1.164617436741197,18.50923212601545,-0.13827499441319957,0.004906455630738644,0.014239213302423274,3.3392650014152023,-6.3879823580804596,-7.2157,0.0,7.5938950253,5.223364921339263,-0.3656680355373776,0.012975115273425306,0.03765558030207214,0.03316073982358144,-0.04355009250872212,3.0625414190986466e-06,-0.1785653671499857,0.005849435715039547,-0.08386940173544213
1787.0,13.027819641266708,-1.1101340286191244,18.487398299583898,-0.14293119942257596,0.004659474807497503,0.014137090199406708,3.1970001223121307,-6.384012284540467,-7.2157,0.0,7.5938950253,5.273878255921343,-0.37795885694568754,0.012321241123866341,0.037383289819800374,0.033181414674857815,-0.04299924096969247,0.0014237454158423889,-0.17767848002138167,0.005816759059692109,-0.08386764085985465
1788.0,13.02857086315375,-1.0545547618197142,18.465670827053483,-0.1470292772473622,0.0043712234530418085,0.014018147914172394,3.0503726310947537,-6.38026803472084,-7.2157,0.0,7.5938950253,5.325713272901125,-0.38877315511991123,0.011558339708860301,0.037066628467210115,0.03320249614184656,-0.04243933242669612,0.002879235275329361,-0.1767824445807291,0.005778911771514836,-0.08386450720637739
1789.0,13.029297214487517,-0.9981077741248372,18.44405062067441,-0.15055280155898876,0.004054285313194475,0.013873135515207071,2.8999514928657315,-6.376783195728923,-7.2157,0.0,7.5938950253,5.378675421604086,-0.39806782578726874,0.010719697827158925,0.036681143321181206,0.03322391443604554,-0.041872015145698285,0.0043615976354299466,-0.17588050368917238,0.0057361247828256,-0.08385810927844865
1790.0,13.029998409196232,-0.941012098599981,18.42254853705153,-0.15348780633423534,0.0037227083074009,0.013694753567556055,2.746321685041212,-6.373577971358902,-7.2157,0.0,7.5938950253,5.4325658727589206,-0.40580626045836804,0.009842464838633243,0.03620754551046861,0.03324560189237761,-0.04129876326304171,0.00586287725290691,-0.1749757763171683,0.005688642513067118,-0.08384693533664364
1791.0,13.030674237508695,-0.8834754738687203,18.401183372656202,-0.15582289353319898,0.0033916406111134728,0.013478107166616016,2.5900814496667466,-6.3706580774729265,-7.2157,0.0,7.5938950253,5.487182603604206,-0.4119586281089489,0.008966690205218262,0.03563290612801738,0.033267493043902814,-0.04072087506233728,0.007375216075616024,-0.17407118325961277,0.005636719217727016,-0.08382992881268535
1792.0,13.03132456193691,-0.8256925656547812,18.37997942983934,-0.15754931591800989,0.0030768391928147868,0.013221033489373547,2.4318394120308704,-6.36801405448938,-7.2157,0.0,7.5938950253,5.542321488834599,-0.41650209137057315,0.008134024265044823,0.03495152020380811,0.033289524605073575,-0.04013948252060072,0.008890982679039715,-0.17316938108816943,0.005580615611099669,-0.08380653998720025
1793.0,13.031949313958183,-0.7678437228796341,18.35896379636227,-0.1586610306257671,0.0027940879160558065,0.012924270134390858,2.272211607821451,-6.3656210924205405,-7.2157,0.0,7.5938950253,5.597777369540906,-0.4194209456603183,0.007386180408561357,0.03416534974187468,0.03331163538992921,-0.03955557126647746,0.01040290368988141,-0.17227270927385838,0.005520595934411606,-0.08377674840596659
1794.0,13.032548491481693,-0.7100943486890855,18.33816351063404,-0.15915472064400743,0.002558573008529516,0.012591442481488833,2.1118184672803992,-6.363439423539709,-7.2157,0.0,7.5938950253,5.653345074850623,-0.42070667373842996,0.006763285032198696,0.03328398845174553,0.03333376619387276,-0.03897000907039537,0.011904186949227891,-0.17138315443918622,0.005456925596219833,-0.08374105274362226
1795.0,13.033122157108991,-0.6525949145206722,18.31760280005863,-0.15902978328702763,0.002384269688613864,0.01222886363408792,1.9512818079125203,-6.3614152902811805,-7.2157,0.0,7.5938950253,5.708820375760508,-0.4203579133377325,0.006302257416343245,0.03232413132601055,0.03335585966608284,-0.0383835801351502,0.013388626464640428,-0.1705023342867584,0.0053898694548216546,-0.08370042760119388
1796.0,13.033670437126261,-0.5954815890657489,18.297300578612152,-0.1582882869060778,0.0022833940067623426,0.011845157330771922,1.791221886769301,-6.359482446248177,-7.2157,0.0,7.5938950253,5.764000857182428,-0.41838034114944955,0.006035362326554788,0.031308576660241644,0.03337786019518268,-0.037797021884541676,0.01485068058121115,-0.16963150205452365,0.005319690748657965,-0.08365624970272803
1797.0,13.034193521104505,-0.5388773998177757,18.27726837153763,-0.1569348991188116,0.002265968274484936,0.011450730348632764,1.632254559074601,-6.357564101573575,-7.2157,0.0,7.5938950253,5.8186867017558,-0.4147864818708727,0.005989063069349847,0.030264830721722407,0.033399713824797464,-0.03721106072938505,0.016285517151077705,-0.16877157056441955,0.005246650617431499,-0.08361019875108067
1798.0,13.03469166193675,-0.48289379880477534,18.257508801633332,-0.15497679155264354,0.00233953744257385,0.011057134244561393,1.474988582371115,-6.355575185436203,-7.2157,0.0,7.5938950253,5.872681386631428,-0.4095954555318792,0.006183273604547519,0.029223420438665108,0.03342136820935801,-0.03662644344806056,0.017689022540250128,-0.16792315327312232,0.005171008101077654,-0.08356414044620014
1799.0,13.035165176111018,-0.4276324710741529,18.238014726776914,-0.15242352725085434,0.0025090588417457016,0.010676365071833907,1.320023095250249,-6.353424772389843,-7.2157,0.0,7.5938950253,5.92579230131569,-0.40283267935992056,0.006631068799691845,0.028216042662714446,0.03344277261498396,-0.03604396132439734,0.019057774715678343,-0.16708661839443956,0.005093020462037444,-0.08352000057231121
1800.0,13.035614444004516,-0.3731872078471116,18.218769067258638,-0.1492869373599067,0.002776970733837089,0.010320152928709555,1.1679452881970733,-6.351018507873269,-7.2157,0.0,7.5938950253,5.977831300026157,-0.39452954167528187,0.007338867085370708,0.02727368701500397,0.03346387796615491,-0.03546446496494737,0.0203889839904162,-0.16626215128909622,0.005012943652847667,-0.08347963945927657
1801.0,13.03603990998649,-0.3196456672061267,18.19974531002986,-0.14558099347263576,0.0031434282690026806,0.00999929063162728,1.0193282723959416,-6.348260872540518,-7.2157,0.0,7.5938950253,6.0286152053343915,-0.38472306465480127,0.008307055257186197,0.026424862507184267,0.03348463693638952,-0.034888868664413895,0.02168040787415258,-0.16544981998867847,0.004931032747797367,-0.08344473550153704
1802.0,13.036442082132028,-0.26709086277728455,18.180908630744273,-0.141321681116271,0.003606680693679228,0.009723043068213172,0.8747291417277291,-6.345057143720983,-7.2157,0.0,7.5938950253,6.0779662809436985,-0.373455570452649,0.009530986224189866,0.025694037651503406,0.0335050040801828,-0.034318144182517725,0.022930248562708123,-0.16464963894092238,0.00484754217361536,-0.08341668490217923
1803.0,13.03682153137265,-0.2156022522877627,18.162217538140958,-0.13652687850096792,0.004163552554330328,0.00949866715893062,0.7346872146741246,-6.341314942648312,-7.2157,0.0,7.5938950253,6.125712690360549,-0.3607743615297561,0.011002251212192329,0.025100373034768836,0.0335249360036265,-0.03375330472418037,0.024137042709294232,-0.1638616267680747,0.004762725606826213,-0.08339652264126385
1804.0,13.037178889938629,-0.16525633894566288,18.143625922011083,-0.1312162429907982,0.004809985100050245,0.00933105854911956,0.5997224371310759,-6.336945294268095,-7.2157,0.0,7.5938950253,6.171688955322432,-0.3467314216668142,0.012710110683885154,0.024656788844498404,0.03354439157194194,-0.03319538068624549,0.02529955320254564,-0.16308585489916633,0.004676835449793491,-0.08338486715695528
1805.0,13.037514848978642,-0.11612674449386598,18.12508537699734,-0.12541110604924222,0.005541592294795547,0.009222527003337543,0.47033392453311584,-6.331863168171426,-7.2157,0.0,7.5938950253,6.21573642367756,-0.3313831396122901,0.014642963537691565,0.024369372456735358,0.03356333215303531,-0.03264538929004459,0.026416671820666725,-0.1623224852193626,0.004590121847911192,-0.08338188870209118
1806.0,13.037830155272111,-0.06828375880136238,18.106547679275007,-0.11913437585253833,0.006354188338321595,0.00917268966975348,0.3469986221165757,-6.325987510391566,-7.2157,0.0,7.5938950253,6.257703751590204,-0.3147900531945753,0.016789740750431666,0.02423709738197707,0.0335817218966314,-0.032104300539336064,0.02748734003793772,-0.1615717962164256,0.004502831261230347,-0.08338729909216164
1807.0,13.03812560697628,-0.02179341294398294,18.087967309683464,-0.11241044552075796,0.00724424938939774,0.009178461247203396,0.23017006517079341,-6.319240813014173,-7.2157,0.0,7.5938950253,6.29744740007019,-0.2970166084393328,0.01914112495826995,0.024251798110993015,0.03359952804815015,-0.03157300204179067,0.028510493198771556,-0.1608341983517892,0.004415204650080262,-0.08340035881860512
1808.0,13.03838897494786,0.02328398964113477,18.069295690764086,-0.10526475366104153,0.008209303690149796,0.0092342705099461,0.1202772885301925,-6.311548294883225,-7.2157,0.0,7.5938950253,6.334832284524359,-0.2781302790237843,0.021690602471598024,0.02439876733842536,0.033654645381571785,-0.031062620797289945,0.029495724933661184,-0.1606442667875914,0.004337685114232299,-0.08335529807117026
1809.0,13.038556559343768,0.06689562024366842,18.050458861647623,-0.09772272705799644,0.009248221482391648,0.00933262291973787,0.017724786944085538,-6.302836739202003,-7.2157,0.0,7.5938950253,6.369732359445671,-0.25819943579072197,0.024435314493464724,0.024658316902001556,0.03374223337120645,-0.030572148290915598,0.030440343113733614,-0.16093274253072368,0.004268304022921098,-0.08325894678755247
1810.0,13.038621482313454,0.10899654216746146,18.03142791758945,-0.08981262397325421,0.010361137875149709,0.009462900941338318,-0.0771087071764946,-6.29303327623749,-7.2157,0.0,7.5938950253,6.4020298184049516,-0.23729846748566155,0.027375685403789717,0.02500240825851961,0.03382670104388047,-0.03009221525842144,0.03133308305631031,-0.1611989558387097,0.004197395188493143,-0.08317000237551095
1811.0,13.038588313132399,0.14955244489405517,18.01219324663906,-0.08156413666104306,0.011549574245936953,0.009611993159241513,-0.16387220600189556,-6.282064149945085,-7.2157,0.0,7.5938950253,6.43161659483914,-0.21550527100720196,0.030515790760245305,0.02539639693987075,0.03390797554580447,-0.0296230608524052,0.0321727844972144,-0.16144317158733434,0.0041251326113230565,-0.08308623983546151
1812.0,13.038461673893007,0.18854150142939471,17.99275953745314,-0.0730079699660433,0.01281631378212981,0.009764491207921533,-0.24224334938863312,-6.269853479576044,-7.2157,0.0,7.5938950253,6.458394981005439,-0.19290040713669787,0.03386304464724042,0.02579957133949675,0.03398600938348449,-0.02916473137620661,0.032958392492470026,-0.16166609139844404,0.004051695134075967,-0.08300505162525176
1813.0,13.038246201845118,0.22595579613481737,17.9731478649506,-0.06417572146047598,0.014165116004472168,0.009902705293579075,-0.31192912376105264,-6.256322232792583,-7.2157,0.0,7.5938950253,6.482278028927401,-0.16956679373031988,0.03742744528669877,0.02616519063089339,0.03406078310488559,-0.02871708120948933,0.03368904266174875,-0.16186889378726754,0.003977264173781838,-0.08292345270507084
1814.0,13.037946508603977,0.26180234736496283,17.95339779510565,-0.05509975292554663,0.015600298051699445,0.010006633142584345,-0.3726664614943296,-6.241387542990401,-7.2157,0.0,7.5938950253,6.5031898903553635,-0.14558937536922964,0.04122046884656154,0.026440399301725783,0.0341323072567928,-0.028279785502990883,0.03436415913492701,-0.16205327230185232,0.0039020215224694816,-0.08283807831574821
1815.0,13.037567137302444,0.2961035881898089,17.93356955533751,-0.04581305479298372,0.017126185698869003,0.01005389185091957,-0.42422271005450957,-6.224962496128683,-7.2157,0.0,7.5938950253,6.521066084318492,-0.12105477356297942,0.04525361910796736,0.026566043389583082,0.03420062336403473,-0.027852365919513167,0.0349835612438646,-0.1622214701301205,0.003826147354182986,-0.08274517641180404
1816.0,13.03711251906057,0.3288971723368199,17.91374630167346,-0.03634910641614129,0.018746436668780918,0.01001963258213554,-0.4663959642259357,-6.2069565096602615,-7.2157,0.0,7.5938950253,6.535853681997081,-0.09605092494256547,0.04953663952008592,0.026476441155962517,0.034265803680057716,-0.027434230667993432,0.035547575162677966,-0.16237630896558278,0.003749818594988732,-0.08264059842954868
1817.0,13.036586930438427,0.36023497648206965,17.89403648794141,-0.026741736253079615,0.020463238915387812,0.009876468305165814,-0.4990152611184453,-6.187276423418092,-7.2157,0.0,7.5938950253,6.547511399900162,-0.07066671812448158,0.05407539445689886,0.026099187995175646,0.034327949463964266,-0.027024730022301418,0.03605714677687516,-0.16252120912288004,0.003673207830494884,-0.08251979377029253
1818.0,13.035994453826218,0.3901811751506972,17.874576306104693,-0.017024987173300025,0.0222763881944053,0.009594454453685813,-0.52194064612775,-6.165828418560618,-7.2157,0.0,7.5938950253,6.556009593711315,-0.04499164296192518,0.05886943079145107,0.025355100993653932,0.03438718754844615,-0.02662322837119639,0.03651395191130963,-0.16266019701009307,0.0035964829407872066,-0.08237781496341054
1819.0,13.035338943004767,0.4188092727403281,17.855532121257575,-0.0072329930962574,0.02418225333590448,0.009141171144203283,-0.5350631283456884,-6.142520874036295,-7.2157,0.0,7.5938950253,6.561330146776623,-0.019115468593149592,0.06390924172086598,0.02415843172891158,0.03444366497940417,-0.026229193535938576,0.036920499555641,-0.16279789514442314,0.003519807663054933,-0.08220934187755148
1820.0,13.03462399637026,0.44619799143033295,17.837102770989166,0.0026001260331250716,0.026172645019139715,0.008481962875725493,-0.5383045556729882,-6.1172682578203235,-7.2157,0.0,7.5938950253,6.563466249250657,0.006872031127718176,0.06917327428550638,0.022417495215060514,0.03449754153603939,-0.025842303538417558,0.0372802228228861,-0.16293948901200395,0.0034433432841569868,-0.0820087344783356
1821.0,13.033852940543353,0.4724259375685439,17.819521538693397,0.012440343422769866,0.028233615126252436,0.007580396674365061,-0.5316174524926337,-6.0899961290863525,-7.2157,0.0,7.5938950253,6.5624220666548965,0.03288128482570985,0.07462475183173649,0.020035876315556297,0.03454897998520599,-0.025462570128832802,0.03759755104429777,-0.1630906643193952,0.0033672516546820533,-0.08177012435440226
1822.0,13.033028827251455,0.4975650065424598,17.803057546790363,0.022253771173240088,0.030344229197075145,0.0063990013660676845,-0.5149848754101972,-6.060647293799268,-7.2157,0.0,7.5938950253,6.558212300341728,0.05882304313753282,0.08020842351345396,0.01691437961067732,0.034598133991389377,-0.025090477122584304,0.0378779546895968,-0.16325750769351194,0.0032916996876324613,-0.08148755536711368
1823.0,13.032154446453822,0.5216725411689926,17.7880162528215,0.032006665486736245,0.0324753739440044,0.0049003476683198,-0.4884203541810546,-6.029189106228667,-7.2157,0.0,7.5938950253,6.55086164739766,0.08460839154021077,0.0858474043541881,0.012953880946335308,0.03464513369876865,-0.02472712990826647,0.03812795282957033,-0.16344636382174008,0.003216865453174695,-0.08115518308619202
1824.0,13.031232358635407,0.5447823347740578,17.77473867463718,0.041665385527148935,0.034588684429783856,0.0030485194270256817,-0.4519679941459464,-5.995621839334411,-7.2157,0.0,7.5938950253,6.540404174108469,0.11014864073535628,0.0914403293420234,0.008059214306883274,0.03469006912792767,-0.02437441036683542,0.038355070841431596,-0.16366364257986393,0.003142945900430752,-0.08076754087299746
1825.0,13.030264948986881,0.5668946696574548,17.763598927829356,0.05119630236403584,0.03663569981133621,0.0008110087882582397,-0.4057028216171197,-5.9599879557149285,-7.2157,0.0,7.5938950253,6.526882625372384,0.13535508474662025,0.0968591094226877,0.002144181477880745,0.034732971688103687,-0.024035128935789213,0.03856773430992,-0.1639155710912369,0.0030701661232940456,-0.08031987726132217
1826.0,13.029254505772887,0.5879657047587203,17.754999638393105,0.06056565784786871,0.038557380041665534,-0.0018389593211398003,-0.34973145280269236,-5.922381997553223,-7.2157,0.0,7.5938950253,6.510347702311943,0.16013862588489733,0.10194763958650478,-0.004862300339992332,0.034773794294693336,-0.02371316278757278,0.03877508402074691,-0.16420788812317177,0.0029987899368296113,-0.07980856437551068
1827.0,13.02820332452921,0.6078966702322584,17.74936480708479,0.06973937797041609,0.04028413511075821,-0.0049197065907181136,-0.2841931580479251,-5.882960681207479,-7.2157,0.0,7.5938950253,6.490857351439737,0.18440927818169833,0.1065218603053825,-0.013008999616327644,0.0348123907961407,-0.023413566292718232,0.03898669710562748,-0.16454548196262117,0.002929131344233756,-0.07923157030711545
1828.0,13.027113838788749,0.6265234844378872,17.747129760686253,0.0786828512775366,0.04173652878444386,-0.00843806784180023,-0.20926137457524457,-5.841952635901624,-7.2157,0.0,7.5938950253,6.468476120339511,0.20807557683576428,0.1103716014473532,-0.02231433921184236,0.034848495646259005,-0.023142637446878847,0.03921220139492054,-0.16493197806718002,0.0028615662566659665,-0.07858897959284362
1829.0,13.02598877679238,0.643607568727316,17.74872794061182,0.08736069005539282,0.042826815008728245,-0.012386188291884637,-0.12514569115177304,-5.79966707700983,-7.2157,0.0,7.5938950253,6.443274645737146,0.23104394023202776,0.11326462830056254,-0.032757911431311765,0.034881704996749995,-0.02290792222412064,0.03946077452085126,-0.1653692893816288,0.0027965435911982603,-0.0778835354090795
1830.0,13.02483134208341,0.6588287799605242,17.7545744599906,0.09573649988387616,0.04346144141950303,-0.016738362613591296,-0.03209428669394801,-5.756500568398941,-7.2157,0.0,7.5938950253,6.4153293483594656,0.25321805207129666,0.11495324719209646,-0.04427209665088709,0.034911460617217754,-0.022718138458125505,0.03974052690279865,-0.16585715006909038,0.002734594635604033,-0.0771211654107381
1831.0,13.023645414018912,0.6717814869616013,17.76504661074513,0.10377269100074274,0.04354460535205533,-0.021448195200271185,0.06960324749059606,-5.712940925972756,-7.2157,0.0,7.5938950253,6.384722412934357,0.2744983521378292,0.11518369908655192,-0.05673452410290487,0.034937038261047895,-0.022583002499849892,0.040057778867220756,-0.16639266206978645,0.0026763393621258213,-0.07631144137202428
1832.0,13.022435762084672,0.6819748576111027,17.78046181870097,0.11143037164601424,0.04298286958788653,-0.02644642115956639,0.1796128328681709,-5.669567270924417,-7.2157,0.0,7.5938950253,6.351542128535519,0.2947817423205832,0.11370836334735326,-0.0699622732330694,0.034957542266251064,-0.022512946186255305,0.040416256868735415,-0.16696989254478958,0.0026224882345677603,-0.07546791257147237
1833.0,13.021208265528212,0.6888383683113367,17.801053912858265,0.11866936772042812,0.04169073719084557,-0.03163976717767068,0.2975527720743492,-5.627045283278491,-7.2157,0.0,7.5938950253,6.315883651589828,0.3139616258801088,0.11030050874978212,-0.08370882002988522,0.0349719082852657,-0.022518719048276098,0.04081625154054706,-0.1675795676495601,0.002573838030359717,-0.07460824638609145
1834.0,13.019970127323694,0.6917333694511809,17.826948966440753,0.12544841303305443,0.039596951530164105,-0.036911236202146695,0.4229908188027345,-5.5861168595159585,-7.2157,0.0,7.5938950253,6.277850228967139,0.3319283982011,0.10477097619075357,-0.09766474690255948,0.03497891604027809,-0.022610881300495746,0.041253799718655074,-0.168208912586749,0.0025312603405021404,-0.0737541093857482
1835.0,13.018730069011129,0.6899712193480625,17.858142339173945,0.13172554848707843,0.0366511399316441,-0.04212215546546727,0.5554417595277331,-5.547583661008168,-7.2157,0.0,7.5938950253,6.23755488035623,0.3485704920007258,0.09698578616747107,-0.11146311875990607,0.03497721384914051,-0.022799206535173165,0.04171997123426579,-0.16884168763919516,0.002495681758496308,-0.07293073093616391
1836.0,13.017498490749668,0.6828380300162751,17.894478846031955,0.13745875550521255,0.032830275763757064,-0.04711622242171191,0.6943658501871738,-5.5122844579923,-7.2157,0.0,7.5938950253,6.195122488008575,0.3637760457986319,0.08688328259574066,-0.12469015176620919,0.03496535629390638,-0.02309202798723732,0.04220035569344821,-0.16945846306557644,0.0024680553496366957,-0.07216611094843964
1837.0,13.016287579329463,0.6696254682835565,17.935638132936,0.1426068284398854,0.028144319338038116,-0.05172561365849217,0.839168455785614,-5.481066712485096,-7.2157,0.0,7.5938950253,6.150692180768653,0.3774352102942041,0.07448911951938918,-0.13690135375964493,0.0349418557335963,-0.023495576732457647,0.04267485044623144,-0.17003716104746508,0.0024493237976736704,-0.07148986464641349
1838.0,13.015111346334493,0.6496663702462112,17.98112729162756,0.14713046361156068,0.022640341791770935,-0.05577899525529526,0.9892012108805149,-5.454753463686083,-7.2157,0.0,7.5938950253,6.104419833932294,0.38944303560228644,0.05992724564328622,-0.14764271587166308,0.03490524733118006,-0.024013371549383142,0.04311784418524539,-0.1705538700725428,0.002440375605281218,-0.07093173862938924
1839.0,13.013985579636563,0.6223732297973255,18.030282446214315,0.15099351162026736,0.016404465505338854,-0.059111011402342706,1.1437649505818348,-5.434107215880233,-7.2157,0.0,7.5938950253,6.0564804456775585,0.39970279999829833,0.04342511624903044,-0.15647584134387643,0.034854165853305696,-0.024645725484111404,0.04349886777521008,-0.17098390758436557,0.0024419967744249644,-0.07051987996919
1840.0,13.012927694400261,0.5872770106555212,18.08228047489772,0.15416430901024844,0.009561087929984394,-0.061572568015464076,1.30211455630117,-5.41979309494042,-7.2157,0.0,7.5938950253,6.0070701055959415,0.40812955932187944,0.0253117120853366,-0.1630052066642562,0.03478743077736613,-0.025389430888458703,0.043783743932286824,-0.17130307366738395,0.0024548213611843366,-0.07027898677663906
1841.0,13.011956475104268,0.5440633143411839,18.136161217536728,0.15661698074502398,0.002269094558032086,-0.06304101664302016,1.4634657248396623,-5.412343938422478,-7.2157,0.0,7.5938950253,5.956407252763662,0.4146536300662535,0.00600757523849456,-0.1669051865879871,0.03470413439104998,-0.026237671553855986,0.04393621262196292,-0.1714890069317613,0.0024792850068026356,-0.07022850587787768
1842.0,13.011091707724896,0.49260281269481393,18.190859538397223,0.15833259192217428,-0.005284909527702533,-0.06342922974656585,1.6270035158443188,-5.412130126770199,-7.2157,0.0,7.5938950253,5.904732939465013,0.4192236834731128,-0.01399307124407226,-0.16794416747303706,0.03460372590661375,-0.027180188143700778,0.04391994592247063,-0.1715225295590302,0.002515585818950869,-0.07038106200844568
1843.0,13.010353710704585,0.43297308253375194,18.245245584673174,0.15930002999462733,-0.012895955050476034,-0.06269257862713652,1.7918923778682807,-5.41933679453652,-7.2157,0.0,7.5938950253,5.8523098770702715,0.42180913412059046,-0.034147084803956486,-0.16600312195416014,0.034486083520416,-0.02820369431125114,0.04370080439680667,-0.17138885719468774,0.0025636566969742714,-0.07074129653456304
1844.0,13.009762783783971,0.3654696012386377,18.298170645654363,0.1595165197417568,-0.020351909008414486,-0.06083299856099362,1.957287213959764,-5.433950539834578,-7.2157,0.0,7.5938950253,5.799420141073216,0.4224015607689018,-0.05389208681143631,-0.16108647292465728,0.03435156627395863,-0.029292510035302987,0.04324913899269196,-0.17107855527096594,0.002623152302445487,-0.07130525895280533
1845.0,13.009338603453193,0.2906045627337686,18.348515344893723,0.15898770939869245,-0.027445515402992553,-0.057899629610925436,2.1223449469522206,-5.455756978984525,-7.2157,0.0,7.5938950253,5.746361541718294,0.42101499205586895,-0.07267840698543436,-0.1533238776310215,0.034201038659912864,-0.030429352139951273,0.0425419178925874,-0.1705881462484078,0.002693452514987332,-0.07206043594682326
1846.0,13.00909960161908,0.20909331247503177,18.395236570438783,0.15772731374834187,-0.033986141186387986,-0.05398591908380924,2.2862359879623835,-5.4843494972118885,-7.2157,0.0,7.5938950253,5.69344280968692,0.4176850147226263,-0.09000027670826262,-0.14296261612185368,0.03403586333294463,-0.03159620380042918,0.04156446463520866,-0.16992031018418202,0.0027736825022288045,-0.07298642781591343
1847.0,13.009062368107871,0.12182937727412488,18.437409658317293,0.1557563500026899,-0.03981012596091633,-0.04922349098858041,2.4481550152719347,-5.519148502299053,-7.2157,0.0,7.5938950253,5.640977879573178,0.41246679474357134,-0.10542334263195959,-0.13035138248808603,0.03385786066792499,-0.03277517898059446,0.04031163262578347,-0.16908366741839612,0.0028627477820444987,-0.07405620442234358
1848.0,13.00924111728265,0.029850099167150396,18.474262850142093,0.15310204601818792,-0.04478882199176484,-0.043773453283497236,2.607330528398713,-5.55942955848,-7.2157,0.0,7.5938950253,5.58927965764715,0.4054322183574283,-0.11860606654191932,-0.11591725082357976,0.03366923768480251,-0.033949304682728824,0.03878830501325226,-0.1680921784302561,0.002959381160003621,-0.07523780659007782
1849.0,13.00960483582182,-0.06570341037760674,18.50517412317229,0.14979649782370538,-0.04883359371250907,-0.03781552942379707,2.7630327363153158,-5.604358000447529,-7.2157,0.0,7.5938950253,5.538654590069922,0.3966676478763823,-0.12931348220229513,-0.10013716827606581,0.033579509414703536,-0.03514892107635568,0.03704932054419252,-0.16852377690907677,0.0030614507179748222,-0.07629985116417057
1850.0,13.01001790873119,-0.163628704642234,18.52964462953165,0.1458752698019677,-0.051897441964077175,-0.03153643143123596,2.914579320524261,-5.653026984623597,-7.2157,0.0,7.5938950253,5.489398279981364,0.38627180069484573,-0.13742232241376073,-0.08350719195220799,0.03353682792493688,-0.03633947674962454,0.035099333058055154,-0.16960385415316556,0.003169012753954995,-0.07730979560963469
1851.0,13.010475974462473,-0.2627112091502452,18.54745594615019,0.14137625572145546,-0.0539746784294107,-0.025122420973150848,3.061339530559191,-5.704496601138284,-7.2157,0.0,7.5938950253,5.441785391988039,0.3743454135854827,-0.14291772841692835,-0.06652081017049828,0.03349334051278306,-0.03748750866062336,0.032950200221528995,-0.17061617647790106,0.0032814752859656165,-0.07832669193930147
1852.0,13.010980773303396,-0.36176369712964684,18.558582160325926,0.13633829496104863,-0.055097079164240684,-0.018748399565328547,3.202736295204375,-5.757831405941164,-7.2157,0.0,7.5938950253,5.3960677088115165,0.36099156114697933,-0.1458840352068385,-0.04964132806581525,0.03344980821879584,-0.03858217471487203,0.030637435217039308,-0.17155489633568433,0.0033977259150872576,-0.07932205567457129
1853.0,13.011533118147218,-0.45966249909158835,18.563169135778764,0.13080012920976705,-0.05532822698804324,-0.012570395914421339,3.3382463325293634,-5.812133864176772,-7.2157,0.0,7.5938950253,5.352471365085184,0.34631310625431644,-0.14648984116097025,-0.03328202259638713,0.03340694686806782,-0.03961508205695222,0.02820042063827506,-0.17241598139021425,0.0035166760862008345,-0.08027084097227892
1854.0,13.012132940734151,-0.555376946612379,18.561511846962194,0.12479961731656354,-0.054756613709052174,-0.00672031992201549,3.4673987044686103,-5.8665721904024455,-7.2157,0.0,7.5938950253,5.311195243790067,0.33041061262881954,-0.1449697256298104,-0.017792242237910264,0.033365394690979856,-0.040580229456534035,0.025680475340546995,-0.17319707445291752,0.0036372887059417953,-0.08115226900947348
1855.0,13.012779376639092,-0.6479910505133518,18.55402749441786,0.11837321360765583,-0.053488204565756294,-0.001302954744354828,3.589772173328418,-5.920401655968481,-7.2157,0.0,7.5938950253,5.272410605455129,0.31338095350364636,-0.1416045407331131,-0.0034494391738943845,0.033325689956149825,-0.041473832216490515,0.023119025048735566,-0.17389730728328978,0.003758599723209775,-0.08195028110166815
1856.0,13.013470876716735,-0.7367172696971279,18.54122665369773,0.11155569600771817,-0.05163910557612183,0.0036049650802173865,3.7049917535088372,-5.972979057467452,-7.2157,0.0,7.5938950253,5.2362617877703235,0.29531658109304454,-0.13670197627907751,0.009543268524593806,0.03328825910736151,-0.04229406335360978,0.020555990788449455,-0.1745170868621495,0.0038797332232782746,-0.08265364311012229
1857.0,13.014205332596918,-0.8209028309614876,18.5236844522103,0.10438011094009712,-0.04932883872358734,0.007953896004744691,3.8127248420269595,-6.023770583259357,-7.2157,0.0,7.5938950253,5.20286775229787,0.2763053701695979,-0.1305787368953769,0.021054817436845914,0.03325341460299002,-0.0430407445696442,0.018028470537154135,-0.17505787099063555,0.003999910142022526,-0.08325575332152205
1858.0,13.014980205075041,-0.9000295003905054,18.502013403573535,0.0968778904684329,-0.04667457531655331,0.011719242358896636,3.9126772748911827,-6.07235372603396,-7.2157,0.0,7.5938950253,5.172324225643454,0.25643091837635806,-0.1235452604859333,0.031020246892619948,0.03322136075384313,-0.04371501721885822,0.015569751706621,-0.17552194742737626,0.0041184511515321275,-0.08375422063925966
1859.0,13.01579264639853,-0.973707983515187,18.47683910490491,0.08907909254216222,-0.04378652522683214,0.014898150798342195,4.004589598433105,-6.118414166054074,-7.2157,0.0,7.5938950253,5.144706182538887,0.23577317351675994,-0.11589350222798411,0.03943219663574638,0.03319220538205436,-0.04431901820985869,0.01320865875306269,-0.17591222753367644,0.0042347745867806035,-0.08415028488647994
1860.0,13.016639610079082,-1.0416682450519796,18.448779567933045,0.08101271633464352,-0.0407645436517989,0.01750574700392195,4.088233771674903,-6.161738687746538,-7.2157,0.0,7.5938950253,5.1200704426945585,0.21440926086387313,-0.10788794734065317,0.046330927363014494,0.03316597504317897,-0.04485557941355615,0.010969213873434743,-0.1762320618773276,0.004348390458641695,-0.08444814799857617
1861.0,13.01751794438884,-1.1037470340237128,18.41842856741906,0.07270704967166032,-0.03769591125730287,0.01957117030415126,4.163410443501229,-6.202205225611036,-7.2157,0.0,7.5938950253,5.098458191587323,0.19241439665296303,-0.099759735178537,0.051793807380049295,0.03314263176006131,-0.045327962998503474,0.008870570628907243,-0.17648508208978197,0.004458891660922657,-0.08465427664136956
1862.0,13.018424467982324,-1.1598737921174662,18.386343056256287,0.064190013003032,-0.034654166495078555,0.02113369418096064,4.229946876555562,-6.239771074946933,-7.2157,0.0,7.5938950253,5.079897282829467,0.1698627935656165,-0.09170357278575388,0.05592502889460115,0.03312208960828838,-0.04573963935316709,0.006927169779978062,-0.1766750704183123,0.004565943434006119,-0.08477672527186947
1863.0,13.01935602785145,-1.2100559570216247,18.353034440744885,0.05548947278355139,-0.03169882255402843,0.022239147123763858,4.287695528651608,-6.274460184976589,-7.2157,0.0,7.5938950253,5.064404227954965,0.14682848624033012,-0.08387699319768072,0.05884612240226898,0.03310422995700714,-0.046094109552610896,0.005149062834445592,-0.17680585620600286,0.0046692720336723,-0.08482451607033348
1864.0,13.020309541063407,-1.2543644734211554,18.318963327532078,0.046633505498042155,-0.02887578039555673,0.022936777067673362,4.336533252923567,-6.3063502977458015,-7.2157,0.0,7.5938950253,5.051985824324646,0.12338602698660134,-0.07640145815962557,0.060687648591556585,0.03308891462644288,-0.04639477071428756,0.003542350229678883,-0.17688123691668045,0.004768653393704067,-0.08480709989643717
1865.0,13.021282022470723,-1.2929201179500032,18.284537241224754,0.037650601162454556,-0.026218248698191317,0.023276639463593634,4.376361041695104,-6.3355605279482985,-7.2157,0.0,7.5938950253,5.042640409998295,0.09961102200292013,-0.06936480341137022,0.06158227954336619,0.033075996619871414,-0.04664482009899597,0.0021096861922767357,-0.176904920288702,0.00486390239077989,-0.08473391148161996
1866.0,13.022270600904147,-1.325881048815924,18.25011075835079,0.028569801541561267,-0.023747995664422202,0.023307536943179413,4.40710421574524,-6.362239813082016,-7.2157,0.0,7.5938950253,5.036358764266092,0.07558049538906447,-0.06282456229887762,0.0616593428519894,0.03306532839569379,-0.04684719234251551,0.0008508097103807552,-0.17688048366872547,0.0049548631398054176,-0.08461402302341525
1867.0,13.023272526366991,-1.353431818247376,18.215987496962565,0.01942077336625359,-0.0214767813150438,0.02307549862596703,4.4287129489031525,-6.3865565119762575,-7.2157,0.0,7.5938950253,5.033124693728881,0.05137308162083551,-0.05681176638247442,0.06104079647071058,0.033056767858232076,-0.047004523588802846,-0.00023693049194898827,-0.17681134644264265,0.005041400581875507,-0.08445589340730575
1868.0,13.0242851705497,-1.3757739433282385,18.182423429297412,0.01023382051108123,-0.019407847659590933,0.022622758986261628,4.4411630156919095,-6.408689300251853,-7.2157,0.0,7.5938950253,5.032915356923614,0.02706905691868144,-0.05133489808597986,0.05983852755612076,0.03305018237176535,-0.047119136350199174,-0.0011580805177815838,-0.17670075164219293,0.0051233934849765975,-0.08426720539976432
1869.0,13.025306022667962,-1.3931180209020653,18.14963103606353,0.0010398415291635946,-0.017537374439123527,0.021987178523175627,4.444456654790186,-6.428819407521547,-7.2157,0.0,7.5938950253,5.035701386619482,0.0027502264144384637,-0.04638375085977869,0.05815282180742583,0.03304545115689179,-0.047193039457555624,-0.0019186309298543786,-0.17655175317081923,0.005200728864305814,-0.08405478011125989
1870.0,13.026332682269302,-1.4056772945735165,18.117783885340696,-0.008129759665868423,-0.015855837356194374,0.02120203939485198,4.438623451166989,-6.447124164009379,-7.2157,0.0,7.5938950253,5.0414468694358625,-0.021500312276714898,-0.041933029828448806,0.05607182581378743,0.033042466430104916,-0.047227938313610905,-0.0025256199830336126,-0.1763672055893014,0.005273297746059835,-0.0838245564979831
1871.0,13.027362850303184,-1.4136625337320294,18.08702128907067,-0.017243201601370793,-0.014349232031300395,0.0202961466148653,4.4237211529012885,-6.46377177249861,-7.2157,0.0,7.5938950253,5.050109238766581,-0.045598506926779823,-0.037945595678775014,0.05367181822726594,0.03304113361446858,-0.04722525168124099,-0.0029867932343123696,-0.1761497539809131,0.0053409921444304825,-0.08358162329195129
1872.0,13.028394319440306,-1.4172780619139396,18.057452760091493,-0.026268483159196464,-0.013000149244960539,0.01929416732760827,4.399836353340041,-6.478917192349534,-7.2157,0.0,7.5938950253,5.061639130435594,-0.06945976784598845,-0.03437531368087501,0.05101811076168437,0.033041370896852294,-0.04718613230679314,-0.003310317892162639,-0.17590182204755386,0.005403703093237907,-0.08333029116052744
1873.0,13.029424964374003,-1.4167187699196622,18.029162059062948,-0.03517356359056592,-0.011788704771096163,0.018217145252674982,4.367084984212047,-6.492699012079248,-7.2157,0.0,7.5938950253,5.075980242159586,-0.09299944310728937,-0.031169516726540728,0.04816641223005848,0.03304310834736369,-0.04711148970639756,-0.0035045471645678734,-0.1756255972575352,0.005461319566964244,-0.08307419377414452
1874.0,13.030452732644525,-1.412167962875729,18.0022106815619,-0.04392655716507863,-0.010693340104809847,0.017083133115738808,4.3256125798471246,-6.505237191505773,-7.2157,0.0,7.5938950253,5.0930692286300445,-0.11613333207877279,-0.028271125659955144,0.04516450409760731,0.03304628675800919,-0.04700201436146481,-0.0035778279780419794,-0.17532301256534807,0.005513728136224767,-0.08281640753955474
1875.0,13.031475636390905,-1.4037959149066859,17.976640690549132,-0.0524959355778557,-0.009691518724492806,0.01590789166160643,4.275594286344017,-6.516631569419986,-7.2157,0.0,7.5938950253,5.1128356545133,-0.13877821906882626,-0.02562049221244172,0.04205409141939038,0.0330508563058811,-0.04685820332841334,-0.0035383446266795994,-0.174995724947174,0.005560813225089447,-0.08255958084095576
1876.0,13.03249174534558,-1.3917590355479095,17.95247684868138,-0.06085073179269088,-0.008760346460439489,0.014705608995211393,4.217234602241208,-6.526961053934564,-7.2157,0.0,7.5938950253,5.135202018386655,-0.16085241036173115,-0.02315704022371033,0.03887270675356173,0.033056775104579696,-0.04668038783118978,-0.003393991006831701,-0.17464509173009046,0.005602457867405475,-0.08230606460497501
1877.0,13.0334991813311,-1.3761995841464407,17.929728049393944,-0.06896073948029413,-0.007877144433869176,0.013489598256786056,4.150766848989047,-6.5362834360868325,-7.2157,0.0,7.5938950253,5.160083851940392,-0.18227625920282636,-0.020820780511153457,0.035655556000795986,0.03306400767762258,-0.04646876374897751,-0.003152264926248479,-0.17427214641306296,0.005638544891876497,-0.08205803682432747
1878.0,13.03449611448261,-1.3572458983627302,17.908388086208042,-0.07679670262936082,-0.007019999331328038,0.012272935124203877,4.0764523803775,-6.5446357893254286,-7.2157,0.0,7.5938950253,5.187389890962699,-0.20297266440870748,-0.018553764935764872,0.03243720442396298,0.03307252336945323,-0.04622342602170597,-0.002820179369843849,-0.17387757634423215,0.005668958496974981,-0.08181761436230614
1879.0,13.035480761390902,-1.3350131271097547,17.888435836935912,-0.08433049031169058,-0.006168309034094557,0.01106899977170243,3.994579550092179,-6.552035435049033,-7.2157,0.0,7.5938950253,5.217022307939279,-0.22286752935437987,-0.016301527355549846,0.02925300946817252,0.0330822947025708,-0.04594440786987619,-0.002404187377731404,-0.17346170517698903,0.005693586203079494,-0.08158694599279608
1880.0,13.036451385326936,-1.309604474056026,17.869834973432578,-0.09153525204381761,-0.005303332496285895,0.009891891332526985,3.905462465704631,-6.558481464845454,-7.2157,0.0,7.5938950253,5.248876990789428,-0.24189016931852994,-0.014014535021599918,0.02614021610122458,0.03309329569175204,-0.04563172537355112,-0.0019101191594187751,-0.17302448341039306,0.005712321187362922,-0.08136828132014834
1881.0,13.037406298660219,-1.2811129631151144,17.852533337640857,-0.09838554979023237,-0.004408742076291747,0.0087566873342385,3.8094395654625366,-6.563956811690658,-7.2157,0.0,7.5938950253,5.282843848575544,-0.2599736567711181,-0.01164964572315727,0.02313864213125866,0.03310550013619285,-0.04528542740514818,-0.0013431320381891883,-0.17256549045610348,0.005725065014437837,-0.08116401109507082
1882.0,13.038343867514206,-1.2496237309786709,17.83646214954092,-0.10485746347486109,-0.003471165257867331,0.007679526671342514,3.7068720608896815,-6.568430854179342,-7.2157,0.0,7.5938950253,5.318807123200671,-0.2770550963692037,-0.009171536227961758,0.02029089710441796,0.03311887992499061,-0.04490565020756909,-0.0007076755930798505,-0.17208395149750394,0.005731730771015689,-0.08097667561033513
1883.0,13.039262518609537,-1.2152168336176263,17.821535230290802,-0.11092866796235891,-0.0024806919839026557,0.006677502933036902,3.5981422929634017,-6.571862519956537,-7.2157,0.0,7.5938950253,5.3566456863389105,-0.2930758243304987,-0.006554039288915218,0.017642100211941434,0.033133403407615045,-0.04449267511817972,-7.475745094038394e-06,-0.17157877186733347,0.005732246595391221,-0.08080893940104605
1884.0,13.040160748132731,-1.1779705248751378,17.807648432030796,-0.11657848085449454,-0.0014313148937957927,0.0057683654805622256,3.483652051966385,-6.574203828097075,-7.2157,0.0,7.5938950253,5.396233303221937,-0.3079815305200453,-0.0037813029335796934,0.015239090578988772,0.03314903389552376,-0.04404698714247833,0.00075445766320879,-0.1710485907476868,0.005726559563249517,-0.08066353240788152
1885.0,13.041037132340453,-1.137964928168732,17.79467946225182,-0.12178788208472391,-0.00032126381992995576,0.004970038325178481,3.3638209104838253,-6.575403777550741,-7.2157,0.0,7.5938950253,5.4374388493820085,-0.3217223059210601,-0.0008486701237235651,0.013129156720043056,0.03316572837055874,-0.043569331373164336,0.0015757951683112725,-0.1704918547111569,0.0057146398523395545,-0.08054316003380856
1886.0,13.041890339478686,-1.0952859804792465,17.78248827349439,-0.12653950809597195,0.0008468059751657426,0.004299980898984892,3.2390846150312362,-6.575412453268494,-7.2157,0.0,7.5938950253,5.480126472789247,-0.33425262292770397,0.0022368280276175,0.011358348990377326,0.0331834364773518,-0.043060763728145816,0.0024548199799639854,-0.16990691004261202,0.005696485063574742,-0.0804503870013847
1887.0,13.042719142476075,-1.0500294857965495,17.77091815757097,-0.1308176252107091,0.0020658093963362616,0.003774429115413958,3.1098935742790488,-6.574185187364264,-7.2157,0.0,7.5938950253,5.5241557015677145,-0.34553126071940915,0.00545646447848555,0.009969476579660958,0.033202099868729504,-0.04252269223402754,0.003390325953094117,-0.16929211102542516,0.005672124529909928,-0.0803875023914547
1888.0,13.043522431776708,-1.0023050781994374,17.75979763792014,-0.13460808846704517,0.0033244404691339545,0.0034075682356301236,2.9767114709394233,-6.571686584171475,-7.2157,0.0,7.5938950253,5.5693815059720375,-0.3555211923730367,0.008780371618225874,0.00899992516066594,0.03322165195447725,-0.04195690517822191,0.004381481241593852,-0.16864593960492216,0.00564162340252663,-0.08035637545320246
1889.0,13.044299227624599,-0.9522398680444778,17.748943196100498,-0.137898293499313,0.004607611287150089,0.0032106993816438593,2.8400140106368985,-6.5678941997715725,-7.2157,0.0,7.5938950253,5.615654331727095,-0.3641894538106536,0.012168703436836608,0.008479458479715745,0.033242018075948294,-0.04136558292869906,0.005427660525410192,-0.1679671302455699,0.005605086272329295,-0.0803583134353594
1890.0,13.045048691111436,-0.899981533069535,17.738162802434655,-0.1406771297940724,0.005897120790179615,0.0031914675127455096,2.7002878054326263,-6.562801662326365,-7.2157,0.0,7.5938950253,5.66282012925683,-0.37150701665896874,0.015573403827929974,0.008428182862130462,0.03326311609482358,-0.0407512910693615,0.006528251880069884,-0.16725479257521098,0.005562660069012695,-0.0803939335306599
1891.0,13.04577013335649,-0.8457006231474341,17.727260151487563,-0.1429349436978386,0.007172533995344176,0.0033532190488573823,2.5580293733936825,-6.556421031990872,-7.2157,0.0,7.5938950253,5.710720408843438,-0.377448687203232,0.018940529659327455,0.008854854489408023,0.03328485734831653,-0.040116953668720506,0.007682447477363498,-0.1665085237398422,0.005514535984382771,-0.08046306084140539
1892.0,13.0464630223015,-0.789591874760702,17.716039436517665,-0.1446635188017346,0.00841223264966537,0.0036945513411487333,2.4137442202107016,-6.548784229342798,-7.2157,0.0,7.5938950253,5.759192354582096,-0.3819930516187214,0.02221302542195446,0.009755693438521021,0.03330714789064483,-0.03946580689320313,0.008889029982967773,-0.1657285024115185,0.0054609501937801855,-0.08056466295291144
1893.0,13.047126986764077,-0.7318743786410463,17.704310439804775,-0.14585607977800033,0.009594580413343379,0.004209103807652237,2.2679459559565305,-6.539943408233707,-7.2157,0.0,7.5938950253,5.808069029592661,-0.38512248355132617,0.025333799201540358,0.011113835737225634,0.03332988991700074,-0.03880133466132174,0.01014616837777306,-0.16491555716649384,0.00540218319961683,-0.08069682926111307
1894.0,13.047761817583805,-0.6727905087102479,17.691893674034894,-0.14650732348870876,0.010699131836854055,0.004885622502956294,2.1211553911092005,-6.529970209834928,-7.2157,0.0,7.5938950253,5.85717970112468,-0.3868232241474697,0.028248913256747134,0.012899507025030295,0.03335298325577353,-0.03812718945692422,0.011451237663201993,-0.16407120346178572,0.005338557691818486,-0.08085679979903465
1895.0,13.04836746589398,-0.6126035975330937,17.678625288781372,-0.14661347841789432,0.011707806464702382,0.005708307675270132,1.9738995520746527,-6.5189539046851435,-7.2157,0.0,7.5938950253,5.906350307152049,-0.3870855373055983,0.030910681643756387,0.015070942777099583,0.033376326819564796,-0.03744710262210118,0.012800676316021286,-0.16319764557605992,0.005270434906401669,-0.08104104423666579
1896.0,13.048944038735083,-0.5515944262255771,17.664361458787656,-0.14617239046232006,0.012605948685818495,0.006657429613676065,1.8267105582845158,-6.506998502633563,-7.2157,0.0,7.5938950253,5.955404076407985,-0.38590393494515,0.033280465525587784,0.01757601607534924,0.03339981992503897,-0.03676478929458171,0.014189893382505626,-0.16229774245189765,0.005198209558304737,-0.08124538738892134
1897.0,13.049491792372358,-0.49005667736721487,17.648981998068322,-0.14518363016885594,0.013383200932566692,0.007710174330289918,1.6801243105505392,-6.49421897988215,-7.2157,0.0,7.5938950253,6.004162302514935,-0.38327745929849855,0.03533097529487046,0.020354471262531794,0.033423363422554926,-0.03608385353993196,0.015613233860980713,-0.16137493912551348,0.0051223035192347124,-0.08146517341585763
1898.0,13.050011123773807,-0.4282915700144147,17.632392994006278,-0.14364861395158438,0.014034132041333483,0.008841659960024445,1.5346789531277194,-6.480736831120232,-7.2157,0.0,7.5938950253,6.052445261105817,-0.3792100024816697,0.03704792618476534,0.023340607355341412,0.03344686061331999,-0.035407699107892404,0.017064006796739098,-0.16043316807060432,0.005043158496444074,-0.081695457398193
1899.0,13.050502560739506,-0.3666019493225584,17.614528324297495,-0.14157072994723582,0.014558582632093666,0.01002604952129789,1.3909130886853371,-6.466675197201042,-7.2157,0.0,7.5938950253,6.100073247878483,-0.37371063865037185,0.03843094695712675,0.026466214952348965,0.033470217967891104,-0.03473945062810283,0.01853457572284093,-0.15947672703641086,0.004961228035384793,-0.08193121051687888
1900.0,13.050966751150689,-0.3052861342556422,17.59535000035007,-0.1389554581845443,0.014961713071876596,0.0112376775796874,1.2493637444769767,-6.452153840801504,-7.2157,0.0,7.5938950253,6.146867706545862,-0.36679394145537036,0.039493703811689186,0.0296635490689682,0.03349334568891174,-0.03408188902693731,0.020016506230826445,-0.15851014159330454,0.004876969211208107,-0.08216752393506943
1901.0,13.051404451738353,-0.24463183258153087,17.574847365814403,-0.1358104747547163,0.015253764293480234,0.01245210824005628,1.1105641075650556,-6.4372842421356005,-7.2157,0.0,7.5938950253,6.19265240955407,-0.35848025954607604,0.04026326682722658,0.03286812009053956,0.03351615817834121,-0.033437403618387894,0.021500761074831877,-0.15753802145725762,0.0047908343868839605,-0.0823997967892261
1902.0,13.051816516672803,-0.1849104128728588,17.55303526016262,-0.1321457306559444,0.015449564654736098,0.013647049608186064,0.9750410651179607,-6.4221650646465545,-7.2157,0.0,7.5938950253,6.2372546517736955,-0.3487959254776436,0.040778806664632586,0.036021105445470915,0.03353857447299989,-0.032807961855120624,0.02297792977807043,-0.1565649196907072,0.004703263398393618,-0.08262389537807183
1903.0,13.052203886166382,-0.1263717814548057,17.52995132714742,-0.12797349780420256,0.015567834619372983,0.014803064281398033,0.8433126009146432,-6.406878199670942,-7.2157,0.0,7.5938950253,6.280506418216136,-0.33777337818231656,0.0410897582749086,0.03907122267946325,0.03356051870279151,-0.03219509628893801,0.024438477581604882,-0.15559520311801503,0.004614676482527996,-0.08283627345858172
1904.0,13.052567575179364,-0.06924005347160292,17.505652700615745,-0.12330837711725935,0.01563035340886938,0.01590403462316456,0.7158851100408783,-6.391485544314266,-7.2157,0.0,7.5938950253,6.322245490842663,-0.32545118554049784,0.04125362093198363,0.04197595527564163,0.03358192060674677,-0.031599907038288765,0.025872997944434047,-0.15463294088734242,0.004525468195908671,-0.08303404714926117
1905.0,13.0529086622366,-0.013710138448921487,17.48021233182612,-0.11816726629075067,0.01566105686976244,0.016937363131311636,0.5932506996665377,-6.376026604462981,-7.2157,0.0,7.5938950253,6.36231646601406,-0.3118739607436143,0.04133357729869148,0.04470207943473843,0.033602716117904836,-0.031023077116658682,0.02727245367386052,-0.1536818162628008,0.004436002492819157,-0.08321502185954091
1906.0,13.053198902162949,0.040054999879302874,17.453697354475214,-0.1125684776837004,0.01568518419467511,0.017894248754458258,0.47588472705206897,-6.360516940171165,-7.2157,0.0,7.5938950253,6.400571940050468,-0.29709070437598917,0.04139633507132259,0.04722649782720606,0.033688088091174455,-0.03048139443046757,0.02864599672642327,-0.15363063270767122,0.004364678231012437,-0.08327056560265537
1907.0,13.053365248593812,0.09192553286781734,17.426155403953118,-0.10653128028488101,0.015728421112442832,0.018769553333615272,0.36424481191588826,-6.344947363249826,-7.2157,0.0,7.5938950253,6.436872896117643,-0.2811537512297456,0.04150991694513615,0.0495359702290337,0.03379199155296445,-0.029963122690173767,0.029973495623951418,-0.15385346546489065,0.004298062799901721,-0.08327590698556334
1908.0,13.053410985820156,0.1418042759547991,17.397685287928752,-0.10007910532986283,0.015815964934283777,0.019559886957152984,0.2587674420710422,-6.329284060437179,-7.2157,0.0,7.5938950253,6.471088336391978,-0.26412446389369176,0.04174081338417632,0.05162161111803702,0.03389189574331334,-0.029462159179819706,0.03124208224191035,-0.15404684318690698,0.0042299964213182405,-0.08326758082517557
1909.0,13.053342078237588,0.18962774847669162,17.36839025617435,-0.09323727600540864,0.015972074924614447,0.020263789694321997,0.1598648873973207,-6.313469310060051,-7.2157,0.0,7.5938950253,6.503097058536743,-0.24606910162427945,0.04215303466767484,0.05347960321466163,0.03398766407489982,-0.02897775333143899,0.03244593396341512,-0.15421135246216855,0.004160638237553858,-0.08324565650829416
1910.0,13.053164567189063,0.23536547030738614,17.33837461389545,-0.08603274212562365,0.01621959535523136,0.020880975946801047,0.06792332408424182,-6.297422645237757,-7.2157,0.0,7.5938950253,6.532788115545142,-0.2270581935109994,0.04280686550081915,0.05510921261005787,0.03407922294971477,-0.028508892141777178,0.03358031025338157,-0.15434791046345087,0.004090143718430154,-0.08321035794812383
1911.0,13.052884492482814,0.27901873037900476,17.30774270486999,-0.0784938719372301,0.01657960419661043,0.02141148455600216,-0.01669875127955288,-6.281042409500723,-7.2157,0.0,7.5938950253,6.560061139879728,-0.2071660014914621,0.043757942154637616,0.056510547027293065,0.03416656008729069,-0.028054334980397735,0.03464158333759951,-0.15445778266209276,0.0040186633523451405,-0.08316191782252452
1912.0,13.052507817071781,0.32061897991116867,17.2765987826355,-0.07065023649613443,0.017071170662289366,0.02185480908305385,-0.0936718050994063,-6.26420759410981,-7.2157,0.0,7.5938950253,6.584826574020979,-0.1864699628149969,0.04505661575216006,0.05768226178929893,0.034249722078357324,-0.027612646029972786,0.03562724055576966,-0.15454260791133131,0.003946341353710848,-0.08310043066525652
1913.0,13.052040355573448,0.3602259469112049,17.24504777282832,-0.06253239212499179,0.01771118873911267,0.02220904747854707,-0.16269624527482934,-6.24677987228121,-7.2157,0.0,7.5938950253,6.607005819192415,-0.1650501262652064,0.046747514981585754,0.058619316581352346,0.03432881131155008,-0.027182225036285163,0.03653586637287835,-0.15460443001861102,0.003873314408564348,-0.08302571143222855
1914.0,13.051487707152022,0.3979255321360665,17.21319689265142,-0.05417166565445845,0.01851424641051172,0.022470103693159327,-0.22350310130406448,-6.228605780014064,-7.2157,0.0,7.5938950253,6.626531312150131,-0.14298859437866504,0.048869201975542995,0.05931086858436423,0.03440398237083295,-0.026761337909150112,0.037367112436146314,-0.15464573440986196,0.003799710500350377,-0.08293716500779344
1915.0,13.050855193206361,0.4338275044869745,17.1811580628483,-0.045599946410805614,0.019492486804737683,0.022630967817406745,-0.2758544199778968,-6.209519032657785,-7.2157,0.0,7.5938950253,6.64334653714476,-0.12036898200127123,0.05145380593700647,0.05973837191263169,0.03447543793838321,-0.026348149414327802,0.03812166363854361,-0.1546694879620022,0.0037256478821960978,-0.0828336710916647
1916.0,13.0501478003176,0.46806296978133777,17.14905102222394,-0.036849488368370695,0.020655417768843692,0.022681097143445406,-0.319543397036333,-6.1893430071626385,-7.2157,0.0,7.5938950253,6.657405976943976,-0.09727590014417122,0.05452651977775667,0.059873942314483085,0.03454342416824605,-0.0259407606949835,0.03880120702855626,-0.1546791795160793,0.0036512342893999226,-0.08271348819145935
1917.0,13.049370129012415,0.5007815447755478,17.11700703252125,-0.02795272561747806,0.022009630036631048,0.02260591878046584,-0.3543942709035685,-6.167893458797565,-7.2157,0.0,7.5938950253,6.668675003573113,-0.07379447344980762,0.058104854660852745,0.05967904153899468,0.03460822542691513,-0.02553725463802524,0.03940840874290093,-0.15467885796013287,0.003576566514856338,-0.08257418014672735
1918.0,13.048526349085853,0.5321481315904536,17.08517303971215,-0.018942104334440428,0.02355839087368227,0.022386475356897823,-0.38026201023147643,-6.14498157497645,-7.2157,0.0,7.5938950253,6.6771297065669035,-0.05000989972842329,0.062197564988264904,0.05910353823971543,0.03467015823492484,-0.02513575214118077,0.03994690208108928,-0.1546731640771186,0.003501730498753272,-0.08241256876009259
1919.0,13.047620162488226,0.5623391593743636,17.053716133862352,-0.009849934754904735,0.025301089583136892,0.02199923870239178,-0.397031832957144,-6.1204174949713135,-7.2157,0.0,7.5938950253,6.682756654345678,-0.026007060910773535,0.06680318136827526,0.058085211238466015,0.034729564195042834,-0.024734482126344062,0.0404212875121103,-0.15466735159534986,0.003426802109571232,-0.0822247166684687
1920.0,13.04665477509335,0.5915381429468596,17.022828121461174,-0.0007082671711002315,0.027232523411118027,0.02141612161052549,-0.4046186012743998,-6.094014440155986,-7.2157,0.0,7.5938950253,6.6855525831028455,-0.0018701961893698067,0.0719081210996712,0.05654977480442486,0.03478680166372397,-0.024331867663897368,0.04083714289942252,-0.15466729208498253,0.003351848813055739,-0.082005945442745
1921.0,13.045632879003271,0.619930405004691,16.992729990065403,0.008451203420055675,0.02934202718539458,0.02060472386601339,-0.4029661444757254,-6.065593602542657,-7.2157,0.0,7.5938950253,6.6855240075473485,0.02231735022142999,0.07748438469119899,0.05441152175350767,0.03484223591846539,-0.02392662979479926,0.04120103962221486,-0.15467945756777055,0.003276932435693606,-0.08175089488791104
1922.0,13.044556647374748,0.6476968219038408,16.96367600504151,0.01759719885248999,0.03161246748581669,0.019528854386461576,-0.39204656989305897,-6.034989927282725,-7.2157,0.0,7.5938950253,6.682686749186566,0.04647329279606328,0.08348689298731814,0.051574695238798936,0.0348962275990378,-0.023517909530240425,0.04152055761845491,-0.15471087403068728,0.0032021132249995814,-0.08145363040510806
1923.0,13.043427744037665,0.6750064856713996,16.935957133313025,0.026698880059584987,0.03401914224164212,0.018149375018116684,-0.37185963066220107,-6.002058895067227,-7.2157,0.0,7.5938950253,6.677065380738627,0.0705164651579525,0.08985057250463095,0.047935709971631386,0.03494911925851696,-0.023105407040616158,0.041804289745752954,-0.15476903856921928,0.0031274553858661545,-0.08110780580671459
1924.0,13.042247350374486,0.7020082291586183,16.909903442241728,0.035725824801954964,0.03652864912013783,0.01642541146780066,-0.34243222688661784,-5.966684360710811,-7.2157,0.0,7.5938950253,6.66869258986943,0.09436676297908193,0.09648735592739813,0.043386343615809835,0.035001219952228574,-0.02268953519372721,0.042061823345536,-0.15486179277578635,0.0030530342253889814,-0.08070688884571206
1925.0,13.041016212000647,0.7288210390262023,16.88588507787955,0.044647956438642965,0.03909781026097837,0.014315971152448807,-0.3038181227348724,-5.928787432815208,-7.2157,0.0,7.5938950253,6.657608471841411,0.11794495722625009,0.10328332866047955,0.037818004224856414,0.03505278791867625,-0.02227158236621536,0.0423036846513916,-0.15499714540394044,0.0029789449631801488,-0.08024445561136659
1926.0,13.039734707687835,0.7555234834711082,16.864311392553947,0.053435421081354295,0.04167276559904991,0.011781994502383144,-0.25609796448754374,-5.8883362853501895,-7.2157,0.0,7.5938950253,6.643859768821297,0.14117237026051963,0.11009631768358502,0.03112714481589867,0.035104011563265064,-0.021853876871303794,0.042541229921513456,-0.155183038473934,0.002905313156216403,-0.07971455753444998
1927.0,13.03840294266863,0.7821424075442877,16.845627775682985,0.06205841331277073,0.04418837024716595,0.00878884374293102,-0.19937968172962814,-5.845356675807414,-7.2157,0.0,7.5938950253,6.627499083351702,0.16397041478358973,0.11675428054406278,0.02322183692859573,0.03515498913751686,-0.02143994251832844,0.042786466201494545,-0.15542705304628435,0.00283230654431519,-0.07911216074618935
1928.0,13.037020867922301,0.8086412954398162,16.83030975399356,0.07048695470792297,0.04656805036897014,0.005309200122377318,-0.13379934385926673,-5.7999428090152305,-7.2157,0.0,7.5938950253,6.608584104455047,0.18626000635334863,0.12305490276220539,0.014029427893755268,0.035205707705437836,-0.021034631924803655,0.04305178483261335,-0.15573605407655056,0.0027601479445986464,-0.07843365172885566
1929.0,13.035588426247452,0.8349088598573127,16.81885397899157,0.07869063470215235,0.04872428295997204,0.0013262964749068606,-0.05952252510373847,-5.752268036467007,-7.2157,0.0,7.5938950253,6.58717689632432,0.20796087425027207,0.1287668414408693,0.0035050902242772302,0.03525602219504439,-0.020644221521006915,0.04334959269144442,-0.1561157782386704,0.0026891286149327803,-0.07767739550006211
1930.0,13.034105724867958,0.8607485829635315,16.81176582153384,0.08663832977826398,0.05055986348162454,-0.0031626423167579014,0.023253797993110448,-5.702594727557929,-7.2157,0.0,7.5938950253,6.563343310521461,0.22899081255468573,0.1336330496091331,-0.0083590719695051,0.03530563553664612,-0.02027645011718863,0.04369183021278211,-0.15657037444504385,0.0026196212768478454,-0.07684432311930363
1931.0,13.03257323299495,0.8858700864154476,16.80954345493301,0.09429792416617194,0.051970106389004164,-0.008142940403527352,0.11429883259987204,-5.651282505190634,-7.2157,0.0,7.5938950253,6.537152591606082,0.24926493252308296,0.1373765666298702,-0.0215248586665376,0.03535408108108238,-0.019940481956638095,0.04408937203739205,-0.1571019139334901,0.002552091754269744,-0.07593851453450129
1932.0,13.030992001189901,0.9098833292932599,16.812658534676938,0.10163606265997903,0.05284608239470118,-0.013579247867091752,0.21334510509848525,-5.598793922014992,-7.2157,0.0,7.5938950253,6.508677251308252,0.26869499715114226,0.13970905195331373,-0.03589942262097883,0.03540070866313218,-0.019646775955061493,0.044551316059683176,-0.1577098949472458,0.002487107970031259,-0.07496773154556904
1933.0,13.029363897560712,0.9322966982740208,16.821533873709466,0.10861797285123087,0.05307892899886299,-0.01941286776599731,0.3200852697624348,-5.545696587294494,-7.2157,0.0,7.5938950253,6.477993285568515,0.2871889367849677,0.14034216239467875,-0.05132816151245968,0.035444675821219976,-0.01940684595358109,0.04508417989153169,-0.15839077561390796,0.0024253448806522437,-0.07394384528407412
1934.0,13.027691853803331,0.9525200369947011,16.836518857270537,0.11520739883563921,0.0525651758957602,-0.025559992610474275,0.43416877587498615,-5.492660762694732,-7.2157,0.0,7.5938950253,6.4451807996894335,0.3046506575705568,0.13900162284543674,-0.06759000407073427,0.035484945795906504,-0.01923290282591434,0.04569104001717114,-0.1591375766711717,0.0023675838619257672,-0.0728830949331058
1935.0,13.025980111922255,0.9698735348401899,16.857863718711307,0.12136668981686599,0.05121290672654843,-0.03191122676979763,0.5551986381897971,-5.440451552521837,-7.2157,0.0,7.5938950253,6.410325087362026,0.3209802585499287,0.13544352298794018,-0.0843960878777434,0.035520293990723706,-0.019137378464251686,0.04637066722488625,-0.159939601837728,0.0023147051284195925,-0.07180611170164057
1936.0,13.024234460204042,0.9836031380356777,16.885694172233936,0.1270570834770076,0.04894844110282754,-0.03833274736967261,0.6827286061732205,-5.389915039972714,-7.2157,0.0,7.5938950253,6.373518178008392,0.33607476425254235,0.1294720085963495,-0.1013927652270269,0.03554932455942645,-0.019132343855772917,0.04711673042545376,-0.16078232620861474,0.002267672022220588,-0.0707376467602121
1937.0,13.022462444815234,0.9929027477885282,16.919988221803337,0.13223921419708495,0.04572308022108788,-0.044669379284181174,0.8162610609100887,-5.341958075770919,-7.2157,0.0,7.5938950253,6.334860823559447,0.3498294541754168,0.12095716307814058,-0.11816967204637427,0.035570498632751975,-0.01922884783908594,0.04791715690130025,-0.16164750026142316,0.0022275064718259886,-0.06970595610607734
1938.0,13.020673541470957,0.9969429389750811,16.96055717944261,0.1368738594899203,0.04151933660328242,-0.050749723074631645,0.9552459771217648,-5.297521903251611,-7.2157,0.0,7.5938950253,6.2944648422266924,0.3621398266694476,0.10985154811135005,-0.1342732351250971,0.03558217534302791,-0.01943621811392977,0.04875374672888329,-0.16251350731536468,0.0021952556091254334,-0.0687418204170921
1939.0,13.018879270300209,0.9949052997663413,17.00703297007714,0.14092291470230447,0.03635598918715364,-0.05639328033455175,1.0990812651645967,-5.257550377465702,-7.2157,0.0,7.5938950253,6.252455677232044,0.37290417329313175,0.09620365943132075,-0.14922547995028063,0.03558266616306933,-0.019761379348061676,0.04960213853495811,-0.16335599472414158,0.002171950412638273,-0.06787721349522449
1940.0,13.017093236748781,0.9860208154648137,17.05886362173906,0.14435055792958595,0.03029129560981328,-0.06141928334304424,1.247114750774034,-5.222954154185944,-7.2157,0.0,7.5938950253,6.2089749696507575,0.3820266652646554,0.0801665252586534,-0.1625473731104926,0.03557030207718697,-0.020208251990452262,0.050432209251519367,-0.16414877408498355,0.0021585582442427867,-0.06714367623145037
1941.0,13.015331082600929,0.9696100810082857,17.11531840887261,0.1471245375102876,0.02342377530426577,-0.06565668340881074,1.3986479594186125,-5.194572814534105,-7.2157,0.0,7.5938950253,6.164182895542391,0.3894207750123981,0.0619998872184432,-0.17378526363092156,0.03554351172947065,-0.020777296921733916,0.05120896001197406,-0.1648649553518117,0.0021559321424915556,-0.06657049891938735
1942.0,13.013610334418852,0.9451226241310441,17.175503437436294,0.14921748810030425,0.015890158879263,-0.06895452473106195,1.5529417529482439,-5.173137364402351,-7.2157,0.0,7.5938950253,6.118259988533395,0.3950127853036752,0.04206488125303595,-0.18253838219685456,0.03550090702547903,-0.02146526338938471,0.051893894365242915,-0.1654782477572106,0.0021647605692700876,-0.06618285578066423
1943.0,13.01195014216585,0.9121723531885096,17.23838758245611,0.15060816343001426,0.007860371643928875,-0.07119177345164424,1.7092237290000931,-5.1592358161777865,-7.2157,0.0,7.5938950253,6.071408169366296,0.39874508997314445,0.020810854650898363,-0.18848493643251188,0.03544137090038712,-0.022265180344296788,0.05244683769880036,-0.1659643320605702,0.0021855218075132136,-0.0660000632815261
1944.0,13.010370908425848,0.8705661882693121,17.302837705475305,0.1512824691437952,-0.00047024864840554387,-0.0722856259031574,1.8666971523099498,-5.1532845517435915,-7.2157,0.0,7.5938950253,6.023850740012904,0.4005789764708804,-0.0012451655722650777,-0.1914042135994009,0.035364140432867244,-0.023166605897632357,0.05282808589806881,-0.16630218948527437,0.0022184472308632757,-0.06603414059420959
1945.0,13.008893817910595,0.820323326897517,17.367661120294233,0.15123419044413577,-0.008890957033695725,-0.07219741096203963,2.0245510577536936,-5.15550784596344,-7.2157,0.0,7.5938950253,5.975831172860957,0.4004966089912538,-0.023544928115956643,-0.19119233675486666,0.03526887756719575,-0.024156119796593642,0.053000717141785954,-0.16647526752659583,0.002263497134641406,-0.06628883181184957
1946.0,13.007540286868027,0.7616833169405101,17.431652479971675,0.15046533652671942,-0.01718699209118001,-0.07093542877792114,2.1819710625105486,-5.165927312921612,-7.2157,0.0,7.5938950253,5.927610629862122,0.39850200184108614,-0.04551912694353961,-0.18786991756362162,0.035155719764522815,-0.02521801461529087,0.05293286411848659,-0.16647237407367876,0.0023203517516410567,-0.06675920546989383
1947.0,13.006331361155555,0.6951020984121385,17.493641755419198,0.14898606396011935,-0.02515132354880775,-0.06855440557057835,2.338150362430465,-5.184362171649343,-7.2157,0.0,7.5938950253,5.879464270061481,0.39462087816361047,-0.06661856231375038,-0.1815807398971725,0.035025304182976114,-0.02633511793883033,0.05259973395651579,-0.1662882186791467,0.0023884185861057705,-0.06743188277224946
1948.0,13.005287098522375,0.6212362464762075,17.55253985304683,0.14681418682974004,-0.03259567888592601,-0.06515163056698316,2.4923003736146194,-5.210440283046605,-7.2157,0.0,7.5938950253,5.831676529522812,0.3888994297449375,-0.0863434331832424,-0.17258163207235777,0.0348787613284679,-0.027489665073975586,0.05198518236824344,-0.16592355825505928,0.0024668555616644593,-0.06828587337634351
1949.0,13.004425974020503,0.54091675461734,17.6073786874315,0.14397432703192972,-0.03935987172326727,-0.060860223962647945,2.6436605140121134,-5.243618912123218,-7.2157,0.0,7.5938950253,5.784535666740559,0.3814021146460916,-0.10426816097653152,-0.16122470301278646,0.03471767742275578,-0.028664140627096237,0.051082697159666964,-0.16538494935363135,0.0025546078468059617,-0.06929392668442502
1950.0,13.003764346466697,0.4551145554953241,17.657343146638997,0.14049679342768187,-0.04531868685200444,-0.05584028261788585,2.7915066980555845,-5.2832133868665085,-7.2157,0.0,7.5938950253,5.738327942361833,0.3722087239222208,-0.12005975504129777,-0.14793391243735227,0.034544028188735046,-0.029842018502602433,0.04989571322306992,-0.16468415055125837,0.002650454979600688,-0.07042425259622712
1951.0,13.003316018480668,0.3649006162338364,17.701793270607794,0.13641630131708007,-0.05038589522150877,-0.05026883714400981,2.9351582328221695,-5.328431216055703,-7.2157,0.0,7.5938950253,5.693331832289539,0.3614110103679932,-0.13348857229294583,-0.13317844749369404,0.03436009001403821,-0.03100834912586658,0.04843725826499973,-0.16383725250499964,0.0027530640943469855,-0.0716424333481156
1952.0,13.003091914082336,0.27140366271657085,17.740275933479065,0.1317706484101446,-0.05451531503051371,-0.04432958998791545,3.073982933738206,-5.378408994720195,-7.2157,0.0,7.5938950253,5.649812657436766,0.34910918631692583,-0.14443123337206193,-0.11744548028840593,0.034168336671603065,-0.032150166759502094,0.04672899860951456,-0.16286363234327114,0.002861044876982853,-0.07291334437936567
1953.0,13.003099886722996,0.17576852272185572,17.772526293749642,0.12659945445014606,-0.05769915193845395,-0.038203320472148444,3.207400419329988,-5.432249430178856,-7.2157,0.0,7.5938950253,5.6080179529007115,0.3354085751706601,-0.15286630123554962,-0.10121466432856842,0.03397133088574895,-0.033256713099569166,0.04479981130303216,-0.16178483520793618,0.002973002168023167,-0.07420292098282769
1954.0,13.003344659320616,0.07911767357503123,17.798460081531466,0.12094304982533104,-0.059964092737546784,-0.03205965340223483,3.334883670817142,-5.489056135522735,-7.2157,0.0,7.5938950253,5.568173809097766,0.32041664476655807,-0.1588639729954229,-0.0849362289966937,0.03377161973319469,-0.03431949294244098,0.042684041795762934,-0.1606234775362501,0.0030875828858365276,-0.0754796455267777
1955.0,13.003827582783972,-0.01748200007278239,17.818158201561026,0.11484157197964741,-0.06136577319477835,-0.026050644100688712,3.4559590486359895,-5.547964316904931,-7.2157,0.0,7.5938950253,5.530482316832149,0.30424058835851286,-0.1625714331493405,-0.06901388714634077,0.03360011548862969,-0.03534533747250638,0.040430868503879405,-0.1598009834761483,0.0032043942877216986,-0.07666548949411112
1956.0,13.00441733883901,-0.11304295126110253,17.8317641735857,0.10833473229900335,-0.06198186889912182,-0.02030479219057683,3.5702051435040034,-5.60816594262534,-7.2157,0.0,7.5938950253,5.495122991364237,0.28698952290267377,-0.16419615950016697,-0.05378942191252537,0.03355777550859368,-0.03637578200015924,0.03811922068370206,-0.16071896346295145,0.0033266125933249313,-0.07756521742191078
1957.0,13.0050521589453,-0.20668066144861924,17.839585468861756,0.10146087011173058,-0.06190577506770067,-0.014927175123527701,3.677250799184083,-5.668928682558571,-7.2157,0.0,7.5938950253,5.462248021109952,0.2687668555750404,-0.16398657421880306,-0.039541647101493355,0.03351631137105865,-0.037347630419713326,0.035736991809130494,-0.1615706683844901,0.0034501656639113996,-0.07839114770087596
1958.0,13.005731585659356,-0.2976263303502042,17.842064274367623,0.09425664502195326,-0.0612401377914361,-0.009998753900181376,3.7767721504435148,-5.729609061477179,-7.2157,0.0,7.5938950253,5.431982731126975,0.2496700319870294,-0.1622148460484329,-0.026485020822747157,0.03347620740914003,-0.038258439005850915,0.03332131997970543,-0.16235611886134774,0.003574190404795664,-0.07913124270670654
1959.0,13.00645453000158,-0.3852314503918764,17.839713350205965,0.08675715296835618,-0.06009071505003767,-0.00557652456360975,3.8684894261558656,-5.789659568339776,-7.2157,0.0,7.5938950253,5.404428117947899,0.22979236292763233,-0.15916137089463583,-0.014770456527812316,0.03343785103721932,-0.03910723460493497,0.030906835205069982,-0.16307637961285282,0.003697909331004203,-0.07977755296331748
1960.0,13.00721938162516,-0.46896785733568613,17.833092103714332,0.0789960191002338,-0.05856127002681947,-0.0016955785292276189,3.952163711330079,-5.848630432572189,-7.2157,0.0,7.5938950253,5.379662575236503,0.20922326118736018,-0.15510123211067628,-0.004490789200834808,0.03340153365146316,-0.03989422990586938,0.028524778042935316,-0.16373339268263373,0.003820633685953615,-0.08032583056091987
1961.0,13.008024118221728,-0.5484230039755258,17.82278522447675,0.07100558703752445,-0.05674947922349562,0.0016280779710629717,4.027593864749674,-5.906166928353844,-7.2157,0.0,7.5938950253,5.357743924378319,0.1880487344742961,-0.15029335289368195,0.004311745242273339,0.033367457303656055,-0.04062054178387563,0.026202414058713375,-0.1643298163946825,0.003941762189303322,-0.08077502058507383
1962.0,13.00886640761948,-0.6232915650479303,17.809384476190704,0.06281716321204774,-0.05474387982084233,0.004394295838576322,4.094613752812477,-5.962003133627452,-7.2157,0.0,7.5938950253,5.338711568579522,0.166352025214705,-0.14497240579881762,0.011636947209349987,0.03333574533452464,-0.041287926958762565,0.02396272030130133,-0.16486887484451115,0.004060776286189459,-0.08112668962518782
1963.0,13.009743698155097,-0.6933644506245412,17.793473905263347,0.05446128031521506,-0.05262179749877768,0.006615446818144336,4.153089900549919,-6.015953073191206,-7.2157,0.0,7.5938950253,5.3225886225666645,0.14421430201774232,-0.13934332342688396,0.017517804206810855,0.033306455261272336,-0.04189854415249186,0.021824306408700762,-0.16535422047450446,0.004177232798826614,-0.08138444195579837
1964.0,13.010653294839853,-0.7585162022641023,17.775618448637974,0.045967950740589666,-0.05044814048930603,0.008313217822804333,4.202919605430762,-6.067900110905801,-7.2157,0.0,7.5938950253,5.309383908641698,0.12171532567402923,-0.13357810714592444,0.02201198875303167,0.033279592478507675,-0.042454747547146614,0.01980152599463498,-0.1657898103159997,0.004290754834437116,-0.08155336355545956
1965.0,13.011592420438557,-0.8186916006734435,17.756355711315887,0.03736688820396798,-0.04827491566774783,0.009515711207886064,4.244029512381304,-6.117785349165806,-7.2157,0.0,7.5938950253,5.299093748492362,0.09893403182569938,-0.1278145511337696,0.02519416843988615,0.033255123668774186,-0.042958912883529966,0.01790473247624398,-0.16617979489424017,0.004401021705187643,-0.08163952331320626
1966.0,13.012558261792899,-0.873892148407325,17.7361905354447,0.028687682715509952,-0.04614131320585146,0.010254966700531342,4.276374609639453,-6.1655956642198415,-7.2157,0.0,7.5938950253,5.291703515812516,0.07594899094139765,-0.12215647438127733,0.02714943485560453,0.03323298916399653,-0.04341329502853445,0.016140636080169753,-0.16652841762457238,0.004507758486938038,-0.08164955057478557
1967.0,13.013548002534984,-0.9241629291162126,17.715591892049567,0.019959920232379857,-0.04407421344000563,0.010564969425367473,4.299937578002284,-6.211351873196671,-7.2157,0.0,7.5938950253,5.287188944080459,0.05283872252759515,-0.11667507221800116,0.027968021990083795,0.033213113806111076,-0.0438199143123772,0.014512724092659064,-0.16683992178683196,0.004610725707398494,-0.08159029937693066
1968.0,13.01455884383198,-0.9695801965546187,17.69499158310804,0.011213243478013661,-0.04208898729453899,0.010480166335495245,4.3147284073128,-6.255097403357175,-7.2157,0.0,7.5938950253,5.285517206802557,0.029681854179840213,-0.11141104586760957,0.027741372918600356,0.03319541610184007,-0.044180468195518484,0.013021713221995017,-0.16711846182351459,0.004709709522453124,-0.08146860245727311
1969.0,13.015588015034343,-1.0102399231800512,17.67478423666346,0.0024773544952939493,-0.04019048597475086,0.010034480920777286,4.320784184775341,-6.296887726291988,-7.2157,0.0,7.5938950253,5.286647803111937,0.006557126905391786,-0.10637723322456547,0.026559527492839546,0.03317981564371736,-0.04449626477457138,0.011666010267056805,-0.16736801574028248,0.004804512625311681,-0.08129111252367267
1970.0,13.01663277615419,-1.0462474431167703,17.65532810124928,-0.0062180373863856605,-0.03837414268038783,0.009260792060215125,4.318168957644992,-6.336780733689232,-7.2157,0.0,7.5938950253,5.290533290572462,-0.0164567435868215,-0.10156153577299791,0.024509740111810306,0.03316623888113532,-0.04476817508222383,0.010442164352697094,-0.16759229575942053,0.004894946042259195,-0.08106422411628697
1971.0,13.017690414045243,-1.0777082586654498,17.636946190213028,-0.014843316190670643,-0.03662713586797016,0.008190825810733094,4.306973576884373,-6.3748281687191195,-7.2157,0.0,7.5938950253,5.29711991005367,-0.03928133382377014,-0.09693000759106751,0.021676191413747846,0.03315462338145212,-0.044996601916578345,0.009345300268286467,-0.1677946550575064,0.004980821904149202,-0.08079406644950976
1972.0,13.018758234048299,-1.1047200415521325,17.61992738534209,-0.023369100888581205,-0.034929587815796595,0.006855397046622162,4.287315437249957,-6.411068187129014,-7.2157,0.0,7.5938950253,5.306348145576881,-0.06183888748360913,-0.09243003661494438,0.018140626318605104,0.03314492073550463,-0.04518146389062429,0.008369527581692463,-0.16797798937763447,0.005061947244119622,-0.08048655558564932
1973.0,13.019833548746519,-1.1273658459052287,17.60452717801761,-0.03176641907491071,-0.0332557922403884,0.005284929582293045,4.259338041926588,-6.445519101997709,-7.2157,0.0,7.5938950253,5.31815325609248,-0.0840527747941933,-0.08799360133076962,0.013983729010692595,0.0331370982482724,-0.04532219437723181,0.007508324004899685,-0.1681446335106363,0.005138118856612278,-0.0801474928951364
1974.0,13.020913665367413,-1.1457085543077652,17.590967801962165,-0.04000690294430728,-0.031575479309857345,0.0035101774601481546,4.223210335473646,-6.478174361527566,-7.2157,0.0,7.5938950253,5.332465807219801,-0.10584801050460664,-0.08354062473494571,0.009287029820629086,0.033131139527107056,-0.04541775590900975,0.006754893890906711,-0.16829625404537285,0.005209119256156595,-0.07978269578295419
1975.0,13.021995873282465,-1.159786595062964,17.579437592580724,-0.048062997098255844,-0.029855134868852704,0.0015630656631945156,4.179125766873578,-6.508998815067682,-7.2157,0.0,7.5938950253,5.349212220004718,-0.12715180269962278,-0.07898246983338343,0.0041351274121912045,0.03312704404836883,-0.04546667126260111,0.00610250377477169,-0.1684337413341388,0.005274713790773387,-0.07939814597179394
1976.0,13.023077432987758,-1.1696109914088852,17.570089492563817,-0.055908167223069745,-0.02805939270431253,-0.0005224346641076517,4.127301064390402,-6.537926333035406,-7.2157,0.0,7.5938950253,5.368315341626521,-0.14789410342873782,-0.07422562628822507,-0.0013819985538072257,0.03312482575794841,-0.04546707282004252,0.005544796647023877,-0.1685571052200724,0.005334648987711898,-0.07900014018354146
1977.0,13.024155567886947,-1.1751638250896639,17.56303871050418,-0.06351709841426251,-0.026152514315520386,-0.0027094831116168372,4.0679747252637775,-6.564858855685483,-7.2157,0.0,7.5938950253,5.38969503059582,-0.16800813142670054,-0.06917562627945861,-0.007166813442043668,0.033124510749232755,-0.04541677178571874,0.005076085349289723,-0.16866538061585085,0.005388652231662713,-0.0785954278943952
1978.0,13.025227460121293,-1.1763982109931836,17.55835962700695,-0.07086587196487047,-0.024099960404369226,-0.004957685238710799,4.001405245388084,-6.5896669482029315,-7.2157,0.0,7.5938950253,5.413268737209748,-0.18743083732428376,-0.0637412005642463,-0.013112420262639821,0.0331261340684546,-0.0453133484050669,0.004691623359700078,-0.1687565503663758,0.0054364328908340425,-0.07819132107057505
1979.0,13.02629025157669,-1.1732398807675966,17.55608212858266,-0.07793210989718491,-0.02187004312185576,-0.007222628940448759,3.927869136256988,-6.61219193052401,-7.2157,0.0,7.5938950253,5.438952049756414,-0.2061032829844291,-0.05783864561567998,-0.0191013375406972,0.033129735724261755,-0.04515426347417005,0.004387848598653717,-0.16882749381139922,0.005477685008209628,-0.07779576158373037
1980.0,13.027341051020738,-1.1655904568644055,17.556187629948518,-0.08469507752040328,-0.0194356294033438,-0.009455717272996624,3.8476587975297134,-6.632249625928559,-7.2157,0.0,7.5938950253,5.466659169064153,-0.22397090927079688,-0.05139632334203239,-0.025005061184700472,0.03313535602499335,-0.04493699018136821,0.0041625930922520385,-0.16887396991748985,0.005512091658934657,-0.07741733353299242
1981.0,13.028376948064233,-1.1533324613665048,17.558605115710808,-0.09113573594419334,-0.016775845332147717,-0.011604360702929535,3.7610803322598065,-6.64963573066508,-7.2157,0.0,7.5938950253,5.496303269298576,-0.24098367093561485,-0.044359161083250505,-0.0306845762760434,0.033143030429495166,-0.044659163759516445,0.0040152487716286905,-0.16889064361216385,0.005539331036756081,-0.07706521011279172
1982.0,13.029395034289083,-1.1363360452952378,17.563207587527636,-0.09723673882829989,-0.013877711557215115,-0.01361257396181403,3.6684514065649907,-6.664132747427158,-7.2157,0.0,7.5938950253,5.52779670213192,-0.2570960235543818,-0.03669296708618417,-0.03599193759574891,0.03315278416785844,-0.04431874466892061,0.003946877758146276,-0.16887116289712956,0.005559084271505947,-0.07674902804535583
1983.0,13.030392431439592,-1.1144673451947011,17.569809337254377,-0.10298237069152102,-0.010737622707379407,-0.015421999495437145,3.570099264650193,-6.675518350254568,-7.2157,0.0,7.5938950253,5.561051005059866,-0.27226675550944607,-0.028388331680380022,-0.04077297636377581,0.033164626956578645,-0.04391418923067918,0.003960254556457453,-0.16880829236707523,0.005571044896872467,-0.07647868692936827
1984.0,13.03136632605256,-1.0875982784199367,17.578164475080573,-0.10835842774734278,-0.0073625718220230296,-0.016973351552948185,3.46635901204188,-6.683574961374516,-7.2157,0.0,7.5938950253,5.595976682954579,-0.28645866768651707,-0.019463853054426855,-0.04487111683984031,0.03317854818535604,-0.043444619967580755,0.0040598279539733224,-0.16869410591498832,0.0055749297867635425,-0.07626407600730162
1985.0,13.032314009337526,-1.0556174827823992,17.58796712010322,-0.11335204629890602,-0.0037710161326891195,-0.01820824360001843,3.357572273357745,-6.688100227577864,-7.2157,0.0,7.5938950253,5.632482744795464,-0.29963811432102033,-0.009968414333637132,-0.04813220365709415,0.0331945129763941,-0.042909986573953916,0.004251592307912968,-0.16852023775559868,0.005570491265436577,-0.07611473656358739
1986.0,13.03323292056245,-1.0184419980990072,17.598853606632723,-0.11795148795365923,6.7153258169715124e-06,-0.019071328917317637,3.2440863151489703,-6.688917992470701,-7.2157,0.0,7.5938950253,5.670475994371694,-0.3117744296269512,1.7750237090421387e-05,-0.05041015419628053,0.03321245949932701,-0.042311207607523146,0.004542861357422219,-0.1682781866354448,0.005557529979315139,-0.0760394740593443
1987.0,13.034120691715106,-0.9760291862674387,17.610406972495976,-0.12214589498708506,0.00392855791435792,-0.019512652398573634,3.1262536992700856,-6.6858892798908425,-7.2157,0.0,7.5938950253,5.709860093623404,-0.3228392756083477,0.010383425422449551,-0.051573166386140644,0.03323229785757606,-0.04165028282849096,0.004941942641786441,-0.1679596635086809,0.005535908006641613,-0.07604593972354534
1988.0,13.034975190865815,-0.9283883029901425,17.622163877991998,-0.12592503273870143,0.007941453334976367,-0.019490083413525365,3.00443249869618,-6.678922741766149,-7.2157,0.0,7.5938950253,5.750534438776007,-0.3328059558477852,0.020988384203573143,-0.0515101382062048,0.03325391074333921,-0.04093036671176403,0.0054577167902894914,-0.16755696841288098,0.00550556158528689,-0.07614020614174194
1989.0,13.03579456151706,-0.8755910783013231,17.63362396105594,-0.12927903860093745,0.011982726551413369,-0.018971677928701792,2.8789870675155456,-6.667983989054303,-7.2157,0.0,7.5938950253,5.79239291075298,-0.34164874713122156,0.03166703247340451,-0.05013689818134999,0.03327715589543388,-0.040155795075943655,0.006099132978069993,-0.16706337820765194,0.005466512769707349,-0.07632636489390762
1990.0,13.036577255338953,-0.8177806436704019,17.64426147340735,-0.13219819862926024,0.015982086919483048,-0.017937805481572155,2.7502893126887424,-6.6531032241693975,-7.2157,0.0,7.5938950253,5.835322580498995,-0.3493423046231628,0.04223370011869544,-0.04740181312445985,0.033301870202992766,-0.03933205898621173,0.006874639190900676,-0.16647352369174503,0.0054188792950423765,-0.07660617601910599
1991.0,13.037322056077219,-0.7551781677334274,17.65353887424979,-0.13467277278672818,0.01986419805067479,-0.016382875269597398,2.618720370548664,-6.634380632415713,-7.2157,0.0,7.5938950253,5.879202464682286,-0.3558611962293391,0.05248943148771544,-0.043290336052912465,0.033327875102985155,-0.03846572300151619,0.007791572991129876,-0.1657837328197167,0.005362881937976118,-0.07697879864556101
1992.0,13.038028093067282,-0.6880866348399247,17.660921894634747,-0.13669288815453182,0.023551714809068473,-0.014316507101955665,2.4846725498667874,-6.611989070594828,-7.2157,0.0,7.5938950253,5.923902435754903,-0.36117961729408893,0.06223000666825009,-0.03782808766339629,0.033354982750470004,-0.03756428827872583,0.008855544554656973,-0.16499231665201644,0.005298848726155242,-0.07744062927755091
1993.0,13.038694843638643,-0.6168913211355178,17.665895440293724,-0.13824851602649807,0.02696864218782643,-0.011764017975837872,2.3485513696840363,-6.586173711998154,-7.2157,0.0,7.5938950253,5.969282390862636,-0.3652713277078097,0.07125480997232617,-0.031082130851872745,0.03338300232774045,-0.03663600477804099,0.010069848176712186,-0.1640997765227699,0.005227215463336052,-0.07798526891282992
1994.0,13.039322124655202,-0.5420566880901472,17.667979587225414,-0.13932954373757184,0.030043833853426342,-0.008766133224502759,2.2107774977324723,-6.557248463637509,-7.2157,0.0,7.5938950253,6.015191775547362,-0.36810984005706304,0.07937606467237317,-0.023160198566848863,0.03341174582718148,-0.03568964053875824,0.011434940593535222,-0.16310891475547248,0.005148522204631484,-0.07860363253025614
1995.0,13.039910074390145,-0.4641196148584227,17.666744855334834,-0.13992594559503493,0.03271442213689524,-0.005377880923139013,2.0717883871154865,-6.525589155209665,-7.2157,0.0,7.5938950253,6.061469540351242,-0.36966887027972073,0.08642788456259731,-0.014207766521795106,0.033441032706624824,-0.03473421937975765,0.012948023821218367,-0.1620248369489109,0.00506340552903157,-0.0792842049348257
1996.0,13.04045912674962,-0.38367911566705165,17.661825931424183,-0.14002804980181272,0.03492896005066762,-0.0016666865163652215,1.9320394167457087,-6.491623697779895,-7.2157,0.0,7.5938950253,6.107944582112843,-0.36992304249297076,0.0922745634988564,-0.004403016023492829,0.033470692973371075,-0.033778741083787506,0.014602766438686911,-0.16085484102183623,0.004972586703275535,-0.08001343612724776
1997.0,13.040969980421798,-0.30138291962989644,17.652933060632414,-0.13962689036591033,0.036650062469678106,0.002290252967584578,1.7920043651590258,-6.455819608451118,-7.2157,0.0,7.5938950253,6.154436688821222,-0.3688488187862566,0.09681754148471504,0.006050103240153061,0.03350056848433397,-0.032831899835762,0.016389190261409576,-0.15960819626448777,0.004876856095403509,-0.0807762581622889
1998.0,13.041443565753532,-0.2179115080222914,17.639860436476752,-0.13871462539957746,0.03785635938186866,0.00640917487441266,1.6521750863084896,-6.418669478292916,-7.2157,0.0,7.5938950253,6.200757970270624,-0.36642560472095487,0.10000055393637873,0.01693034005862054,0.033530512519667564,-0.031901817158626715,0.018293739423134763,-0.1582958238463698,0.0047770544563562976,-0.08155669494082757
1999.0,13.041881012012492,-0.1339603874784671,17.622491088502773,-0.13728499671408173,0.038543618434828036,0.010603343828449008,1.5130603065707466,-6.380675107611254,-7.2157,0.0,7.5938950253,6.246714720132787,-0.3626369641345403,0.10181258775914326,0.028008628092344574,0.033560387950268784,-0.03099580470152137,0.02029953663795586,-0.15692989773179675,0.004674051919670239,-0.0823385276817391
2000.0,13.042283617239688,-0.050221509317446664,17.600797989244796,-0.13533380097030384,0.03872495482095935,0.014786799349485113,1.3751835219580453,-6.3423311310793755,-7.2157,0.0,7.5938950253,6.292109621761929,-0.3574718646099878,0.10228842837144171,0.03905797884324604,0.03359006452838047,-0.03012016997074036,0.022386817649827508,-0.15552339106005394,0.00456872575003223,-0.08310597298108344
2001.0,13.04263828124717,0.032635302603485905,17.57483243693165,-0.13285890893764998,0.03843013770256077,0.01887817431071901,1.2390801047778903,-6.304108985588843,-7.2157,0.0,7.5938950253,6.336744288192329,-0.35092512068535103,0.10150693558348245,0.04986361585595408,0.03367257106004719,-0.02929024795442773,0.024545899484798538,-0.15481602914418335,0.004477832363646635,-0.08375672177552657
2002.0,13.042828086437915,0.11397993297390059,17.544662507656454,-0.12985805122697847,0.037704113690088706,0.022804986915669637,1.1052953975914275,-6.266441984971461,-7.2157,0.0,7.5938950253,6.380421917945362,-0.34299385341290517,0.09958781239892094,0.06023477378052144,0.03383396347414783,-0.028515317683480743,0.026759381884724754,-0.1551711975632319,0.0044094115270171775,-0.08423661433609933
2003.0,13.042827277636091,0.19323551892823593,17.510482469134306,-0.1263349779539616,0.036604410283176785,0.02650410718370719,0.974380844045873,-6.2297123866176225,-7.2157,0.0,7.5938950253,6.4229479055458585,-0.3336883865645108,0.09668317362583295,0.07000525829582241,0.033991377856484116,-0.027782686548487305,0.02898378129180014,-0.1554669763566145,0.004339076744035022,-0.08467179988730414
2004.0,13.042643390015808,0.26989266272200263,17.47256657727392,-0.12229791743873239,0.03519847122939027,0.029924526554241715,0.846886726865119,-6.194241004671143,-7.2157,0.0,7.5938950253,6.4641336673931455,-0.3230298590383544,0.09297097970038307,0.07904072119174745,0.03414385853931233,-0.02709394256570028,0.03119461515772392,-0.15570337483043017,0.004267114705443942,-0.0850548470190505
2005.0,13.042284962586436,0.3435195926795719,17.43123587143335,-0.11775871659645633,0.0335605359503463,0.0330289251503587,0.723356874138429,-6.160279552431774,-7.2157,0.0,7.5938950253,6.503799145111346,-0.311048853662174,0.08864707885205952,0.08724287766245901,0.03429057720389622,-0.02644941348082521,0.03336815148637915,-0.1558811933730812,0.004193797172551259,-0.08538063649096805
2006.0,13.04176135612602,0.41376859276772837,17.386843685160493,-0.11273282140007257,0.031768377553510585,0.03579397922342209,0.6043235389167289,-6.128006024463713,-7.2157,0.0,7.5938950253,6.541774617231441,-0.29778536741958256,0.08391662574046141,0.09455031038945318,0.03443084585100305,-0.025848283396192946,0.03548213236037577,-0.1560018977407841,0.004119378132472749,-0.08564638353736546
2007.0,13.041082561874566,0.4803790561765047,17.33976125767477,-0.10723914365923108,0.02990018858173722,0.03820982587694019,0.4903024558622779,-6.09752308010417,-7.2157,0.0,7.5938950253,6.577902136280675,-0.2832884832629622,0.07898588876756432,0.10093705758054618,0.034564125232812014,-0.025288743708081422,0.037516391994836404,-0.1560674961893497,0.004044091618085396,-0.08585152048323158
2008.0,13.040259006699655,0.5431773925840999,17.29036426702433,-0.10129982730299131,0.028031809588633397,0.040278786593119564,0.38178824888051954,-6.06885918672165,-7.2157,0.0,7.5938950253,6.61203657930575,-0.26761577732429376,0.07405495855812971,0.10640925133619386,0.03469002866381831,-0.024768163137596593,0.03945334028963762,-0.15608042893157906,0.003968150137405731,-0.08599745737952325
2009.0,13.039301360220398,0.6020742033636635,17.239020978267153,-0.09493993319195113,0.02623444521452749,0.042013498318509465,0.27925033014011397,-6.041972124674764,-7.2157,0.0,7.5938950253,6.644046328038428,-0.25083251073870677,0.06931173785105278,0.11100019679644761,0.03480832139148702,-0.024283262153714714,0.04127829587802252,-0.1560434772181809,0.0038917436323758397,-0.08608724629558556
2010.0,13.038220348815752,0.6570592649754321,17.18608253158027,-0.08818706484523069,0.02457295238575636,0.04343462814071603,0.18312939160227368,-6.016754352237967,-7.2157,0.0,7.5938950253,6.6738136172133995,-0.2330106642348731,0.06492743541998788,0.11476435429192426,0.03491891595625996,-0.02383027913012361,0.042979666146765814,-0.15595969681480404,0.0038150388713485265,-0.08612517945111714
2011.0,13.03702658064125,0.7081949228790094,17.1318757093115,-0.08107095831858535,0.02310472369445462,0.0445683543582862,0.09383454984344497,-5.993039681441778,-7.2157,0.0,7.5938950253,6.7012346043207875,-0.2142278760267659,0.061053624946648774,0.1177707047036978,0.03502186417639369,-0.023405118681547776,0.04454898405565009,-0.1558323781574768,0.0037381791725712727,-0.08611635242170806
2012.0,13.035730384803657,0.7556084981259072,17.07669833749853,-0.07362305810326303,0.02187913287682197,0.04544378534155658,0.011741167111270656,-5.970610722915042,-7.2157,0.0,7.5938950253,6.7262192210409495,-0.19456634011195173,0.05782078221602231,0.12009594850486043,0.03511734653055472,-0.02300347627680772,0.04598082158393033,-0.15566503327015274,0.0036612843580539124,-0.08606622159815261
2013.0,13.03434166679224,0.7994842546332815,17.020817312838314,-0.06587609788090976,0.02093746380312948,0.046090462499801706,-0.06281066111369797,-5.949206611836208,-7.2157,0.0,7.5938950253,6.748690866469489,-0.17411171427086353,0.055338094278705674,0.12181792327597712,0.035205659764962066,-0.022620936928125147,0.04727260650680155,-0.15546140776883857,0.00358445084882078,-0.08598018068864496
2014.0,13.03286978124133,0.8400553796929653,16.964469111764515,-0.05786370094946444,0.02031321249714131,0.046536060535698635,-0.1295169876845655,-5.928530616706972,-7.2157,0.0,7.5938950253,6.7685859963999375,-0.1529520766468662,0.05369425017456639,0.12300953760485764,0.03528720351941687,-0.022253049105506975,0.04842437268811439,-0.15522551499183593,0.0035077518340018445,-0.08586317529358675
2015.0,13.03132342219795,0.8775963082692055,16.907862539547676,-0.04962001081777148,0.020032634175330657,0.046804362697551685,-0.18811031877563955,-5.908257344885787,-7.2157,0.0,7.5938950253,6.785853653154993,-0.1311769585704832,0.05295887646872172,0.12373342619860293,0.03536246665696495,-0.021895377750782756,0.049438474352587004,-0.1549616884289308,0.003431237477356063,-0.08571936844242793
2016.0,13.029710530367778,0.9124155877020482,16.85118341399814,-0.041179358448594286,0.020115403081375577,0.046913555888577166,-0.23835940846022613,-5.8880393808530584,-7.2157,0.0,7.5938950253,6.800454968555107,-0.10887647083546,0.05318426948459834,0.12403744477628585,0.035432013813510306,-0.021543542236105495,0.050319292392322315,-0.15467464806031223,0.0033549351647833314,-0.08555186431655624
2017.0,13.028038216362537,0.9448493464568224,16.794600845795074,-0.03257596934930529,0.02057525973850632,0.04687486391208912,-0.2800686153217465,-5.867513313748341,-7.2157,0.0,7.5938950253,6.812362660205164,-0.08614053209285874,0.05440709385556643,0.12395105348580546,0.03549647247994824,-0.02119324631227209,0.051072956375277846,-0.15436957582264535,0.0032788498434812028,-0.08536249281955571
2018.0,13.026312698793154,0.975255308796873,16.73827476807734,-0.023843711421836365,0.021420535376548564,0.04669151894818015,-0.31307689582406073,-5.846305220858377,-7.2157,0.0,7.5938950253,6.82156052965525,-0.06305820207727428,0.05664975659539216,0.12348258981329618,0.035556520715038356,-0.02084030759032038,0.051707100305832164,-0.15405219506669002,0.0032029645551305656,-0.08515165455692544
2019.0,13.024539256137624,1.0040071940600623,16.682364372683143,-0.015015883266472132,0.022654463995377832,0.046358062224190304,-0.3372565092226852,-5.8240357670015115,-7.2157,0.0,7.5938950253,6.828042961061573,-0.03971711922832097,0.059921220190034166,0.122617407972476,0.035612875385012614,-0.020480694003834215,0.05223066401566415,-0.15372884845839518,0.003127241318617022,-0.08491822425464471
2020.0,13.02272219162914,1.0314892593097207,16.62703712026899,-0.006125042416192538,0.024275216555013142,0.04585996416714455,-0.35251150829511774,-5.800325151988783,-7.2157,0.0,7.5938950253,6.831814411298504,-0.016203041739880342,0.06421708134553887,0.12131686004740672,0.035666280654506125,-0.02011057412301756,0.0526537458690846,-0.1534065682442127,0.0030516225684784587,-0.08465951056660007
2021.0,13.020864810908636,1.0580906901874365,16.572477998532186,0.0027971264242563597,0.026275617569113213,0.045173560589053356,-0.35877609047674214,-5.774798187143439,-7.2157,0.0,7.5938950253,6.832888877330875,0.007400507317678482,0.06951880987947857,0.11951811073171643,0.035717496326630294,-0.019726387228341916,0.05298750661217222,-0.15309313213688558,0.002976033399196415,-0.0843712713215283
2022.0,13.01896941280466,1.0841995181749984,16.51889870085927,0.011719901905860242,0.028642531065181956,0.044266312514917604,-0.356012886035185,-5.747089805956752,-7.2157,0.0,7.5938950253,6.831289324131751,0.031012487075957107,0.07579211256345884,0.11713480674123408,0.03576728555685298,-0.019324937760279427,0.053244118879703095,-0.1527970973095909,0.0029003848978995214,-0.08404778516360276
2023.0,13.017037294273315,1.1101957438786294,16.46654638326946,0.0206135726898403,0.03135593019146577,0.04309741062356385,-0.34421126408422487,-5.716851312619805,-7.2157,0.0,7.5938950253,6.827047056498435,0.054554470661109244,0.08298445880394165,0.11405865731328531,0.035816401450426645,-0.01890351716301749,0.053436752171639235,-0.15252780418426423,0.0028245788639603606,-0.08368198281334624
2024.0,13.015068771181115,1.1364433759254429,16.41571162950869,0.02944943624144984,0.03438769279894776,0.04161875827763418,-0.32338574331521724,-5.683757644779432,-7.2157,0.0,7.5938950253,6.820201020704874,0.07795065061541573,0.0910218791580187,0.11016201664944285,0.035865572097219224,-0.018460054221881742,0.05357957901748085,-0.15229534097147587,0.002748514208007977,-0.0832656433611162
2025.0,13.013063217174288,1.1632811542459054,16.366735214307848,0.0381997448107283,0.03770019431164223,0.039776377082710014,-0.29357460148493064,-5.64751587270021,-7.2157,0.0,7.5938950253,6.8107970269461156,0.10112770427433208,0.09980522436269973,0.10530158561674244,0.03591548369831134,-0.017993292723072936,0.0536877845314169,-0.1521104594056268,0.0026720952895578523,-0.08278966264735509
2026.0,13.011019123285386,1.1910118156034635,16.320013207606756,0.04683759337797822,0.04124479914259514,0.03751228319699025,-0.25483878453240405,-5.607875075286323,-7.2157,0.0,7.5938950253,6.798886890889786,0.12401450467347513,0.10920615187779528,0.09932336152081518,0.03596676158962512,-0.017502992602332974,0.05377755861530785,-0.1519844319937745,0.0025952423863538103,-0.08224440143757782
2027.0,13.008934181126584,1.2198898786693153,16.275999915064098,0.05533674505844448,0.04496038238186177,0.03476687868747744,-0.2072612207744351,-5.564637623564396,-7.2157,0.0,7.5938950253,6.784527502233711,0.14654166442237476,0.1190631877669323,0.09206895462052944,0.036019949159750084,-0.016990147674573037,0.053866047744593255,-0.15192884156312134,0.0025179043846237734,-0.08162012034194555
2028.0,13.006805392465978,1.2501080753511693,16.235208112004333,0.06367139142473123,0.048772043332104636,0.031481887771800436,-0.1509466456232505,-5.517671764437559,-7.2157,0.0,7.5938950253,6.767779839788728,0.1686409051566602,0.12917829106324885,0.08338335210018112,0.03607548487935031,-0.01645720956846317,0.053971241724144664,-0.1519552951839177,0.0024400736337633956,-0.08090750586725974
2029.0,13.004629207651133,1.2817827324756617,16.198206010885606,0.07181584862843245,0.052590199629805524,0.027603840813585585,-0.08602203514316008,-5.466925233459772,-7.2157,0.0,7.5938950253,6.748707965935434,0.19024425423786123,0.13931442014362755,0.07312413916949981,0.036133677892752646,-0.01590830371730463,0.05411177029532527,-0.15207505691743234,0.002361802719263107,-0.0800982872831752
2030.0,13.002401694723591,1.3149386087060675,16.165610419944638,0.07974419521849171,0.056310272016629845,0.023088068046478297,-0.012637730026238192,-5.412439439093201,-7.2157,0.0,7.5938950253,6.727378047799268,0.21128308367767593,0.1491946577654273,0.06117207904167015,0.03619468285206196,-0.015349419371080742,0.05430658541182115,-0.15229859755887032,0.0022832226746737736,-0.07918593688271133
2031.0,13.00011874016665,1.349493907481831,16.13807561740406,0.0874298641781677,0.0598131810176192,0.01790310971801927,0.06903069688337682,-5.354363559819068,-7.2157,0.0,7.5938950253,6.703857467300899,0.23168702387554246,0.15850348194824002,0.04744280741683883,0.03625847488534322,-0.0147885519209978,0.054574507909861805,-0.1526350648610825,0.0022045618821081407,-0.07816643661717784
2032.0,12.9977762810678,1.3852464047668722,16.11627759580541,0.09484520977421743,0.06296687247083642,0.012035380649331746,0.15877981786247966,-5.292967691360949,-7.2157,0.0,7.5938950253,6.678214096127821,0.2513828062636391,0.16689075959708,0.031899215250642605,0.036324825772686545,-0.014235772858051138,0.054933622814038276,-0.15309168481766144,0.0021261646123930315,-0.07703908212435617
2033.0,12.995370567084198,1.4218618318109317,16.100893536909716,0.1019610789226769,0.06562906290991359,0.005493848182495934,0.25637501529522533,-5.228653991129074,-7.2157,0.0,7.5938950253,6.650515822940006,0.2702931132862909,0.17397897240215532,0.014563884031623297,0.036393282555091104,-0.013703201089128723,0.05540051632482255,-0.15367311348888346,0.0020485078498910783,-0.07580728134350997
2034.0,12.992898448997023,1.458865813211897,16.092576666877264,0.10874642619225446,0.06765134200596798,-0.0016856009496356962,0.36154654334077685,-5.161964613380577,-7.2157,0.0,7.5938950253,6.620830426592474,0.28833553937400014,0.17937404354033917,-0.004469283966383369,0.03646314992906283,-0.013204849932398552,0.05598936024114747,-0.15438076935119818,0.001972214762706746,-0.07447929022073102
2035.0,12.990357688835784,1.4956407489453152,16.091927013980246,0.11516802016518465,0.0688846824423854,-0.009436507746577524,0.4739851691320189,-5.093585139302499,-7.2157,0.0,7.5938950253,6.589225888247815,0.3054217897402784,0.18267990512529572,-0.025025307205280702,0.03653347790178059,-0.012756327814596354,0.05671086653817253,-0.15521218763350883,0.0018980629574138074,-0.07306881408881044
2036.0,12.987747284532176,1.5314290115252225,16.099459035237686,0.1211902951192653,0.06918628523096473,-0.017659365254982937,0.593337652214213,-5.0243422126504305,-7.2157,0.0,7.5938950253,6.555771224175653,0.3214572608623925,0.18351662332122354,-0.046841466784520655,0.03660305631779925,-0.01237437833525927,0.05757115588054212,-0.15616044944672172,0.0018269855506197002,-0.07159539250522975
2037.0,12.985067799795315,1.5653436717890705,16.115567567158976,0.12677540399640283,0.06842753289513759,-0.026220808883696815,0.71920239085597,-4.9551942254031935,-7.2157,0.0,7.5938950253,6.5205378971922645,0.3363411523923596,0.1815414863120429,-0.0695650480975998,0.0366704180292644,-0.012076257484655663,0.05857060798632453,-0.15721374799377902,0.0017600631575036875,-0.07008448065183058
2038.0,12.982321687365733,1.5963876404449209,16.14049404441513,0.131883524343441,0.06650264353480478,-0.03495493428242974,0.851125618439816,-4.88721418581525,-7.2157,0.0,7.5938950253,6.483601826260171,0.3499672495446729,0.1764719843603644,-0.09275671293845829,0.03673385265124605,-0.011878962336531358,0.05970278676545006,-0.15835515947963716,0.0016985052001936055,-0.06856714521292487
2039.0,12.979513591041215,1.6234816027049075,16.17429535584559,0.13647345653069276,0.06333743380302233,-0.04366710758805773,0.9885985624847384,-4.821564357771205,-7.2157,0.0,7.5938950253,6.445045960476112,0.3622254828353095,0.168109118975011,-0.1159004800801562,0.03679143296041617,-0.01179834549512623,0.06095355544400173,-0.15956268490390435,0.0016436195245300184,-0.06707931011654321
2040.0,12.976650609031784,1.6455004381508729,16.216817992748652,0.14050353201218793,0.05889743576709755,-0.05214045618293893,1.1310559740894308,-4.7594628794997185,-7.2157,0.0,7.5938950253,6.404963317650592,0.37300431549347407,0.1563590423529096,-0.13842082750167128,0.03684105594118199,-0.011848170816924637,0.0623005115383446,-0.16080961823308995,0.001596770200997204,-0.0656605197049609
2041.0,12.973742498639444,1.6613169967922656,16.267680208095218,0.14393281902361177,0.053194506143203577,-0.06014497310511266,1.2778763905735513,-4.702143317340086,-7.2157,0.0,7.5938950253,6.363460314132352,0.38219392868969165,0.14125074062673457,-0.15970675567889692,0.03688050009273578,-0.01203918515232677,0.06371287286907881,-0.16206527488743405,0.001559324544264239,-0.06435223366207186
2042.0,12.970801800538789,1.6698512204609866,16.326264675522964,0.14672257621284304,0.0462910529231471,-0.06744885353463323,1.428384407126678,-4.650808919536751,-7.2157,0.0,7.5938950253,6.320660139997738,0.38969007685573315,0.12294743206516154,-0.1791418171366704,0.03690749970567022,-0.012378293959054425,0.06515192845112469,-0.16329608209763508,0.0015325917211871916,-0.06319572602706873
2043.0,12.967843860817073,1.6701217654719933,16.39172357124033,0.1488378657669331,0.03830111363790337,-0.07383134550998591,1.5818551082979808,-4.606584108096227,-7.2157,0.0,7.5938950253,6.27670587356822,0.39539838162022534,0.10174963386262072,-0.19613822314010768,0.036919835274503536,-0.012867931500635272,0.0665721286718953,-0.1644669919463982,0.0015177566650378005,-0.06222972280214788
2044.0,12.964886731240897,1.6612966292267168,16.462997106013514,0.15024920303232556,0.029387764069633643,-0.07909609434936002,1.7375206571188793,-4.570466364910472,-7.2157,0.0,7.5938950253,6.231762994137189,0.3992387401265172,0.07808849341963972,-0.21017232983374093,0.036915437046528374,-0.013505705923254435,0.067922828038843,-0.1655431339294029,0.0015158141538307549,-0.061487968658431515
2045.0,12.961950933615885,1.6427389419471237,16.53884537532378,0.15093409667214086,0.01975670267094397,-0.08308375442108046,1.8945788736737443,-4.5432820114508985,-7.2157,0.0,7.5938950253,6.186020953398022,0.40114946098663734,0.0525089479585118,-0.22081825139325448,0.036892496138906834,-0.014284375036002588,0.06915061641981285,-0.16649158395218566,0.0015275086023968918,-0.060996951070565415
2046.0,12.959059082821215,1.6140441585386465,16.617892103113945,0.15087832850737273,0.009646300674524244,-0.08568258977679719,2.0522034743595503,-4.525649353412792,-7.2157,0.0,7.5938950253,6.139693511951439,0.40109072609825835,0.025643455756589894,-0.22777619879236308,0.03684957513096904,-0.015192172426002196,0.07020209191724684,-0.16728309896203186,0.0015532851553383953,-0.06077401902794515
2047.0,12.956235374677469,1.5750654213748947,16.69867760492963,0.15007683908617966,-0.000685138623986216,-0.08683592045965353,2.209555506639788,-4.517952216844301,-7.2157,0.0,7.5938950253,6.093017638219195,0.39904701921545593,-0.001821750293488529,-0.23089249101493223,0.036785708163326304,-0.01621346106064229,0.0710268549772958,-0.1678936578825727,0.0015932569402726728,-0.060826106828448884
2048.0,12.953504957983165,1.5259248287779146,16.77971728353259,0.1485341231785385,-0.010973787922013103,-0.08654559076271015,2.3657954181560776,-4.520326066623141,-7.2157,0.0,7.5938950253,6.046250895401055,0.3950282614704274,-0.029184919073224534,-0.23016902463436256,0.03670047995744219,-0.017329650388643522,0.07158045439006444,-0.16830566387453708,0.0016471918823364093,-0.06114921200849431
2049.0,12.950893222988359,1.467009625443609,16.859561358964758,0.1462640936034282,-0.020965015820070147,-0.08487109516266281,2.5200951537934544,-4.532657766680034,-7.2157,0.0,7.5938950253,5.9996673921236425,0.3890695365856335,-0.055767952261346954,-0.22576120256816376,0.0365940742320739,-0.018520281010334975,0.07182700350973673,-0.1685086992188323,0.0017145204780937198,-0.06172868872256954
2050.0,12.948425048993201,1.3989537682837256,16.936851436774123,0.14328943334035046,-0.030427027401418776,-0.08192452145595393,2.671649685483226,-4.55459875386556,-7.2157,0.0,7.5938950253,5.953552522149286,0.38122945145046,-0.08095278692294551,-0.2179647141238277,0.03646728482288869,-0.019764164234419172,0.071741214859042,-0.168499776891362,0.0017943636776938466,-0.06254031847885125
2051.0,12.946124059699537,1.3226066424950673,17.010369941048754,0.13964051265345273,-0.03916220180076717,-0.07786195629302238,2.8196874421874507,-4.585590202965604,-7.2157,0.0,7.5938950253,5.9081968454606715,0.3715873290513713,-0.10421171972514998,-0.20719285416432776,0.036321486893468515,-0.02104046553298014,0.0713096677456327,-0.16828309147248507,0.00188557796436994,-0.06355202872020076
2052.0,12.944011935297187,1.2389918461859364,17.079079311015747,0.1353539927733882,-0.04701523655303347,-0.07287237857234662,2.963479214642123,-4.62489770064985,-7.2157,0.0,7.5938950253,5.863889546835786,0.3602395512575032,-0.12512928042311916,-0.19394708953964684,0.03615857047650533,-0.022329638202567472,0.07053121766909533,-0.16786932843778263,0.0019868130528605536,-0.06472605926213551
2053.0,12.942107824744722,1.149259611765697,17.142149019662142,0.13047126042866689,-0.053877640783394715,-0.06716525995123895,3.102345243641362,-4.671652326069892,-7.2157,0.0,7.5938950253,5.820911937835589,0.3472954315195741,-0.14341440746144907,-0.17878410817256668,0.03598084293481295,-0.023614143321123753,0.06941655660699045,-0.16727463250970476,0.002096576760488883,-0.06602134226329913
2054.0,12.940427891226058,1.0546367043695855,17.198969751566352,0.12503684004036092,-0.059688568572214086,-0.060958108399851114,3.235660351469778,-4.724894736057801,-7.2157,0.0,7.5938950253,5.7795314404273865,0.33287300664231073,-0.15890287435603115,-0.16228264258546887,0.03579091031849967,-0.024878925863799545,0.06798702652340488,-0.16651936074000512,0.0022133014268513333,-0.06739586124334403
2055.0,12.938985010265839,0.956377413598639,17.249155266166987,0.11909691227407426,-0.06443237416273095,-0.05446503239306627,3.36285712098634,-4.783619001194583,-7.2157,0.0,7.5938950253,5.739996414793222,0.3170950908890158,-0.17155095922477437,-0.1450129484231146,0.03559154920953166,-0.0261116492405081,0.06627285671052172,-0.1656267500513888,0.0023354068348986163,-0.06880878766574113
2056.0,12.93778862550895,0.8557187059987664,17.292533443957694,0.112698036561677,-0.06813355119058216,-0.0478871336531698,3.4834272561707156,-4.846813378445227,-7.2157,0.0,7.5938950253,5.702532084443994,0.30008585484963773,-0.1814221043840265,-0.12751110735408253,0.035385580540404846,-0.027302715801991027,0.0643110334793765,-0.16462161663134822,0.002461355640696551,-0.0702222472802129
2057.0,12.936844753839026,0.7538418243312566,17.329128672879936,0.10588613755743626,-0.07084986619291268,-0.04140521235573348,3.5969213592234515,-4.913495863543497,-7.2157,0.0,7.5938950253,5.667337687874754,0.281968092549862,-0.18866871611963482,-0.11025946378708222,0.035175755236588016,-0.02844511681199532,0.062143016599356116,-0.16352918024045374,0.0025896986458213917,-0.07160263152355015
2058.0,12.936156120881657,0.6518417516195346,17.359138058989696,0.09870577823324304,-0.07266451822239936,-0.03517495021288489,3.7029474269976483,-4.9827431143079455,-7.2157,0.0,7.5938950253,5.63458486592748,0.26286124165170244,-0.19351132047029188,-0.09367365572202885,0.03496465889290862,-0.029534161794411706,0.059812496116836755,-0.16237407645158283,0.0027191086017922424,-0.07292143028435216
2059.0,12.93572240087257,0.5507051224150279,17.382903968587552,0.09119971049365205,-0.07367807725615458,-0.02932446721900415,3.8011684021457333,-5.053712070034814,-7.2157,0.0,7.5938950253,5.6044171924498425,0.24288013681357162,-0.19621708651565622,-0.07809597828309525,0.03475463964777721,-0.03056713569268652,0.05736334428062821,-0.1611795895623933,0.0028484024382460205,-0.07415561305675508
2060.0,12.935540531519829,0.4512964486230948,17.40088519264251,0.08340867067976562,-0.0740008097323951,-0.02395395132198604,3.8912991144816647,-5.1256542332798665,-7.2157,0.0,7.5938950253,5.576950681902961,0.22213441316319849,-0.19707934810061506,-0.06379428992794187,0.034547760502516206,-0.03154292546244346,0.05483786970979598,-0.1599671124679756,0.00297655274345098,-0.0752876215591371
2061.0,12.93560507443573,0.35435198255951217,17.413628647939067,0.07537137292693812,-0.07374582579628315,-0.01913694295000317,3.973102921265948,-5.197923082039842,-7.2157,0.0,7.5938950253,5.552275064599354,0.20072843770288679,-0.1963992935825445,-0.0509653534437675,0.03434577492733402,-0.03246164818840891,0.05227543299097871,-0.158755819427,0.0031026899548691426,-0.07630505743674751
2062.0,12.935908594191767,0.26048018064107487,17.421743071141755,0.06712464726919695,-0.07302330947104557,-0.014922810681974593,4.046388308721097,-5.2699754259555345,-7.2157,0.0,7.5938950253,5.530455606596609,0.17876162942757065,-0.19447053084520483,-0.03974137759637942,0.034150122895753754,-0.033324302760379385,0.04971144065409876,-0.1575625240874226,0.003226097051823913,-0.07720015545123932
2063.0,12.936442033163054,0.1701675452270059,17.42587568789718,0.058703669943914516,-0.07193594070739988,-0.01133996505951531,4.111005658867081,-5.341367716612674,-7.2157,0.0,7.5938950253,5.51153526183968,0.15632902960361955,-0.1915668273407004,-0.030198550366385617,0.03396194352374955,-0.0341324580618082,0.04717670142564373,-0.15640168786826314,0.003346198630187618,-0.07796912876938861
2064.0,12.937195064227376,0.08378858044271377,17.426692397675378,0.050142238511197784,-0.07057549852192296,-0.008399406600897504,4.1668443229870356,-5.411748391632411,-7.2157,0.0,7.5938950253,5.495536972075125,0.13352199670291715,-0.18793300340682834,-0.022366483303712936,0.033782100167315615,-0.034887983331271126,0.0446971059704371,-0.1552855416515453,0.003462546144636874,-0.07861146219898404
2065.0,12.938156408376253,0.0016186631960659892,17.42486163662018,0.041473052229290736,-0.06902055084888152,-0.006098274583766702,4.213830081728983,-5.480847304992118,-7.2157,0.0,7.5938950253,5.482465968188183,0.11042892079849068,-0.1837787318141085,-0.01623767349687874,0.033611213996894054,-0.035592821110638176,0.0422935784724955,-0.15422428529830787,0.003574800892803835,-0.07912921478362415
2066.0,12.939239321243248,-0.07614954814851538,17.42099560265373,0.032728823340052185,-0.06733486610224096,-0.0044222335113819015,4.2519232670168705,-5.548463152986984,-7.2157,0.0,7.5938950253,5.472313604838469,0.08713865908745422,-0.17927530974821768,-0.011773949046370108,0.03357373537531481,-0.03630817732239622,0.04003259982274358,-0.15491562408044401,0.00369756122795168,-0.07931704089952991
2067.0,12.940357619054314,-0.1493922419776365,17.415686174412368,0.023941769256546196,-0.06556703389301488,-0.0033491742101388043,4.281117859513262,-5.614449667646007,-7.2157,0.0,7.5938950253,5.465057425668371,0.06373811104521027,-0.1745534693947226,-0.008916218155315073,0.03354115814256946,-0.0369727779643566,0.03787297500914275,-0.155609728528689,0.003817559831213077,-0.07939837705362048
2068.0,12.94150823437217,-0.21804042298122422,17.40954970211903,0.015142720373005755,-0.06375077566069642,-0.002852560288015331,4.301439368807133,-5.678701708239089,-7.2157,0.0,7.5938950253,5.460661285257864,0.04030957655032206,-0.16970311201270405,-0.007593450480611277,0.033510864666875015,-0.037586528954814735,0.03582121675093522,-0.15627542448221435,0.003934168798294471,-0.07938368942071498
2069.0,12.942688275890271,-0.2820624309241012,17.40317182381214,0.00636206067812168,-0.06190522474248239,-0.002902183752598585,4.3129433690208305,-5.741141394512933,-7.2157,0.0,7.5938950253,5.459078963588832,0.016934116443920604,-0.16477527287365837,-0.00772484264055599,0.03348285071735182,-0.038150190201118414,0.033881443199925455,-0.15691740949561997,0.004047080785881392,-0.0792795273654191
2070.0,12.94389476390171,-0.34144908540847474,17.39710405320544,-0.0023702596659880767,-0.06003578938098707,-0.003465285184667059,4.3157144522518,-5.801704740396689,-7.2157,0.0,7.5938950253,5.460255654988214,-0.006308413887990824,-0.1597844375205328,-0.00922280942400025,0.03345710086189334,-0.038663989683834284,0.03205482813848415,-0.15754014757615287,0.004156006142620346,-0.07909280155365694
2071.0,12.945124645526047,-0.39619987286700414,17.39186144151812,-0.011024779789904841,-0.05813528626133228,-0.004507108768809851,4.309865224331317,-5.860329180584644,-7.2157,0.0,7.5938950253,5.4641293077176405,-0.029339513844965984,-0.15471157416742753,-0.011994469063622502,0.03343359844668563,-0.0391275392623279,0.030340147491432833,-0.15814770008355694,0.004260661343370282,-0.07883069935110046
2072.0,12.946374799357152,-0.4463103985910039,17.38792058065449,-0.019572641347569288,-0.05618528778538731,-0.005990948672991144,4.29553523998646,-5.9169422578284685,-7.2157,0.0,7.5938950253,5.470631859237464,-0.05208234002751435,-0.1495077343429532,-0.015941774047418516,0.03341233365305001,-0.03953977696498733,0.02873433077416246,-0.15874354780111682,0.004360758398097424,-0.0785006871155765
2073.0,12.94764203194434,-0.4917612901739412,17.38571746747404,-0.02798574954166739,-0.05415765404049244,-0.007877768652623286,4.272889783700499,-5.971451694100998,-7.2157,0.0,7.5938950253,5.479690403927057,-0.07446213521595653,-0.14409814366908236,-0.02096050612252815,0.03339330960622638,-0.039898936009835115,0.027233007685390033,-0.15933040476715213,0.004455995463654482,-0.07811058427434067
2074.0,12.948923068603838,-0.5325087218073796,17.385644841541623,-0.03623696968816202,-0.05201624119606481,-0.010125493712447687,4.24211841806476,-6.0237370448195495,-7.2157,0.0,7.5938950253,5.4912283230121695,-0.09640675129069101,-0.1383867600193908,-0.026938399166150363,0.03337654653664358,-0.04020254176859578,0.025831044079421436,-0.15991002633283555,0.004546048871660775,-0.07766869116942188
2075.0,12.95021454110576,-0.5684767306747863,17.38804871647835,-0.04430034527039772,-0.04971879107510082,-0.012688085744899023,4.203433242367222,-6.073643125916708,-7.2157,0.0,7.5938950253,5.505166395241922,-0.11784722868652112,-0.13226131096905938,-0.03375268822955338,0.033362083996453774,-0.04044743863114531,0.024523063760498384,-0.16048301607551194,0.004630566788059984,-0.07718395043746762
2076.0,12.951512974808452,-0.5995515085904852,17.393223944142928,-0.05215132209611417,-0.04721901102314864,-0.015514524708920861,4.15706682976899,-6.120975401387697,-7.2157,0.0,7.5938950253,5.521423892797212,-0.13871839141154121,-0.1255988341216582,-0.04126740846894981,0.033349981130651574,-0.04062984909466709,0.023303952999467796,-0.16104863851561269,0.004709164731552614,-0.07666612009835712
2077.0,12.952814777812188,-0.6255778648537698,17.401408777790987,-0.05976696232871965,-0.04446884879275597,-0.018547822921530798,4.103269840798984,-6.165497516210616,-7.2157,0.0,7.5938950253,5.539919651356846,-0.1589594144240643,-0.11827173222106398,-0.04933078335538915,0.03334031500910359,-0.04074546727763349,0.022169343589670713,-0.1616046468881127,0.004781423189969511,-0.07612593560189407
2078.0,12.954116234655984,-0.6463580610718616,17.41277853106596,-0.06712613191458396,-0.04142095456698603,-0.02172420170221986,4.042308342960078,-6.206931148647908,-7.2157,0.0,7.5938950253,5.560573087576047,-0.1785143195080208,-0.11015432152871706,-0.05777304565473116,0.033333177056335664,-0.04078958837397466,0.021116067965114484,-0.1621471372967557,0.004846887576747786,-0.07557523795527032
2079.0,12.955413506950192,-0.6616532074208863,17.427438559282383,-0.07420964540203481,-0.0380313027723667,-0.024972555938450477,3.9744608995718327,-6.244958330247959,-7.2157,0.0,7.5938950253,5.583305122827073,-0.19733235706668892,-0.10112980028041262,-0.0664050245573475,0.033328667678687814,-0.04075727430239425,0.02014257683114701,-0.16267044219328158,0.004905070755818045,-0.07502704590888296
2080.0,12.956702643083425,-0.6711873760515031,17.445416912054615,-0.08100035347748569,-0.03426192195818786,-0.028214322101530326,3.900015523765183,-6.279226336316871,-7.2157,0.0,7.5938950253,5.608038960265367,-0.21536823481775225,-0.09109749941584519,-0.07501780531457872,0.03332688928654709,-0.04064355401359907,0.019249306411526723,-0.16316707702554467,0.0049554583258951184,-0.0744955522027021
2081.0,12.957979598726599,-0.6746545269247175,17.46665711506785,-0.08748316082824499,-0.030083654272947465,-0.03136384805965939,3.819266623583664,-6.309355181307902,-7.2157,0.0,7.5938950253,5.634700654383185,-0.23258216048042016,-0.07998020693016736,-0.08338372177723191,0.0333279380390919,-0.0404436546975795,0.018438979339302,-0.1636277538502057,0.004997516790202154,-0.07399602721270174
2082.0,12.959240269251735,-0.6717282527975038,17.491011626319192,-0.09364496521358681,-0.02547883983445347,-0.034329338427968745,3.732512088909158,-6.33494766210175,-7.2157,0.0,7.5938950253,5.663219409304246,-0.24893967428496014,-0.06773128779620992,-0.09125887662177046,0.03333189478902438,-0.04015325764146768,0.01771682094818626,-0.164041474508523,0.0050307046436760495,-0.07354461803951362
2083.0,12.960480534380936,-0.6620742348297871,17.518236571166888,-0.09947451283214911,-0.020443798556363194,-0.03701441754182008,3.6400506877483125,-6.355601779855255,-7.2157,0.0,7.5938950253,5.693527545025468,-0.26441125836166574,-0.05434126137517885,-0.09838729983298493,0.033338815856302245,-0.03976876992579639,0.017090671734360297,-0.1643957134846822,0.005054486288327155,-0.07315803707965321
2084.0,12.961696314402339,-0.6453651627662396,17.547988384460545,-0.10496217006566631,-0.014990965573408989,-0.03932031452924654,3.542179945723442,-6.3709252429368615,-7.2157,0.0,7.5938950253,5.725560080170622,-0.2789717233804004,-0.03984345501368527,-0.10450675611242347,0.03334872438781482,-0.03928760073858516,0.016570977427914732,-0.16467669676321467,0.005068348543170655,-0.07285314120785066
2085.0,12.962883636189638,-0.6212977209621277,17.579822971764916,-0.11009961721806599,-0.009150528674336099,-0.04114863312872154,3.439194676248583,-6.3805516166968435,-7.2157,0.0,7.5938950253,5.759253895734716,-0.29259938757556286,-0.024318332377126876,-0.10935610093165532,0.033361603135644895,-0.03870842906363209,0.016170640665748616,-0.1648697779439448,0.005071819355012266,-0.07264641054306384
2086.0,12.964038706130543,-0.5896110829917367,17.61319794211301,-0.11487947564616947,-0.002971418842656676,-0.042404625076183255,3.3313863083986774,-6.384157549449132,-7.2157,0.0,7.5938950253,5.794546466457395,-0.3052750786789179,-0.007896102553374444,-0.11268396886100776,0.0333773894819836,-0.03803144807851405,0.015904722754297947,-0.16495990675008404,0.00506448814925695,-0.07255334393279728
2087.0,12.965157986028698,-0.5501062041192408,17.647478361077958,-0.11929488534069872,0.00347848088317181,-0.043000842580072966,3.2190431244708906,-6.38148037817301,-7.2157,0.0,7.5938950253,5.831374174053769,-0.3169810043514864,0.009242746332470617,-0.11425846321964248,0.03339597343170029,-0.03725857096472756,0.015789990343212785,-0.16493217819258668,0.00504602709595991,-0.07258779626434944
2088.0,12.966238267234873,-0.5026650645259914,17.6819463269673,-0.12333905519267613,0.010113017235269462,-0.04286100522743187,3.102451470491881,-6.372335312727484,-7.2157,0.0,7.5938950253,5.869670248201493,-0.32769955046444044,0.026869276699581272,-0.11387740990509453,0.03341719907313396,-0.03639358313088801,0.01584430973691474,-0.16477244346685074,0.005016212416524801,-0.07276128995762281
2089.0,12.967276737830138,-0.44726890801125224,17.715814489350453,-0.1270048125173132,0.016829411213700553,-0.04192388207514667,2.981897942672363,-6.3566313229957965,-7.2157,0.0,7.5938950253,5.909362414984544,-0.3374120780855316,0.04471048378419968,-0.11137864693481349,0.03344086967980301,-0.03544222716030148,0.016085900691148312,-0.1644679566798578,0.004974944730795173,-0.07308233899383566
2090.0,12.968271037747716,-0.38401445512738597,17.748243413351705,-0.13028418153376073,0.02351088995617391,-0.04014696338269958,2.8576724843252914,-6.334384821216835,-7.2157,0.0,7.5938950253,5.950370366089449,-0.3460977982935163,0.062456294800795634,-0.10664975188351755,0.03346675621466193,-0.03441220918010624,0.016532471349333538,-0.164008025375737,0.00492226735643921,-0.07355582802225233
2091.0,12.969219297369776,-0.31312705691650156,17.778362456687116,-0.13316802208510095,0.03003027483685815,-0.03750968083825867,2.730072256198007,-6.305730249201597,-7.2157,0.0,7.5938950253,5.992603192285095,-0.3537328080929378,0.07976910131665164,-0.09963656834302105,0.033494608549822315,-0.03331311877548229,0.017200265908837126,-0.16338462822164554,0.004858381433187533,-0.07418249098410189
2092.0,12.970120156350937,-0.23496979571618962,17.805293579682683,-0.13564575975312038,0.03625443218681067,-0.034015931743889734,2.599406073789668,-6.270926744096,-7.2157,0.0,7.5938950253,6.035956948379811,-0.36028937027285923,0.09629557581423488,-0.09034988376751428,0.03352416829366961,-0.03215625886809883,0.018103066335654203,-0.16259296061108156,0.004783656754810953,-0.07495853301591957
2093.0,12.970972761169502,-0.15004766356286642,17.82817726388961,-0.13770523610371294,0.04204942712792602,-0.029695676279784144,2.465999144085556,-6.2303601942637785,-7.2157,0.0,7.5938950253,6.080312530700912,-0.3657355135286849,0.11168034897842473,-0.07886964737919361,0.03355518178706726,-0.030954387209892787,0.019251197646243244,-0.16163186930257412,0.004698637286921409,-0.07587543530358712
2094.0,12.971776741978983,-0.05900613055602766,17.84619949396325,-0.13933270323659874,0.04728615548531426,-0.024605407051208773,2.3301977879513776,-6.1845401790906465,-7.2157,0.0,7.5938950253,6.125534048534619,-0.37003501694314034,0.12558095077271225,-0.06534619657544485,0.03358741167188557,-0.029721376759915392,0.020650592951409953,-0.16050414052181006,0.00460404050621518,-0.07691997531765786
2095.0,12.972516428948103,0.03737641100873419,17.85860864359238,-0.1405124992116151,0.05184618654171164,-0.01882714970135095,2.1923738870776424,-6.134091530645887,-7.2157,0.0,7.5938950253,6.171467941654621,-0.37314700076526736,0.13768347383829793,-0.049997647778206186,0.03368152272504748,-0.028481205632936848,0.022314800148065687,-0.16006948367858498,0.004519507225240682,-0.07796796424726334
2096.0,12.973049945680293,0.1382021771656604,17.864670117558568,-0.14122397951656251,0.055627464220245934,-0.012465039513489486,2.052930758277463,-6.079740532324057,-7.2157,0.0,7.5938950253,6.2179427094897175,-0.37502099465558286,0.14771901367924475,-0.03310097571794976,0.0338797983009028,-0.02725291434241425,0.024246153755869106,-0.16092906282093994,0.004459316458709516,-0.07892653236460039
2097.0,12.97333328905954,0.24247125494252159,17.863829430165087,-0.14144886065354847,0.05854917133390752,-0.005644674570835609,1.9123068101699927,-6.022296290945805,-7.2157,0.0,7.5938950253,6.2647675458883265,-0.37560996398852187,0.15547422605369074,-0.014989134606545166,0.034084347702747396,-0.02603576962277839,0.02641247111293342,-0.16172309092776033,0.004394395521404155,-0.0799439881771635
2098.0,12.973363048320664,0.34910789082747307,17.8556960257968,-0.14117015300878363,0.0605564203446124,0.0014924698976756785,1.7709740765249613,-5.962627721153059,-7.2157,0.0,7.5938950253,6.311735611980533,-0.3748690106827873,0.16080400071297946,0.0039631657407122834,0.034293286803597535,-0.024844600856517463,0.028796312246501414,-0.1624410729975346,0.004325199909689485,-0.08099704674112831
2099.0,12.973138271057959,0.4569899775775896,17.840032313816728,-0.1403717678437007,0.061623473630747466,0.008795352569610749,1.629437771661085,-5.901636993766151,-7.2157,0.0,7.5938950253,6.358626971343741,-0.3727554043730337,0.1636403329883052,0.02335594439003699,0.03450466993077304,-0.023693204454803416,0.03137412633428638,-0.16307431091390415,0.004252206757624346,-0.08206108640351767
2100.0,12.972660466309403,0.5649809659683315,17.816760157503474,-0.13903935955718638,0.06175539447535199,0.016109896775230847,1.4882344956067473,-5.840230923343672,-7.2157,0.0,7.5938950253,6.405211889312003,-0.3692308103788485,0.16399668712528342,0.0427811970680977,0.03471652972285236,-0.0225938385783453,0.03411671713327253,-0.16361609910421687,0.004175904645359791,-0.08311121450380084
2101.0,12.971933556364137,0.671962902203137,17.785960442544976,-0.13716118657392065,0.0609880379984055,0.02328580329656121,1.3479288646707044,-5.779291796910389,-7.2157,0.0,7.5938950253,6.451254699113526,-0.3642635738874367,0.16196798263850828,0.061840890572012676,0.034926918108641465,-0.021556794048070864,0.03699001848244764,-0.16406182120348523,0.0040967836224943145,-0.08412337820907426
2102.0,12.97096377784876,0.7768688007443956,17.747865650412063,-0.1347289320221615,0.059386341879902896,0.030183177918146006,1.209108681078204,-5.719649205889243,-7.2157,0.0,7.5938950253,6.4965180066336385,-0.35783090506272647,0.15772609597881102,0.08016447328731828,0.03513394762052906,-0.02059007270640921,0.03995614920423468,-0.1644089419826598,0.004015325866008876,-0.08507544393584326
2103.0,12.969759534435678,0.8787125718827782,17.70284588769369,-0.13173842553948764,0.05704102576994932,0.03667849839369255,1.0723788621083357,-5.662054405634589,-7.2157,0.0,7.5938950253,6.540766977517368,-0.34992080984890966,0.15151116198857542,0.09742464895419414,0.035335832074172346,-0.01969919536079544,0.042974690884723846,-0.16465689902418212,0.003931997301111446,-0.08594816650534093
2104.0,12.968331204130996,0.9766149061119442,17.65138926185918,-0.12819021405035547,0.054063947025901615,0.042669490880548715,0.9383544196046243,-5.607158547801624,-7.2157,0.0,7.5938950253,6.583773453913568,-0.34053362799895204,0.14361932508702585,0.11335027905260885,0.035530925419016195,-0.018887149574595842,0.04600411117998795,-0.1648069077457272,0.0038472403999775576,-0.08672597572429154
2105.0,12.966690905998302,1.0698238369431667,17.5940779194678,-0.1240899414552035,0.05058248317756202,0.04807857781448397,0.8076528396835299,-5.555495835599257,-7.2157,0.0,7.5938950253,6.625319672542424,-0.32968307134970126,0.13438791424116636,0.127735520011723,0.03571775731501749,-0.018154474028889415,0.0490032397846018,-0.16486170138294226,0.003761468266807244,-0.08739752288492142
2106.0,12.964852232507802,1.1577291384709272,17.53156133444852,-0.11944851368821997,0.046733390918432864,0.05285469043197901,0.6808862316421299,-5.507472266507931,-7.2157,0.0,7.5938950253,6.665201404978858,-0.3173966986095923,0.12417922613134137,0.1404446462425642,0.03589506384370372,-0.01749946336615089,0.051932698657996615,-0.1648252322348152,0.0036750600241528615,-0.08795595144719774
2107.0,12.962829955368903,1.239870210177062,17.464528575590585,-0.11428204435092593,0.04265662192038794,0.05697339091289095,0.5586536081631555,-5.463360193111321,-7.2157,0.0,7.5938950253,6.703230403288384,-0.3037158121679115,0.11336418283792447,0.15141240945895265,0.03606181178995916,-0.016918466909242733,0.054756192651756526,-0.16470236195944865,0.0035883574441666058,-0.08839888190967095
2108.0,12.960639714059162,1.315937603545842,17.393681260320303,-0.10861159464395351,0.03848955138830051,0.06043540125730242,0.44153362339773394,-5.423298498974661,-7.2157,0.0,7.5938950253,6.739236102520502,-0.2886948112156371,0.10230706775133952,0.160640185920422,0.03621721518737245,-0.016406247973466806,0.057441581424730395,-0.16449856679377994,0.0035016627189731514,-0.08872812705249783
2109.0,12.95829769716358,1.3857687963054255,17.319708732236865,-0.10246273717689484,0.034362001842962515,0.0632637678533713,0.33007803883981085,-5.387297800359531,-7.2157,0.0,7.5938950253,6.773066596664957,-0.27240007740497185,0.09135235130067837,0.16818851159945916,0.03636074329695151,-0.01595636832805566,0.059961676351686526,-0.16421967897878836,0.0034152372330716343,-0.08894917669400862
2110.0,12.955820326870697,1.4493391741811572,17.243266711892986,-0.095864984562521,0.03039233482292511,0.065499986036971,0.22480611677647955,-5.355249784892657,-7.2157,0.0,7.5938950253,6.804588959073815,-0.25490849941236676,0.08081432963980156,0.17416685798688228,0.03649211982526543,-0.015561564607629308,0.0622947337738667,-0.16387167942441108,0.0033293011816727565,-0.08907050789147322
2111.0,12.953223956430726,1.5067494070461553,17.164960306938948,-0.08885112947970032,0.026684754446111954,0.06719945867106297,0.12620006588954785,-5.326939610020295,-7.2157,0.0,7.5938950253,6.83368901706645,-0.2363057583865875,0.07096996035586713,0.1787216340121109,0.03661131388295264,-0.015214089297709225,0.06442464454192537,-0.1634605498907658,0.0032440338672125504,-0.08910278541160502
2112.0,12.95052458908796,1.5582104958647283,17.085331877190242,-0.0814565430677488,0.023327837526476988,0.0684266659248252,0.03470159103301948,-5.3020602155732295,-7.2157,0.0,7.5938950253,6.860270711437957,-0.21668449717074906,0.06205493818098135,0.1820234095456237,0.03671852382412622,-0.014905997032076245,0.06634084565661964,-0.16299218670571564,0.0031595744996273014,-0.08905801802042898
2113.0,12.947737625100226,1.6040277270192658,17.004853877658455,-0.07371847390247119,0.0203941912557714,0.06925038641019868,-0.049290464508662965,-5.2802274486099545,-7.2157,0.0,7.5938950253,6.88425517562922,-0.196142484461294,0.05426275300785501,0.18425425977172424,0.036814155591849106,-0.014629365907428613,0.06803800002555979,-0.16247237298779632,0.003076023325081222,-0.08894872975230306
2114.0,12.94487764118926,1.6445846242270157,16.92392648385185,-0.06567538180221491,0.01794105255048853,0.06973924418159322,-0.12542144679641132,-5.260995035017902,-7.2157,0.0,7.5938950253,6.905579659244918,-0.1747808643541913,0.04774624198823614,0.1855959576173456,0.03689879745997099,-0.01437645205102987,0.06951550324612386,-0.16190680282699432,0.0029934429157401454,-0.08878719382104906
2115.0,12.941958204406808,1.6803277667465364,16.842879561150358,-0.05736633097489831,0.016011588368526952,0.06995777563746523,-0.1933812876548902,-5.243868633748037,-7.2157,0.0,7.5938950253,6.924196400494574,-0.15270255635753144,0.042621001442264814,0.18621952973778294,0.03697319308704521,-0.014139782823660983,0.07077688152488446,-0.16130114887626523,0.0029118594736549774,-0.08858476267473231
2116.0,12.938991720221894,1.7117530799884695,16.76197838206167,-0.048830457128626575,0.014636633419331543,0.06996312841169793,-0.25290408992941527,-5.228318446380628,-7.2157,0.0,7.5938950253,6.940071526369097,-0.13001084508401997,0.0389699624359389,0.18627647547035142,0.037038214605417556,-0.013912199284528186,0.0718291431080112,-0.16066116405475564,0.0028312640377862255,-0.08835131324622938
2117.0,12.935989312853863,1.739393932439127,16.681432417407304,-0.04010651440559584,0.013836606317955228,0.06980243170281263,-0.30376703069054484,-5.213790099500405,-7.2157,0.0,7.5938950253,6.953184031939532,-0.10680817584627092,0.03684844476331724,0.18589175624723717,0.037094837110002894,-0.013686861770332261,0.0726821384448222,-0.15999280815831252,0.0027516135356178578,-0.08809481364633179
2118.0,12.93296073463572,1.7638111163870873,16.601406516429552,-0.03123250120441217,0.013623370550453463,0.06951082132360852,-0.34578871063297656,-5.199713747829837,-7.2157,0.0,7.5938950253,6.963524864216924,-0.08319515450243926,0.036289069849738564,0.18515851425924573,0.03714411545411426,-0.013457233835532281,0.07334797360155132,-0.15930239069130508,0.0026728316882051184,-0.08782100766706265
2119.0,12.929914300552381,1.7855845671180777,16.522033827527192,-0.022245359520890347,0.01400184516432306,0.06911006642003847,-0.3788270706832202,-5.185511546544854,-7.2157,0.0,7.5938950253,6.971096113662932,-0.059269738196326104,0.03730601415434921,0.18413438270573945,0.03718716377221704,-0.013217059730098315,0.07384050901556327,-0.15859672181160125,0.002594809856167106,-0.08753320710653974
2120.0,12.926856844042767,1.8053064963199998,16.443429875206522,-0.013180740361884623,0.014971215155747616,0.06860772835989434,-0.4027769866506356,-5.170603802517605,-7.2157,0.0,7.5938950253,6.975910298837605,-0.035126598131716966,0.03989820327848593,0.18283920604315937,0.03722513769019907,-0.012960349475864177,0.07417496306221416,-0.15788326365515898,0.0025174079986924154,-0.08723217909326719
2121.0,12.923793690609235,1.823575484493014,16.365707280535723,-0.004072827782229687,0.016525637970879987,0.06799678334658076,-0.41756764267931007,-5.154414232683944,-7.2157,0.0,7.5938950253,6.977989717176959,-0.010856635478463635,0.044051169627575354,0.18125399107785362,0.0372592187959721,-0.012681383827596555,0.0743676281885661,-0.15717027432937525,0.002440456001712741,-0.08691611583899933
2122.0,12.920728646630439,1.8409909938834446,16.28899067586361,0.005045784304352796,0.01865438715745238,0.06725565499544024,-0.42315977669282495,-5.136374833451429,-7.2157,0.0,7.5938950253,6.977365827334873,0.013453364283003168,0.049737414595563675,0.17932094837369328,0.037290600653916435,-0.012374749262621106,0.07443569717970232,-0.1564669364908403,0.002363755708249154,-0.08658067688187929
2123.0,12.917664001892762,1.858147725108844,16.213431408138483,0.014144165729776842,0.021341415585573766,0.06634862687175604,-0.419542887573151,-5.115930900326649,-7.2157,0.0,7.5938950253,6.974078625435493,0.03772094624224747,0.056915226066825184,0.17694454627377534,0.037320475468438745,-0.012035410812256515,0.07439718869347835,-0.1557834616936078,0.00228708404675152,-0.08621909807774025
2124.0,12.914600545604783,1.87562924369846,16.13922164191238,0.023193074118187138,0.0245643588153883,0.06522663320677988,-0.40673249519540755,-5.092546734704786,-7.2157,0.0,7.5938950253,6.968175978403247,0.06186806944202936,0.06552600354938024,0.17399357463969775,0.03735002043628234,-0.011658828098991589,0.0742709544642239,-0.15513116071073121,0.0022101976953641683,-0.08582236653523928
2125.0,12.911537596908213,1.8940003441494033,16.066607460731664,0.03216492625818822,0.02829303504820339,0.06382845433713959,-0.3847675504634697,-5.065712537599532,-7.2157,0.0,7.5938950253,6.959712881748936,0.08582104968349583,0.07549023887317702,0.17030429067108194,0.03738038286801296,-0.011241117355418186,0.07407674529912901,-0.15452246893991156,0.0021328397349358093,-0.08537946560877084
2126.0,12.908473052029676,1.9137976967878947,15.995900526022574,0.04103371103059432,0.03248753295927194,0.06208236794287042,-0.3537081020881262,-5.034952919595815,-7.2157,0.0,7.5938950253,6.94875061638371,0.10951034559286654,0.08670239353142863,0.16568478448313448,0.03741266329474671,-0.010779259392324412,0.0738353088760586,-0.15397091497902843,0.00205474872483409,-0.08487769828871108
2127.0,12.90540345112942,1.9355184359398994,15.927487791479216,0.04977483637053459,0.037096013770184,0.05990832442361721,-0.31363333812966976,-4.99983735298365,-7.2157,0.0,7.5938950253,6.935355788923549,0.1328701670938347,0.09902500756541617,0.15992074825161667,0.03744789599097534,-0.010271350339100437,0.07356848913066585,-0.15349101969874387,0.0019756705769241093,-0.08430310027596921
2128.0,12.902324068515895,1.9596064967752038,15.861838697394889,0.05836490225573514,0.0420523898554664,0.05722072166644184,-0.2646401306774272,-4.959992755567841,-7.2157,0.0,7.5938950253,6.919599252343045,0.15583788409225374,0.11228247119105703,0.1527828514414045,0.03748702661863394,-0.009716888381265037,0.0732992945205141,-0.1530981128724241,0.0018953734983545207,-0.08364095518342676
2129.0,12.899229030153567,1.986436693040737,15.79950919537755,0.06678139280543631,0.04727407881873438,0.05393184824328445,-0.20684221827056634,-4.915118225535982,-7.2157,0.0,7.5938950253,6.9015549185767195,0.1783532160541762,0.12625498868950705,0.14403590847468117,0.0375308870076701,-0.009117085575970438,0.07305190063948916,-0.15280805490618551,0.0018136661175088245,-0.08287642320853643
2130.0,12.896111462269223,2.016296748347914,15.741141894186244,0.07500228351757418,0.05266006801824307,0.0499560422260098,-0.1403701592250814,-4.865001743185028,-7.2157,0.0,7.5938950253,6.881298491532942,0.20035719098272867,0.14067336100003394,0.13344996743562654,0.03758016740697406,-0.008475189106649014,0.07285155166051097,-0.15263685274523106,0.001730418695108231,-0.08199529084404433
2131.0,12.892963674364193,2.049367747377108,15.68746158913678,0.0830055646818997,0.05808955730548595,0.045214573156397375,-0.06537217630286318,-4.809538420232036,-7.2157,0.0,7.5938950253,6.858906167609144,0.22179087566788333,0.15521530190557045,0.12081334319858801,0.03763538683735891,-0.00779679111582603,0.07272432523297268,-0.15260016197056414,0.001645587051380409,-0.08098484235155337
2132.0,12.889777379102947,2.0857037545917714,15.639265459710506,0.09076868921828433,0.06342147303421462,0.03964119565832959,0.01798401414828532,-4.748749615945861,-7.2157,0.0,7.5938950253,6.8344533705376325,0.24259389837402412,0.16950407146447924,0.10594746133035969,0.0376968624279084,-0.0070901007592446864,0.07269672728800479,-0.1527126718473681,0.0015592385110509677,-0.07983484350028666
2133.0,12.886543950434177,2.125211646146933,15.59740731285997,0.09826796260414594,0.06849515827267791,0.03318824415251467,0.109508339802635,-4.682801961064332,-7.2157,0.0,7.5938950253,6.808013607211265,0.2627028103682344,0.1831102436440495,0.08872316855875147,0.03776467879879916,-0.006366146799068686,0.0727950874654115,-0.15298737707306034,0.0014715787864850159,-0.07853861430259185
2134.0,12.883254719982219,2.167632498368521,15.562775432969698,0.1054779039595446,0.07313253500144308,0.02583304031885541,0.20898449037799782,-4.612025051100898,-7.2157,0.0,7.5938950253,6.779657549469419,0.2820493633313281,0.1955574026563368,0.06907790448358046,0.037838658663336175,-0.005638874618010017,0.07304473353670658,-0.15343474958861386,0.0013829782993496995,-0.07709415027205466
2135.0,12.879901310287094,2.2125261481187213,15.536263890824165,0.11237062021160296,0.07714199494654532,0.01758427235591001,0.3161651093190227,-4.536926313331226,-7.2157,0.0,7.5938950253,6.749452461449947,0.300558814313107,0.20633246031054017,0.04703282797495264,0.03791833587778739,-0.0049250990220055454,0.07346893537245708,-0.15406183628503836,0.0012939960078308572,-0.07550523168714442
2136.0,12.876476001893463,2.2592607521698715,15.51873757443013,0.11891524855556568,0.08032419714478944,0.008487885826011423,0.43076624555901544,-4.458201347936516,-7.2157,0.0,7.5938950253,6.7174621001063874,0.3181484058322196,0.2149010793971184,0.0227086717408626,0.038002932214830504,-0.004244274937580592,0.07408762679625974,-0.15487132362368491,0.0012053984000890132,-0.07378243880340625
2137.0,12.872972129546788,2.307009281252494,15.510991734273937,0.12507753456639212,0.08247982410147335,-0.001368086550735956,0.5524613519982958,-4.37673793303022,-7.2157,0.0,7.5938950253,6.683747214282714,0.334726201723231,0.22072835330497945,-0.0036612043589123342,0.03809133924368528,-0.0036180536209336686,0.07491593789342357,-0.15586062735038572,0.0011181709940964843,-0.07194397027532957
2138.0,12.8693845007215,2.3547548400757425,15.513707467518286,0.13081962202213354,0.08341917003534502,-0.011850414701984498,0.6808752149974893,-4.293611911332954,-7.2157,0.0,7.5938950253,6.648366751408696,0.35019048334517,0.2233044173601715,-0.03172232412983529,0.038182106944053586,-0.00306960373769935,0.07596260105574967,-0.15702108299430423,0.001033519527505931,-0.07001614578891538
2139.0,12.865709827164162,2.401306457535471,15.527405260347525,0.1361001329099411,0.0829732070615646,-0.022779973168598554,0.8155782823408131,-4.210073389129744,-7.2157,0.0,7.5938950253,6.611379846665215,0.3644299181105451,0.22217405970370388,-0.06099702901749634,0.03827344111907306,-0.0026226956229301185,0.07722832998282006,-0.15833732802462097,0.0009528581216596472,-0.06803346680536318
2140.0,12.861947156825194,2.445326498476039,15.552399399393135,0.1408746090201545,0.08100551224660403,-0.03393410127398719,0.9560819127071809,-4.1275221162255304,-7.2157,0.0,7.5938950253,6.572848614701569,0.37732469443158995,0.21696869555358542,-0.09089057625839436,0.03836321229614552,-0.002300573159554356,0.07870430876770097,-0.15978697565344802,0.0008777821593113607,-0.06603811687117703
2141.0,12.858098289673098,2.4853700840187734,15.588756636013219,0.14509636714536242,0.07742417074651735,-0.04505251380107547,1.101835079850854,-4.047471605471997,-7.2157,0.0,7.5938950253,6.53284168949077,0.388748766384241,0.20743834913439094,-0.12070673792356812,0.03844897948582664,-0.0021246692760600663,0.08037096193322206,-0.16134067857162354,0.0008100245101186922,-0.06407881040263633
2142.0,12.854168155557026,2.5199359065509386,15.636262880159071,0.14871778661190338,0.07219253703735141,-0.05584697848053917,1.252223033643997,-3.971502457426107,-7.2157,0.0,7.5938950253,6.491438363977045,0.3985732633009931,0.1934806570786597,-0.14967350554091163,0.038528032705395024,-0.0021132544246233176,0.08219719913181095,-0.1629626650770643,0.0007513950857036943,-0.06220894953127095
2143.0,12.850165127671582,2.5475266142036244,15.694401691192935,0.15169200134259148,0.06533760142047412,-0.06601458077405306,1.406568318600817,-3.901206467197107,-7.2157,0.0,7.5938950253,6.448733081400731,0.40667099561227016,0.17516353654384423,-0.17697845008768442,0.03859745809869884,-0.0022801366347153795,0.08414032819044333,-0.16461179558187128,0.0007037054916677863,-0.06048412225051625
2144.0,12.846101240510743,2.566715685634568,15.76234792023514,0.1539749130807304,0.056954721598600266,-0.07525391668590563,1.5641344080093027,-3.8381242462193614,-7.2157,0.0,7.5938950253,6.40483993185393,0.4129218395775515,0.15273818276351755,-0.20181200360261017,0.03865422848570782,-0.002633549813348443,0.08614680105588474,-0.16624313647892092,0.0006686825649833204,-0.05895906545836962
2145.0,12.841992279155308,2.576216560412156,15.838978915155373,0.15552738542936678,0.047207689292807865,-0.08328305536524347,1.7241320213667202,-3.783680171409941,-7.2157,0.0,7.5938950253,6.359896731822097,0.41721863022285727,0.12663961017769765,-0.22341558809295242,0.03869531986131481,-0.0031753669206652166,0.0881538917478614,-0.16780998400668906,0.0006478765918191507,-0.057684311218087536
2146.0,12.837857708423725,2.574948953555304,15.92290428587387,0.1563174307123548,0.03632351954337075,-0.08985768902828498,1.8857279821882855,-3.7391192740975443,-7.2157,0.0,7.5938950253,6.314068227652848,0.4194730624337032,0.09747305794237276,-0.2411303706063981,0.038717850739975024,-0.0039007519443524583,0.09009230612121008,-0.16926620289179045,0.0006425716085159863,-0.056702815664724876
2147.0,12.833720417345628,2.5620969567738148,16.01251346561903,0.15632217489674521,0.02458194255956899,-0.09478764015019082,2.0480562649017857,-3.705451025277514,-7.2157,0.0,7.5938950253,6.267547982051329,0.4196210257092934,0.06598615940180373,-0.2544417438578935,0.03871923670875874,-0.004798319160400716,0.09188960058438492,-0.17056868577134693,0.0006537060101372901,-0.05604691758751374
2148.0,12.829606267121573,2.537153852393962,16.106038420620557,0.1555293893054506,0.012300260903802155,-0.09794990893284526,2.2102306992101264,-3.6834047316252922,-7.2157,0.0,7.5938950253,6.220558584019255,0.41762680397321983,0.03302860425435758,-0.263014646940805,0.0386973479795914,-0.005850805660039891,0.09347416069174053,-0.17167970326191465,0.0006818114180374923,-0.05573597123423431
2149.0,12.825543448452327,2.4999495741626263,16.20162714572504,0.15393841554142282,-0.00018511345170095712,-0.09929675473799858,2.3713586698156397,-3.673400390156689,-7.2157,0.0,7.5938950253,6.173349964319316,0.41348566918167956,-0.0004972232511416514,-0.26671565337349035,0.03865065430227242,-0.0070361944536278635,0.09477938607746011,-0.1725689115894967,0.0007269762699488359,-0.05577493780615882
2150.0,12.821561674595047,2.450658342332638,16.297422331460496,0.15156037818887017,-0.012538639569548767,-0.09885788321640938,2.5305550834326556,-3.675537442745387,-7.2157,0.0,7.5938950253,6.126195785078025,0.4072245769368406,-0.03368982220214589,-0.2656192875126397,0.038578340455567586,-0.008329164458404276,0.09574767009721899,-0.17321481878509953,0.0007888380370969597,-0.0561541081305064
2151.0,12.817691256461847,2.389785968256896,16.391639020373262,0.14841766730452197,-0.024445123812534664,-0.09673656023379114,2.6869558773605666,-3.689602109216075,-7.2157,0.0,7.5938950253,6.079388077472971,0.3989009047212887,-0.06570095179327008,-0.25999803189002835,0.038480377402919826,-0.009702703019906347,0.09633376736240729,-0.17360557702669732,0.0008666047306770052,-0.056849983799844586
2152.0,12.813962121590668,2.3181383706336582,16.482635302598524,0.14454276328380206,-0.03562677037081185,-0.09310025365124863,2.8397304128306873,-3.7150921219881683,-7.2157,0.0,7.5938950253,6.0332304926218265,0.3885994158463182,-0.09578163472221281,-0.250297582266255,0.03835753906065738,-0.011129704447050037,0.09650721323321068,-0.17373905563946435,0.0009591029979931062,-0.05782719330508961
2153.0,12.810402846817313,2.2367745976578997,16.56897106743655,0.13997655205164578,-0.04585627831943602,-0.08816705599252454,2.988092216223885,-3.7512560798917387,-7.2157,0.0,7.5938950253,5.988030677549638,0.37642783570832433,-0.12331765105240641,-0.23710066851621983,0.03821136150399961,-0.012584395843930847,0.09625358187692953,-0.17362223820492986,0.0010648472853249373,-0.05904119440927514
2154.0,12.807039773453802,2.146948972630402,16.649451354445397,0.13476632796938914,-0.05496505478228815,-0.08218956709898328,3.131307688966891,-3.7971433937859045,-7.2157,0.0,7.5938950253,5.944092366416307,0.36251156244308386,-0.1478519760026618,-0.22108392233066318,0.038044049137292375,-0.014043471943913564,0.09557452202918826,-0.17327006407091933,0.0011821225999627968,-0.060441433520924605
2155.0,12.803896263783273,2.05004755731693,16.72315264321635,0.12896369571233343,-0.06284628827128506,-0.0754380363922367,3.2687025791701227,-3.851660221189908,-7.2157,0.0,7.5938950253,5.901707778506838,0.34698807501718515,-0.1690934217477051,-0.20297261866011507,0.037858338941687136,-0.015486874580592613,0.09448665816305805,-0.1727038835498262,0.0013090727493661903,-0.06197461233294984
2156.0,12.800992140677456,1.9475241097656055,16.789432223455385,0.12262256602465312,-0.06945325152287163,-0.0681844203823222,3.3996661843856004,-3.913626731917271,-7.2157,0.0,7.5938950253,5.861150841682877,0.3300015618418885,-0.186912427464103,-0.18349775207710486,0.03765733845728391,-0.016898206288371312,0.09301956752546471,-0.17194971605608947,0.0014437863581036774,-0.06358774331402339
2157.0,12.798343331975007,1.8408400458535947,16.8479222806747,0.1157973979305169,-0.07479367389471514,-0.0606886449548794,3.5236534053272544,-3.9818315882674926,-7.2157,0.0,7.5938950253,5.822671634121088,0.3116981827436803,-0.20132621846731755,-0.1633589414242539,0.037444354691431515,-0.01826481245889263,0.09121311791848785,-0.17103648930186713,0.0015843743748331228,-0.0652307496267609
2158.0,12.795961720390544,1.7314119196381843,16.898511437921208,0.1085417865721606,-0.07892130025862007,-0.05318789861685832,3.6401848998114277,-4.0550803591096525,-7.2157,0.0,7.5938950253,5.786492278747836,0.29222223613347975,-0.21247631505312758,-0.143195419569827,0.03722273007871175,-0.01957759602395462,0.08911447767854622,-0.1699944070743019,0.001729034649779544,-0.06685845726293757
2159.0,12.79385518211573,1.6205687131221078,16.94131707352109,0.10090743958867024,-0.08192582513754965,-0.045889298322658985,3.748845671300757,-4.132235650974208,-7.2157,0.0,7.5938950253,5.752804364096316,0.2717133533517782,-0.22060158066615324,-0.12356606391992705,0.03699569836570253,-0.02083064200418417,0.08677508898161913,-0.16885354931569432,0.0018761012172798359,-0.06843192216732782
2160.0,12.792027784208896,1.5095200314568542,16.976651865395986,0.09294353645508852,-0.08392230017803719,-0.03896585337971822,3.849282474121478,-4.212247790977905,-7.2157,0.0,7.5938950253,5.721767822434759,0.25030471203559984,-0.22600976873286072,-0.10493829997683278,0.03676626896278409,-0.022020728556018623,0.08424784407782321,-0.1676427627666043,0.0020240777639031174,-0.06991911560739023
2161.0,12.790480103355371,1.3993352516347657,17.004987765430933,0.08469642886353852,-0.08504091263210345,-0.03255534404706614,3.941200425566369,-4.29417583547477,-7.2157,0.0,7.5938950253,5.6935110871095365,0.22812216201200045,-0.22904999785015234,-0.0876848713542202,0.03653714378355601,-0.023146790759874837,0.08158463539479532,-0.16638885957142804,0.0021716562270202057,-0.07129504961931107
2162.0,12.789209626256001,1.2909328639534767,17.02692010749656,0.07620961784636963,-0.0854177809404174,-0.026761544425712186,4.0243591902809825,-4.377199418793618,-7.2157,0.0,7.5938950253,5.668132282747094,0.2052840958535463,-0.2300879131229651,-0.07208695708396785,0.036310666633034255,-0.02420938796892723,0.07883437894446205,-0.16511610940228194,0.002317722460324209,-0.07254145858072716
2163.0,12.788211193780882,1.185078704278467,17.04313392027563,0.0675239337868113,-0.08518715928526681,-0.021657143475664824,4.098569052510244,-4.46062246939787,-7.2157,0.0,7.5938950253,5.645701173676336,0.18190186912825765,-0.2294846083559078,-0.058341904229693084,0.03608880223704141,-0.02521020903804023,0.0760415464841914,-0.1638459892228041,0.002461351436235114,-0.07364616531551325
2164.0,12.78747745579428,1.0823914866974218,17.054373853283373,0.058677846043871926,-0.08447521971765147,-0.017287729345281607,4.163687126010269,-4.543870114950453,-7.2157,0.0,7.5938950253,5.626261601647874,0.15808057556304234,-0.22757978102666623,-0.046573867129289785,0.03587314015987299,-0.026151634892472034,0.07324519147734415,-0.16259714315066465,0.002601794605830831,-0.07460225568921885
2165.0,12.78699930989602,0.9833539681395986,17.061418505992208,0.049707836395092936,-0.08339540625642076,-0.013676271980992355,4.219613878464794,-4.626480206516132,-7.2157,0.0,7.5938950253,5.609834174655731,0.13392000126923262,-0.2246791194639595,-0.03684582741633212,0.03566491804378534,-0.027036366120319344,0.07047841920581824,-0.161385501157866,0.002738461907881317,-0.0754071702384708
2166.0,12.786766304120269,0.8883281538619411,17.065059421572528,0.04064878182768589,-0.08204523549917551,-0.010827640475568067,4.2662900745943695,-4.708090860802595,-7.2157,0.0,7.5938950253,5.596419014664536,0.10951561173934533,-0.22104559477526617,-0.02917173939928225,0.035465058600287695,-0.027867115005310947,0.06776823165478987,-0.16022450730817672,0.002870900613928205,-0.07606180031901473
2167.0,12.786766990076098,0.7975731292971888,17.066084589486362,0.03153430494577933,-0.08050434921895949,-0.008732803600786248,4.303694175530691,-4.788425295110238,-7.2157,0.0,7.5938950253,5.5859984244074266,0.08495945896450818,-0.21689414007040175,-0.02352784595829222,0.035274215322556056,-0.028646356412620477,0.06513567054131049,-0.15912541370122507,0.0029987728056494562,-0.07656965369953492
2168.0,12.786989218613508,0.711264329984088,17.06526599769238,0.02239706271158709,-0.0788335976055448,-0.007372469883637554,4.331840175245601,-4.867275055022843,-7.2157,0.0,7.5938950253,5.578539385006931,0.06034092914468239,-0.2123891239039845,-0.019862501105545858,0.03509282271866663,-0.02937612961121655,0.06259618389645451,-0.1580976034870552,0.0031218328718004484,-0.07693613325175289
2169.0,12.787420374635959,0.6295132977354077,17.06335057650909,0.013268955401299536,-0.07707493675451796,-0.0067200190240707955,4.350775809918188,-4.9444825441978395,-7.2157,0.0,7.5938950253,5.573995841933247,0.035747281326690764,-0.2076440355757629,-0.018104093601116915,0.03492114778368478,-0.03005788276870413,0.060160149726070436,-0.1571489139348543,0.003239906030342294,-0.07716795393408887
2170.0,12.788047551143409,0.5523871896575167,17.0610537672281,0.0041812470914442176,-0.07525195028769839,-0.006743655916983066,4.360581043742428,-5.019923584037764,-7.2157,0.0,7.5938950253,5.572310773695281,0.011263952665500843,-0.20272286891671862,-0.0181668816456109,0.034759340292195316,-0.030692352834468535,0.05783350165930884,-0.15628593775520946,0.003352868553108588,-0.07727270821887355
2171.0,12.788857665099718,0.4799274894718444,17.059054912646374,-0.004835403350905397,-0.0733708433557211,-0.007407781927709738,4.361366714507861,-5.093490574791045,-7.2157,0.0,7.5938950253,5.573418064262889,-0.013025373321127824,-0.1976427934218379,-0.019954721062071547,0.034607480216392796,-0.03127947528454628,0.05561841391638322,-0.1555142872432018,0.003460630106717574,-0.07725857840620977
2172.0,12.789837519466623,0.41216750916475886,17.057993688108166,-0.013750995735859802,-0.07142180009839404,-0.00867362726980764,4.353273213464576,-5.165076707223418,-7.2157,0.0,7.5938950253,5.577244216388176,-0.03703892268993625,-0.19237781634400972,-0.023362803396843653,0.03446562112055397,-0.03181832030570772,0.05351401475659352,-0.1548388111695485,0.00356311842512197,-0.07713418546869147
2173.0,12.790973816946815,0.3491483618725314,17.05846685720043,-0.022536316678327083,-0.06938063695159964,-0.010499226090384159,4.336469075434936,-5.2345615875440314,-7.2157,0.0,7.5938950253,5.583709949416563,-0.0606971854277228,-0.1868632503817552,-0.028277623267004007,0.03433382874799068,-0.03230705412076752,0.05151710771176338,-0.1542637587218894,0.0036602663902946873,-0.07690855760318516
2174.0,12.792253131831105,0.29093313812848154,17.061024735607518,-0.031163128839397144,-0.06721071953257228,-0.012838844934096797,4.311149365787634,-5.301798584935771,-7.2157,0.0,7.5938950253,5.592731723064253,-0.08392343220959693,-0.18100089671737787,-0.03457547340734363,0.03421221422279004,-0.032742926059748954,0.0496228877222674,-0.1537928883107978,0.0037520015085347317,-0.07659119696525415
2175.0,12.793661847013901,0.23761903514338395,17.0661668720639,-0.03960440476677746,-0.06486513706705378,-0.015641997832124638,4.277533769776806,-5.366604184351658,-7.2157,0.0,7.5938950253,5.604223219495042,-0.10664434940758842,-0.17466492382566526,-0.04211982712693534,0.03410096137204503,-0.03312228348398791,0.047825644482206914,-0.15342952186362302,0.003838237719712559,-0.07619221967869691
2176.0,12.795186063843357,0.18934718327540684,17.074336600949266,-0.04783458649668669,-0.062289143463626025,-0.01885219868349776,4.235864315986854,-5.428749618249738,-7.2157,0.0,7.5938950253,5.618096801525145,-0.1287907418140247,-0.1677084632935266,-0.050758014881998256,0.03400034767922125,-0.03344061764629629,0.046119447859655605,-0.15317654748460222,0.003918869454363227,-0.07572254186149088
2177.0,12.796811493068724,0.1463098973663266,17.085914281838615,-0.05582985037966483,-0.05942287729022004,-0.022405614243592338,4.186402698306751,-5.4879550493120846,-7.2157,0.0,7.5938950253,5.634264946678411,-0.15029824785816467,-0.15997095243271214,-0.060317635460195244,0.033910758353165565,-0.033692643941063194,0.04449881040962417,-0.15303637517997812,0.0039937678485962545,-0.07519408297843985
2178.0,12.79852333574374,0.108755065673152,17.101209212186106,-0.06356835559372985,-0.05620436420843264,-0.0262297884272283,4.129427198893512,-5.543886571245414,-7.2157,0.0,7.5938950253,5.652641636918566,-0.17110800931916526,-0.15128623015226833,-0.07060316160024445,0.03383269298624442,-0.03387241973290501,0.04295932015398201,-0.15301085180924615,0.0040627790303327475,-0.07461995735812627
2179.0,12.800306163495645,0.07698738757153561,17.12045037440432,-0.0710304546599996,-0.052572786046390825,-0.030242609677208022,4.065229256516518,-5.596156276467849,-7.2157,0.0,7.5938950253,5.673143664039385,-0.19116723707870545,-0.14149134061052493,-0.08139320185567303,0.03376676432033303,-0.03397350207041373,0.04149823353110241,-0.153101142569307,0.004125724394915698,-0.07401462533555093
2180.0,12.802143807986702,0.05136619328014031,17.143776350754063,-0.0781988451570836,-0.04847197279505877,-0.03435168649226589,3.9941097685310845,-5.644325599446113,-7.2157,0.0,7.5938950253,5.695691792726253,-0.21042961679440683,-0.13043592446977684,-0.09243886160068583,0.03371368877292773,-0.03398914616073668,0.04011501439876286,-0.1533075871674734,0.004182402787732991,-0.07339397737418271
2181.0,12.804019269561499,0.0322996322414968,17.17122490022218,-0.08505864389940396,-0.043854040401006,-0.03845428064789384,3.916375257946331,-5.687912076729693,-7.2157,0.0,7.5938950253,5.720211708971189,-0.22885550393543105,-0.11799198829746814,-0.10346360314133704,0.03367426861650881,-0.033912543610555464,0.0388118009463143,-0.15362953941108015,0.0042325945017322765,-0.0727753278173496
2182.0,12.805914654860205,0.02023510590709288,17.202722831509888,-0.09159736819108094,-0.03868306191820926,-0.04243792250194899,3.832334076495256,-5.726399566528411,-7.2157,0.0,7.5938950253,5.746634672435504,-0.24641186664360024,-0.10406374858796502,-0.1141649362497725,0.033649366054822175,-0.03373709726543733,0.03759377906700285,-0.15406519927246698,0.004276066975668204,-0.07217729965586317
2183.0,12.807811152466702,0.01564594619387804,17.23807691567991,-0.09780481337642973,-0.032938626263571275,-0.04618179817988471,3.742292846727178,-5.759251842681816,-7.2157,0.0,7.5938950253,5.774897788875694,-0.26307194732248096,-0.08859715850522107,-0.12421817657661349,0.03363986988344487,-0.03345672714436913,0.03646943880405554,-0.15461144664334509,0.004312582043175824,-0.07161958777549267
2184.0,12.809689054363036,0.019014499605408654,17.276966651726372,-0.10367282164314459,-0.02661911126505239,-0.049558955433489656,3.646553367198903,-5.7859293243147265,-7.2157,0.0,7.5938950253,5.804943823920135,-0.27881462933636575,-0.07158865286965815,-0.13328239330697905,0.03364665592312636,-0.0330661995962444,0.03545069040096502,-0.15526368606224078,0.00434190453347969,-0.07112259531642914
2185.0,12.811527829062408,0.03081196257594991,17.31893972149651,-0.10919494364210135,-0.019744479131219596,-0.05243932540990688,3.54541021142752,-5.805908530300136,-7.2157,0.0,7.5938950253,5.836720492876085,-0.29362351303152034,-0.05309259872405822,-0.14100853422596832,0.0336705429215308,-0.032561469489236244,0.03455281853591537,-0.15601571179245877,0.004363811963345499,-0.07070694568102226
2186.0,12.813306249782062,0.0514755155707403,17.363410939485313,-0.11436600162103305,-0.012358395414006074,-0.05469350407870394,3.4391492402574877,-5.818703667596756,-7.2157,0.0,7.5938950253,5.8701791831674965,-0.30748572453043505,-0.03322692158550028,-0.14704957321560924,0.03371224606762761,-0.03194002304959379,0.03379425753040573,-0.15685960279773475,0.004378104990949413,-0.07039288091131854
2187.0,12.815002578080032,0.08138351019408603,17.409665418289794,-0.11918157001800318,-0.004529478412241479,-0.05619718235926302,3.3280472171483484,-5.823889585692345,-7.2157,0.0,7.5938950253,5.905273095886431,-0.32039050028309474,-0.012176394842762275,-0.15107237946156274,0.033772330588034374,-0.031201206918738275,0.033196176502824276,-0.15778565745242407,0.004384618231077717,-0.07019956521840366
2188.0,12.816594800207664,0.12082966583468109,17.45686653267992,-0.12363739647765903,0.003648494695638497,-0.05683606042291867,3.2123726665224663,-5.82112516390222,-7.2157,0.0,7.5938950253,5.941954829736901,-0.3323276092481555,0.00980686713000474,-0.152770865591992,0.03385116804639693,-0.030346527087458573,0.03278187133533472,-0.15878237817601407,0.004383230962641611,-0.0701443200835276
2189.0,12.818060910092655,0.16999740265985652,17.504069067030628,-0.12772879248381122,0.012057565617133609,-0.05651103320034677,3.0923880463075877,-5.810176070967819,-7.2157,0.0,7.5938950253,5.980173473627676,-0.3432856913328156,0.03240608220102851,-0.1518798441829119,0.0339488978779054,-0.029379899828901834,0.03257596922352631,-0.1598365162081422,0.004373877210910661,-0.07024182403736992
2190.0,12.819379230072277,0.2289355917851664,17.55023769982642,-0.13145002825527335,0.02055785174402101,-0.055143389677862316,2.9683532239669264,-5.790935727340072,-7.2157,0.0,7.5938950253,6.019871319125238,-0.3532506053624747,0.05524588826580262,-0.14818890527444412,0.0340653964088041,-0.028307835415950007,0.03260346168930023,-0.1609331864957052,0.004356554650346843,-0.07050331637552981
2191.0,12.820528757914138,0.29753707696400444,17.594270688628285,-0.134793770280413,0.028991118809725644,-0.05267973577165768,2.8405301500968214,-5.763443273676084,-7.2157,0.0,7.5938950253,6.060980350640088,-0.3622038898585752,0.0779019385123661,-0.14155554202187778,0.03420025505408787,-0.027139535122798368,0.03288859181166201,-0.1620560611065415,0.004331331788391729,-0.07093584856902038
2192.0,12.821489527198693,0.37552137188935164,17.635028317298044,-0.1377506024381331,0.037185637160935044,-0.049096324092596066,2.7091885279719197,-5.727897340421029,-7.2157,0.0,7.5938950253,6.10341871231038,-0.37012144680435655,0.09991391386130952,-0.13191668264455336,0.03435276875202824,-0.02588688242678954,0.03345363241761347,-0.16318764705543032,0.004298352922960156,-0.07154163111014422
2193.0,12.822242967374178,0.46242286123443127,17.67136533040228,-0.14030867153481097,0.04496221000321626,-0.0444024663837444,2.5746121831009745,-5.684664523359678,-7.2157,0.0,7.5938950253,6.147087384594109,-0.3769725582858848,0.12080165214089716,-0.11929776801236588,0.03452193488782536,-0.02456431187817968,0.03431760171654986,-0.16430964973544843,0.004257840472340263,-0.0723175250040761
2194.0,12.822772250122966,0.5575857211573343,17.702166251066203,-0.14245349620445613,0.052141174469388735,-0.03864270900112976,2.4371057566238368,-5.63428160172361,-7.2157,0.0,7.5938950253,6.191867322880944,-0.3827193409129178,0.14008386216586016,-0.10381852684595207,0.03470646228718585,-0.02318854329728714,0.03549497367037029,-0.16540341700677516,0.004210094397636266,-0.07325472726125865
2195.0,12.823062609861879,0.6601665117661656,17.726382161004473,-0.14416797256934558,0.05855008508687261,-0.031897484485944747,2.297001286315797,-5.577450799912018,-7.2157,0.0,7.5938950253,6.237617311678184,-0.38731672815777135,0.15729864952008435,-0.08569468729690878,0.034904789220090916,-0.021778176192172975,0.036994448966535566,-0.1664504508955551,0.004155488627800669,-0.07433869586370799
2196.0,12.823101628039009,0.7691450647902055,17.74306725151632,-0.1454326016172156,0.06403169964496258,-0.024282008652823452,2.1546642079194904,-5.515027701003321,-7.2157,0.0,7.5938950253,6.284172765793526,-0.3907130482969792,0.1720248436576027,-0.06523501274142934,0.035115109012024776,-0.020353148811675284,0.038817860354764935,-0.16743296506043207,0.004094464592068439,-0.07554935226246018
2197.0,12.822879473079517,0.8833438433122562,17.751413257245094,-0.1462259508958625,0.06845180919507232,-0.015943282360035574,2.0104983128591893,-5.448001819419015,-7.2157,0.0,7.5938950253,6.331345662731271,-0.3928512327467639,0.18390290821347863,-0.04283328705196975,0.035335401753568814,-0.0189340782016989,0.04095929048568884,-0.16833445746319187,0.0040275221756691905,-0.076861586606036
2198.0,12.82238909002316,1.0014554279248116,17.750779796578673,-0.14652534730864847,0.0717063985924479,-0.007055178452403778,1.8649492396414027,-5.377470290618746,-7.2157,0.0,7.5938950253,6.378925718543558,-0.39367064743890273,0.19265406892323284,-0.018955195945069482,0.035563470772261255,-0.017541510805006356,0.043404480189380715,-0.16914026066251162,0.003955208603874136,-0.0782460724883264
2199.0,12.82162633577577,1.1220772110179806,17.740718695106647,-0.14630777913993506,0.07372760501772632,0.0021882563896302937,1.7185061550607885,-5.304605615972461,-7.2157,0.0,7.5938950253,6.426682826990442,-0.3931094901203733,0.19809624195439438,0.005879553080752172,0.03579698290147079,-0.016195125995481986,0.04613059830202505,-0.16983802838959633,0.0038781059045818753,-0.07967037425259631
2200.0,12.820590057272142,1.2437518063798445,17.720990586160106,-0.1455509653992507,0.07448797191746506,0.011580988970599868,1.5717013934155033,-5.230618870885981,-7.2157,0.0,7.5938950253,6.474370677265825,-0.3911076429091496,0.20015542350963114,0.031119087986973194,0.03603351202444652,-0.01491294538978942,0.04910642907276237,-0.17041811794349213,0.00379681767873646,-0.0811003023198065
2201.0,12.819282110580536,1.3650111660915645,17.691572468122423,-0.14423453134596717,0.07400258269066333,0.020914215037188516,1.4251079572138041,-5.156720194747674,-7.2157,0.0,7.5938950253,6.521731360839238,-0.38760981792946503,0.19887143068559085,0.0562039825487947,0.03627058573080198,-0.013710606656128325,0.0522930092043956,-0.1708738341597746,0.003711955907996241,-0.08250144349969349
2202.0,12.817707319735561,1.4844219996246657,17.65265546717433,-0.14234121324169127,0.07232880624275913,0.02998599983792051,1.2793349360623827,-5.084078684848364,-7.2157,0.0,7.5938950253,6.56850068447303,-0.3825687912709674,0.19439727502800075,0.08059301625851709,0.036505735027930065,-0.012600759870912581,0.055644713620199834,-0.17120151242016468,0.0036241284547298526,-0.08384076766864644
2203.0,12.81587337397529,1.600629892225412,17.604632702243766,-0.13985800612705188,0.06956357917339903,0.03861064999474907,1.1350210405903267,-5.013783950428075,-7.2157,0.0,7.5938950253,6.614413842653487,-0.3759484953137012,0.18699196165514623,0.10378823615877514,0.036736546849375315,-0.011592636484778644,0.059110751302468935,-0.1714004334180463,0.0035339277655311247,-0.08508819448862706
2204.0,12.813790663294572,1.7123995351700059,17.548077912967923,-0.1367771675593573,0.06583837722754367,0.046627100117489544,0.9928265852610396,-4.946811535620022,-7.2157,0.0,7.5938950253,6.659211070790028,-0.3677267364697494,0.17700711328038168,0.12535740915830726,0.03696071852160508,-0.010691825623033016,0.06263699169259412,-0.1714725800920424,0.003441921118644272,-0.08621799761082447
2205.0,12.811472053196859,1.8186487551252504,17.483716204010186,-0.1330969994840936,0.06131225128447427,0.0539056600959283,0.8534243479666906,-4.883994159043581,-7.2157,0.0,7.5938950253,6.702642914168832,-0.3578973292989292,0.16486841230887886,0.14495211655567236,0.037176112565990106,-0.009900271904158806,0.06616800660630373,-0.1714222633282439,0.003348642575280541,-0.08720993231802263
2206.0,12.808932602153947,1.9184745362683977,17.412388891792716,-0.12882234912062923,0.05616349828920856,0.06035261247255243,0.7174897998667964,-4.826000261289208,-7.2157,0.0,7.5938950253,6.744474797557605,-0.346471487129177,0.15105337627726093,0.162320121766415,0.03738080939273647,-0.009216485621399002,0.06964918621077414,-0.17125565623165306,0.003254586638395147,-0.08804999581914763
2207.0,12.806189227712965,2.0111698972583043,17.335014834000784,-0.1239647956480223,0.050580662575877726,0.06591235808706962,0.5856912074412945,-4.773320769043746,-7.2157,0.0,7.5938950253,6.78449066630205,-0.3334783778481653,0.13606731829076513,0.17731119661934477,0.03757315481402133,-0.008635934546433098,0.07302877704203463,-0.17098028351114702,0.0031602035188689555,-0.08873076482375841
2208.0,12.803260330970222,2.096231268131955,17.252550836256965,-0.11854251934441175,0.04475361069657111,0.07056705316185635,0.45868008751782197,-4.726264302399685,-7.2157,0.0,7.5938950253,6.82249557053164,-0.31896483285093985,0.12041947509006413,0.18987624390839278,0.037751799124059314,-0.008151569084604002,0.07625969643367284,-0.17060451360142076,0.0030658958438095313,-0.08925129783824506
2209.0,12.800165391981285,2.1733567786016064,17.165953644696536,-0.11257987892990395,0.038865374198998576,0.07433392467246787,0.33708242791591936,-4.6849603934405675,-7.2157,0.0,7.5938950253,6.858317172042174,-0.30299427471185775,0.10460115945019491,0.20006020442288536,0.03791572483160329,-0.007754422743611263,0.0793010020442402,-0.17013709543570532,0.0029720166260920697,-0.08961663294559928
2210.0,12.796924551139506,2.2424365488466127,17.076145734539892,-0.10610674724509306,0.03308532799374499,0.07726065754562314,0.22149099717360596,-4.649369700254937,-7.2157,0.0,7.5938950253,6.891806249101549,-0.2856449944661088,0.0890674587342958,0.20798979018827707,0.03806426100264223,-0.007434228194382449,0.08211893296052883,-0.16958677186568094,0.0028788683181604617,-0.08983694921123549
2211.0,12.793558192643944,2.3035365827569603,16.983986618356727,-0.09915767180985396,0.027564086952702772,0.07941938901966615,0.1124589622605526,-4.619299766022318,-7.2157,0.0,7.5938950253,6.922836348779279,-0.2670079537226473,0.07422351008389541,0.21385746721351115,0.03819708341870589,-0.00717999537332735,0.0846874845715605,-0.16896198937689139,0.0027867027835515625,-0.08992648594731711
2212.0,12.790086545753903,2.3568781601391064,16.89025080649102,-0.09177093373624853,0.0224302925483199,0.08089990822710275,0.0104949272739263,-4.594424622459831,-7.2157,0.0,7.5938950253,6.951302782598938,-0.24718430605642233,0.06041582091922217,0.217903282237674,0.03831420114978958,-0.006980510122007757,0.08698852595614057,-0.1682707113735599,0.0026957220220354943,-0.0899023260428773
2213.0,12.786529317598758,2.402814699098359,16.79561293747519,-0.08398757614665144,0.017789256815002392,0.08180264368616276,-0.08394059075150662,-4.574306479293674,-7.2157,0.0,7.5938950253,6.977121178392033,-0.22628282674563185,0.047928556847193035,0.22039609068190302,0.03841593142506606,-0.006824727133419011,0.08901150938028365,-0.16752033175103664,0.0026060794745404996,-0.08978314737371909
2214.0,12.782905368169143,2.4418079348623385,16.70064003230215,-0.07585046340423007,0.01372325928979105,0.08223194188472219,-0.17043731291902525,-4.5584178577633185,-7.2157,0.0,7.5938950253,7.000225792625657,-0.20441741443087796,0.03698425897062044,0.22161553389755134,0.038502865646251064,-0.006702046726935081,0.090752851827991,-0.166717677853076,0.0025178817167766255,-0.08958803234028437
2215.0,12.77923243423695,2.4744049816956215,16.605790368073276,-0.0674034177589343,0.010293170674580326,0.08229001870165603,-0.24863609953110277,-4.546162777865709,-7.2157,0.0,7.5938950253,7.020567759561331,-0.18170478968472856,0.027748124276171793,0.22183579169254872,0.0385758299010829,-0.006602478940345345,0.0922150858516515,-0.1658690875373528,0.0024311903361764814,-0.08933540382863678
2216.0,12.77552690488787,2.5012174667115374,16.51141814407439,-0.05869046337629981,0.007541010542152117,0.08207182678185321,-0.31822876128683497,-4.53689594724697,-7.2157,0.0,7.5938950253,7.0381134139585075,-0.15826247154940923,0.020334802244261766,0.22131176691844312,0.03863584337211379,-0.006516709154975868,0.093405881423125,-0.16498054359666386,0.002346023787371504,-0.08904213086940431
2217.0,12.771803647614432,2.5229035051811826,16.417782932494354,-0.04975519176554594,0.005493031640652338,0.08166094845042937,-0.37895695748411085,-4.529939274742299,-7.2157,0.0,7.5938950253,7.052842779923481,-0.13420707079561295,0.014816618329065771,0.22026800221304343,0.03868407766083298,-0.006436086389746944,0.09433703383416933,-0.16405784944609073,0.002262359046287278,-0.08872282309116722
2218.0,12.768075880903055,2.5401528752099143,16.32506285242319,-0.04064024928637053,0.004162949817870744,0.0811265118540885,-0.43061035813392445,-4.524595400611309,-7.2157,0.0,7.5938950253,7.0647482758212234,-0.10965290314490535,0.0112322030792555,0.21889032924322493,0.038721819377806575,-0.006352558686024752,0.09502349813734001,-0.16310683188624578,0.0021801329364168863,-0.0883893127930378
2219.0,12.76435508718832,2.5536753813520296,16.23337045172437,-0.03138693778684798,0.003554992866565601,0.08052104723682874,-0.4730242349954992,-4.520158266609763,-7.2157,0.0,7.5938950253,7.073833647961793,-0.08471089995312038,0.009594648802594696,0.21732003366883648,0.03875043752578914,-0.00625858031841367,0.09548253157880185,-0.1621335590569793,0.0020992430816690346,-0.08805030885819395
2220.0,12.760650959013496,2.5641920936453495,16.142770392943874,-0.02203491382348956,0.0036665104103298244,0.07987915342490017,-0.5060766277573425,-4.515921022586528,-7.2157,0.0,7.5938950253,7.080113116231877,-0.05948777877064513,0.009898498441934295,0.21565019248050576,0.03877135635509443,-0.006147013780837072,0.095732985073224,-0.16114456376758823,0.00201954854247066,-0.0877111983204432
2221.0,12.75697137116631,2.572428919745934,16.053298182600596,-0.01262197004783131,0.0044899593600909735,0.07921682936135059,-0.5296852106688372,-4.511181773858887,-7.2157,0.0,7.5938950253,7.083610693604821,-0.03408543105541472,0.012125064441607542,0.21392379837637174,0.03878603360089002,-0.006011046472283302,0.09579476539659867,-0.16014706383146188,0.001940870306630831,-0.08737396873770922
2222.0,12.753322372298591,2.5791118128101376,15.964979328287544,-0.003183883533854256,0.0060141479335721094,0.07853133623336321,-0.5438039658811027,-4.505247815275671,-7.2157,0.0,7.5938950253,7.084359628085808,-0.00860048735061577,0.016245758576728962,0.21213331352116957,0.038795943386780905,-0.005844138442441547,0.09568847293124481,-0.15914917167236226,0.001862991923692727,-0.08703722656249183
2223.0,12.749708190883112,2.5849628300552063,15.87784843203789,0.0062456807928189285,0.008224681735671955,0.07780148516296091,-0.5484197556018827,-4.497439079031432,-7.2157,0.0,7.5938950253,7.082401909086638,0.01687597081370603,0.022223276137135907,0.21022137320606038,0.03880256263075307,-0.0056400139286916125,0.09543520616488549,-0.15816008531017112,0.0017856606810235816,-0.08669629208872294
2224.0,12.746131252091148,2.5906962275464,15.791967816014127,0.015635218764773584,0.011103606949004176,0.07698828616162577,-0.5435488778102836,-4.487091551684847,-7.2157,0.0,7.5938950253,7.0777877792312465,0.04225857052571,0.030010616698336386,0.20808246877521183,0.038807359524818084,-0.005392705969008087,0.09505651374725846,-0.15719025200052275,0.0017085898124082847,-0.0863433589263447
2225.0,12.74259220407939,2.5970137968384033,15.70744531974537,0.02495538956482469,0.014628289439586226,0.07603593928997501,-0.5292336904779928,-4.4735613991703955,-7.2157,0.0,7.5938950253,7.070575196008798,0.0674676829282023,0.03954804196216949,0.20556556049098526,0.0388117825679725,-0.005096660164576973,0.09457446734234913,-0.15625149449024126,0.0016314622970805138,-0.08596771406843882
2226.0,12.73908995406736,2.60459871159178,15.624450905312576,0.03417896923963569,0.018769606928505028,0.07487319293694258,-0.5055393966633436,-4.456230483010129,-7.2157,0.0,7.5938950253,7.06082919460191,0.09242932537182581,0.050758175114427734,0.20247768922097314,0.03881724869344966,-0.004746900605862355,0.09401182317343629,-0.15535708828693096,0.001553936841428136,-0.08555602243268053
2227.0,12.735621716307392,2.614107252751181,15.54323166188223,0.04328074783207788,0.023489567088891144,0.07341513212461366,-0.47255109610090146,-4.434513860258864,-7.2157,0.0,7.5938950253,7.048621113010045,0.1170749097318034,0.06353954319922488,0.19858875821150343,0.038825129221537094,-0.004339257894753451,0.09339223640235086,-0.1545217767647788,0.0014756566300779099,-0.08509268645274859
2228.0,12.732183075470425,2.626157917502116,15.464124721978806,0.052237359805378275,0.028738499987511205,0.0715654879520938,-0.4303712256625354,-4.407869735423112,-7.2157,0.0,7.5938950253,7.034027652925228,0.141340808141717,0.07775896079260401,0.19363773245606897,0.038836732662227966,-0.00387065588133903,0.092740489767554,-0.15376170957920912,0.0013962613810402408,-0.08456029622040528
2229.0,12.72876806999531,2.641317590284554,15.38756750055543,0.06102703599727266,0.03445201041725741,0.06921957458283244,-0.3791175281287177,-4.375812174278095,-7.2157,0.0,7.5938950253,7.0171297645626485,0.16516770346863724,0.09324325436271029,0.18734054476172543,0.03885328375923744,-0.0033394499718365847,0.09208269584933429,-0.15309428898443844,0.0013154031346299284,-0.0839401883206233
2230.0,12.725369300513922,2.660084665023385,15.314104558924546,0.06962926580717267,0.04054791496288429,0.06626795984892435,-0.318921702197215,-4.337926695742626,-7.2157,0.0,7.5938950253,6.998011360766011,0.18849969304703987,0.10977093375317211,0.17939999719326388,0.03887589857655591,-0.002745805467677387,0.0914464307608859,-0.15253790850261556,0.001232766041817448,-0.08321313142312921
2231.0,12.721978068542816,2.6828692577241977,15.244390296228804,0.07802436095171053,0.04692342935063875,0.06260095712379321,-0.24992889220865538,-4.2938886274209205,-7.2157,0.0,7.5938950253,6.976757885145118,0.2112831212492655,0.12706452820623843,0.16951789739735773,0.0389055558444416,-0.002092099238757854,0.09086075602867033,-0.152111569284906,0.0011480901889500375,-0.08236015348774428
2232.0,12.7185845502398,2.7099709374362537,15.17918660108496,0.0861929171554717,0.05345291142693681,0.05811398728782967,-0.17229816915756122,-4.243483843140202,-7.2157,0.0,7.5938950253,6.953454780576456,0.23346513004468059,0.14478441302835496,0.1574095650469207,0.038943065163738924,-0.0013833220921112832,0.09035608520459025,-0.15183436180634852,0.0010611991980682112,-0.08136351870378501
2233.0,12.715178009218633,2.741554727916424,15.119354577279902,0.09411517775652373,0.05998649987854939,0.05271379831477574,-0.08620413091971625,-4.186631199742789,-7.2157,0.0,7.5938950253,6.928185927659213,0.2549919373021412,0.16252504835699258,0.1428206786116099,0.03898903297611568,-0.0006274526051917168,0.08996385287807912,-0.15172480471222158,0.0009720309732907436,-0.08020785161591908
2234.0,12.711747051293042,2.777626483778742,15.065839513722024,0.10177031349288448,0.06635001241582389,0.04632544477490943,0.008160294181747019,-4.123405663038333,-7.2157,0.0,7.5938950253,6.901032146817075,0.2758068804927361,0.1798146170232852,0.12554620274113254,0.03904382741155531,0.00016423367973348452,0.08971594704015523,-0.15180003924295005,0.0008806705260452951,-0.07888139094777483
2235.0,12.708279922701124,2.8180091081165926,15.019648424898566,0.10913564561974189,0.07234647126572606,0.03889982023543872,0.11057982227906606,-4.054060773132528,-7.2157,0.0,7.5938950253,6.872069881249121,0.2958482984690965,0.1961190617663481,0.10545084112579323,0.03910754321026319,0.0009769622612377793,0.08964387231131232,-0.15207488731899124,0.0007873833144052353,-0.0773773362616034
2236.0,12.704764851954945,2.8623214290332886,14.981819767438061,0.11618585461551444,0.07775959798401046,0.030421404477636173,0.2208116368978036,-3.979048769664573,-7.2157,0.0,7.5938950253,6.841370198697861,0.31504736515360005,0.21085145469158034,0.08249010481239269,0.0391799679022532,0.0017924123799474279,0.08977762279484586,-0.15256079461731353,0.0006926469947883775,-0.07569522703616954
2237.0,12.70119043403233,2.9099618546807844,14.95338536015538,0.12289223322378798,0.08235955170435237,0.020915741112220557,0.33857923580800225,-3.899036410284657,-7.2157,0.0,7.5938950253,6.8089982649654415,0.33332603400824806,0.22338745103864785,0.056730688753813235,0.039260550373906015,0.0025888737556789207,0.09014426086934749,-0.15326469709420787,0.0005971789447141763,-0.07384226699133623
2238.0,12.697546054146137,2.9600991327485415,14.935325108606873,0.1292220589274181,0.0859110627146376,0.010456012104722063,0.4635655956792319,-3.8149143145292497,-7.2157,0.0,7.5938950253,6.775013447277791,0.3505952970019697,0.233087251497139,0.028368443435576724,0.039348372960086225,0.003341653484837226,0.09076622364099043,-0.15418787008845167,0.0005019564325882454,-0.07183447866758426
2239.0,12.693821532997262,3.011672502836983,14.928515713692398,0.13513811361018413,0.088183920441794,-0.0008320538930469603,0.5954060732008115,-3.7277976032729323,-7.2157,0.0,7.5938950253,6.739470106109915,0.3667538575179248,0.23932399327678958,-0.0022581266438129596,0.03945941575745861,0.0040634691787442,0.0916399567339036,-0.1553897677979266,0.0003950819215413491,-0.06969051881581083
2240.0,12.689945852776773,3.0633972239273555,14.933664907303559,0.14059388934343162,0.0889650847341291,-0.012767421659730657,0.7336795610213305,-3.639015945481786,-7.2157,0.0,7.5938950253,6.702413169409141,0.3816769231384379,0.24151774992957184,-0.03466032726069334,0.039633984634956446,0.0048224547995804334,0.09272533626200631,-0.15701501069458276,0.0002464404606457556,-0.0674283702862804
2241.0,12.685889913327212,3.113801584698427,14.951272819076857,0.1455415657035417,0.08807372296127261,-0.025114798889254428,0.8779000607305893,-3.550091054477561,-7.2157,0.0,7.5938950253,6.663892639175987,0.39523493998001924,0.23917437221556795,-0.06820213856860532,0.03980867569493574,0.005449746029349584,0.09408801847220336,-0.15881251592565349,0.00010441597739362573,-0.06511805270547755
2242.0,12.68165552534399,3.1612651186122824,14.981577777680526,0.14993196202345987,0.08537578798175416,-0.03759016647726517,1.0275162492931253,-3.462699853088571,-7.2157,0.0,7.5938950253,6.623964971700854,0.4072935178995952,0.231925231693411,-0.10211452539093148,0.03997855999136808,0.0059133468469267925,0.09571511362666904,-0.16074398222521627,-2.7452660724468052e-05,-0.06281492489232705
2243.0,12.677250600971297,3.2040701848273545,15.02450734313004,0.1537139387579231,0.0807976094064445,-0.049870529076071084,1.1819096837525171,-3.3786245184246666,-7.2157,0.0,7.5938950253,6.582694703252021,0.4177124328365591,0.21956477249402567,-0.13552147707319262,0.040138186035838595,0.006184097354225995,0.09758024154932027,-0.16276228482037622,-0.0001453869009961765,-0.060581416367152544
2244.0,12.672689679983252,3.24046907864028,15.07964610583789,0.15683623127400098,0.07433736842598586,-0.0616082675454577,1.3403951685369129,-3.2996904651277474,-7.2157,0.0,7.5938950253,6.540159543768027,0.4263505462398788,0.20208198945486983,-0.16747863875286045,0.0402817311113509,0.006237513969263815,0.09964285324258344,-0.16481271772890196,-0.0002454981326824445,-0.05848424199122031
2245.0,12.667994247148775,3.268760656790559,15.146220314325934,0.15924971961278392,0.06607266698582791,-0.07244948258996362,1.5022240461884322,-3.2276950262621313,-7.2157,0.0,7.5938950253,6.496455683052691,0.43307193969520413,0.17968143442866527,-0.19702287722351972,0.0404031978892098,0.006055490405550944,0.10184849863334736,-0.16683496142052132,-0.00032394271727688743,-0.056590837209015865
2246.0,12.663192789227832,3.2873717889624317,15.223102769925028,0.1609099842317821,0.056162773275750706,-0.08205510651603472,1.6665905089713733,-3.164331050884129,-7.2157,0.0,7.5938950253,6.451702839846561,0.4377528676259625,0.15278986678584647,-0.22322951774706154,0.04049665327133107,0.005627671326445767,0.10413021983454722,-0.16876571839534352,-0.00037709510940315714,-0.05496524770110173
2247.0,12.658320546003281,3.294937718476177,15.308839922429394,0.16177993082782388,0.04484456021828896,-0.09012296489008836,1.8326407953671646,-3.111110797423684,-7.2157,0.0,7.5938950253,6.406048515899861,0.4402889464493964,0.12204581910416525,-0.24527235893420543,0.04055650046228125,0.004952324411837662,0.10641113975664901,-0.17054186170320065,-0.00040172826531868766,-0.05366382946347368
2248.0,12.653418926684346,3.2903747685105196,15.401700952971034,0.1618322229948589,0.03242185240533137,-0.09640856011111928,1.9994848770113027,-3.069296147700162,-7.2157,0.0,7.5938950253,6.359670916210682,0.44060187325464395,0.08827122707588586,-0.26248043434521406,0.04057776838370445,0.004036583133724056,0.10860816435137817,-0.17210384699666104,-0.0003951877059717025,-0.0527312017709239
2249.0,12.648534585614549,3.2729389583534454,15.499746313309519,0.16105125323379632,0.019248748445961993,-0.1007422507217198,2.1662100384375766,-3.03984110892406,-7.2157,0.0,7.5938950253,6.312780067277505,0.4386449383800072,0.05242657791500769,-0.27438518777585524,0.04055639597390482,0.002896006020935274,0.11063654896391625,-0.17339907079971542,-0.00035554409071995104,-0.052196919752317945
2250.0,12.643718181431598,3.242265105237362,15.60091092837496,0.15943441903616612,0.005708352148895721,-0.1030407872709462,2.3318956002028504,-3.023351709331527,-7.2157,0.0,7.5938950253,6.265616814568889,0.4344066877306836,0.01555339408135965,-0.2807524709540918,0.04048948442730885,0.0015534877624419421,0.11241492600716607,-0.17438483363989038,-0.0002817095836515869,-0.05207327852395642
2251.0,12.639022876475277,3.1983827978040744,15.703095513048705,0.1569925493017845,-0.007810957216224928,-0.10331182476957643,2.4956279649160944,-3.020066793247856,-7.2157,0.0,7.5938950253,6.218449591051931,0.42791229799203817,-0.021290211967239583,-0.28159553140269766,0.0403754897058791,3.764509031286417e-05,0.11387028892663684,-0.17503059780335511,-0.00017350590923358904,-0.052354528567664434
2252.0,12.634502663610375,3.141707996180207,15.804258513874235,0.153749434539677,-0.020939212765849535,-0.10165095516102483,2.656515174764504,-3.0298610955916288,-7.2157,0.0,7.5938950253,6.171569091771836,0.41922251796639554,-0.05709412542696678,-0.2771676494543258,0.04021433173478114,-0.0016191322029374539,0.11494240361416719,-0.17531931353052516,-3.167662214527368e-05,-0.0530175939040627
2253.0,12.630210629813257,3.07301158365278,15.90250125213539,0.14974053158802367,-0.03334604256581576,-0.09823181274196763,2.813700252960114,-3.052269641842789,-7.2157,0.0,7.5938950253,6.125281225495569,0.4084303472367101,-0.09095423663645885,-0.2679358284788019,0.040007405491041426,-0.0033827412209668367,0.11558718397043163,-0.1752477098105134,0.00014215786973393848,-0.05402417754491682
2254.0,12.62619682372224,2.9933684265959277,15.996139805964404,0.14501097927780018,-0.04475732709280208,-0.09329068476042955,2.966372740754324,-3.086530426382136,-7.2157,0.0,7.5938950253,6.079898852978063,0.3956558182852317,-0.12211831796017243,-0.2545393624752114,0.039767312510979556,-0.00519596570995539,0.11576765720969409,-0.17486506247754519,0.00033772210429984994,-0.05531924078156135
2255.0,12.622422041344379,2.904083246683773,16.083743243818816,0.13960645635039806,-0.05496648882086356,-0.08710747126408643,3.113775544560945,-3.13164087131963,-7.2157,0.0,7.5938950253,6.035724118003403,0.38102373740301376,-0.15001839850357818,-0.23773982324617038,0.03961059820087987,-0.006758409493163028,0.1153498261864455,-0.17464804468115205,0.0004607281550454319,-0.05679048877900926
2256.0,12.618854271840565,2.806630485955477,16.164185363960463,0.13357834149786607,-0.0638379120569535,-0.07998634700689854,3.255205978671908,-3.1864222223137233,-7.2157,0.0,7.5938950253,5.9930527082692,0.3646744597780572,-0.1742801702108312,-0.21836607310195508,0.039431861014340985,-0.00830303217151547,0.11446832698026697,-0.17418621030648987,0.000595104045824477,-0.058428750155122104
2257.0,12.615517028239074,2.7025849241197304,16.23666901367718,0.12698539269247938,-0.07130598406682997,-0.07223674470248734,3.3900258952655817,-3.2495853331827056,-7.2157,0.0,7.5938950253,5.952170257302436,0.3467671414864355,-0.194719815731974,-0.19726150338747173,0.039234370396141284,-0.009810771182308126,0.11315208308864383,-0.17350737907569297,0.000738709392350991,-0.0601725285440835
2258.0,12.612429741473367,2.5935440715885405,16.300711260562604,0.1198869859830957,-0.07736963683531209,-0.06415636475552193,3.5176655355867523,-3.31979467244683,-7.2157,0.0,7.5938950253,5.913338744035371,0.3274632050901854,-0.21132993749903223,-0.17523877723258896,0.03902171758276378,-0.011267147743014887,0.11144289904411366,-0.17264313660837294,0.0008894142087480327,-0.06196328636961352
2259.0,12.609607493567939,2.481065818959386,16.35612392301959,0.11234142110710554,-0.0820827026910278,-0.05601799792962393,3.637623868651308,-3.3957257813114694,-7.2157,0.0,7.5938950253,5.876791600270856,0.30692168325730407,-0.2242535391484882,-0.15304362405094138,0.03879761408354235,-0.012662034087567574,0.10939193475606517,-0.1716268663137065,0.001045177842322578,-0.06374795871016667
2260.0,12.607060980049127,2.3666173455760173,16.402982695862217,0.10440469569902458,-0.0855421655602142,-0.048060420462404274,3.7494672182142463,-3.476113178661673,-7.2157,0.0,7.5938950253,5.84273052423769,0.2852958173616593,-0.2337521495464279,-0.1313296959180232,0.038565709927863095,-0.013989174568951039,0.10705608051064439,-0.17049205191630706,0.0012041094991947104,-0.0654806483925176
2261.0,12.604796669855356,2.2515367526610177,16.441589055850766,0.09612974453302862,-0.08787568134532438,-0.040483306065028306,3.852826585737426,-3.5597871966075867,-7.2157,0.0,7.5938950253,5.811323949268605,0.26273090997832327,-0.24017184105685097,-0.11064437852262708,0.038329444034026015,-0.015245562517395901,0.10449454245977571,-0.1692709280688076,0.001364509551536669,-0.06712352349304196
2262.0,12.602817120082213,2.137007576949656,16.472428855224713,0.08756609353359081,-0.0892294923249989,-0.033445699202035814,3.947394090862256,-3.6456994053273117,-7.2157,0.0,7.5938950253,5.782706982276968,0.23936330214815693,-0.24391022906283033,-0.09142434794789894,0.038091933161883126,-0.01643076072962619,0.10176586171706085,-0.1679935036596633,0.001524892724146279,-0.06864701620252911
2263.0,12.601121398664661,2.024045328107087,16.496130907306437,0.07875984969607519,-0.08975754288878271,-0.027067352407476715,4.032918928228605,-3.7329372118512265,-7.2157,0.0,7.5938950253,5.756982539958313,0.21532026683889546,-0.24538668065258376,-0.07399899270364832,0.03785590060149242,-0.017546232369367823,0.09892549843238274,-0.166686941302444,0.0016839955441154515,-0.07002946750015411
2264.0,12.599705569420315,1.9134945164653288,16.513428093167164,0.06975393608847738,-0.08961228220591079,-0.021432133390602563,4.109203188395868,-3.820728855346479,-7.2157,0.0,7.5938950253,5.734223371811808,0.19072057557283092,-0.24501708432665062,-0.05859954355586006,0.03762364167716197,-0.018594726523810202,0.09602402970567976,-0.16537524902352332,0.0018407711207066085,-0.0712563785354379
2265.0,12.598563199098578,1.806034278854177,16.525122704620678,0.06058848214338271,-0.08893735805480939,-0.01659272305761031,4.176097820756014,-3.908440382625801,-7.2157,0.0,7.5938950253,5.7144746614799775,0.16567549623348143,-0.24319376238136456,-0.04537178567914588,0.03739702054408936,-0.01957974252053262,0.09310594525402355,-0.16407922546683656,0.0019943745058238886,-0.07231942390190678
2266.0,12.597685853492834,1.7021906151643096,16.532056982013607,0.05130128917335232,-0.0878621883904432,-0.012575915097956226,4.233498937337313,-3.995566315786739,-7.2157,0.0,7.5938950253,5.697756930951049,0.1402900050513625,-0.24027050882615425,-0.034390465055490475,0.03717749153189257,-0.020505081351488128,0.09020898027895774,-0.1628165955088928,0.002144141708086488,-0.07321536201629941
2267.0,12.597063557815359,1.6023533462459236,16.535089162876286,0.041928305443086365,-0.0864982494972969,-0.00938795622896915,4.281344576769624,-4.081715677909931,-7.2157,0.0,7.5938950253,5.684069024155854,0.11466403387463937,-0.236552326778818,-0.025673847766477048,0.03696613816232564,-0.021374481696171118,0.08736389995308494,-0.16160227597303856,0.0022895650349600534,-0.07394495074899553
2268.0,12.5966852043366,1.506796123519246,16.535074854594505,0.03250406105425903,-0.08493683638142455,-0.007019506069347038,4.319611974011855,-4.166594883143747,-7.2157,0.0,7.5938950253,5.673391006662993,0.08889361646774563,-0.23228920671390046,-0.019197271358797993,0.03676372358388853,-0.022191331667085173,0.08459464100927927,-0.16044871827046953,0.0024302669354946942,-0.07451194776706747
2269.0,12.596538897094401,1.415698099839379,16.532853182411397,0.02306202820661067,-0.08324802076200997,-0.00544992848841977,4.348315318177602,-4.249988778059617,-7.2157,0.0,7.5938950253,5.665686877898996,0.0630718388763916,-0.22767319965270547,-0.01490489077673302,0.03657074718709326,-0.022958444638506298,0.08191871881211896,-0.15936628395419977,0.00256597399831063,-0.07492224834059297
2270.0,12.596612228984732,1.3291661607924792,16.52923693023808,0.013634885885117772,-0.08148054083287715,-0.004650741949857443,4.3675039303738705,-4.331740884713094,-7.2157,0.0,7.5938950253,5.6609070455055726,0.03728953548807989,-0.22283806000106254,-0.0127191388652838,0.036387503318661245,-0.023677887369247017,0.07934781880799549,-0.15836361870406937,0.0026964922824757875,-0.07518319053551645
2271.0,12.596892490722349,1.2472568812573592,16.525005765862147,0.004254679208131027,-0.07966239152334735,-0.004588151006804368,4.377260756704932,-4.41173367316986,-7.2157,0.0,7.5938950253,5.65899055442722,0.01163570291864171,-0.21786082480266886,-0.012547682081181809,0.036214139109603666,-0.024350850179412437,0.07688850576461183,-0.15744799914906965,0.002821684754049724,-0.07530303940946431
2272.0,12.59736681415033,1.1699975926015243,16.520901602544264,-0.005047127430043617,-0.0778019327302952,-0.005224655174088088,4.377701048177788,-4.489869501835134,-7.2157,0.0,7.5938950253,5.659867094436658,-0.013802371759921645,-0.21276482792800613,-0.014287856613427874,0.03605070935644065,-0.024977551444745883,0.07454299989754383,-0.15662563466646315,0.0029414512802733075,-0.07529064784304149
2273.0,12.598022254417247,1.0974061112717162,16.51762517589091,-0.01423969737849203,-0.07588938659687526,-0.0065197877898080046,4.368971088230885,-4.5660527175992485,-7.2157,0.0,7.5938950253,5.663458828870965,-0.038939252906704955,-0.207523793454617,-0.017828726193917614,0.03589722709480514,-0.025557171562450017,0.07230998381675391,-0.15590191272320275,0.0030557113955874573,-0.07515528132832858
2274.0,12.598845816895116,1.029508788483272,16.5158329920472,-0.02329295753287862,-0.07389864623756066,-0.008430080017769778,4.351246828813962,-4.640173306691789,-7.2157,0.0,7.5938950253,5.6696820951750615,-0.063691738010762,-0.20206679245729187,-0.02305102077070578,0.035753708974239934,-0.026087814403398336,0.07018541688119075,-0.1552815815155097,0.0031643898899469,-0.07490658658909563
2275.0,12.59982443563226,0.9663565984099862,16.516133918383197,-0.03217780738099237,-0.07178936211211141,-0.010908377555757139,4.324732306230649,-4.712092427427722,-7.2157,0.0,7.5938950253,5.678449025837708,-0.08797943732773618,-0.19628396708196957,-0.02982530500449597,0.03562021480672153,-0.02656649679717324,0.06816334325648549,-0.1547688678019831,0.0032674051673676815,-0.0745546785571794
2276.0,12.600944910833013,0.9080389985499419,16.519084832122903,-0.04086638244123171,-0.06950930488129733,-0.01390266282699373,4.289657727331025,-4.781630129644883,-7.2157,0.0,7.5938950253,5.689669128194825,-0.11172550035435111,-0.19003301499255532,-0.03800879519584156,0.03549688076282032,-0.026989168583145373,0.06623668639489064,-0.154367531130668,0.003364660267123441,-0.07411031637714824
2277.0,12.602193813483806,0.8546952836749113,16.52518490938829,-0.04933235061021897,-0.06699702274367711,-0.01735455520371993,4.24627714426386,-4.848555561600828,-7.2157,0.0,7.5938950253,5.70325084527574,-0.13485743067240025,-0.1831464797065861,-0.047441297572210196,0.03538394568233031,-0.027350767053774434,0.06439802580112709,-0.15408085832476218,0.0034560364176982445,-0.07358513638454203
2278.0,12.603557365890191,0.8065231285526475,16.53486832166544,-0.057551217940032,-0.06418481590692464,-0.021197676641656987,4.194865671033802,-4.91257997083261,-7.2157,0.0,7.5938950253,5.719103099385258,-0.1573079250942155,-0.17543990508408172,-0.05794078124969956,0.03528176990892072,-0.02764531012573704,0.06264035208744059,-0.15391160425619763,0.003541388992098934,-0.07299190826459014
2279.0,12.60502130757224,0.7637839895174874,16.54849530343562,-0.06550061910651488,-0.061002041154398806,-0.025356079363284045,4.135716236531944,-4.973352807997059,-7.2157,0.0,7.5938950253,5.737136797514546,-0.1790156694827551,-0.1667208857875225,-0.0692991239562908,0.035190846008671034,-0.02786603227134896,0.0609577939576961,-0.15386188668145048,0.003620545741850008,-0.07234477991250993
2280.0,12.606570756644068,0.7268050252580591,16.56634175726472,-0.07316056750107845,-0.05737873681129659,-0.02974293448323878,4.069135915075049,-5.03046122979927,-7.2157,0.0,7.5938950253,5.7572662550573295,-0.19992602263258868,-0.15679898374483675,-0.08127857390619538,0.03511180074304245,-0.02800556616232263,0.05934630658485251,-0.15393304426860802,0.003693307197324563,-0.07165947708169157
2281.0,12.608190077379744,0.6959772152498478,16.58858776295892,-0.08051364071294369,-0.05324952536118115,-0.03425967394455714,3.995441924738526,-5.083433258516769,-7.2157,0.0,7.5938950253,5.779410473766617,-0.2199915218233563,-0.14549639063451753,-0.0936094522803446,0.03504538778082913,-0.02805617121928588,0.05780430569352164,-0.15412546790957937,0.0037594491272816477,-0.07095342596687365
2282.0,12.609862765006195,0.6717494093927363,16.61530554567755,-0.0875450793771007,-0.04855771112150821,-0.03879576123325633,3.914957433106321,-5.13174478403949,-7.2157,0.0,7.5938950253,5.8034941934322255,-0.23917214966927816,-0.13265910813702153,-0.10598957335163545,0.03499247087876099,-0.02801000797715296,0.056333226444342285,-0.154438415988251,0.003818726945592828,-0.07024577062221077
2283.0,12.611571358708137,0.6546181399771909,16.646447623051767,-0.09424278107077831,-0.04325944812175409,-0.04322923813373907,3.828007355964576,-5.174830486245896,-7.2157,0.0,7.5938950253,5.829448626223087,-0.25743531202767456,-0.11816830317226115,-0.11808578101403708,0.03495399764454916,-0.02785945455583852,0.054937981849662185,-0.15486982449574305,0.0038708819347489576,-0.06955726262451478
2284.0,12.613297393231468,0.6451131679504913,16.681835981879317,-0.10059717614177743,-0.03732781333867484,-0.04742815537834362,3.7349143728402625,-5.212098611613215,-7.2157,0.0,7.5938950253,5.857211779563706,-0.2747554909744635,-0.10195138744666478,-0.12953789178559438,0.03493096450355647,-0.027597458760180684,0.0536272927372239,-0.15541612282656525,0.003915649121978227,-0.06891000754168514
2285.0,12.615021398214672,0.6437789158337495,16.721153220061503,-0.10660097888571984,-0.030756587253192712,-0.05125294570182812,3.6359954097699494,-5.242949363115215,-7.2157,0.0,7.5938950253,5.886728278948964,-0.29111355476042095,-0.08399228169541137,-0.13996519892371032,0.03492437408065638,-0.02721791658748183,0.0524138608268009,-0.15607206588073935,0.003952766594425939,-0.0683270612434669
2286.0,12.616722952409203,0.651152151580294,16.763936620197292,-0.11224881505029066,-0.023563521151194707,-0.05455974087190751,3.531558850082547,-5.266796465333993,-7.2157,0.0,7.5938950253,5.917948616914287,-0.3064957273825295,-0.06434026543347762,-0.1489755366846905,0.03493518681998703,-0.02671606530858496,0.051314358626598375,-0.15683059288874296,0.003981985976400261,-0.0678318784278725
2287.0,12.618380797298425,0.6677365197810017,16.809576091511136,-0.11753673481697842,-0.015792861492505823,-0.05720457280291353,3.421902724771675,-5.283091258819645,-7.2157,0.0,7.5938950253,5.9508277786006465,-0.3208922427917076,-0.04311679027259257,-0.15617673651775468,0.034964269219770125,-0.026088876860004176,0.050349214619027055,-0.1576827233032823,0.004003083717797958,-0.0674476253839125
2288.0,12.6199730114144,0.6939747551618798,16.85731682369803,-0.12246162872278366,-0.0075169075970049695,-0.05904833621920672,3.307314102886462,-5.291348472378978,-7.2157,0.0,7.5938950253,5.985323227540857,-0.3342957315110034,-0.020519652972522343,-0.16119013732531623,0.03501234147496153,-0.025335435043616135,0.04954217933479829,-0.15861750022670887,0.004015872764390252,-0.06719637843811942
2289.0,12.621477243098486,0.7302196432247713,16.90626734023699,-0.1270205719652733,0.0011635997072826035,-0.05996232968582409,3.188069848596391,-5.291172633159632,-7.2157,0.0,7.5938950253,6.021392276384403,-0.3466994092626057,0.0031760157027423243,-0.1636656484728189,0.03507992752330111,-0.02445727797088063,0.04891966695132792,-0.1596219920998206,0.004020214105881778,-0.06709823831069806
2290.0,12.622870995845641,0.7767049984934944,16.955413423023487,-0.13121012975620325,0.010120424334879209,-0.05983413586676366,3.064438836464642,-5.282283916044329,-7.2157,0.0,7.5938950253,6.0589889145378235,-0.3580951569249862,0.027620389882090514,-0.16329771422748482,0.03516731042798413,-0.023458685354566723,0.04850987744431662,-0.16068136353382986,0.00401602763685475,-0.06717039845933417
2291.0,12.624131957052095,0.8335180969971713,17.003638110789453,-0.13502566249019393,0.019200231153586333,-0.05857355273666551,2.9366856234729872,-5.264542118593537,-7.2157,0.0,7.5938950253,6.098060215590708,-0.3684715977789415,0.052395520380437016,-0.1598413973050171,0.03527449568510341,-0.02234688879329181,0.048341715560931246,-0.16177902582391804,0.004003301730172186,-0.06742621228993351
2292.0,12.625238358269616,0.9005751125755386,17.049747657887362,-0.13846067417540944,0.028228482852466805,-0.056118246919734986,2.805075470902899,-5.237967385994637,-7.2157,0.0,7.5938950253,6.138542498570176,-0.37781229074526684,0.07702597025667292,-0.15312769165411938,0.03540118444286944,-0.021132182420935834,0.04844353463544815,-0.16289687630724842,0.003982100922834344,-0.06787430982503798
2293.0,12.62616935323487,0.9776011363951368,17.092502986175816,-0.1415062502926322,0.03701481112703964,-0.052438772228369436,2.669880498573856,-5.202756327913793,-7.2157,0.0,7.5938950253,6.18035746430893,-0.38609416571243876,0.10099343733258377,-0.14307710064133516,0.03554675780040361,-0.01982791184204176,0.048841744897202874,-0.1640156326711398,0.003952571168487016,-0.0685178186377316
2294.0,12.626905399238154,1.064116332119571,17.130655790459738,-0.14415063220957947,0.04535974678492295,-0.047542579342074516,2.5313866481318583,-5.15929223347334,-7.2157,0.0,7.5938950253,6.223408565592911,-0.39328632967501576,0.12375504744296872,-0.1297104719287187,0.035710272505775305,-0.01845032139365583,0.04955933840748533,-0.16511526336732113,0.0039149422021198844,-0.06935374700995049
2295.0,12.627428627675114,1.1594296098809806,17.162988069226127,-0.14637897297023486,0.053062594064705246,-0.04147664892548508,2.389901038420424,-5.108148282903942,-7.2157,0.0,7.5938950253,6.267577892784923,-0.3993493661704452,0.14476473551572608,-0.11315609833274792,0.03589046748475673,-0.01701824486162425,0.05061439409162845,-0.16617550777280993,0.0038695267302665593,-0.07037258730800983
2296.0,12.627723191005403,1.2626409538083532,17.188353487661644,-0.14817331417566063,0.059930128551119156,-0.03432840787295138,2.2457592273345224,-5.0500829038765644,-7.2157,0.0,7.5938950253,6.312723857684918,-0.4042352367200638,0.16349684716375817,-0.09365216780056905,0.03608577999001243,-0.015552632645748722,0.05201863799472379,-0.16717647042894107,0.0038167163552553195,-0.07155819482387424
2297.0,12.627775575352585,1.3726531505979729,17.205718654684564,-0.14951281441179975,0.06578569185835055,-0.02622464938186636,2.099331857554729,-4.986026783132346,-7.2157,0.0,7.5938950253,6.358679933730319,-0.40788786795830323,0.17947080790251516,-0.07154380958184481,0.03629436977260969,-0.014075919768480445,0.05377614364873339,-0.16809926300871117,0.0037569743777356598,-0.07288798941389313
2298.0,12.627574870327006,1.4881931666655666,17.214202152700764,-0.15037424614067488,0.07047816019389354,-0.01732827530728921,1.9510301663491818,-4.917061490052484,-7.2157,0.0,7.5938950253,6.405254656718051,-0.410244471542943,0.19227544826402262,-0.04727424627977315,0.0365141496537792,-0.012611253439822084,0.05588226433001831,-0.16892665718031613,0.003690825860304021,-0.07433351324326587
2299.0,12.62711298988269,1.6078428200279928,17.213109036950975,-0.15073276003804245,0.07389019210785032,-0.007832816813156314,1.8013098858000482,-4.844390187644507,-7.2157,0.0,7.5938950253,6.4522330076725,-0.4112375954401597,0.20159137881754968,-0.021369931466475454,0.03674282119151662,-0.01118161503712762,0.058322890700490945,-0.16964370307043425,0.0036188455493341757,-0.07586135677817865
2300.0,12.626384839763485,1.730077726251339,17.201958561423478,-0.1505628941109621,0.07594512992708231,0.0020451369882195846,1.6506731492028044,-4.769301466892948,-7.2157,0.0,7.5938950253,6.499379193144287,-0.4107978465687099,0.20720972465124024,0.0055799795537900335,0.0369779146971626,-0.00980888734896209,0.0610741213436992,-0.1702382636332153,0.0035416444100246957,-0.07743443696780011
2301.0,12.625388428124833,1.8533128210801542,17.18050312228969,-0.1498397811662065,0.07661195604875073,0.0120752749293638,1.499668146806244,-4.6931278967434205,-7.2157,0.0,7.5938950253,6.546440717823574,-0.40885716036084685,0.20904559894569982,0.032948944397615476,0.03721683348617045,-0.008512931129556908,0.06410241769071043,-0.17070141667259642,0.0034598556045682257,-0.07901357796395421
2302.0,12.624124916188146,1.9759521471519166,17.148736849082802,-0.14854048490184787,0.07590780117967413,0.0220241359596094,1.3488864286461322,-4.6172013768136075,-7.2157,0.0,7.5938950253,6.593153523965524,-0.4053524294825977,0.20714495206606215,0.060101709135942455,0.03745690272336272,-0.007310742570122961,0.06736528743190345,-0.17102768449403727,0.003374120721362878,-0.08055930916937101
2303.0,12.62259860589875,2.0964401151967347,17.106892927233257,-0.14664537533292132,0.07389767213410493,0.03166621347767699,1.1989579243953463,-4.542807751313243,-7.2157,0.0,7.5938950253,6.639247866509978,-0.4002292505647995,0.20168389128924943,0.08642444304583813,0.03769542332412217,-0.0062157626314907725,0.07081250159020991,-0.17121506620555596,0.0032850769496694716,-0.08203376286274452
2304.0,12.620816861225975,2.213311203127219,17.05542951575002,-0.1441394422814818,0.07069129750834532,0.040794770856837165,1.0505439123902438,-4.471143317759403,-7.2157,0.0,7.5938950253,6.684454520886622,-0.39344551475527023,0.1929601883887833,0.11135411213640913,0.03792973100343078,-0.005237399075783505,0.07438780401378733,-0.17126486739595853,0.0031933457038830176,-0.08340253035257492
2305.0,12.618789960291664,2.3252350707875133,16.99500499901134,-0.14101344393192597,0.0664372609356433,0.04923151439039321,0.9043283152742678,-4.403275820402058,-7.2157,0.0,7.5938950253,6.728510891189572,-0.3849745624375672,0.18137742576230428,0.13440477859493946,0.03815725966985096,-0.004380802794880519,0.07803102196990433,-0.17118134380820163,0.0030995229851681315,-0.08463632671815444
2306.0,12.61653087741263,2.431054393798748,16.926444186208197,-0.13726479799312416,0.06131486832423794,0.05683434029038056,0.761007813238292,-4.340112211291948,-7.2157,0.0,7.5938950253,6.771166605090696,-0.3748076501226693,0.1674229813483548,0.15518869981199943,0.03837560715063416,-0.003646913600592397,0.08168044059156339,-0.17097119627825977,0.0030041715543851696,-0.08571232380356432
2307.0,12.614054996552712,2.5298133199507262,16.850697772720732,-0.132898145360945,0.055524427888272214,0.06350254582321847,0.621281321753122,-4.282374930789615,-7.2157,0.0,7.5938950253,6.812188250740341,-0.36295553721113216,0.15164168392112848,0.17343056647586694,0.03858259998301507,-0.003032761603643852,0.08527527097330458,-0.170642969090091,0.002907814826069979,-0.0866150397560172
2308.0,12.611379761969081,2.620775269034728,16.7687978997216,-0.12792554767447423,0.049276781320862585,0.06917914929765553,0.48583939597718506,-4.230587743818918,-7.2157,0.0,7.5938950253,6.851363012853646,-0.34944908491896404,0.1346074060526636,0.18897390597110433,0.0387763530614549,-0.0025319826978396076,0.08875802668069828,-0.17020641176371093,0.002810932294540198,-0.08733671779864237
2309.0,12.60852427618505,2.70342971791278,16.681812846672734,-0.1223663162244411,0.042782974808731604,0.07385026281336772,0.3553540830046146,-4.185071371642417,-7.2157,0.0,7.5938950253,6.888501089555197,-0.33433885691874815,0.11689500292628636,0.20177948649596422,0.03895531958800221,-0.002135485798929894,0.09207663141732458,-0.16967186305040158,0.002713956278425936,-0.08787718050935134
2310.0,12.605508860029373,2.777488542393665,16.590803803917066,-0.11624650507292761,0.03624489972127189,0.07754175954263488,0.23046966735077257,-4.1459483532860775,-7.2157,0.0,7.5938950253,6.9234368956797425,-0.31769380706722417,0.09905485048343438,0.21191636497231794,0.03911832722761746,-0.0018321978580746537,0.09518611035293967,-0.1690497073326582,0.002617269787332895,-0.08824320032436207
2311.0,12.602354592728098,2.8428732810543678,16.496786278212713,-0.1095981303100556,0.029847570941153555,0.0803137262529774,0.11179464699673024,-4.1131558868412945,-7.2157,0.0,7.5938950253,6.956029167895663,-0.2995992186539547,0.08159180186185744,0.21954689887964235,0.03926459754715367,-0.0016098122511507482,0.09804976504465686,-0.16834993923132505,0.002521205361214235,-0.08844747323143198
2312.0,12.599082851803942,2.899695276440166,16.4006980867925,-0.10245819647832882,0.023753481561655274,0.08225335844439441,-0.00010484112734944484,-4.086464890883268,-7.2157,0.0,7.5938950253,6.986160167323433,-0.28015411202515,0.06494976256798396,0.22490749777105146,0.03939374753368746,-0.0014554754013599291,0.10063978888130931,-0.1675818556974831,0.0024260447683406836,-0.08850731419426602
2313.0,12.595714872185141,2.948230974449014,16.303375173724614,-0.09486761840564086,0.018099213921213445,0.083467022462334,-0.10471004578695885,-4.0655032465777525,-7.2157,0.0,7.5938950253,7.013734221026766,-0.25946835786918326,0.04950238441509224,0.22828707643876409,0.03950577389367986,-0.0013563629812717096,0.10293733764336971,-0.16675387898006047,0.002332019458544442,-0.08844320613894016
2314.0,12.592271341576295,2.9888947191158968,16.20553574375909,-0.08687012251981863,0.012994240092155464,0.08407217923485656,-0.2015530814889896,-4.049781135557404,-7.2157,0.0,7.5938950253,7.038675854673301,-0.2376597231451598,0.0355497081528676,0.23000509567150518,0.03960102257381963,-0.0013001170571355775,0.10493211965853114,-0.1658735010383473,0.002239311648894726,-0.088277329606614
2315.0,12.588759568308358,3.022209834314319,16.107770188382798,-0.07851237072068189,0.008521524746645793,0.08418979044305974,-0.29021918272841785,-4.038716572437205,-7.2157,0.0,7.5938950253,7.060926406751524,-0.21485446255853372,0.023319734238231717,0.2303911092292906,0.039713038586141516,-0.001198015691633518,0.10658457495578348,-0.16508042587103772,0.002117004445556828,-0.0880199346363259
2316.0,12.585161893581576,3.0487816502093437,16.010538515742507,-0.06984404683979009,0.004739438548007425,0.08393759424390897,-0.37035020681290554,-4.031659842076913,-7.2157,0.0,7.5938950253,7.080441492286257,-0.19118764096772503,0.0129735047796346,0.2297666208948336,0.03981629586520011,-0.0011012583589918024,0.10792864496144092,-0.16427162727970032,0.0019908815312138757,-0.08770262332585346
2317.0,12.581504787105704,3.0692813720483163,15.914189640144542,-0.06091051950463339,0.0016857587023718407,0.08342428360789088,-0.4416421537151005,-4.027914998822756,-7.2157,0.0,7.5938950253,7.097196370871073,-0.16678190983046445,0.004615853848915442,0.22842788831088456,0.039896466790206274,-0.0010364060079019605,0.10899152263127221,-0.16339018833899352,0.0018754722127918167,-0.08735079909054491
2318.0,12.577813833721773,3.084420988107078,15.818964413617696,-0.05175643050062346,-0.0006186926470903554,0.08274528131883427,-0.5038418564701749,-4.026757757793151,-7.2157,0.0,7.5938950253,7.111178745900229,-0.1417582621525323,-0.0016945680683489609,0.22663516721731886,0.03995589052841331,-0.0009921939658025791,0.10978610738762909,-0.16244597118407303,0.001769545734860076,-0.08698103819187009
2319.0,12.574111554376397,3.094937408213476,15.725010421707482,-0.04242537202751932,-0.0021661448980917243,0.08197961588406946,-0.5567450614543117,-4.02744985651811,-7.2157,0.0,7.5938950253,7.122387264731586,-0.11623517574403494,-0.005934708899038459,0.22460416030134836,0.03999705768541126,-0.0009580002781569771,0.11032840618847731,-0.1614487779739222,0.0016718324551280252,-0.08660671777033876
2320.0,12.570417308859465,3.1015806994424002,15.632399849239947,-0.032959497534493516,-0.00295822128316008,0.08118785411051457,-0.6001939750849914,-4.0292498463244115,-7.2157,0.0,7.5938950253,7.130830545766812,-0.09032752550410941,-0.008107186953375003,0.2225002961624825,0.04002255538667361,-0.0009237432959434133,0.11063656327117177,-0.16040853565022892,0.001581045818440772,-0.08623767901652998
2321.0,12.56674725267549,3.105105777272503,15.541149032060973,-0.0233992369665327,-0.003002820708891133,0.08041091942495344,-0.634074414312756,-4.0314206932326515,-7.2157,0.0,7.5938950253,7.136526470505155,-0.06414577275161082,-0.008231817776018006,0.22043541725563656,0.04003502478512748,-0.0008797660827089757,0.11073006878996469,-0.15933550713393513,0.0014958970548453344,-0.08588005445558557
2322.0,12.563114333117957,3.1062668971082705,15.451238877532825,-0.013783095678557102,-0.0023117325629411645,0.0796696081311931,-0.6583126815733675,-4.033234789853269,-7.2157,0.0,7.5938950253,7.139501686961539,-0.03779537728750797,-0.006339127757787269,0.2184663712630906,0.04003712988522046,-0.0008167316480918799,0.11062916867131367,-0.15824051556831634,0.0014151041679489763,-0.08553622432474053
2323.0,12.559528311947496,3.1058141332374394,15.362635523170017,-0.004147518105635581,-0.0008991001580089411,0.07896463316611636,-0.6728722615776682,-4.0339771255185,-7.2157,0.0,7.5938950253,7.139791258755939,-0.011376382551184387,-0.002466175454530677,0.2165950460086101,0.04003153558420424,-0.0007255491716716134,0.11035447918208177,-0.15713516875734418,0.001337397032571995,-0.08520487028126167
2324.0,12.555995805116648,3.104490950485657,15.275310758786926,0.005473198389471105,0.0012192170628347952,0.07827706332790287,-0.6777504214237564,-4.032947439312485,-7.2157,0.0,7.5938950253,7.137438389798142,0.015016864249066057,0.003345176955024356,0.21476949128537892,0.040020892182211804,-0.0005973474586329838,0.1099267950409642,-0.15603207089815982,0.0012615205217585868,-0.08488110180622138
2325.0,12.552520333680077,3.1030319525434362,15.189261848903676,0.015046948465941401,0.004025386348484141,0.07756907561576301,-0.6729747859603088,-4.02946220269109,-7.2157,0.0,7.5938950253,7.132494155234527,0.04129588009993761,0.011047547107587343,0.21288590529449472,0.040007823270824194,-0.00042350810683410706,0.10936706900264617,-0.15494500817840312,0.0011862375667789098,-0.08455663982037168
2326.0,12.549102383813532,3.1021599207045583,15.104530449310294,0.024543825408730877,0.007498496875432904,0.07678499230044626,-0.6585999599908052,-4.0228572536867535,-7.2157,0.0,7.5938950253,7.125017174391312,0.06737810876588213,0.020584995600311774,0.2107914099228597,0.03999491384678139,-0.00019576733035235605,0.10869653327492947,-0.15388909392017588,0.001110333941413827,-0.08422005188431979
2327.0,12.545739477552953,3.1025813277194176,15.021220314500221,0.03393608642305608,0.011612691662578471,0.0758526260319397,-0.6347042765754585,-4.012491841810059,-7.2157,0.0,7.5938950253,7.115073169529476,0.09318686868685996,0.031887895368114205,0.2082876797717477,0.039984695666636934,9.360803930287542e-05,0.10793692799124832,-0.15288085792435033,0.0010326263728433114,-0.0838570427024243
2328.0,12.542426259197677,3.104979618550568,14.939513445911714,0.043198068703819426,0.01633465411301769,0.07468500084708808,-0.601386765232844,-3.9977547462233027,-7.2157,0.0,7.5938950253,7.1027343647738705,0.11865116334690541,0.04486602692049285,0.2051356114049635,0.039979627221755534,0.0004515683661524064,0.10711079845820909,-0.151938263726641,0.0009519753264178846,-0.08345081162804487
2329.0,12.539154605110832,3.11000569103815,14.859684243958561,0.0523060447409556,0.02162060077107397,0.07318255053656066,-0.5587644529103638,-3.978073001291396,-7.2157,0.0,7.5938950253,7.088078692329546,0.14370532129745547,0.05940031206409348,0.20106131117937762,0.039982066237975136,0.000883954670215778,0.106241820350428,-0.15108063685168738,0.000867303496252703,-0.08298249483103651
2330.0,12.535913766738892,3.1182651855279544,14.78211111255614,0.061238003389319756,0.02741296766711838,0.07123591543225422,-0.5069701309689307,-3.9529236025210266,-7.2157,0.0,7.5938950253,7.071188788048981,0.16828842763417257,0.07533369754328643,0.1957637338853173,0.03999423326168605,0.0013951039716374389,0.10535510997181649,-0.15032848706947932,0.0007776206607364747,-0.08243171325492282
2331.0,12.53269055793478,3.1303024055606437,14.70728483895712,0.06997334328710138,0.033637016449098375,0.06872946173064932,-0.4461507391483997,-3.9218483701217837,-7.2157,0.0,7.5938950253,7.052150775682428,0.1923435087699057,0.09246180708880385,0.1889243132331067,0.04001816565537118,0.0019873979104349515,0.10447747492834389,-0.1497032083468704,0.0006820551339152905,-0.08177724807220127
2332.0,12.529469598009573,3.1465809440432357,14.635812952365796,0.07849246750337463,0.040197627776523165,0.06554563167968391,-0.37646652802865715,-3.8844719147896245,-7.2157,0.0,7.5938950253,7.03105285883286,0.2158164385442799,0.11052409410221269,0.1802188826671341,0.040055662157984256,0.0026607720608370217,0.1036375590968964,-0.14922664189314905,0.0005798915638974666,-0.0809978626850405
2333.0,12.52623362129906,3.1674613817660053,14.568419172425687,0.08677627305271486,0.04697659094784112,0.06157019617653389,-0.2980911601021706,-3.840522379935812,-7.2157,0.0,7.5938950253,7.0079837617018175,0.23865454669334202,0.12919634162030685,0.1693320851588604,0.04010821902916144,0.003412210264719405,0.10286583491044353,-0.14892049072212551,0.00047061430413955843,-0.08007328404668465
2334.0,12.52296386240055,3.1931767554402604,14.505937015792302,0.09480553630938035,0.05383073641605646,0.05669842159782392,-0.21121289161652215,-3.789854328388188,-7.2157,0.0,7.5938950253,6.983031083828449,0.26080493098477076,0.14808546043170154,0.15597430811962834,0.040176959644833046,0.004235255938979637,0.10219439624802884,-0.14880557888199203,0.0003539550219980673,-0.07898534580012301
2335.0,12.51964052365061,3.223806853463978,14.449296659894305,0.10256020548493502,0.06059128570816367,0.050842078542877554,-0.11603693894307368,-3.7324728059852403,-7.2157,0.0,7.5938950253,6.956279659449218,0.28221250221054783,0.16672761400002092,0.1399009502304311,0.040262560196822325,0.005119580283987103,0.10165650743301517,-0.1489009554413111,0.00022994262359403612,-0.07771928105270695
2336.0,12.516243327963782,3.2592527753351765,14.399504292893491,0.11001862415402035,0.06706480313680277,0.043937111254808744,-0.012789071908201805,-3.66855726219068,-7.2157,0.0,7.5938950253,6.927810037525857,0.3028178266267858,0.18459072802627613,0.12093352957963055,0.040365174828202455,0.006050654938871587,0.10128586912679914,-0.14922285307344757,9.895298029901213e-05,-0.07626513324455864
2337.0,12.512752155961504,3.299213562002757,14.35761343231047,0.11715672501261949,0.07303611524220896,0.035951654610816,0.09827960798833585,-3.5984836598477576,-7.2157,0.0,7.5938950253,6.897697221850515,0.32255487253152615,0.2010823948826754,0.0989817816180856,0.040484364084381025,0.007009582800489522,0.10111557170028034,-0.14978352428699795,-3.824464032993252e-05,-0.07461922955729486
2338.0,12.509147761529167,3.3431670355019447,14.324688092591241,0.12394724989022235,0.07827350501802009,0.026893936295475,0.21688685153345366,-3.5228427934893958,-7.2157,0.0,7.5938950253,6.8660098289913405,0.341348814493193,0.21556402556565202,0.07406548575822844,0.04061903097932028,0.007973143898540556,0.10117672267424646,-0.1505899954798497,-0.0001804480807339041,-0.072785633327873
2339.0,12.505412554669466,3.390357230811046,14.301758236289666,0.13035906913372702,0.08253637595125313,0.016819446325584374,0.3427126741094918,-3.44245260045657,-7.2157,0.0,7.5938950253,6.832809831267616,0.359114096558136,0.22737179913820324,0.0463343311052961,0.04076736930109347,0.00891411142324109,0.10149675879851576,-0.15164280004300018,-0.0003259938450903331,-0.07077746175195204
2340.0,12.501531434846406,3.4397909031064624,14.289768651353928,0.1363566886208012,0.08558540483793595,0.005836613352271588,0.4753923853967811,-3.358362144545073,-7.2157,0.0,7.5938950253,6.798153047651535,0.37575299854007965,0.23584448129679225,0.01608373590337067,0.040926829069568016,0.009801884005095254,0.10209748666205147,-0.15293477577892733,-0.0004727441347539775,-0.06861792613085615
2341.0,12.497492651952347,3.4902454834025662,14.289523231143521,0.1419000426802772,0.0871949570127776,-0.005889875192593942,0.6145097380802601,-3.2718450388474376,-7.2157,0.0,7.5938950253,6.762090522250004,0.39115497856058984,0.24035751432275715,-0.016235752725420764,0.0410941043686575,0.010603462061359259,0.10299293866429632,-0.15445003658602247,-0.0006180939105695858,-0.06634092932852717
2342.0,12.4932886655954,3.5402904682831218,14.301627533516385,0.14694467209768564,0.08716722894053931,-0.018138998273031875,0.7595907824494083,-3.1843804147824533,-7.2157,0.0,7.5938950253,6.724670883065575,0.40519706934379207,0.24036193490598962,-0.050017934207091136,0.04126514911494607,0.011284767156143544,0.10418718189817378,-0.15616324953608998,-0.0007590022853659607,-0.06399104618692317
2343.0,12.488916966418474,3.588323516538511,14.326433370468285,0.15144237383062875,0.08534723293289992,-0.030637371676455714,0.9100990563652849,-3.097620183147076,-7.2157,0.0,7.5938950253,6.685943699685588,0.417745573334637,0.23542571244923458,-0.08451152786842331,0.04143522661474429,0.011812264231542982,0.1056722713116173,-0.15803936037415373,-0.0008920518290096562,-0.06162272580147947
2344.0,12.484380816729537,3.6326214511768606,14.36398986162851,0.15534237928881756,0.08163739389007772,-0.04306782298779474,1.0654327177760996,-3.0133423081968425,-7.2157,0.0,7.5938950253,6.6459637593737035,0.4286592218757453,0.22527414541411983,-0.11884341912586754,0.04159899868547059,0.01215480014497159,0.10742658573611555,-0.1600339052519666,-0.0010135379867627825,-0.05929859787691211
2345.0,12.479689860605228,3.6714049990699658,14.414005780940679,0.15859306951750718,0.07601024733141211,-0.05508272328877313,1.2249241472925652,-2.933391060345458,-7.2157,0.0,7.5938950253,6.604796059415424,0.43779383189039905,0.2098251679180876,-0.15205504611844628,0.04175065939082164,0.01228552424438737,0.10941381563750953,-0.1620940189892767,-0.0011195887374608562,-0.0570868432844719
2346.0,12.474860550137988,3.7029144988761455,14.475827851960196,0.16114417029937578,0.06851760219941362,-0.06632166584667704,1.3878423847181174,-2.859606688235228,-7.2157,0.0,7.5938950253,6.562521187111374,0.4450083144818873,0.18921505264791838,-0.18315085601439862,0.04188411632274518,0.012183716784062472,0.11158286708713046,-0.16416019366049125,-0.001206311745907766,-0.05505770011077514
2347.0,12.469916332247895,3.7254922043205054,14.548438938107966,0.1629492951718005,0.059294623150543124,-0.0764324281400634,1.553398563814226,-2.7937484350706234,-7.2157,0.0,7.5938950253,6.519240639391128,0.45017168272023117,0.16381022238727264,-0.21115595961264386,0.041993218599878056,0.011836328981110304,0.11386889862267668,-0.166168760102394,-0.0012699628642471638,-0.053279309448011944
2348.0,12.464887546653415,3.7376654278299934,14.630478586631147,0.1639686319958086,0.04855766516446669,-0.08509351046182814,1.7207542524482187,-2.737416125123984,-7.2157,0.0,7.5938950253,6.475081552953977,0.45317050403492654,0.13420189782337794,-0.2351783298836919,0.042072025034103316,0.011239045021175446,0.11619560569730192,-0.16805496431442182,-0.0013071262331402988,-0.05181323874160894
2349.0,12.459810997000968,3.7382239090126546,14.720286405781914,0.16417151458194962,0.036595336665948,-0.09203605282020687,1.8890323655717414,-2.691976378903107,-7.2157,0.0,7.5938950253,6.430200287915762,0.45391608899280045,0.10118206034147363,-0.2544695116498388,0.0421150988243851,0.010396715585790445,0.11847872060367859,-0.16975641012684073,-0.0013148930694303743,-0.05071012567095395
2350.0,12.454729177829856,3.726284658621685,14.815966384180523,0.16353860022594205,0.02375311411601424,-0.09706272569960692,2.0573301002539757,-2.6584996967905328,-7.2157,0.0,7.5938950253,6.384784355412218,0.4523506450716233,0.06570153149161229,-0.26847720673875725,0.042117807671912144,0.009323082780409234,0.12063052054853486,-0.1712165576617699,-0.0012910241301283868,-0.05000593305481705
2351.0,12.44968916934564,3.7013383324482905,14.915467839499383,0.1620633983191329,0.010412743564293326,-0.1000613724557877,2.224733173930091,-2.6377139755472037,-7.2157,0.0,7.5938950253,6.339052307995495,0.4484516839055812,0.028813491719388806,-0.27688356184743745,0.04207660238443431,0.00803980846358509,0.12256496616009774,-0.17238792656711271,-0.0012340806259836198,-0.04971927204671944
2352.0,12.444741244131077,3.663272820927804,15.016676725606159,0.1597529644728241,-0.0030315529287385495,-0.10101175940519674,2.390330567980863,-2.629978585760099,-7.2157,0.0,7.5938950253,6.293251406687903,0.4422341548229642,-0.008392058649214213,-0.2796245452793262,0.0419892445362148,0.006574912383458677,0.12420296569238418,-0.1732346678410252,-0.0011435102516271856,-0.049850134059489154
2353.0,12.439937262821319,3.6123720507862895,15.117509787291402,0.15662767945480016,-0.016197556727746178,-0.09998468259680014,2.5532289713902787,-2.6352810675953564,-7.2157,0.0,7.5938950253,6.2476531183816455,0.4337500618547427,-0.04485600027409646,-0.2768882384764194,0.041854956157006046,0.004960805092625337,0.1254772083320441,-0.17373423988664294,-0.001019679087932426,-0.050380187277579466
2354.0,12.435328962088553,3.5492906280149996,15.216003826323753,0.15272015301312555,-0.02873762908794462,-0.0971337191224434,2.7125661894245385,-2.6532561138566018,-7.2157,0.0,7.5938950253,6.202546741871601,0.42308565276736665,-0.0796127971441631,-0.2690927303949795,0.04167447207098163,0.0032321463249938565,0.12633605161439798,-0.1738780420393774,-0.0008638458887550365,-0.05127457681807712
2355.0,12.430966252651466,3.475007408902827,15.31039316227078,0.14807340378617845,-0.04035714588407691,-0.09268087411353858,2.8675229118376455,-2.6832242607332644,-7.2157,0.0,7.5938950253,6.158231669636091,0.41035657701554784,-0.11184196364541692,-0.2568469778067641,0.04144998705076117,0.001423763213724595,0.1267460760831276,-0.1736709967454242,-0.0006780815915992727,-0.052484965730859624
2356.0,12.426895645261757,3.39076306739183,15.399170034299184,0.14273854797162286,-0.05082723896384777,-0.0868980843079351,3.0173324001943884,-2.7242458642093834,-7.2157,0.0,7.5938950253,6.1150089316012135,0.3957016392502932,-0.14090392583059896,-0.24089998740351592,0.04118500341872185,-0.0004311714387977561,0.1266931090140365,-0.17313020363618187,-0.0004651428690219913,-0.053953405497807
2357.0,12.42315890740338,3.297987900722276,15.48112490549755,0.1367722671190045,-0.05999116302837934,-0.08008687199970772,3.1612878404470175,-2.775184813799258,-7.2157,0.0,7.5938950253,6.073172714521534,0.3792758860583987,-0.16635829757406184,-0.22208463732567682,0.04088409714039688,-0.002302562461559639,0.12618172767031796,-0.1722828895799102,-0.00022831302546169737,-0.055616556242962446
2358.0,12.419792026657356,3.1982263642375357,15.555365956764014,0.13023431671155997,-0.06776447066140462,-0.07255837516030826,3.298747288397654,-2.8347761418611404,-7.2157,0.0,7.5938950253,6.033002506098676,0.36124374716448054,-0.18796498437934708,-0.20126230929692693,0.04055262926811053,-0.004164351934393656,0.1252334378712563,-0.17116393235518146,2.8774160864750414e-05,-0.05740979352531754
2359.0,12.416824522218425,3.0930643128302173,15.621319174474374,0.12318529255495185,-0.07412988521695096,-0.06461559866353496,3.429136306751642,-2.9016920764453684,-7.2157,0.0,7.5938950253,5.994756389275586,0.34177283579424333,-0.205670503046434,-0.179273482521687,0.040196433696791906,-0.005995017897908395,0.1238838573810957,-0.16981324249994734,0.00030231192574775947,-0.05927082164325608
2360.0,12.414277500003914,2.9840635511720315,15.678711698217414,0.11568467438708062,-0.07912821956474288,-0.056539135081469225,3.5519485407234304,-2.9746020974862204,-7.2157,0.0,7.5938950253,5.958665648658252,0.32102851193987497,-0.21958323100192764,-0.15689783022459428,0.03984511300786263,-0.007721029499104453,0.12215273488296456,-0.16836627531450704,0.0005695007926722238,-0.061131841678532174
2361.0,12.41205179111611,2.872695051229413,15.727521965396539,0.10778050685893745,-0.08284753005226249,-0.04857688060597459,3.6667408344188464,-3.052224135723908,-7.2157,0.0,7.5938950253,5.924919186953321,0.29914783822832514,-0.22994565752160773,-0.1348265029053141,0.039622254260150896,-0.009047181033470315,0.11996091887413211,-0.1673316521616657,0.0007307038654983576,-0.06289029241401832
2362.0,12.410089276509126,2.76031735007458,15.76797227386609,0.09952129446448245,-0.08540916645989068,-0.040938997176003133,3.7731247947410473,-3.1333647138368486,-7.2157,0.0,7.5938950253,5.893682063911429,0.2762678428745226,-0.23709303929930275,-0.1136453107861952,0.03939355157069586,-0.010300564278306456,0.11752268615014921,-0.1662002264334485,0.0008940601676181505,-0.06456839814435796
2363.0,12.408394117450312,2.648148895584473,15.80049284188972,0.0909574182291667,-0.08695582504782454,-0.0337952020104814,3.870771280779248,-3.216946472760302,-7.2157,0.0,7.5938950253,5.865095368344775,0.2525292981779228,-0.2414194894635648,-0.09382718651914597,0.039162262413362736,-0.011480604398478617,0.11489746095925651,-0.16500242791585706,0.0010580007164933628,-0.06613381954106558
2364.0,12.406966907677976,2.5372432546579686,15.825667892838508,0.08213580984409981,-0.08764081879357169,-0.027275123052118138,3.9594081679533755,-3.3020255539507106,-7.2157,0.0,7.5938950253,5.839268808608679,0.22806368955317927,-0.2433492593238171,-0.07573389984332003,0.03893127327608273,-0.012588836479197445,0.11214226121666447,-0.1637659984394635,0.001221179887940924,-0.06756244264667455
2365.0,12.405805128240102,2.4284832943178807,15.844195699376296,0.07310013951140594,-0.08761833230200115,-0.021471264078089674,4.03881638635534,-3.3877991078857583,-7.2157,0.0,7.5938950253,5.816282402203639,0.2029936614460736,-0.24330960518901365,-0.05962410660525358,0.038703050480211054,-0.013628243503460008,0.10930967252526481,-0.16251560148927868,0.0013824732304253118,-0.06883770249361952
2366.0,12.404903638924026,2.3225845361025943,15.856852522659736,0.06389118353699781,-0.0870355579589369,-0.016443481716254326,4.10882603068655,-3.473604284879661,-7.2157,0.0,7.5938950253,5.796188820982255,0.17743396780150153,-0.24170884828779285,-0.045665646555082526,0.03847962501179461,-0.014602674696675207,0.10644644273123982,-0.16127270433091254,0.0015409647983271458,-0.06994961994116368
2367.0,12.404255170986222,2.2201056858486035,15.86446161413565,0.05454728744784977,-0.08602675069511069,-0.012224247417081347,4.169312755991472,-3.5589104252618027,-7.2157,0.0,7.5938950253,5.779016111110407,0.1514926955851247,-0.23891975137519975,-0.03395006936841095,0.03826260480083422,-0.015516356456723394,0.10359264594633583,-0.1600556689139268,0.0016959272375281333,-0.07089369751988026
2368.0,12.403850793818679,2.1214643946158094,15.86786776292492,0.045104854139548844,-0.08470906983532367,-0.008824090161466892,4.220194596013596,-3.6433061584077033,-7.2157,0.0,7.5938950253,5.764770553023513,0.12527256663566189,-0.23526786191923293,-0.02450770418925262,0.03805320740981179,-0.016373495277449298,0.10078133381243973,-0.15887998907904755,0.0018467974915363716,-0.07166979349162503
2369.0,12.403680336095512,2.0269565025583334,15.867917324338878,0.035598802559610884,-0.08317997547164774,-0.006236756497912999,4.2614292675821845,-3.7264829812296263,-7.2157,0.0,7.5938950253,5.753439483787959,0.09887216656251238,-0.2310241861570173,-0.017321976665897878,0.037852306501264886,-0.0171779641892439,0.09803857831260682,-0.15775861799429247,0.001993150495751949,-0.07228106376851984
2370.0,12.40373274904197,1.9367772897400721,15.86544326176441,0.026062958255305455,-0.08151590303987359,-0.0044437622016630495,4.293011959942002,-3.80821667362896,-7.2157,0.0,7.5938950253,5.744993963369032,0.07238699269497095,-0.22640143225760365,-0.012342059519068253,0.03766048638826847,-0.017933060441419214,0.09538381041069596,-0.15670233873178174,0.0021346726901848765,-0.07273303301956852
2371.0,12.403996405348373,1.8510435527688123,15.861254464786066,0.016530351302866862,-0.07977193956163355,-0.0034181319876287796,4.31497355530642,-3.888347667827051,-7.2157,0.0,7.5938950253,5.739391220595863,0.045910252129565135,-0.22155305661918182,-0.009493282900584996,0.0374781001281399,-0.01864132139310061,0.09283036781408185,-0.15572014061307982,0.0022711366736222574,-0.0730328316314117
2372.0,12.404459331801876,1.7698156048317488,15.85612845178043,0.007033409031823291,-0.07798225450066901,-0.0031272248929689224,4.327379187370708,-3.9667612549915976,-7.2157,0.0,7.5938950253,5.736576859823346,0.019533373818648787,-0.21657442663869877,-0.008685013564966888,0.037305327775517844,-0.01930438686310662,0.09038617927425086,-0.1548195732086001,0.0024023778833566043,-0.07318861514209699
2373.0,12.405109377020134,1.6931185343043411,15.85080650325952,-0.0023959595252253385,-0.07616108509649125,-0.0035346227175182925,4.33032701803481,-4.043368308940004,-7.2157,0.0,7.5938950253,5.736486843244346,-0.006653774919301862,-0.21150554193697743,-0.009815935427709655,0.0371422324243506,-0.0199228986777054,0.08805452892873337,-0.15400705804389472,0.0025282738308785606,-0.07320916731047838
2374.0,12.405934317951488,1.6209622404857618,15.845990282077821,-0.01172638313599871,-0.07430413033081908,-0.00460111976967288,4.323947098359554,-4.118087045444126,-7.2157,0.0,7.5938950253,5.739049285929887,-0.03256295645952293,-0.20633490588392836,-0.012776835021274257,0.036988812466296324,-0.02049643120090119,0.08583485994000886,-0.15328814491679738,0.0026487261570998055,-0.07310367652712266
2375.0,12.40692191031347,1.5533598905490125,15.842339060733494,-0.020927141823782906,-0.07239026155703311,-0.006284897950619785,4.308400176693739,-4.190826220951972,-7.2157,0.0,7.5938950253,5.7441861115009845,-0.05810788856743164,-0.20100428846632293,-0.01745112413570283,0.036845049054548364,-0.02102344975672678,0.08372359054564912,-0.1526677053005201,0.0027636455830591733,-0.07288166698391887
2376.0,12.408059889133247,1.4903445129923956,15.84046678096575,-0.029968359867783182,-0.07038350548020578,-0.008541005908294047,4.283876323821998,-4.261470104090124,-7.2157,0.0,7.5938950253,5.75181461708252,-0.08320478839317148,-0.1954142537558678,-0.023713429510315142,0.036710948101839135,-0.0215012967099,0.0817149266516051,-0.15215005977604884,0.0028729397110622184,-0.07255306006239631
2377.0,12.409335926256494,1.4319834684299175,15.840938307064206,-0.03882126044615603,-0.06823529247795475,-0.011320287938923982,4.250593260907385,-4.329865520038975,-7.2157,0.0,7.5938950253,5.761848988468893,-0.10777308554765869,-0.1894304288186576,-0.031426655045317727,0.036586576296706884,-0.021926207308930572,0.07980166280345659,-0.15173904002874272,0.0029765035623051154,-0.07212833708387448
2378.0,12.410737552280624,1.378390530699767,15.844264395025087,-0.04745846119694687,-0.0658869874586822,-0.014567929722426083,4.208794300129035,-4.395811261365776,-7.2157,0.0,7.5938950253,5.7742017920655435,-0.1317362470479749,-0.18289055814692473,-0.04043798177372261,0.03647209064362103,-0.02229335903496761,0.07797596765055595,-0.15143798887064214,0.0030742127058394093,-0.0716187714235022
2379.0,12.412252050958525,1.3297352844129984,15.850895079786119,-0.05585428773889798,-0.06327273006637678,-0.018221804754732517,4.158745839514477,-4.459050166689454,-7.2157,0.0,7.5938950253,5.788785451102452,-0.1550226505798714,-0.17561241439810688,-0.05057431731351754,0.03636776097747878,-0.02259695902243553,0.07623015105874714,-0.1512497041709836,0.003165918827135862,-0.0710366958123918
2380.0,12.413866334759012,1.286249514542534,15.86121137740146,-0.06398508061291835,-0.060322605766347875,-0.022210817141231666,4.100734391702066,-4.519264177324879,-7.2157,0.0,7.5938950253,5.805513691867413,-0.17756643801963645,-0.16740262160161454,-0.06163773878996619,0.03627398483025665,-0.02283037406759307,0.07455740825649174,-0.15117633458472524,0.003251447591278632,-0.07039576945571363
2381.0,12.415566810944583,1.2482302445034419,15.875515402458378,-0.07182947035587434,-0.056966150114209066,-0.026453441912007256,4.035063170067041,-4.576072678854417,-7.2157,0.0,7.5938950253,5.824302923357859,-0.1993082789888034,-0.1580663936909052,-0.07340148764414858,0.03619129399347748,-0.02298630682918213,0.07295253245445653,-0.15121923659168351,0.0033305986668158228,-0.06971120957044635
2382.0,12.417339248162428,1.2160390849177718,15.894019205896084,-0.07936859574725674,-0.053136157484010585,-0.030856661328681274,3.9620483030701252,-4.629034407983124,-7.2157,0.0,7.5938950253,5.845073492900895,-0.2201959750674945,-0.14741810533968105,-0.08560706617807669,0.036120352173454724,-0.023057020131963563,0.07141258206967085,-0.15137880358406683,0.003403147784373463,-0.06899995337153837
2383.0,12.419168654020982,1.1900975967020737,15.91683283530558,-0.08658624192418889,-0.048772726028331784,-0.035315482867503516,3.8820147963843,-4.6776531462959,-7.2157,0.0,7.5938950253,5.867750742997973,-0.24018483985419817,-0.13529250294318382,-0.09796294894437953,0.03606194331309092,-0.023034608955027305,0.06993748293936652,-0.15165427854288957,0.0034688507039949113,-0.06828071967340515
2384.0,12.421039174292776,1.1708784563218697,15.943952297701948,-0.0934688782244803,-0.043827426915906534,-0.039713200291932114,3.79529240909662,-4.721387326505223,-7.2157,0.0,7.5938950253,5.892265782827092,-0.2592377988387341,-0.12155624308615448,-0.11014535344905704,0.03601695047222669,-0.02291131691696573,0.06853054069281621,-0.15204356221991028,0.0035274489530996347,-0.06757394428016514
2385.0,12.422934024090667,1.1588923405765632,15.975248251663293,-0.1000055803528062,-0.03826744275068205,-0.04392252303788638,3.7022116511654897,-4.7596635425572895,-7.2157,0.0,7.5938950253,5.918555883133853,-0.2773251662186425,-0.10611932738308931,-0.12180141307366751,0.03598632561319893,-0.02267989107514535,0.06719883466866823,-0.1525430287335155,0.0035786771707509903,-0.06690157018740649
2386.0,12.424835460476006,1.1546706208280706,16.01045635980867,-0.10618782767670522,-0.032079482387329744,-0.04780765180749973,3.603100140016677,-4.791893786104562,-7.2157,0.0,7.5938950253,5.946564406932632,-0.2944240730671493,-0.08894589966676074,-0.13255496300192204,0.035971051199037596,-0.0223339658396101,0.06595346316208597,-0.1531473601919726,0.0036222718528593884,-0.06628668207312738
2387.0,12.426724804390958,1.1587441652277182,16.04917028346975,-0.11200917388980977,-0.025273251509005595,-0.051227321801227715,3.498279570338221,-4.817496036074973,-7.2157,0.0,7.5938950253,5.976240201302691,-0.3105175419303144,-0.07006379622872115,-0.14201499299547643,0.035972095123808334,-0.02186846392292738,0.06480961084508848,-0.15384941151564438,0.003657981237956347,-0.06575298418448905
2388.0,12.42858251755479,1.1716187812931866,16.090838291289298,-0.11746479753562691,-0.017884243766594074,-0.05403877238107252,3.3880635489200954,-4.835917616526827,-7.2157,0.0,7.5938950253,6.007536397820013,-0.325593225887717,-0.04957220156755095,-0.1497866475037258,0.03599036108393462,-0.02127999960281336,0.06378641309711372,-0.15464011618711604,0.003685576007115024,-0.06532413096981157
2389.0,12.430388337107564,1.193748076217689,16.134764377862798,-0.12255094748510148,-0.009975618213142098,-0.056102536653561075,3.2727565229354165,-4.846660524204109,-7.2157,0.0,7.5938950253,6.040408600421799,-0.3396418540085722,-0.02764676678819769,-0.15548447363832787,0.036026636982126506,-0.020567267203687206,0.06290659856924312,-0.155508443313154,0.0037048603995306294,-0.06502293006763897
2390.0,12.43212146750118,1.2255047527835519,16.18011464652414,-0.12726430689648044,-0.001638946165861143,-0.05728788004179497,3.1526539840614953,-4.8493077259350095,-7.2157,0.0,7.5938950253,6.074812478718561,-0.352655448552738,-0.004541597792582139,-0.1587474408610744,0.03608154425124192,-0.019731395617269415,0.06219590018619636,-0.156441416127069,0.003715683274623156,-0.06487044701703024
2391.0,12.43376082568638,1.2671515780934282,16.22592950445778,-0.13160130697296257,0.007006355584482376,-0.057478656590425475,3.0280440629065453,-4.84354925213105,-7.2157,0.0,7.5938950253,6.110700830224478,-0.36462540085640494,0.019412384818178585,-0.15925509162517193,0.03615549103115688,-0.018776247916759928,0.06168223541477798,-0.15742420173322416,0.0037179485918803845,-0.064885049900468
2392.0,12.435285332337624,1.3188134435316674,16.271141953865115,-0.13555742853892336,0.015815038854159167,-0.05657929825565043,2.8992105411142033,-4.82920678067133,-7.2157,0.0,7.5938950253,6.148020224202998,-0.3755405114044164,0.04381307496893317,-0.15674403705385254,0.036248631895468064,-0.01770864380216314,0.061394668413583375,-0.15844028116402506,0.0037116247423224103,-0.06508143982257113
2393.0,12.436674239031895,1.38045206236087,16.314601948405354,-0.13912653471932476,0.024619554996582974,-0.05452060797636891,2.766437207346205,-4.806255327118235,-7.2157,0.0,7.5938950253,6.186707389479105,-0.3853851141359341,0.06819698364136821,-0.15102389181274528,0.03636083631937016,-0.016538482003764184,0.06136217916998652,-0.15947170722186735,0.0036967521612231782,-0.06546971954420594
2394.0,12.437907479207933,1.4518449076435147,16.35510642799871,-0.14230028143495657,0.033235094456653555,-0.05126499462249462,2.6300133747736467,-4.774840646989756,-7.2157,0.0,7.5938950253,6.226685554633271,-0.39413741448303796,0.09205318546915475,-0.14199165476164216,0.036491667356382027,-0.01527874034713024,0.061612277541958034,-0.16049945454980274,0.0036734486921596136,-0.06605455751522096
2395.0,12.438966029648984,1.532569955604878,16.39143426370826,-0.1450676535213399,0.041466036833751364,-0.04681077081523576,2.4902402710573193,-4.735291030636672,-7.2157,0.0,7.5938950253,6.2678609862415495,-0.4017681736486893,0.11484113434491354,-0.12964349695473676,0.03664037113450032,-0.013945333591413693,0.06216951278753301,-0.16150386146588394,0.0036419122677855743,-0.06683450752961832
2396.0,12.4398322691607,1.6219976851984184,16.422384953190313,-0.1474146730129273,0.04911361254122292,-0.041195133872447366,2.3474379162255965,-4.688122308517252,-7.2157,0.0,7.5938950253,6.31011999371567,-0.40823986814397634,0.13601179786319453,-0.11408291777567205,0.036805876983954995,-0.012556813790316385,0.063053942396844,-0.16246515617787582,0.00360242060738206,-0.06780154521447634
2397.0,12.440490321976938,1.7192915172655112,16.44681952543357,-0.14932432103156706,0.05598446982210962,-0.034495478515724,2.201952029188685,-4.634035155343174,-7.2157,0.0,7.5938950253,6.353326672608685,-0.4135064395693376,0.15503126769566017,-0.09552430845650513,0.03698680727819946,-0.011133905951661804,0.06427963560334268,-0.1633640509853297,0.0035553278330837782,-0.06894087932501303
2398.0,12.44092637505555,1.8234175234518548,16.46370177767704,-0.15077670623508133,0.061899732651430575,-0.026828745496704026,2.0541604600700007,-4.573904112868055,-7.2157,0.0,7.5938950253,6.39732163631991,-0.41751372632613615,0.17140570770657437,-0.07429111422237855,0.03718149567639337,-0.009698882742432784,0.06585329799681028,-0.16418237805724456,0.00350105812088527,-0.07023108846365872
2399.0,12.441128960380698,1.9331637435218016,16.472137705564673,-0.15174949970126905,0.06670403600628348,-0.018348604702223992,1.9044786394855602,-4.508758193212286,-7.2157,0.0,7.5938950253,6.441921936734088,-0.4202006330258914,0.18470623106105546,-0.0508080443506852,0.0373880123637744,-0.008274796127177082,0.06777311127579816,-0.1649037303711259,0.0034400967347899174,-0.07164461996565999
2400.0,12.441089195317225,2.047168860524227,16.471410843990096,-0.15221863871775676,0.07027394862808298,-0.00924040449539382,1.7533635724677616,-4.439753436716262,-7.2157,0.0,7.5938950253,6.486922297240489,-0.4215010455676594,0.19459208854066326,-0.025587143526479655,0.03760419514639289,-0.006884599838528668,0.07002788492282519,-0.16551406333542004,0.0033729789995850913,-0.07314866681570958
2401.0,12.440800975586548,2.1639593230056144,16.461011249929733,-0.15215928070301157,0.07252515603334751,0.00028601107025954923,1.6013159842048885,-4.368138358204042,-7.2157,0.0,7.5938950253,6.532097681209656,-0.42134644147955347,0.20083044735236796,0.0007919973472589797,0.03782768576834073,-0.0055502126437502325,0.0725966117870768,-0.16600220844472122,0.0033002779219016903,-0.07470641042741427
2402.0,12.440261116334511,2.2819933253695672,16.44065606369652,-0.15154696487334024,0.07341779468456694,0.010005319819599399,1.4488803429503918,-4.295213778829667,-7.2157,0.0,7.5938950253,6.577207104199234,-0.419669080179634,0.20331108834703993,0.02770707660891601,0.03805597141509881,-0.004291585909322149,0.07544850480909414,-0.16636025181105107,0.003222591243491396,-0.07627858339328678
2403.0,12.439469436914395,2.39970943228551,16.410299991553057,-0.15035891575435562,0.07295941388345913,0.01968707494746782,1.296642631477972,-4.222289050040825,-7.2157,0.0,7.5938950253,6.621998482326335,-0.4164055930204057,0.20205458287685843,0.05452159638960442,0.0382864318297664,-0.003125847145970549,0.078543566013694,-0.1665837385180184,0.0031405286897668054,-0.07782527016198151
2404.0,12.438428785179116,2.5155771310841257,16.370134684922466,-0.1485754022979793,0.0712052031410884,0.029106714346249597,1.1452259060126022,-4.1506370745792625,-7.2157,0.0,7.5938950253,6.666214205663389,-0.4115007367541624,0.19721295113522422,0.08061519075649548,0.03851639255819645,-0.002066591335053762,0.08183370062371417,-0.16667167871168057,0.003054700067609519,-0.07930782975724211
2405.0,12.437144996488495,2.62814631896211,16.32057673632821,-0.14618105318330907,0.06825534351555208,0.038056419975465786,0.9952838372557687,-4.081450735468158,-7.2157,0.0,7.5938950253,6.709597054430268,-0.40491103734714395,0.18906240819534248,0.10541355500196842,0.038743184474141275,-0.0011233826622039367,0.08526434330197502,-0.16662635071401646,0.0029657046790486094,-0.08069079954382927
2406.0,12.4356267835988,2.7360927016862098,16.262244905493095,-0.14316602537701442,0.06424961147576722,0.046354974410711326,0.847492579047971,-4.015803340379818,-7.2157,0.0,7.5938950253,6.7518960420660274,-0.39660804075778433,0.17798854483630908,0.1284156316555894,0.03896420880615529,-0.00030151054949140166,0.08877651198967207,-0.16645291866657586,0.0028741223071385943,-0.08194362767919752
2407.0,12.433885554870471,2.8382563611821032,16.195928030940234,-0.13952693171966296,0.05935963726792941,0.05385581762779184,0.7025414174301011,-3.9546154248182916,-7.2157,0.0,7.5938950253,6.792871786000395,-0.38658091041054804,0.16446504150741084,0.14921585928146794,0.039177005636232935,0.0003979819469771065,0.092309157758942,-0.16615890241085382,0.002780505823328513,-0.08304208908979793
2408.0,12.431935161416648,2.933671313077558,16.122545849937506,-0.13526745386188624,0.053779464873879176,0.06045266509770691,0.5611227240479028,-3.898629753877177,-7.2157,0.0,7.5938950253,6.832301066954734,-0.37483816678874693,0.14902768883923442,0.1675197212320955,0.039379322507705754,0.0009780089358840463,0.0958016423401565,-0.16575355301060068,0.0026853753061879047,-0.08396926630484336
2409.0,12.429788408057908,3.0215842948615683,16.04310486055408,-0.13039890352833242,0.047715200430812184,0.06608230095560112,0.42392172327507366,-3.848395691103674,-7.2157,0.0,7.5938950253,6.869979985965243,-0.3614093884042988,0.13224590804585656,0.18315157050015754,0.03960114541247485,0.0015191109226447078,0.099160176994357,-0.1653760657820087,0.0025580673806360294,-0.08470379769568734
2410.0,12.427366167486628,3.101453468042613,15.95863604442782,-0.12494885293784101,0.041373671858500966,0.07072478705701374,0.2916025057039139,-3.8042637199455527,-7.2157,0.0,7.5938950253,6.905717187988166,-0.3463717030379563,0.11469228284705983,0.19605674133016127,0.03989515770139876,0.0021570016710591652,0.1022706723367176,-0.16525280698310663,0.0023472332512089683,-0.08522425034942119
2411.0,12.424662855927272,3.1729649939199303,15.870182510027274,-0.11894457818777252,0.034953926088062276,0.07440007471917227,0.16479539371042462,-3.766389684260126,-7.2157,0.0,7.5938950253,6.939354678180056,-0.32979894634436346,0.09691713712451291,0.20628990933566851,0.04016137414941265,0.0026739481454482322,0.10519838396701034,-0.16499483357098937,0.0021500463750854736,-0.08557430236585123
2412.0,12.421713403633419,3.236015959104908,15.778754975460947,-0.11241546210353459,0.028639632282509885,0.0771625516317649,0.04409745659007261,-3.7347459615502223,-7.2157,0.0,7.5938950253,6.97076192065513,-0.3117696040494685,0.07942828014723552,0.21400026045817064,0.04039875699158695,0.0030817793784218075,0.10790578975253623,-0.1646122826736766,0.001966847895575666,-0.08576557760548179
2413.0,12.418553065128256,3.290690987613324,15.685291821321552,-0.1053959289568475,0.022592997750039846,0.07909437636010329,-0.06993311668943833,-3.709139332457245,-7.2157,0.0,7.5938950253,6.9998303200705685,-0.2923762320393884,0.06267467461039788,0.21941374742415837,0.04060694200898353,0.003393484789535571,0.11036376667453174,-0.16411570092986058,0.0017976059238437726,-0.08581448913250862
2414.0,12.415216686073064,3.337238453682455,15.590634030686452,-0.09792444641461458,0.01695112478500315,0.08029783126837751,-0.1767820896776967,-3.6892333078976045,-7.2157,0.0,7.5938950253,7.026471761580059,-0.2717227789320615,0.047036331592861406,0.22281208271609912,0.04078619090647693,0.0036225670509718033,0.11255178091080174,-0.16351565832637796,0.0016419694655924596,-0.08574083484583098
2415.0,12.411738048580496,3.3760439512062277,15.495508203372664,-0.09004248983970872,0.011824522366922155,0.08088744584725308,-0.27598282970323823,-3.6745728182701987,-7.2157,0.0,7.5938950253,7.050616769476426,-0.24992178878063986,0.03282012510625428,0.22451106352156402,0.040937323974943,0.003782518859307152,0.11445759664500224,-0.16282247663860197,0.0014993264573043845,-0.08556635039613748
2416.0,12.408149311353771,3.4076031538436045,15.400517568126896,-0.08179353937142954,0.007297541703371157,0.08098247802792072,-0.36711860608384694,-3.664609356300126,-7.2157,0.0,7.5938950253,7.07221251014373,-0.2270916766586135,0.020260903167170843,0.2248398450129133,0.0410616397891042,0.0038864405820096884,0.1160765934124946,-0.16204607059377923,0.0013688613246270781,-0.08531332975284475
2417.0,12.404480552829517,3.4324958774506915,15.306140382381576,-0.07322216335444807,0.003430360983736757,0.08070019724461899,-0.44982366240775007,-3.6587249506687356,-7.2157,0.0,7.5938950253,7.091220828119427,-0.20335422485590032,0.009526875017976858,0.22412238732906606,0.04116082900106914,0.0039467983860234715,0.11741080415407383,-0.16119589152058156,0.0012496083996588532,-0.08500339733233606
2418.0,12.400759417655795,3.451362720593928,15.212734736903599,-0.06437322232861648,0.00026206713481153904,0.08015024778994488,-0.5237832264337363,-3.656253735281444,-7.2157,0.0,7.5938950253,7.107616455875372,-0.17883239522116764,0.0007280370895191667,0.22266185024381083,0.04123688878233213,0.003975308800153753,0.11846779279917155,-0.1602809584211366,0.0011404986190187846,-0.08465648460663405
2419.0,12.39701086014519,3.4648851768210904,15.120548579543778,-0.055291209078079426,-0.0021856337322989938,0.07943021136705106,-0.5887326365800958,-3.6565003098204807,-7.2157,0.0,7.5938950253,7.121385486641572,-0.15364850238725433,-0.006073648150116931,0.22072827171524004,0.04129204332469269,0.003982926518970101,0.1192594833585578,-0.1593099595478364,0.0010403980213399046,-0.08429003386389688
2420.0,12.393256973337628,3.473769641566559,15.029733721487554,-0.046019724493326426,-0.0039045128317624863,0.0786223536820586,-0.6444557621115932,-3.6587545101132357,-7.2157,0.0,7.5938950253,7.132524151679794,-0.1279227496214933,-0.010853520373506193,0.2185494975351489,0.04132867427941016,0.003979907504305685,0.11980103591656122,-0.1582914077935433,0.0009481375601557535,-0.08391842625955899
2421.0,12.389516889226885,3.478735318772551,14.94036265794736,-0.03660107755209877,-0.004896092818886969,0.0777914428405069,-0.6907828797730146,-3.662302584261398,-7.2157,0.0,7.5938950253,7.141037903033949,-0.10177209756792095,-0.013613960828232203,0.216305060949208,0.04134926334571738,0.00397591833920162,0.12010984280030788,-0.15723383456389362,0.0008625345783667952,-0.08355261277394277
2422.0,12.38580673452305,3.4805056919788178,14.85244718278392,-0.027075990964012652,-0.0051683890670879695,0.07698347052756785,-0.7275881478489911,-3.666435079920134,-7.2157,0.0,7.5938950253,7.146940771898952,-0.07530941735997908,-0.014375406235340142,0.21412255305765018,0.0413563476268641,0.00398016430841075,0.1202046944243659,-0.15614600848713925,0.0007824069252042716,-0.08319991587319614
2423.0,12.382139626818727,3.4798029708300184,14.765957962790772,-0.017483391614793106,-0.004733323817772026,0.07622508754270776,-0.7547867942628979,-3.6704519807198963,-7.2157,0.0,7.5938950253,7.150254951549915,-0.04864287266031814,-0.013169210688681366,0.21207596950034996,0.04135248700291812,0.004001511782052228,0.12010514181804628,-0.15503716675702678,0.0007065811374197108,-0.0828639660068949
2424.0,12.378525697860761,3.4773447541876856,14.680844427237503,-0.00786026610046855,-0.003604941466326812,0.07552357641250532,-0.7723321124818553,-3.6736657870869,-7.2157,0.0,7.5938950253,7.1510105412745855,-0.02187547804727169,-0.010032716055710985,0.21018554801404546,0.04134024170593673,0.0040485843052123285,0.11983106349298042,-0.15391724777286647,0.0006338963736854703,-0.0825447392404385
2425.0,12.374972133418506,3.4738420557898766,14.59705449470861,0.001758434632285007,-0.0017984869894213283,0.07486721698788319,-0.7802123408567976,-3.675403326591078,-7.2157,0.0,7.5938950253,7.149245382380954,0.004895208848077155,-0.005006708388316128,0.2084187016686312,0.041322157549028876,0.004129815751356472,0.11940242891503075,-0.15279711392823622,0.0005632059138003737,-0.08223866864401613
2426.0,12.37148322261,3.469997805275575,14.514553784177373,0.011339852232613811,0.0006696444443061529,0.0742259475274413,-0.7784474897409672,-3.6750071121461785,-7.2157,0.0,7.5938950253,7.145004917421753,0.031577289673689515,0.0018647118289087468,0.2066917803070736,0.04130075584077426,0.004253447660002747,0.11883923940411889,-0.15168875295633288,0.0004933780417798737,-0.081938810861654
2427.0,12.368060413165809,3.4665049543305555,14.433344030933156,0.02085324422117497,0.003781121845104215,0.0735522760695492,-0.7670861773807492,-3.671837053481954,-7.2157,0.0,7.5938950253,7.1383420078125095,0.05808463408334799,0.010531938170772415,0.2048725366750843,0.041278524873513744,0.004427461361147585,0.11816161926100396,-0.15060544532200112,0.00042329804934829705,-0.08163505907432356
2428.0,12.364702372697487,3.464043375092064,14.353480447991613,0.030269972480893984,0.007514127424563451,0.07278244853099816,-0.7462025402136305,-3.6652732768372114,-7.2157,0.0,7.5938950253,7.129316651929275,0.08433689065330087,0.020935537465730167,0.2027833162753178,0.04125790996466424,0.004659438772874225,0.11739002451328251,-0.14956188397363956,0.0003518729419884929,-0.08131440314094761
2429.0,12.361405059366074,3.4632748295509104,14.275087743346939,0.039563450684075775,0.01184114230788266,0.071837925924983,-0.7158932949176225,-3.6547207253482425,-7.2157,0.0,7.5938950253,7.117995554899153,0.11025938147975443,0.033000079727787617,0.20020511715539396,0.04124129931384689,0.004956349031390056,0.11654553304620477,-0.14857423157391028,0.0002780402147493986,-0.0809612461271114
2430.0,12.35816180823232,3.4648354117607205,14.198374430793866,0.048709040368981014,0.016726201493625532,0.07062725949756853,-0.676275046499655,-3.6396161006138845,-7.2157,0.0,7.5938950253,7.104451512374605,0.13578285077911736,0.04662648461776537,0.19688276682624709,0.04123100338153032,0.005324261607771802,0.11565017731418706,-0.14766009936158334,0.00020078179493751634,-0.0805577930336975
2431.0,12.354963441864241,3.469325019320052,14.123644968481962,0.057683882889961666,0.022121782747592553,0.06904847641684625,-0.6274819562119791,-3.6194375643142345,-7.2157,0.0,7.5938950253,7.088762583634287,0.16084303081186047,0.061683340403277706,0.19253152983845886,0.04122922606962027,0.005767990516341498,0.11472727879728667,-0.14683843129572732,0.00011914392551581237,-0.08008453181700317
2432.0,12.351798415356305,3.4772935987714666,14.051309139083966,0.0664666537869919,0.027965529132211432,0.06699209744360927,-0.5696639017300121,-3.5937174457903733,-7.2157,0.0,7.5938950253,7.07101104456184,0.18537998645728543,0.07799774949427014,0.18684548430316703,0.04123802666621353,0.006290678823545941,0.11380174159745506,-0.14612927732826622,3.226338721613485e-05,-0.0795208283627186
2433.0,12.348653006679955,3.4892241337225194,13.981887965022953,0.07503722749594408,0.034177042661239505,0.06434489962459407,-0.5029852758086757,-3.562057994902259,-7.2157,0.0,7.5938950253,7.051282128624779,0.20933720348583043,0.09534636037167711,0.1795079828438098,0.04125927227891668,0.006893338055644259,0.11290026103488694,-0.14555344077623303,-6.0599969274688446e-05,-0.0788456556087393
2434.0,12.345511563168595,3.505512606180743,13.916015350246314,0.0833762439556947,0.04065502550458904,0.06099450953728815,-0.4276245741989292,-3.5241499778193424,-7.2157,0.0,7.5938950253,7.029662584000086,0.23266039560830287,0.11344735464924095,0.17020443768636087,0.04129458129134625,0.007574363314412268,0.11205140201851908,-0.14513198708241024,-0.0001600248829621753,-0.07803847218830234
2435.0,12.342356813908232,3.52644545990936,13.854434577068886,0.09146457472635379,0.04727508200480614,0.056834864241870946,-0.3437749145807737,-3.4797936374110234,-7.2157,0.0,7.5938950253,7.006239097320384,0.2552960222128866,0.1319542612177863,0.15863753597903493,0.04134525919627049,0.008329051843536897,0.11128550177441582,-0.1448856050813303,-0.00026638554830559933,-0.07708025745737743
2436.0,12.339170255867879,3.5521754245997186,13.79798878472246,0.0992826948145449,0.05388852452771554,0.051772506513830835,-0.2516456017362063,-3.42892123402281,-7.2157,0.0,7.5938950253,6.981096658622528,0.2771895326377037,0.15045255324983972,0.144544796158664,0.04141222894211075,0.009149160158143585,0.11063435290972183,-0.1448338176309219,-0.0003798052419029587,-0.07595469725319146
2437.0,12.335932618816782,3.5826969105963076,13.747604638497227,0.10680997749239356,0.06032254202979199,0.045733587622118536,-0.15146480727309897,-3.371620056346189,-7.2157,0.0,7.5938950253,6.954316966942496,0.2982833838602705,0.16846002950408942,0.1277181176540102,0.04149595863437759,0.010022542115195002,0.11013062671471185,-0.14499404662446577,-0.0005001088193355954,-0.07464949794872672
2438.0,12.33262441053476,3.617822537507544,13.704268587519172,0.11402394278230348,0.0663820834778393,0.03867133597461652,-0.043483363780397105,-3.3081544624360752,-7.2157,0.0,7.5938950253,6.92597699994362,0.3185149160542728,0.18543196481829793,0.10802465720009484,0.04159639002801336,0.010932916593918866,0.10980700427893299,-0.14538054850897333,-0.0006267767418774548,-0.0731577852825222
2439.0,12.329226539646996,3.6571626886971043,13.668995425525557,0.12089950541739261,0.07185376854413798,0.030573617264735495,0.07202041533372336,-3.2389852028377675,-7.2157,0.0,7.5938950253,6.896147891534872,0.3378142131005426,0.20077190717402676,0.08542799593982432,0.041712871719493845,0.011859817515298264,0.10969499587886687,-0.14600325097752834,-0.0007589038162847088,-0.07147951948147874
2440.0,12.325721008724523,3.700110249201221,13.64278932653319,0.1274082839417966,0.07651205408547182,0.021470069568090402,0.1947350834660712,-3.1647840261055964,-7.2157,0.0,7.5938950253,6.864894275306817,0.3561021200048315,0.2138487688775996,0.06000816472295387,0.04184410131598232,0.012778779105339595,0.10982344875504621,-0.14686653964217566,-0.000895166295777181,-0.06962283060339089
2441.0,12.322091665175416,3.7458328381709953,13.626598128541042,0.13351804747916132,0.0801277463530105,0.011438159471527754,0.324309881255081,-3.086441416452573,-7.2157,0.0,7.5938950253,6.832274254623568,0.37328863156055964,0.22402047776211825,0.031978709824710724,0.04198808116667043,0.013661803651856243,0.11021677121739219,-0.1479680647455769,-0.0010338013506756482,-0.06760515029083602
2442.0,12.318324991949957,3.7932748309738495,13.621262367376268,0.13919238806351195,0.08247874890040163,0.0006073944789427594,0.4603484437161852,-3.0050653166554273,-7.2157,0.0,7.5938950253,6.798340147629277,0.38927189954167,0.2306639012589529,0.0016986676202529493,0.04214209254363592,0.01447814554966756,0.11089293765542041,-0.14929766077216214,-0.0011726031060574696,-0.06545399234943347
2443.0,12.314410914207748,3.8411712197566668,13.6274613769068,0.14439071099871004,0.08336267585689047,-0.010839128184017284,0.6024028984171923,-2.921968902834057,-7.2157,0.0,7.5938950253,6.763140122590723,0.40393812002541757,0.23321003361650758,-0.030322844392708718,0.0423026934876996,0.015195422669308511,0.1118613836275382,-0.15083649313173658,-0.0013089393677409812,-0.06320722060122459
2444.0,12.310343591802654,3.8880748326691332,13.64565959845958,0.1490686297009182,0.08261065329239953,-0.022666621459798555,0.7499689162589541,-2.838645949548191,-7.2157,0.0,7.5938950253,6.726720782217324,0.41716254748699766,0.231182581111566,-0.06343162588979492,0.04246574585612892,0.015781033685404643,0.11312094957356197,-0.1525565612954597,-0.001439792702225157,-0.06091264555705617
2445.0,12.306122160930292,3.9323975851290722,13.676056969469272,0.15317883123120923,0.08010130918633357,-0.03459458363534064,0.902482285208384,-2.756733088789416,-7.2157,0.0,7.5938950253,6.689130673918488,0.42881182771520926,0.22423717767324566,-0.09684475667088545,0.04262647724468403,0.016203819530971095,0.1146580792291894,-0.15442069073374964,-0.0015618285620221314,-0.05862681917301142
2446.0,12.301751382375464,3.9724652828520752,13.718547733689013,0.15667244193451957,0.07577366723526748,-0.04630717012459232,1.0593175238495858,-2.6779593171411014,-7.2157,0.0,7.5938950253,6.650424599993176,0.43874774061658606,0.212197658293993,-0.12967925957906629,0.04277958308935368,0.01643586300182622,0.1164455143398239,-0.1563831301549348,-0.0016714915467641745,-0.05641295500402259
2447.0,12.29724214770759,4.006584115227497,13.77269214676121,0.15950086953767853,0.0696374715495601,-0.05746783203900036,1.219788946200459,-2.6040843684245485,-7.2157,0.0,7.5938950253,6.610668483652045,0.4468322969957413,0.19508527733834702,-0.1609927486149912,0.04291937299594459,0.016454279459636727,0.11844173981158154,-0.15839083200138093,-0.0017651286425400578,-0.05433799057754908
2448.0,12.29261179296751,4.033115470358996,13.837705084607196,0.1616180329485177,0.06177946156884566,-0.06773752674003733,1.3831544114678556,-2.536828962217293,-7.2157,0.0,7.5938950253,6.569944432576289,0.4529339516165059,0.17313671715105453,-0.18983417320062881,0.043039962559509794,0.016242823051635304,0.12059140726745016,-0.1603854292112538,-0.001839135387057006,-0.05246892396991652
2449.0,12.287884170174115,4.050554320523611,13.912464560596415,0.16298282283530244,0.0523643341999529,-0.07679520629129816,1.548621788571793,-2.477801225035628,-7.2157,0.0,7.5938950253,6.528355545559239,0.4569345030371173,0.14680731753372445,-0.21530109008976236,0.043135507532438576,0.015793125952820772,0.12282689490664282,-0.16230583721479652,-0.0018901177180599873,-0.05086868175864982
2450.0,12.283089434709213,4.057605375912962,13.995541540465627,0.16356157749840544,0.041629604398178206,-0.0843587646913777,1.7153579379964732,-2.4284245787242402,-7.2157,0.0,7.5938950253,6.4860299546372016,0.4587360838469269,0.1167572603896123,-0.23659841109727794,0.04320047113869858,0.015105409922627669,0.12507104433013028,-0.16409131628691354,-0.0019150591383315521,-0.04959188780799463
2451.0,12.27826352150648,4.053250744800888,14.085250400238886,0.1633303239366878,0.029874267430377677,-0.0902043017529883,1.8824998015530836,-2.3898728570592978,-7.2157,0.0,7.5938950253,6.443123601860186,0.45826754326971186,0.083820363618506,-0.25309264538485554,0.04322990842909038,0.014188561439784746,0.127240963242203,-0.1656847439519897,-0.0019114804019113073,-0.048680974197784055
2452.0,12.273447305344243,4.0368031410247,14.179717154829916,0.1622765353107726,0.01744197922194206,-0.09418154767532377,2.0491670188357736,-2.3630181864413675,-7.2157,0.0,7.5938950253,6.399821327466068,0.45548952159690864,0.04895740937709193,-0.2643555829666636,0.043219745174123886,0.013059538061641014,0.1292526202480374,-0.16703578945611008,-0.0018775778073744091,-0.04816308305686644
2453.0,12.268685468687014,4.0079397996189865,14.27696054186376,0.16040019869726982,0.004700257665929588,-0.09622363937655869,2.2144753784023026,-2.3483961931121384,-7.2157,0.0,7.5938950253,6.356335992731125,0.45039762892481355,0.013198143925406483,-0.2701923025888123,0.04316702464101862,0.01174216149893606,0.13102581697898133,-0.1681036689146577,-0.001812326868913863,-0.04804813869272921
2454.0,12.264025130787017,3.9667140893533746,14.374979535924805,0.15771406706396038,-0.007982196386097245,-0.09635011586000218,2.377550372389368,-2.3461914704666005,-7.2157,0.0,7.5938950253,6.312905559819975,0.4430233591672988,-0.022422219668380886,-0.27065025193438014,0.04307009528705969,0.010265434732747894,0.13248903660937048,-0.1688591983325224,-0.0017155407977486273,-0.04832832878748217
2455.0,12.259514319395624,3.9135440961211785,14.471840166585945,0.15424307328950385,-0.02025768688991824,-0.09466288984145753,2.5375401530436283,-2.3562441778156225,-7.2157,0.0,7.5938950253,6.2697882739368005,0.4334326578024964,-0.056925363858303955,-0.266008625633628,0.042928716809025116,0.008661579433289442,0.13358366011139333,-0.1692859479665616,-0.0015878776402173246,-0.048979045651044925
2456.0,12.255200386048381,3.8491798418654675,14.565754760795432,0.15002299192594332,-0.031818961246726354,-0.09133588407653608,2.6936272803405217,-2.378076461796803,-7.2157,0.0,7.5938950253,6.227256303662271,0.4217223634900705,-0.08944474022616732,-0.2567498782001757,0.042744070848318376,0.006964014292730074,0.13426711881834733,-0.16938041970308543,-0.0014307954506020697,-0.04996114071263394
2457.0,12.251128473521979,3.774652860134798,14.655147858655914,0.14509852393876385,-0.04241411245185994,-0.08659979932474703,2.845038782547135,-2.410935499256072,-7.2157,0.0,7.5938950253,6.18558835939087,0.4080149971893483,-0.11926788435241314,-0.2435174109214016,0.04251867422663982,0.005205480993002672,0.13451469803533028,-0.16915129390248268,-0.0012464604669233973,-0.05122417968859434
2458.0,12.247340138449394,3.69121336788444,14.738704831916992,0.1395210367136636,-0.05185587106400746,-0.08072397960722534,2.991054209451786,-2.453848533260546,-7.2157,0.0,7.5938950253,6.145061901144986,0.39245253748576386,-0.14586308030645037,-0.22706490274883487,0.042256204897408375,0.0034164803145412606,0.13431989263693664,-0.16861790183902814,-0.0010376181618453604,-0.052710280282746685
2459.0,12.243872213711429,3.6002609582963383,14.815401339675978,0.13334620657463822,-0.06002501615429141,-0.0739974767278426,3.1310115232807862,-2.5056845965437957,-7.2157,0.0,7.5938950253,6.105945554840134,0.37518986937415905,-0.16888952860841058,-0.20820317533365096,0.041961260968800096,0.0016241173305113626,0.1336934013897334,-0.16780815312284691,-0.0008074402307875107,-0.054358086835356326
2460.0,12.240755967657684,3.5032746711659946,14.884513837210562,0.1266317884494638,-0.06686836874280126,-0.06671122596971722,3.264310832502548,-2.565217613576169,-7.2157,0.0,7.5938950253,6.068492284742163,0.3563885370814073,-0.18819224149848884,-0.1877499838023916,0.04163907964595826,-0.00014861201183676703,0.13266099983239574,-0.16675617847030982,-0.0005593618628736698,-0.05610647936260919
2461.0,12.238016586218086,3.4017475193795326,14.94561307278091,0.11943568541896858,-0.0723923745204039,-0.05914280167578394,3.39041610860455,-2.6311862209321553,-7.2157,0.0,7.5938950253,6.032933740311687,0.33621129156803914,-0.20378443554623502,-0.1664869060583939,0.04129524463121797,-0.0018831182790963533,0.1312606265296663,-0.16549993611195082,-0.0002969228666628999,-0.057897711412164835
2462.0,12.235672972964997,3.297129378095217,14.998543745110599,0.11181442622712384,-0.07665358822344231,-0.051544666488416255,3.508855139108332,-2.7023466534805665,-7.2157,0.0,7.5938950253,5.999476031575783,0.31481774578607286,-0.21582107662834007,-0.14512595788146845,0.0409354081109046,-0.0035651654724250317,0.12953905185386813,-0.16407898878958593,-2.36240048111598e-05,-0.05967979154762536
2463.0,12.233737836943764,3.190780732286445,15.043394118037495,0.10382209256995958,-0.07974743403891349,-0.04413626038819166,3.6192180429423964,-2.777516287711932,-7.2157,0.0,7.5938950253,5.968297019998377,0.29236126658151707,-0.22456743304930105,-0.12428696696291583,0.040565047748193965,-0.00518455400677955,0.12754847515782858,-0.16253259775608658,0.00025719337507684585,-0.0614080449424452
2464.0,12.232218019931393,3.0839384192015977,15.080459491028838,0.09550968217717958,-0.08179648994494497,-0.03709979843724272,3.721154713601878,-2.8556066441506442,-7.2157,0.0,7.5938950253,5.9395450633522415,0.268987075413678,-0.23036615877936742,-0.10448538883794192,0.040189271910213216,-0.006734629792324497,0.1253433344270586,-0.1608982165504388,0.0005424398442507121,-0.06304589258603514
2465.0,12.23111457570724,2.977693273503719,15.11020302516195,0.08692481915217544,-0.0829392997537447,-0.030579298783966532,3.814371588429407,-2.9356457080749565,-7.2157,0.0,7.5938950253,5.913338981578676,0.24483132761588816,-0.2336057649391523,-0.08612925965062616,0.03984571617864976,-0.008132313987952208,0.12294035229527056,-0.15933597541901784,0.0008030449779703686,-0.06455080565526781
2466.0,12.230304874151983,2.8729654779052507,15.133195307899337,0.07810240366285583,-0.08332124833627619,-0.024682081146449767,3.898624222172406,-3.0167906125710484,-7.2157,0.0,7.5938950253,5.889756090476299,0.21999678943996434,-0.2346970933857233,-0.06952383478945384,0.03962737067473726,-0.009162570474040711,0.12029044574594586,-0.15821586204316637,0.0009645730482807365,-0.06586463577899059
2467.0,12.22973595998767,2.770526596797304,15.150113188079672,0.06908001113350189,-0.08308469803856869,-0.019483120562723458,3.973708670514824,-3.098331511858027,-7.2157,0.0,7.5938950253,5.868858108655331,0.19459180405326917,-0.23404167161034745,-0.05488209275995685,0.03941213246930329,-0.010127469660957074,0.1175814722722644,-0.15708818428547014,0.001124147834239306,-0.06702765526612753
2468.0,12.229402614207807,2.671001530678062,15.16170499718294,0.059896657820191046,-0.08236290052611397,-0.015028916795407365,4.0394660755862635,-3.179687103104949,-7.2157,0.0,7.5938950253,5.850688633783011,0.1687277724840239,-0.23201476087051104,-0.042336179446760505,0.03920182177784756,-0.01103095082147882,0.11485561096682383,-0.15597210060317843,0.001280937397852561,-0.06803229054004117
2469.0,12.22929776278832,2.5748741061311744,15.1687545460825,0.050589312940914996,-0.0812755168108074,-0.011342222753600483,4.095780501240182,-3.26039536071175,-7.2157,0.0,7.5938950253,5.835269466842925,0.1425103766888048,-0.22895358412582467,-0.03195110475194177,0.03899787137424339,-0.011877138088373165,0.11214862335683083,-0.15488398711693638,0.0014342789664763917,-0.06887578071018245
2470.0,12.229412890931087,2.4825029887935166,15.172059166214515,0.04119333457431659,-0.07992528224433106,-0.008426990245930343,4.142576274365774,-3.3401001812224487,-7.2157,0.0,7.5938950253,5.822603170015965,0.11604076080688797,-0.22514784625180587,-0.023738655041043232,0.038801360320466736,-0.01266999052986292,0.10948965229816429,-0.153837682752123,0.0015836554361720865,-0.06955914139696248
2471.0,12.229738413271646,2.3941403401477075,15.172412668485284,0.031742864435092694,-0.07839601779903259,-0.0062729434329575565,4.179815754096734,-3.4185352235506477,-7.2157,0.0,7.5938950253,5.812675563698355,0.08941660425068765,-0.22083406217796464,-0.01767027993263324,0.03861305899785644,-0.013413028123529278,0.10690135641238163,-0.15284480121686855,0.0017286706291516538,-0.07008621344625408
2472.0,12.230263990332894,2.3099519508809285,15.170592696355515,0.022271150729841198,-0.07675173501135638,-0.0048595205182053024,4.207497509170551,-3.495506121813364,-7.2157,0.0,7.5938950253,5.805458072694293,0.06273299932441981,-0.21619298432406592,-0.013688214905622489,0.03843348052038904,-0.01410912182709069,0.104400294250134,-0.15191506969373744,0.001869024846428804,-0.07046284562166345
2473.0,12.230978786425707,2.230037846767905,15.167351738911002,0.012810780527335495,-0.07503659129201502,-0.0041590290385244925,4.225654840883259,-3.570872030184409,-7.2157,0.0,7.5938950253,5.800909876952314,0.03608308025654579,-0.211349444320747,-0.01171439775009531,0.03826293465671425,-0.014760335898522239,0.10199748223011418,-0.15105666280220248,0.0020044918095234033,-0.07069623900133641
2474.0,12.231871667968779,2.1544526037143767,15.163410957023196,0.0033938132245598437,-0.07327548475295605,-0.004138946055022097,4.234354558015725,-3.6445272551320262,-7.2157,0.0,7.5938950253,5.798979858846403,0.009558379024875904,-0.20637401358205446,-0.011656980670333437,0.03810158139715017,-0.015367812214852367,0.0996990640013086,-0.15027650847963703,0.0021348977054486467,-0.07079446363212488
2475.0,12.232931343931186,2.0832248078003843,15.159455941541244,-0.005948185224620768,-0.07147512289226653,-0.00476336204873655,4.233695890526677,-3.7163835576638995,-7.2157,0.0,7.5938950253,5.799608365464284,-0.016751093848805482,-0.2012860134999572,-0.013414431747005908,0.0379494821655128,-0.015931688866605596,0.09750704359988863,-0.1495805494907824,0.002260102747981797,-0.07076614482040879
2476.0,12.234146451985094,2.0163752448987355,15.156133549124972,-0.015184201354866131,-0.06962544899202885,-0.005993618987714154,4.223809419919973,-3.7863535755500637,-7.2157,0.0,7.5938950253,5.802728820448799,-0.042757027531762255,-0.19605754493695812,-0.01687736655246999,0.037806647341105434,-0.01645104821266229,0.09542004873121451,-0.14897395018779813,0.002379985444196233,-0.07062030666351052
2477.0,12.235505595217093,1.9539335015930415,15.154049034296312,-0.02428391566307906,-0.06770135740722963,-0.007788232301929644,4.204855905005881,-3.8543357247032155,-7.2157,0.0,7.5938950253,5.808269226296257,-0.06837321826080456,-0.1906183397595577,-0.021928362560379812,0.03767307921295957,-0.016923892457150883,0.09343410244336516,-0.1484612429799062,0.002494429600010675,-0.0703663532978395
2478.0,12.23699733510287,1.8959527095052449,15.15376280457316,-0.03321791182865897,-0.06566466921755143,-0.010102216728718591,4.17702489132903,-3.920200886332444,-7.2157,0.0,7.5938950253,5.816153595837688,-0.09351616504929815,-0.1848613505909234,-0.028440094965619264,0.0375488097547416,-0.0173471473525929,0.09154339062476871,-0.1480464129057368,0.0026033140000262553,-0.07001416314806982
2479.0,12.23861014708751,1.8425221778787224,15.155786261275779,-0.041957935923207165,-0.06346636955678238,-0.012885959797921164,4.140533010007393,-3.9837811645407957,-7.2157,0.0,7.5938950253,5.826303342419518,-0.11810580410541706,-0.17864907901747867,-0.03627220000500028,0.03743393272108989,-0.017716696619388517,0.08974101881044956,-0.14773292192879928,0.0027065046419344958,-0.06957426765070074
2480.0,12.240332345672368,1.7937776463596775,15.160576346045277,-0.050477185376134076,-0.06104912513369749,-0.016083805664514787,4.095621896415194,-4.044860997386955,-7.2157,0.0,7.5938950253,5.838638643746632,-0.1420663252515876,-0.17182069093078636,-0.04526732522409286,0.03732862957163989,-0.018027450942802628,0.08801975469239448,-0.14752367726678567,0.0028038493814802525,-0.06905808315589392
2481.0,12.242151986473896,1.7499088650576506,15.168528587561417,-0.05875060556085039,-0.05835010395996225,-0.019632526442685875,4.042555690347081,-4.103170911199438,-7.2157,0.0,7.5938950253,5.853079776257089,-0.16532700817695503,-0.16419997755637125,-0.05524686645761328,0.03723318867991445,-0.018273455866040605,0.0863727527334544,-0.14742095033436584,0.002895174838909048,-0.06847816287065003
2482.0,12.244056753317325,1.7111641863449039,15.179968629495974,-0.06675517064115714,-0.055304109183000924,-0.02345986745744767,3.981618116137454,-4.158384210805897,-7.2157,0.0,7.5938950253,5.869548397150801,-0.18782301282332703,-0.1556041922819569,-0.06600691667735907,0.037148017233669714,-0.01844804250466465,0.08479425483767963,-0.14742625478050242,0.002980285422385938,-0.0678484348781674
2483.0,12.246033839030344,1.6778518460447198,15.195142413363389,-0.07447012496351071,-0.05184701641814879,-0.027483355439462995,3.9131091824032462,-4.210116885690157,-7.2157,0.0,7.5938950253,5.887968731734877,-0.20949605714923317,-0.1458537302022231,-0.07731495824157131,0.037073645230790146,-0.01854402379280392,0.08328025678047263,-0.14754019363601628,0.003058964330337168,-0.06718439267142715
2484.0,12.24806982913155,1.6503376324542,15.214205380897337,-0.08187716203405067,-0.047919471461344273,-0.03160955282560153,3.8373415847829766,-4.257930974066724,-7.2157,0.0,7.5938950253,5.908268606520924,-0.23029491760115522,-0.13478252613459848,-0.08890781241726353,0.03701072106189374,-0.01855393703201514,0.08182912484777821,-0.14776228672537012,0.003130976397163086,-0.06650320654313965
2485.0,12.250150597951064,1.6290386989763133,15.23721124033874,-0.08896052019704982,-0.04347076615113004,-0.035733925314096936,3.754636938728309,-4.301341556410274,-7.2157,0.0,7.5938950253,5.930380255386588,-0.2501756934564511,-0.12224893742587216,-0.10049131373752579,0.03695999837569805,-0.018470331005553082,0.08044214176578814,-0.14809079020699106,0.0031960726410730925,-0.06582372780703027
2486.0,12.252261226742554,1.6144133751448766,15.264100998597256,-0.0957069776732084,-0.03846276863324856,-0.039741462598663346,3.665322009854192,-4.339827443643391,-7.2157,0.0,7.5938950253,5.954240818788268,-0.26910178617850233,-0.10814676204611866,-0.11174209896338834,0.036922314255997915,-0.018286093041700955,0.07912395642552214,-0.14852252038422176,0.003253996356138609,-0.06516636328999446
2487.0,12.254385952915596,1.606946972268714,15.294693085085974,-0.10210573463620372,-0.03287374496141525,-0.04350815369148832,3.5697251428177514,-4.372845483611124,-7.2157,0.0,7.5938950253,5.9797924558798385,-0.2870435590761131,-0.09241593322359068,-0.12231179109510264,0.0368985591879371,-0.01799480837098724,0.07788290894238167,-0.14905269381512706,0.0033044905616611965,-0.06455280475212466
2488.0,12.256508158531012,1.6071337599673576,15.328675472087502,-0.10814817636793383,-0.026701876369890874,-0.046903369516462755,3.468173112167528,-4.399848237465726,-7.2157,0.0,7.5938950253,6.006981997433083,-0.30397766049558606,-0.07505234191048682,-0.13183372123139875,0.03688963982089128,-0.017591141118114734,0.07673120188352892,-0.1496747953325661,0.0033473065806465096,-0.06400560658463886
2489.0,12.258610404607882,1.6154555003796747,15.36560072142893,-0.11382751895262497,-0.019968254648477235,-0.04979314868672733,3.360988626229434,-4.420304583756688,-7.2157,0.0,7.5938950253,6.035760084136363,-0.31988601468596584,-0.056116178745795206,-0.13993217139953854,0.03689643608928586,-0.017071223452996886,0.07568489043481522,-0.15038048498378345,0.003382213467202251,-0.06354761485663254
2490.0,12.260674515609297,1.6323571560380548,15.40488485133081,-0.119138347043692,-0.012719129867433891,-0.052044320583131104,3.2484887046590787,-4.433722604013677,-7.2157,0.0,7.5938950253,6.066079760051732,-0.3347545072198032,-0.035738166230189855,-0.14623394836933787,0.03691975475966808,-0.016433036897086827,0.07476366895944261,-0.1511595542195976,0.0034090079435399956,-0.06320126097902175
2491.0,12.262681715807545,1.6582206209004735,15.44581081716128,-0.12407606148897812,-0.00502719211851874,-0.053529336464876204,3.1309841197177155,-4.439673903090496,-7.2157,0.0,7.5938950253,6.097894523990969,-0.34857141507515754,-0.014123074584878074,-0.15038192166708658,0.03696028185612324,-0.01567676760093293,0.07399043863694874,-0.15199994095625582,0.0034275244465210787,-0.06298774336001361
2492.0,12.264612816261879,1.6933375457942723,15.487537235593711,-0.12863626253343619,0.003008307295302621,-0.05413161783712738,3.0087800401353872,-4.437818335125039,-7.2157,0.0,7.5938950253,6.131155880919311,-0.36132565378672554,0.008450016961461852,-0.152049988240674,0.03701853660841408,-0.014805115629333836,0.0733906502600197,-0.15288781234000742,0.003437644828979276,-0.06292612993691
2493.0,12.266448448120169,1.7378825225404542,15.529112756729589,-0.13281410145448305,0.011262749851948774,-0.05375117490883228,2.882177946027398,-4.427927956575716,-7.2157,0.0,7.5938950253,6.16581047911617,-0.3730049341061004,0.03163113871473503,-0.15095877045756054,0.03709482952064222,-0.013823537010923929,0.07299142727913191,-0.15380772296783707,0.003439307221882739,-0.0630324229855293
2494.0,12.268169335175926,1.7918880406802584,15.569496210454965,-0.13660363941605377,0.019588758326798662,-0.05231019934130507,2.7514787973532777,-4.409908923138072,-7.2157,0.0,7.5938950253,6.201796963818331,-0.3835939372298832,0.05500679897067436,-0.14689122052961276,0.03718922686334806,-0.01274039670062468,0.0728204863385881,-0.1547428546444123,0.0034325135488413555,-0.063318634885818
2495.0,12.269756596297485,1.8552227135735317,15.607582328001675,-0.13999725655724773,0.027820249583912823,-0.049758298157196096,2.616987341934339,-4.383820007517395,-7.2157,0.0,7.5938950253,6.239042721090927,-0.393072629480893,0.07811137822041272,-0.13970720267039966,0.03730152336151442,-0.01156701107298709,0.07290488521643257,-0.15567534101472666,0.0034173352081678337,-0.0637919291681539
2496.0,12.271192066832809,1.9275742821624038,15.642232486030252,-0.1429851565953732,0.03577787924801542,-0.046077011423985965,2.479017350364845,-4.349886439781584,-7.2157,0.0,7.5938950253,6.277460721943988,-0.4014148436340109,0.10044239658064871,-0.12935605888255092,0.037431224175044756,-0.01031756044954216,0.07326964112394856,-0.15658667631088544,0.0033939165010528132,-0.06445388508914521
2497.0,12.272458627350906,2.0084388267313744,15.672309545880626,-0.14555501204347046,0.04327573258721356,-0.04128324930059476,2.3378974714419973,-4.308507875284469,-7.2157,0.0,7.5938950253,6.316946702015844,-0.4085872535534425,0.12147924331208906,-0.11588614650009074,0.03757753654241777,-0.009008856090686405,0.07393627541467682,-0.15745820162644658,0.0033624754929781663,-0.06529994557755649
2498.0,12.273540528280956,2.0971174109747164,15.696715493601127,-0.1476917916586702,0.05012901587478467,-0.03543130173164689,2.193977323953471,-4.260259510011481,-7.2157,0.0,7.5938950253,6.357376920986197,-0.414548859061275,0.14070468035747868,-0.099450386124744,0.03773937074921686,-0.007659952761942479,0.07492135256263939,-0.15827165464775658,0.003323302159984493,-0.06631910638622981
2499.0,12.274423699833855,2.192721112805606,15.71443024442286,-0.14937780542048404,0.05616239891620301,-0.028613113891432264,2.0476333855972473,-4.205885621300848,-7.2157,0.0,7.5938950253,6.398606734106455,-0.41925108034239783,0.15762814531890268,-0.0803069698150622,0.03791534965472081,-0.006291607133622926,0.07623509328372886,-0.1590097602288127,0.003276753843438764,-0.0674938989730055
2500.0,12.275096037988499,2.2941849551499187,15.724549698260928,-0.150592991314994,0.06121856289906348,-0.02095659914477396,1.8992742178721915,-4.1462852172675,-7.2157,0.0,7.5938950253,6.4404701724174185,-0.4226385304641317,0.17180961235219241,-0.05881459813456324,0.03810382573131802,-0.004925594688001876,0.07788014948745536,-0.1596568303500402,0.0032232482544609833,-0.06880070785716266
2501.0,12.275547658785225,2.40029075284462,15.726320948562249,-0.15131545373466798,0.06516642701825026,-0.012621870408212,1.749344579934239,-4.082489914984002,-7.2157,0.0,7.5938950253,6.482780667828623,-0.4246504943043142,0.18288254611370086,-0.03542191742880929,0.03830290468608728,-0.0035839118840422374,0.07985063380126198,-0.1601993345095757,0.003163254452085107,-0.07021044597928798
2502.0,12.275771114479065,2.5096982940070776,15.719172497051197,-0.15152224478172013,0.06790847781504863,-0.0037954170243692936,1.5983280383147456,-4.015634682662655,-7.2157,0.0,7.5938950253,6.525332976669732,-0.42522309059456365,0.19057434672833606,-0.01065123447400402,0.03851047505572942,-0.002287905232150611,0.08213149449997813,-0.16062639700220543,0.003097282376531901,-0.07168958734296535
2503.0,12.27576156598817,2.620983647457111,15.7027374432205,-0.1511903586331396,0.06938662108580783,0.005317572871532276,1.4467477705216683,-3.9469226095490955,-7.2157,0.0,7.5938950253,6.567906257006206,-0.4242920349106982,0.19472267228038662,0.014922934470464402,0.038724243633696816,-0.0010573822988078213,0.08469831645771977,-0.1609301775585593,0.00302587160937209,-0.0732015263538523
2504.0,12.27551690641361,2.7326827832603247,15.676867918732915,-0.15029788718190232,0.06958603023670581,0.014502359171678109,1.2951653819172047,-3.8775853679917063,-7.2157,0.0,7.5938950253,6.610268151252031,-0.42179586023878973,0.19528617490657568,0.04069940820196995,0.038941777008901474,9.023094212208538e-05,0.08751760835426549,-0.16110609754030136,0.0029495800422168986,-0.07470820003251287
2505.0,12.275037830429167,2.8433381765547217,15.64163953074428,-0.14882526501253476,0.06853658462335736,0.02354470442545343,1.144177697494336,-3.8088414522901233,-7.2157,0.0,7.5938950253,6.652179628844845,-0.4176793954127121,0.19234851842343462,0.06607841691910386,0.03916054966243793,0.0011406190125819102,0.09054760510245105,-0.16115288561444555,0.0028689730635693966,-0.07617187651149107
2506.0,12.27432784440105,2.951545714203131,15.597345243015502,-0.14675651661678976,0.06631167457439413,0.03224113588852021,0.9944116397769016,-3.741854553332169,-7.2157,0.0,7.5938950253,6.6934002675353,-0.4118972591851211,0.1861150539603622,0.09049026109125574,0.03937799883710687,0.0020831299986285093,0.09373957379698236,-0.16107243367080035,0.0027846137294302593,-0.07755698613419079
2507.0,12.273367221555132,3.0559962260005515,15.544474009081545,-0.14408289766503446,0.06302415018899676,0.04040873437348069,0.8465169686372465,-3.6776945551018962,-7.2157,0.0,7.5938950253,6.733690781102448,-0.40442494182387084,0.176901899439446,0.11342289968490182,0.03967451337936663,0.0031026923016747032,0.09694618318231299,-0.16119349713996123,0.0026173277769453093,-0.07879951433426374
2508.0,12.2720452325446,3.1555081890276604,15.483671637525463,-0.14081034961672967,0.058819184119854935,0.0478939973478064,0.7011506161936453,-3.617304184774418,-7.2157,0.0,7.5938950253,6.772812373802078,-0.39528183382440996,0.16511680445532764,0.13444769615551808,0.040029138574371986,0.004154434444076295,0.10013101265433919,-0.16144696673558276,0.0023866469424031196,-0.07988189380318428
2509.0,12.270363988364545,3.2490817599917223,15.415744897248748,-0.13694062996707268,0.05386767848951762,0.054578379081543026,0.558969261335044,-3.561472141881211,-7.2157,0.0,7.5938950253,6.810553901872933,-0.384471455519914,0.15123769154065858,0.15323303865656254,0.040366344248324644,0.005070644831374212,0.10331883950244267,-0.16155402045190137,0.002164007881834519,-0.08081320877743259
2510.0,12.268348543004663,3.335909554721407,15.341606753681528,-0.13248021374812596,0.04835666628409123,0.06038198437150471,0.42062728558922746,-3.5108137683414564,-7.2157,0.0,7.5938950253,6.8467233230628635,-0.37200959425180924,0.1357874002069188,0.16955496123269434,0.040682874683242505,0.005853324564786322,0.10645491892260844,-0.1615199166580395,0.0019511333820528044,-0.0815810568809916
2511.0,12.266026892147535,3.415386907569723,15.262231692370236,-0.12744224418734434,0.04247968857811191,0.06526481047764553,0.28676814627550895,-3.4657609430146437,-7.2157,0.0,7.5938950253,6.881147850584367,-0.35793051416385285,0.11930719575160975,0.18330081457706993,0.04097605465799525,0.006507976574856911,0.109487810075167,-0.1613519393193492,0.001749334523068676,-0.08218021565659087
2512.0,12.263429256910412,3.487114608108294,15.178614719200233,-0.12184632041336803,0.03642769270211743,0.06922537996826315,0.1580158682982553,-3.4265607400094913,-7.2157,0.0,7.5938950253,6.913675348117785,-0.3422864559580827,0.10233141051315589,0.1944655356953137,0.04124384088863958,0.007042958720280129,0.11237121598617618,-0.16105881664959082,0.001559510415660977,-0.08261238573733332
2513.0,12.260587339682276,3.550892615240707,15.091732997947407,-0.11571800261719095,0.030381000590000925,0.07229709097718147,0.03496734440319463,-3.3932821176748815,-7.2157,0.0,7.5938950253,6.944174732915588,-0.32514634737437753,0.08536503524085287,0.20314155555197447,0.04148484554904648,0.00746877022114642,0.11506542508365589,-0.16065016633616794,0.0013821670044860965,-0.08288550972654593
2514.0,12.25753358374275,3.6067061535868166,15.002512243405317,-0.1090880929745004,0.02450287525307591,0.07454276976435027,-0.08181430471323471,-3.3658293707658875,-7.2157,0.0,7.5938950253,6.972535524352704,-0.30659388181941527,0.06886573442376961,0.2095036820284809,0.04169833159314085,0.007797338214526599,0.1175382768607926,-0.16013600763564062,0.0012174511718236317,-0.08301275403100142
2515.0,12.254300466470491,3.6547060400213893,14.911799418961397,-0.10199176442145134,0.01893500388395955,0.07604802819527103,-0.191805155773553,-3.343960689490352,-7.2157,0.0,7.5938950253,6.998666729511742,-0.28672516182647495,0.0532311808076864,0.2137906262781284,0.04188418199258478,0.008041361886360024,0.11976562497789969,-0.15952636748371168,0.001065195622013688,-0.08301126522589877
2516.0,12.250919851645921,3.6951853007709077,14.820342641692715,-0.09446761312057267,0.013794992723635314,0.07691406112946902,-0.2945246321180065,-3.327309981367617,-7.2157,0.0,7.5938950253,7.022495282138525,-0.26564611567240776,0.03879198501697716,0.2162849351719675,0.04204284711585218,0.008213756744275949,0.12173132060016911,-0.1588309941108349,0.0009249698353262354,-0.08290082049390249
2517.0,12.247422420181394,3.7285541260665975,14.728778561428012,-0.08655670498697005,0.009175764144598515,0.07725047242737122,-0.3895383961212259,-3.3154101225018886,-7.2157,0.0,7.5938950253,7.043964248568486,-0.24346988162076916,0.025809926687964856,0.21729296857905905,0.04217527600077779,0.008327224168407851,0.12342678018230435,-0.15805917961696736,0.0007961326832524761,-0.08270248418695417
2518.0,12.243837191371588,3.755315004567055,14.637626924625026,-0.07830167419548088,0.00514658500332921,0.07716861220221212,-0.47646006789125667,-3.307715985091212,-7.2157,0.0,7.5938950253,7.063030989658268,-0.22031432090058167,0.014480742482400622,0.21712626922544043,0.04228283803311862,0.008393954285801433,0.12485023072166666,-0.15721968384866808,0.0006778829705046508,-0.08243736306177317
2519.0,12.240191139334497,3.7760395374437876,14.54729160783804,-0.06974591512211002,0.0017553504679650002,0.07677576739767947,-0.5549518972377201,-3.3036258914600936,-7.2157,0.0,7.5938950253,7.079665428903882,-0.19629977576374094,0.0049404313162287865,0.2160852846774959,0.042367241509030956,0.00842545565758901,0.12600573991392217,-0.15632074618030928,0.0005693050646133886,-0.0821255261221672
2520.0,12.236508902522823,3.79134801310184,14.458067130700776,-0.06093289170069964,-0.0009682989900931097,0.07617039861331358,-0.6247245403314002,-3.3025005184276752,-7.2157,0.0,7.5938950253,7.093848531529515,-0.1715471410850132,-0.0027260961826971884,0.21444598726092892,0.04243045483469274,0.008432494511342717,0.12690213943315726,-0.15537016915198026,0.00046940774984015354,-0.08178512636486729
2521.0,12.232812578648987,3.801892385205171,14.3701495317475,-0.05190557221455211,-0.003009445353001033,0.07543847995479813,-0.685536099749901,-3.303678668830786,-7.2157,0.0,7.5938950253,7.105571054035957,-0.14617627395945978,-0.008475188493596268,0.21244955873670535,0.042474634896983374,0.008425119635294694,0.1275519393814496,-0.15437545763257696,0.0003771553820424479,-0.08143173540123458
2522.0,12.229121593458084,3.8083428849336407,14.283650490390858,-0.042705984800138944,-0.004364321127967152,0.07465089024400053,-0.7371905803465456,-3.3064896983776273,-7.2157,0.0,7.5938950253,7.1148325833112676,-0.12030473040286149,-0.012294494065616121,0.21029500354968672,0.04250206565602244,0.008412746198297898,0.12797031443938933,-0.1533439983618453,0.0002914912449315974,-0.08107788089073378
2523.0,12.225452629624069,3.8113781443903494,14.19861367218776,-0.03337488025134484,-0.005037007784061139,0.0738617303579452,-0.7795358978118951,-3.310262707315346,-7.2157,0.0,7.5938950253,7.1216408517056955,-0.09404679397086545,-0.014193741812096991,0.20813434789853308,0.04251510848124028,0.008404271862202134,0.12817422112992613,-0.15228326653547006,0.00021135367211251718,-0.08073276244891017
2524.0,12.221819601475108,3.8116784284950533,14.11503242481344,-0.023951484192617778,-0.0050366397028011305,0.07310740359168438,-0.8124615569592337,-3.3143328621323396,-7.2157,0.0,7.5938950253,7.1260112906273925,-0.06751274829290509,-0.014196923487608749,0.20606997450932363,0.04251616435127716,0.008408200646494092,0.12818168412022285,-0.15120104785474311,0.0001356859901178412,-0.08040211437067035
2525.0,12.21823366223137,3.8099213698956618,14.032868126387951,-0.014473319738366746,-0.00437527435309195,0.0724062890373552,-0.8358960946461131,-3.3180453994582115,-7.2157,0.0,7.5938950253,7.127966769353874,-0.04080834257802825,-0.012336333191101435,0.20415362206138596,0.0425076468683047,0.008432753228348501,0.12801126976025873,-0.15010566579195106,6.344166613015453e-05,-0.08008818222319716
2526.0,12.21470323229884,3.806779473380159,13.952068653454592,-0.004976083819434752,-0.0030665231800733957,0.07175885643112052,-0.8498043644572092,-3.3207579842362134,-7.2157,0.0,7.5938950253,7.127537457616373,-0.014034404628532622,-0.008648734360912217,0.20238662839677093,0.042491964166472926,0.008485945985263817,0.12768174868372592,-0.1490062044305286,-6.413771696362988e-06,-0.07978978397451914
2527.0,12.21123403993551,3.80291858996696,13.87258657539254,0.004506435718953858,-0.0011249814976853232,0.07114810574222118,-0.8541847257507942,-3.321842157670639,-7.2157,0.0,7.5938950253,7.124760747637599,0.01271343338521258,-0.0031737670794379485,0.20072109295453847,0.0424715072134522,0.008575624713335561,0.1272119364111661,-0.14791271719434507,-7.490240339235376e-05,-0.0795024330668925
2528.0,12.207829168710662,3.798996547622391,13.79439677929956,0.013942410047384866,0.0014335496194638748,0.07054025944162841,-0.8490661923943792,-3.32068462528756,-7.2157,0.0,7.5938950253,7.119681172909951,0.03934491706056021,0.004045419026431741,0.19906175817012656,0.04244864170246182,0.00870944234892701,0.1266206915208768,-0.14683641112165352,-0.00014303356076413878,-0.07921850941180336
2529.0,12.204489109449797,3.7956611541883736,13.717513279178068,0.023301988688638316,0.004591093132171096,0.06988568298433445,-0.8345055960500583,-3.3166891114115904,-7.2157,0.0,7.5938950253,7.112350265599964,0.06577526540640091,0.01295942476451803,0.19726854251901246,0.042425700667614516,0.008894773181308456,0.12592704440480557,-0.14578979527590696,-0.00021180192512828633,-0.07892747333073027
2530.0,12.201211817536388,3.7935468513845625,13.642004965066754,0.032557285497930334,0.008325852122785981,0.06912005437633134,-0.8105848252410144,-3.3092794499379865,-7.2157,0.0,7.5938950253,7.102826301322549,0.09192517121878538,0.023507960514031267,0.1951597848536829,0.04240497508997659,0.009138559082006482,0.12515042518482133,-0.14478678063464476,-0.00028218271264600304,-0.07861612599698521
2531.0,12.197992779343004,3.793269392221204,13.568010006192646,0.04168232416566748,0.012609995054883418,0.06816584259377907,-0.7774082135257032,-3.2979044964936297,-7.2157,0.0,7.5938950253,7.091173888714834,0.11772068515559383,0.03561359130958035,0.1925163688678763,0.0423887000603762,0.009447086382716324,0.12431095630005295,-0.14384271759849693,-0.00035512278599920575,-0.07826892717471073
2532.0,12.194825094036862,3.7954180363308927,13.495748545641455,0.05065293293319964,0.0174070014172093,0.06693418383070415,-0.7351001660636075,-3.2820453353294026,-7.2157,0.0,7.5938950253,7.077463371660295,0.14309295345301926,0.04917423531692088,0.18908697871323385,0.04237903449931883,0.009825695420725963,0.12342977299987297,-0.14297435635270855,-0.0004315267849819744,-0.07786838642879962
2533.0,12.191699578923831,3.8005449093340475,13.42553322379124,0.0594465765026882,0.0226687291379508,0.06532726149397917,-0.6838031311036615,-3.261225114965591,-7.2157,0.0,7.5938950253,7.061770024299639,0.16797777432589764,0.06405486894972677,0.1845947846646528,0.04237803298109492,0.010278428636482727,0.1225293331041909,-0.14219971492294164,-0.000512237670347248,-0.07739554706509194
2534.0,12.18860490775831,3.8091513553140737,13.357776957556593,0.06804211314095962,0.028332397833813527,0.06324129840652204,-0.6236760382822908,-3.2350216780318672,-7.2157,0.0,7.5938950253,7.044173033345941,0.19231493804627472,0.08007898465505257,0.17874586522350222,0.042387608846470366,0.010807627603571873,0.12163367576518423,-0.1415378401189384,-0.000598011424602732,-0.07683058251462083
2535.0,12.185527791973676,3.8216713276655145,13.29299729810083,0.07641946692914302,0.03431771649406818,0.06057025598122816,-0.5548933354506282,-3.203082951233398,-7.2157,0.0,7.5938950253,7.024754278898913,0.21604732110520836,0.09702044535152317,0.17123963394738922,0.04240948849186575,0.011413494575264999,0.1207685876515126,-0.14100844788276085,-0.0006894860485067051,-0.07615352240593969
2536.0,12.182453214524845,3.838452113484033,13.231816608596672,0.08455920915898671,0.04052441855598653,0.05721030358803211,-0.477644756215799,-3.165144830488474,-7.2157,0.0,7.5938950253,7.003596943972507,0.2391197162205323,0.11459647697142314,0.16178145106749567,0.042445157462815804,0.012093640020502339,0.1199616342629868,-0.1406314321066908,-0.0007871454281208203,-0.07534511990017773
2537.0,12.179364724958464,3.85973296801562,13.174957264830473,0.0924420491353958,0.04683049801057677,0.053065070664087124,-0.3921359377619837,-3.1210510360660284,-7.2157,0.0,7.5938950253,6.980784004081649,0.2614773976009037,0.13246262780506984,0.1500974579266519,0.04249579972002418,0.012842644034529928,0.11924201446491735,-0.14042623506188323,-0.0008912791164475176,-0.07438786273025211
2538.0,12.176244802452706,3.8856225419968293,13.123231104967784,0.1000482431452966,0.05309146217303984,0.04805162357097601,-0.2985899796703481,-3.0707741288574644,-7.2157,0.0,7.5938950253,6.956396670854294,0.2830644449314286,0.15021058639464938,0.13595147427445567,0.04256223214870119,0.013651666099673589,0.1186401985109916,-0.14041107855005105,-0.001001939564555616,-0.0732671175638005
2539.0,12.173075290950758,3.916076303844266,13.07752246088688,0.10735694099562695,0.059140923499105484,0.04210701905660232,-0.19724998736029958,-3.0144365827661943,-7.2157,0.0,7.5938950253,6.93051288661046,0.3038218797552913,0.1673697702386474,0.11916354510501466,0.042644837010416596,0.014508143853476277,0.11818731472087635,-0.1406020631817125,-0.0011188988350409397,-0.07197238069303548
2540.0,12.169837907235333,3.950875471305564,13.038764311219438,0.11434550199424366,0.0647928363075596,0.03519517847471125,-0.08838257813418889,-2.9523305171155587,-7.2157,0.0,7.5938950253,6.9032059884211225,0.3236857034356818,0.183413553065351,0.09962942051454526,0.04274349556726032,0.015395626412288421,0.11791425872009396,-0.14101215422189733,-0.0012416073173888572,-0.07049858780739914
2541.0,12.16651481895697,3.9896092457049015,13.007907421153982,0.12098882590538042,0.06984563538690379,0.02731370652676683,0.027717754339488823,-2.884934432146156,-7.2157,0.0,7.5938950253,6.874543677851058,0.3425849649191223,0.1977708632984772,0.07733991236183653,0.04285752653629418,0.016293790187852347,0.11785051301034333,-0.1416500865244122,-0.0013691574168404378,-0.06884741239356393
2542.0,12.163089285332308,4.031662349623813,12.98588278458506,0.12725875815094478,0.07408844296613822,0.018500154225656207,0.1507236150684297,-2.812925093556259,-7.2157,0.0,7.5938950253,6.844587443180073,0.3604400260044848,0.20984363431923364,0.052398720269399374,0.042985633377754885,0.01717868351060014,0.11802268488416595,-0.14251923814380524,-0.001500255573932096,-0.06702845761113069
2543.0,12.15954634853823,4.0762099606724,12.973558256737807,0.13312364065271687,0.0773093707198657,0.008837112448182397,0.2802693178220834,-2.7371826198561147,-7.2157,0.0,7.5938950253,6.8133925805285145,0.37716122699243787,0.21903019610756658,0.025036996867607807,0.04312586472250979,0.01802323905596938,0.11845279827049897,-0.1436165415547096,-0.0016332062462054318,-0.0650602229363364
2544.0,12.155873558774903,4.12222205922637,12.971690938404336,0.138548087862913,0.07930575092601495,-0.0015445596115896028,0.4159455163569198,-2.6587868855948296,-7.2157,0.0,7.5938950253,6.7810089448212,0.39264817981196454,0.22475415741956442,-0.004377314255695866,0.043275592544257155,0.01879807849605819,0.11915641010712688,-0.14493152129937406,-0.001765911583857645,-0.06297070846988898
2545.0,12.152061710580758,4.168478915945438,12.980877600292668,0.1434930687817261,0.07989589010780641,-0.012465091439311059,0.5572943136190208,-2.5790036111516588,-7.2157,0.0,7.5938950253,6.747482527097096,0.40678992069521164,0.22649764951550685,-0.035337411075716425,0.0434315129898913,0.019472610985904013,0.12014066286249622,-0.14644556430848799,-0.0018958903730484612,-0.06079751197359634
2546.0,12.14810556220725,4.21359889746944,13.001506147639805,0.1479163669463623,0.07893166545524534,-0.02369840256350236,0.7038053442556829,-2.499259001188919,-7.2157,0.0,7.5938950253,6.71285789865836,0.41946613117644943,0.22383703047433332,-0.06720471468839613,0.04358967504436049,0.020016396257054092,0.12140242834321686,-0.1481315398639476,-0.002020319307577569,-0.05858728270496631
2547.0,12.144004504167803,4.2560789411543,13.03371170814621,0.15177346871159356,0.07631101130161937,-0.03497843335436162,0.8549133180267718,-2.4211025442474194,-7.2157,0.0,7.5938950253,6.67718148540172,0.43054957656841714,0.2164783732119457,-0.09922649721055368,0.04374554221776429,0.02040070623722553,0.12292673712508237,-0.14995388465595128,-0.002136098661105928,-0.05639442806038848
2548.0,12.13976313760933,4.294346977934373,13.07734126980819,0.1550188943274355,0.07198911556740488,-0.04600939070585006,1.0099974533185125,-2.3461585628744035,-7.2157,0.0,7.5938950253,6.6405055408087765,0.439909811175429,0.20428940854817096,-0.13056461578777323,0.043894091949109204,0.0206001806775178,0.12468571423772803,-0.15186924985608588,-0.0022399429154988555,-0.05427902763424608
2549.0,12.135391718442811,4.326824326590152,13.131930786608034,0.15760793737651377,0.06598702044304494,-0.056479675591032015,1.1683831225533865,-2.2760682552459413,-7.2157,0.0,7.5938950253,6.602892581836093,0.4474180618635699,0.18732422545603641,-0.16033473572625018,0.044029955984912224,0.020594438484370932,0.12663824432441353,-0.15382776800152373,-0.002328494815800686,-0.05230399415248947
2550.0,12.130906422432123,4.3519947798218634,13.196698125771052,0.15949872086692313,0.05839636362256061,-0.06607876040388555,1.3293458665083462,-2.212425174503775,-7.2157,0.0,7.5938950253,6.564419954325638,0.4529530393297572,0.16583713176429538,-0.18765401501279239,0.04414760221567772,0.02036948591029864,0.12873055685942963,-0.1557749366732805,-0.00239845876908721,-0.050531624474690985
2551.0,12.126329387078078,4.368475939626921,13.270554275600958,0.16065442065001123,0.04937923100359365,-0.0745157764957786,1.492117762505353,-2.1567081755510795,-7.2157,0.0,7.5938950253,6.525184115178001,0.45640726181251073,0.14028272313685652,-0.21169377957150526,0.04424155423718278,0.01991876183275662,0.1308978516277257,-0.15765404108624148,-0.0024467467465124865,-0.04901979204453169
2552.0,12.121688495293723,4.375087541784446,13.352133674849508,0.16104546040597859,0.039162550017647915,-0.08153815253677353,1.6558959271777065,-2.1102166406796385,-7.2157,0.0,7.5938950253,6.485304182464085,0.45769334141361534,0.11130048826380762,-0.23173251449106663,0.044306639348422966,0.01924368566361114,0.13306697366541992,-0.15940895611722627,-0.002470627256403777,-0.04781812369283035
2553.0,12.11701687912039,4.370911234115881,13.43984273079515,0.1606514584759334,0.028027071682230783,-0.08694841695883773,1.8198527668603175,-2.0740130853650713,-7.2157,0.0,7.5938950253,6.444924319480952,0.4567496108743283,0.07968402033974399,-0.2472038286414769,0.04433824964319666,0.0183536233572165,0.13516001170992942,-0.160987098331549,-0.002467866053306896,-0.046964555970820776
2554.0,12.11235214239249,4.355336669530718,13.531923658497803,0.15946271459702074,0.01629169254033836,-0.09061732345695495,1.9831474502343402,-2.048877926408395,-7.2157,0.0,7.5938950253,6.404214595939113,0.45354448527305324,0.04633689653476307,-0.2577341507572345,0.0443325954730641,0.01726525639749081,0.1370985540112398,-0.1623422543001845,-0.0024368465259834485,-0.04648266040429072
2555.0,12.10773532609232,4.328089864349011,13.62652906000673,0.15748106715009633,0.004294521108698226,-0.09249180829252905,2.1449379965758735,-2.0352802388863664,-7.2157,0.0,7.5938950253,6.363370103235377,0.4480790682324709,0.01221915149365942,-0.26316587783439715,0.04428692736747675,0.016001415236369228,0.1388082194325957,-0.16343700663023747,-0.0023766585435650673,-0.04638005545502546
2556.0,12.10320966625908,4.289241438725766,13.721801449123776,0.15472002405017302,-0.0076274350337408895,-0.09259690265054586,2.304393351908339,-2.033366837226512,-7.2157,0.0,7.5938950253,6.322608275952278,0.4403877133011706,-0.021710368088962508,-0.26356341700038277,0.044199702756610795,0.014589507586733157,0.1402230167705731,-0.16424451834060028,-0.002287147024048715,-0.0466480930712057
2557.0,12.098819217598875,4.239194367639955,13.815951430280325,0.15120416058686592,-0.019157898013680744,-0.09103149693823084,2.4607048610736326,-2.0429701954947,-7.2157,0.0,7.5938950253,6.282164563134655,0.43053650430949275,-0.05454991720277005,-0.2592017463125983,0.0440706781636809,0.013059719416139919,0.14128908894616282,-0.164749514336943,-0.0021689153801079607,-0.04726284198611953
2558.0,12.09460743201373,4.178652933667665,13.907328554454462,0.146967868658315,-0.030018339115112907,-0.0879586413930387,2.613096627834893,-2.0636338364134614,-7.2157,0.0,7.5938950253,6.242286770081127,0.41861987697735176,-0.08550354265971068,-0.25053935921636317,0.043900915580054614,0.01144318368488683,0.14196747426008205,-0.16494840178561312,-0.00202328375248913,-0.04818722016259908
2559.0,12.090615786874153,4.108576304602458,13.99447992648165,0.142053615468835,-0.0399808942635286,-0.08359170844412539,2.760834371500184,-2.094652221987466,-7.2157,0.0,7.5938950253,6.203228526589925,0.4047558155155446,-0.11391825128326664,-0.2381792959649272,0.04369270189443399,0.009770296471036534,0.14223564854050955,-0.1648485773911057,-0.0018522066422269297,-0.04937399027513614
2560.0,12.086882552312666,4.030121420099275,14.076193218296083,0.13650991528981526,-0.048876302799594484,-0.07817814094800325,2.903232523243329,-2.1351209902420103,-7.2157,0.0,7.5938950253,6.1652424103412855,0.38908019180134445,-0.1393071062086112,-0.22282312614540933,0.04344939088366992,0.008069319847995415,0.14208777473804873,-0.1644670616495353,-0.00165815863719181,-0.05076924647575002
2561.0,12.08344177058034,3.9445804080874396,14.151522573346535,0.13038922780431766,-0.056596681761564724,-0.07198260261708223,3.0396594438610824,-2.183992848622747,-7.2157,0.0,7.5938950253,6.128573256710187,0.3717408486045122,-0.16135764326956845,-0.20522304052443693,0.043175185932086316,0.006365354985568283,0.14153374603096752,-0.1638286605902039,-0.0014439995335090291,-0.05231600203591777
2562.0,12.080322496657512,3.853317655470312,14.21979767953512,0.12374597550596027,-0.06309356713225465,-0.06527116981969287,3.1695407779517866,-2.2401344678300443,-7.2157,0.0,7.5938950253,6.093452123300356,0.352891974312761,-0.17992676837125632,-0.1861367360772512,0.04287488713368578,0.004679711270106537,0.14059723863603082,-0.16296388043571805,-0.0012128311722060436,-0.0539575277828293
2563.0,12.077548322778252,3.757710959977929,14.28061775614056,0.11663482745400394,-0.0683721079712556,-0.05829781839637999,3.2923610702206973,-2.302380306927464,-7.2157,0.0,7.5938950253,6.060091266905394,0.33268919307177247,-0.19502460736732768,-0.1662887028129314,0.042553627807000935,0.0030296476298444786,0.13931307033772816,-0.16190680935969173,-0.0009678576120397499,-0.05564017660855482
2564.0,12.075137182944303,3.6591001703245194,14.333833258291548,0.10910934141835835,-0.07248255391445002,-0.05129398479667814,3.4076638628721927,-2.3695801814876365,-7.2157,0.0,7.5938950253,6.028680351812156,0.3112856404788211,-0.2067905270575112,-0.14634018226654152,0.04221662337439509,0.0014284277134071419,0.13772418919200707,-0.16069314516462768,-0.0007122583797862447,-0.05731553358405111
2565.0,12.073101411840305,3.558745499035088,14.379518633487047,0.10122099995740536,-0.07551022667954156,-0.04446149686250071,3.5150505522428697,-2.4406384683787685,-7.2157,0.0,7.5938950253,5.9993839674138565,0.28882913590974973,-0.21546471120991656,-0.12686869054301042,0.041868950658336096,-0.00011438755131942119,0.1358785962574699,-0.1593584961330079,-0.0004490817790568962,-0.058941836370815306
2566.0,12.071448016797534,3.4577965169361478,14.41793955246567,0.09301862835819344,-0.07756505848571048,-0.037968762159594466,3.6141783146992807,-2.5145438907269906,-7.2157,0.0,7.5938950253,5.972340407663138,0.2654604271567656,-0.22135838725515375,-0.10835683130788469,0.0415153694742402,-0.0015924896809415626,0.13382645294803439,-0.15793702812200183,-0.00018116226931942083,-0.06048469812162512
2567.0,12.070179112703476,3.3572718197665603,14.44951775880057,0.0845481476024426,-0.07877156943256192,-0.031949805768788454,3.7047574142119095,-2.590389749077871,-7.2157,0.0,7.5938950253,5.947661568844431,0.24131238299841315,-0.2248252110936528,-0.09118926889629514,0.04116019208918155,-0.003002286742302726,0.13161755256868515,-0.15646048171930846,8.893686312834524e-05,-0.061917227390044405
2568.0,12.069292467375814,3.2580485813579068,14.474796165026204,0.075852594958008,-0.07925990052686588,-0.0265055761216736,3.7865481817851654,-2.6673851797816375,-7.2157,0.0,7.5938950253,5.925433761139544,0.2165099489772774,-0.22623559587534084,-0.07565622424511448,0.04080720064042659,-0.004342340158455707,0.1292992617012382,-0.15495754443739548,0.00035895660530490506,-0.06321967470368896
2569.0,12.068782107633124,3.1608606965743333,14.494406187136393,0.06697233695554497,-0.07915826643178911,-0.021706873611743373,3.8593579157844418,-2.744858506377829,-7.2157,0.0,7.5938950253,5.905719202952162,0.1911706572827506,-0.22595505116049713,-0.061961661852491155,0.040459608500715755,-0.005612816585474006,0.12691497106051047,-0.15345353637822945,0.0006269537823678596,-0.06437874670767202
2570.0,12.068638942481126,3.066303952137526,14.509038653347094,0.057945401489328155,-0.078586973872774,-0.01759827683207383,3.923037898877268,-2.822254017631175,-7.2157,0.0,7.5938950253,5.888557969768701,0.16540548530959392,-0.22432697363970364,-0.05023438349215422,0.040120058993029145,-0.006814982048936574,0.12450304343969487,-0.15197035298371414,0.0008912947418630303,-0.06538672207949502
2571.0,12.068846589638756,2.9748460367601033,14.519418172769106,0.04880748896861059,-0.0776540214046226,-0.014202505764567058,3.9774806211489486,-2.8991235980027223,-7.2157,0.0,7.5938950253,5.873969634762826,0.13931886385996087,-0.22166004162203226,-0.04054043772578769,0.039827906038767465,-0.007861344428707992,0.12205428673907864,-0.15066273009445022,0.0011210922096382397,-0.06622525643686207
2572.0,12.069292401371383,2.886830829799031,14.526266842240993,0.03958528041224747,-0.07645274490342073,-0.01152477649805293,4.022613812647572,-2.975114924425118,-7.2157,0.0,7.5938950253,5.861945754224148,0.11299029511017337,-0.21822298891553718,-0.03289576034406216,0.0396405691116593,-0.008620411542783118,0.11953272503384144,-0.14975025316871296,0.0012700099389029201,-0.0668722962100101
2573.0,12.069931255310504,2.8025153498908852,14.530317246282324,0.030309579997235027,-0.0750587264531204,-0.009557504344473541,4.058395443361153,-3.049957005100257,-7.2157,0.0,7.5938950253,5.852472354991143,0.08650960878052534,-0.21423263079251711,-0.02727903065083723,0.03946064419775992,-0.009331066931579077,0.11707041342047689,-0.14888548081401443,0.0014149127221957953,-0.06737134022074279
2574.0,12.07075394629257,2.7220832331964884,14.53229561912319,0.021013202118894958,-0.07352929527134504,-0.008283253823364471,4.084818406428068,-3.123443375027397,-7.2157,0.0,7.5938950253,5.845526608223885,0.05997179763723646,-0.2098530243734984,-0.023640453238014298,0.03928869527410743,-0.009995713931548675,0.11468332985496313,-0.14807800420639794,0.0015554664101355337,-0.0677275201553125
2575.0,12.071750725900847,2.6456589235364225,14.532906557120176,0.011728295367969847,-0.07190372078560327,-0.007677361076216229,4.101909800569734,-3.195415297642093,-7.2157,0.0,7.5938950253,5.841074221178515,0.033469857405161924,-0.20519668085502005,-0.021909422674556766,0.03912509537317127,-0.010615972623167175,0.1123823613769924,-0.14733597998623452,0.001691405575060144,-0.06794736233501414
2576.0,12.072911485547946,2.5733261457541303,14.532826592390784,0.002486445629877902,-0.07020371005589791,-0.007709954030528182,4.109729758962507,-3.265745072476354,-7.2157,0.0,7.5938950253,5.839071218230485,0.0070950617050271544,-0.20032597889256498,-0.02200032002799372,0.03897007495128494,-0.011192571237724706,0.11017390548117553,-0.14666638801958792,0.0018225145583045126,-0.06803835300986992
2577.0,12.074225888370336,2.5051456411971196,14.532699463053005,-0.006681308244305177,-0.06843436735598585,-0.008347218139886422,4.108370367073777,-3.3343199339346694,-7.2157,0.0,7.5938950253,5.839465575131789,-0.019063008357165966,-0.19525590934028103,-0.02381615745619445,0.03882376857120971,-0.011725272030151467,0.10806053841375383,-0.14607525011547318,0.0019486107645618066,-0.06800865541503415
2578.0,12.075683452717193,2.4411717512259354,14.533132326870067,-0.015744540863707707,-0.06658551436487775,-0.009551951594706506,4.097954566011576,-3.401026979096919,-7.2157,0.0,7.5938950253,5.842198730322854,-0.0449166653695848,-0.18995785860500397,-0.027250195297525384,0.038686258537766846,-0.012212827462341883,0.1060417191152371,-0.145567799990583,0.002069530406521917,-0.06786696774311135
2579.0,12.077273591292,2.3814675201968702,14.534692230070187,-0.024673578901983004,-0.06463330922198626,-0.01128349109178772,4.078634939217992,-3.46573948226308,-7.2157,0.0,7.5938950253,5.84720700245995,-0.07038051980425351,-0.18436425124151123,-0.03218576321665517,0.038557614542084374,-0.012652965052560215,0.10411450783546938,-0.14514859924775128,0.002185116757460987,-0.06762250429687737
2580.0,12.078985610912635,2.3261180357354205,14.537902241798372,-0.03343969832369556,-0.06254213640572688,-0.013497118247411375,4.05059228944294,-3.5283049056236546,-7.2157,0.0,7.5938950253,5.854422941359076,-0.09537204897491985,-0.17837396852520143,-0.038494600341542284,0.038437928626115614,-0.013042401456508576,0.10227428637775005,-0.1448215978539536,0.0022952108736918587,-0.0672850769837133
2581.0,12.08080867854831,2.275241739262585,14.543236789740938,-0.04201536376705228,-0.06026676389129361,-0.01614307958196813,4.014033929171602,-3.588534892318831,-7.2157,0.0,7.5938950253,5.863776631581416,-0.119812284118457,-0.17185852961496864,-0.04603409476936021,0.038327344903896256,-0.013376888040308815,0.10051547214379021,-0.14459014071291137,0.0023996446916070414,-0.06686525054858644
2582.0,12.082731759885993,2.2289994342344532,14.55111587828756,-0.05037449131769957,-0.05775477735157908,-0.019165370864562513,3.9691916303918755,-3.646197521146521,-7.2157,0.0,7.5938950253,5.875196955380974,-0.14362656230242463,-0.16466905988655936,-0.0546438536752229,0.038226083509293796,-0.013651291234912467,0.09883222061050886,-0.14445692455255496,0.0024982363744562777,-0.06637454224668897
2583.0,12.08474353724566,2.1876007054846838,14.561898032213525,-0.058492714212623406,-0.05494930238198839,-0.022500449691144717,3.916319208063923,-3.701012100838622,-7.2157,0.0,7.5938950253,5.888612806323305,-0.166745284946622,-0.15664407450809262,-0.06414207214831838,0.03813445822692822,-0.013859711235161894,0.09721911077983705,-0.14442391157223836,0.0025907877720661118,-0.06582563494700536
2584.0,12.08683231422496,2.1513074529086698,14.57587198108955,-0.0663476300176245,-0.05179201501363284,-0.02607604782288694,3.8556897449682754,-3.7526467753683788,-7.2157,0.0,7.5938950253,5.9039542282770485,-0.18910462184679758,-0.14761807484660727,-0.07432218997869483,0.038052887249692455,-0.013995642095873156,0.09567180592133258,-0.144492208153129,0.0026770838540096957,-0.06523257201213047
2585.0,12.088985914984526,2.120434248327403,14.59324727626877,-0.07391900769464095,-0.04822641935218517,-0.029810255768673365,3.7875925024612007,-3.800719190108979,-7.2157,0.0,7.5938950253,5.921153438436383,-0.21064709918504693,-0.13743089439978934,-0.08495032738501722,0.03798189653585007,-0.014052175016167654,0.09418767816834789,-0.14466191842129206,0.0027568939765094374,-0.06461090290172439
2586.0,12.091191586519265,2.095345255840294,14.614144205730478,-0.08118893391221943,-0.04420134128879048,-0.03361104485410406,3.712329600240671,-3.8448004234620186,-7.2157,0.0,7.5938950253,5.940145679302312,-0.2313220126620399,-0.12593764613709074,-0.09576396891393679,0.03792211534633404,-0.014022244687689,0.0927663809595698,-0.14493198353871484,0.0028299748404472017,-0.06397775051413421
2587.0,12.093435912502198,2.07644752076565,14.638583533179439,-0.08814188012571676,-0.03967455202097017,-0.03737637525761645,3.630212586120131,-3.884422314028001,-7.2157,0.0,7.5938950253,5.960869834793652,-0.2510856130797221,-0.11301902346126763,-0.10647231580346402,0.03787426375158108,-0.013898916160547666,0.09141034874312978,-0.14530001825768118,0.0028960749885786692,-0.06335177498434295
2588.0,12.095704747225458,2.0641805343564985,14.666476726434993,-0.09476467546199022,-0.0346163983996318,-0.04099501146550336,3.5415590510583557,-3.919088206988996,-7.2157,0.0,7.5938950253,5.983268741345494,-0.2699010217171856,-0.09859160336572056,-0.11675864899980654,0.03783913221336812,-0.013675706935682416,0.09012519958631637,-0.14576215650858226,0.002954940672044462,-0.0627530140533139
2589.0,12.097983177692159,2.0590021208820035,14.697617445795812,-0.10104637527350244,-0.02901328299668735,-0.0443481294213481,3.4466894719284547,-3.9482870062744357,-7.2157,0.0,7.5938950253,6.007289127156439,-0.2877378466347159,-0.08261770450126778,-0.1262849382517399,0.03781755375740877,-0.013346936116980922,0.08892001408356465,-0.14631291763916932,0.0030063228884609325,-0.062202587111445
2590.0,12.100255520954319,2.06137086629713,14.731675125870204,-0.10697802123545426,-0.022870809275940342,-0.047311753435045595,3.345924481211811,-3.971510256139028,-7.2157,0.0,7.5938950253,6.032881122436159,-0.3045714881953783,-0.06511427615654228,-0.13469880061745798,0.03781036972336813,-0.012908089629040113,0.08780746378724257,-0.14694510446019804,0.003049985356510448,-0.06172225832531667
2591.0,12.102505362313682,2.07172550567022,14.768191496082583,-0.11255229577669018,-0.01621638984722885,-0.049760007717273416,3.2395827656852503,-3.9882717951933886,-7.2157,0.0,7.5938950253,6.059997300863609,-0.32038214183164093,-0.0461602464541469,-0.14164276028317768,0.037818390559160836,-0.012356187870763615,0.08680376463034156,-0.1476497435720555,0.003085713146781616,-0.06133386346827967
2592.0,12.104715638034918,2.0904618986666916,14.806580839932513,-0.11776308108927355,-0.009101111162191772,-0.05156910996510662,3.1279797826018303,-3.9981293385551706,-7.2157,0.0,7.5938950253,6.088591237221863,-0.33515352733920795,-0.025901746799597322,-0.14676559874861544,0.03784235355300221,-0.011690139835402177,0.08592843554209864,-0.14841607762656156,0.0031133216390774507,-0.06105861469326726
2593.0,12.10686876386503,2.1179084351823976,14.846134688328748,-0.12260494051919268,-0.0016006578504225103,-0.052621975869092785,3.011427450311308,-4.000707162279369,-7.2157,0.0,7.5938950253,6.118615597461766,-0.34887139550836177,-0.004554659344424213,-0.14973541912843158,0.03788287970454976,-0.01091106576190811,0.0852038495107533,-0.14923161823685718,0.003132665427783143,-0.06091630699876544
2594.0,12.108946808075824,2.154300911680706,14.88603147839594,-0.1270725473475082,0.006184875098180379,-0.052813246925456414,2.890234920664659,-3.9957189020916286,-7.2157,0.0,7.5938950253,6.150019813772335,-0.3615218834062489,0.017595993318775826,-0.1502538895759745,0.037940432069707423,-0.010022568873009174,0.08465457337174441,-0.15008226711025136,0.003143646756179564,-0.06092445908333441
2595.0,12.110931705164118,2.1997580870586093,14.925351489609811,-0.13116009238271653,0.01413241403618792,-0.05205450257142107,2.764710474575429,-3.9829893494076156,-7.2157,0.0,7.5938950253,6.182747436466225,-0.373089807835173,0.04020018239712106,-0.14807098720743342,0.038015277836960494,-0.009030935833648245,0.08430650313870841,-0.1509525114542622,0.003146223036230753,-0.06109742927487058
2596.0,12.112805504002234,2.254259250014419,14.963097100903415,-0.1348607069926253,0.02209865958007873,-0.050279374194701784,2.6351645033584914,-3.962474043785293,-7.2157,0.0,7.5938950253,6.216733293799712,-0.38355700125465214,0.06285074273521267,-0.14299944306338935,0.038107456103687876,-0.007945245438888086,0.08418581329844671,-0.15182569751384659,0.003140413010712568,-0.06144555395769156
2597.0,12.114550642332597,2.3176251925194773,14.998218103861761,-0.13816594180901443,0.029924170408255877,-0.04744824586586597,2.5019134520685595,-3.9342754343573074,-7.2157,0.0,7.5938950253,6.251900626876784,-0.39290080464792776,0.08509499865080614,-0.13492799843249903,0.03821675285035097,-0.00677736604993753,0.08431775074670692,-0.15268438289105205,0.0031263011476185647,-0.06197436109030275
2598.0,12.116150238243845,2.3895039618021947,15.029641472270049,-0.14106534280512958,0.0374387085580165,-0.04355220893560185,2.365284514170642,-3.898654433678389,-7.2157,0.0,7.5938950253,6.2881583954805835,-0.40109283593210837,0.10644994362587329,-0.12383253494956273,0.038342684005265935,-0.005541824948163479,0.08472531625357921,-0.15351076378511713,0.003104039933171201,-0.0626839144289048
2599.0,12.117588388743043,2.469362677826651,15.056304644121912,-0.14354616578291823,0.04446768825603889,-0.03861593498181645,2.225620787131061,-3.8560362897761413,-7.2157,0.0,7.5938950253,6.325398967602792,-0.40809815060358684,0.12642052290236647,-0.10978413504781301,0.038484486916311955,-0.004255537230605101,0.085427889105707,-0.15428716745713084,0.0030738498323731036,-0.06356834502321748
2600.0,12.1188504656326,2.5564864824940687,15.077191033862444,-0.14559326627595703,0.05083947655500261,-0.032699154992615824,2.0832865338730064,-3.8070099243910414,-7.2157,0.0,7.5938950253,6.36349640688511,-0.4138748998867941,0.14452030514664962,-0.09295319656680102,0.038641119978051156,-0.0029373890839296257,0.08643986160194994,-0.15499659302429428,0.0030360168432591395,-0.06461562345971418
2601.0,12.119923399620657,2.6499853948257726,15.091366194027563,-0.14718919491440205,0.05639320025588227,-0.025896479328695026,1.9386721540137193,-3.752320159097832,-7.2157,0.0,7.5938950253,6.402305553923604,-0.4183745719844944,0.16029356661412159,-0.0736088573712823,0.038811269837941614,-0.0016076797352176167,0.08776936042311947,-0.1556232759880824,0.0029908877343722776,-0.0658076195474264
2602.0,12.120795944576459,2.748809436648841,15.098012808937254,-0.1483145175005835,0.06098662820589222,-0.018335372006593735,1.7921984570126268,-3.6928526213762276,-7.2157,0.0,7.5938950253,6.441662058025068,-0.42154287154560643,0.17333757216109974,-0.05211320844897091,0.038993365486328514,-0.00028743828089247,0.08941713899764014,-0.15615324447784196,0.0029388632328468845,-0.06712048377806773
2603.0,12.121458914882595,2.851771901629911,15.096462565409446,-0.14894836468932596,0.06450363179667681,-0.010172203334529357,1.6443198513039288,-3.6296115539458005,-7.2157,0.0,7.5938950253,6.4813834555757115,-0.4233212519696916,0.1833236519629815,-0.028910084779009502,0.039185598673157115,0.0010023551270063602,0.09137572775794667,-0.15657482949675974,0.002880389588124934,-0.06852536673492349
2604.0,12.121905389661618,2.957580088267495,15.08622293787936,-0.14906919867892557,0.06686069197793125,-0.0015864449059393142,1.4955261199052217,-3.5636912248718753,-7.2157,0.0,7.5938950253,6.521271313139371,-0.42364906583653356,0.19001557631395022,-0.0045086168595426575,0.03938595041777964,0.00224160102099797,0.09362892553105115,-0.15687908894763392,0.002815949052911399,-0.06998946864253253
2605.0,12.12209912435075,3.064868709569774,15.066991243126038,-0.14865874631440854,0.06801167060678229,0.007226890221622741,1.3463419328742396,-3.4962421704554947,-7.2157,0.0,7.5938950253,6.561110880025269,-0.42247582353486707,0.1932835252680826,0.020538222430039554,0.03968829068082932,0.0036335012687150545,0.09604351427534855,-0.1574241157378414,0.0026553672342752846,-0.07143861909668026
2606.0,12.121914743004687,3.17223568709832,15.038654368096227,-0.14770877225855142,0.06795022648364347,0.016066503369122263,1.1973171264594884,-3.4284345553248547,-7.2157,0.0,7.5938950253,6.600670242423175,-0.4197824611201466,0.1931118434661814,0.04566036412569809,0.04005712913653477,0.005085561546457305,0.09862306301029444,-0.15807930714051616,0.002431054893554218,-0.07285146766814193
2607.0,12.121340997706886,3.2783082499648213,15.00132755465783,-0.14620310082734542,0.06671199203567156,0.02473341770504091,1.0490254195933824,-3.361419328034152,-7.2157,0.0,7.5938950253,6.639727577998974,-0.4155230699684871,0.18960180445906638,0.07029471739965515,0.04042518326514565,0.00643563926212546,0.1013996276507845,-0.15859777519933094,0.002205222849052029,-0.07421898943883584
2608.0,12.120385576652989,3.381773710744953,14.955329947849952,-0.14412755595220408,0.06437227293365239,0.033040188608350333,0.9020658523366586,-3.296289669028582,-7.2157,0.0,7.5938950253,6.678063379773535,-0.4096564644047039,0.1829665226852227,0.09391074981560028,0.04078805052492554,0.007670302787499549,0.10432827500557394,-0.15897451203393248,0.0019805583465915353,-0.07550858299437994
2609.0,12.11906076157634,3.4814178129952937,14.901165223047425,-0.1414723164874867,0.06104209032226972,0.040819545802008673,0.7570568340024422,-3.234045657056975,-7.2157,0.0,7.5938950253,6.715463470052269,-0.4021533845631109,0.17352004853952605,0.1160348463090211,0.04114149510866366,0.008780189973602075,0.1073593514542395,-0.1592078547986065,0.0017595485558724957,-0.07669136113961626
2610.0,12.117383112109957,3.576159670153996,14.839496494765655,-0.1382327825715709,0.056862286606170605,0.04793171819099687,0.6146288966781972,-3.1755636756835246,-7.2157,0.0,7.5938950253,6.7517233458375205,-0.39299899289570345,0.16166079387428728,0.13627098164698667,0.04148156322268495,0.009760131504482544,0.1104403818434163,-0.15929924749781055,0.0015444085496406175,-0.07774348537056688
2611.0,12.115373034110776,3.6650796974694395,14.771114566673443,-0.13441020952446164,0.05199604313922057,0.05426991409578093,0.4754167502791897,-3.1215722119524587,-7.2157,0.0,7.5938950253,6.786651909421899,-0.3821947293806592,0.14785047733180434,0.1543162175308847,0.04180468967429167,0.01060903453802093,0.11351813811461609,-0.15925285369406994,0.0013370259119105101,-0.0786471723470479
2612.0,12.113054247755695,3.74743917556344,14.69690166669647,-0.1300120640036696,0.04662042551949046,0.059763570302597685,0.34005104873597486,-3.0726352084780317,-7.2157,0.0,7.5938950253,6.820074384041472,-0.3697593945603167,0.1325903134169501,0.16996993118444545,0.04210778991355221,0.011329549631832705,0.11654072951102659,-0.15907506270409688,0.001138924566131374,-0.0793912939221327
2613.0,12.110453176382304,3.822690780609537,14.617793077241432,-0.12505208341540042,0.0409176519271809,0.0643792021081067,0.209150262684363,-3.029143522502527,-7.2157,0.0,7.5938950253,6.851834303112064,-0.3557294026008914,0.11639639643216629,0.1831362939373345,0.042388332189993515,0.011927564026362539,0.11945956246731679,-0.1587739391860247,0.0009512486495315864,-0.07997153252112016
2614.0,12.10759828180595,3.890480155393883,14.534739125924089,-0.1195500474914861,0.035066779160506066,0.06811892120598873,0.08331301392100546,-2.9913143987653132,-7.2157,0.0,7.5938950253,6.881794554159196,-0.3401582246307719,0.09977623257411569,0.19382017646494645,0.042644385686771355,0.012411578442449007,0.12223103181692271,-0.15835866679479912,0.0007747655189649565,-0.08039009849239637
2615.0,12.104519374623939,3.950639285705577,14.44866981454715,-0.11353129650273727,0.029236417375100233,0.07101690471387198,-0.03688883844590567,-2.9591982585108294,-7.2157,0.0,7.5938950253,6.909837544216407,-0.3231151145677612,0.08320814295887684,0.20211726642545014,0.04287464229627918,0.01279203054615708,0.12481783473730862,-0.1578390309058301,0.0006098854796269174,-0.08065505860029977
2616.0,12.101246928591054,4.00317300980155,14.360463977867175,-0.10702605025926104,0.023578934839672525,0.07313426623641897,-0.1509161496156068,-2.9326916115993664,-7.2157,0.0,7.5938950253,6.935864621400917,-0.30468326555012504,0.06712484341655309,0.20819965799491177,0.04307841187196548,0.013080625992195345,0.1271898401360052,-0.1572249751253098,0.000456694739835829,-0.08077935874526807
2617.0,12.097811426341128,4.048240369897957,14.270924340095753,-0.10006859355997742,0.018226424270213204,0.0745528784768873,-0.2582673518378197,-2.9115545613368417,-7.2157,0.0,7.5938950253,6.959794931234799,-0.2849575784124985,0.0519019758186748,0.2122984540771223,0.04325559301305687,0.013289728705391836,0.1293244925564344,-0.15652625370548953,0.00031499749565608244,-0.08077964485164933
2618.0,12.094242759739469,4.086132689178697,14.180759251834386,-0.09269639639447277,0.013288502832386969,0.07536872001992158,-0.35848218130021564,-2.8954312150316026,-7.2157,0.0,7.5938950253,6.9815639042103,-0.2640422322611274,0.037851805331679374,0.21468499155065998,0.04340662337946022,0.013431848075260919,0.1312067743047758,-0.15575218936679902,0.00018436293976803464,-0.08067499192978568
2619.0,12.090569702497485,4.117250232181073,14.09057131838015,-0.08494923181665455,0.008851836850396262,0.0756852733941891,-0.4511442909079571,-2.8838713331841963,-7.2157,0.0,7.5938950253,7.001121565365269,-0.24204823330030822,0.025221787475668764,0.21565217624866978,0.04353241492289937,0.013519244729353785,0.13282878649991542,-0.15491153521618684,6.41733024692963e-05,-0.08048564362985516
2620.0,12.08681946608907,4.142079112664083,14.000852634332007,-0.07686834301571338,0.004981140518007262,0.07560740444969306,-0.535882824250857,-2.8763517197916495,-7.2157,0.0,7.5938950253,7.018430832455733,-0.21909108714007922,0.014197307350109274,0.21549714468720532,0.04363428010278353,0.01356366104635185,0.1341890352563812,-0.15401243151336622,-4.633034268483778e-05,-0.0802318463650771
2621.0,12.08301734327092,4.161169799382894,13.911985960665872,-0.0684956963162404,0.0017213064813876642,0.07523602677629336,-0.6123730626721724,-2.8722961339771493,-7.2157,0.0,7.5938950253,7.033465933360043,-0.1952886990937405,0.004907632472846602,0.2145061162133261,0.04371385511158851,0.013576169474735639,0.13529152176752618,-0.15306244326543522,-0.00014800696919802832,-0.07993283768249747
2622.0,12.07918643734865,4.175118190407874,13.824250936978503,-0.05987334126746954,-0.000899713815944574,0.07466372185778064,-0.6803362774620296,-2.871092841921359,-7.2157,0.0,7.5938950253,7.046211032329232,-0.17075956376388782,-0.0025659957415223016,0.21294192546341117,0.043773025463667306,0.013567122110498951,0.1361447354399129,-0.15206866269161395,-0.00024178077733915732,-0.07960602252745846
2623.0,12.075347470298373,4.184549830976671,13.737834310070909,-0.05104288480754489,-0.0028676573677377383,0.07397136462170313,-0.7395389248722963,-2.872109283311989,-7.2157,0.0,7.5938950253,7.05665911428866,-0.14562126563604982,-0.008181196985143488,0.211034383688398,0.04381385818140286,0.013546179121813974,0.1367606398423759,-0.15103786077974674,-0.0003286134278536774,-0.07926634720093118
2624.0,12.071518659278814,4.1901074786207255,13.65284316094747,-0.04204507518565874,-0.0041786636484840165,0.0732257076971266,-0.7897913160118966,-2.87470366203364,-7.2157,0.0,7.5938950253,7.064811140654365,-0.11998928063890169,-0.011925174185074296,0.2089733447271762,0.04383854345205162,0.013522391128824217,0.13715372530566639,-0.14997667361142816,-0.00040948337123795594,-0.0789258617639407
2625.0,12.067715649064867,4.192441899773369,13.569320196605936,-0.03291948360856362,-0.004836236128957536,0.07247781220347548,-0.8309458802701728,-2.878233561571981,-7.2157,0.0,7.5938950253,7.070675461345351,-0.09397604677591959,-0.013806120353481954,0.20690416504827186,0.04384934722370399,0.013504310822705812,0.13734018284518823,-0.14889181108486008,-0.00048537173295693913,-0.07859344869293855
2626.0,12.06395148735973,4.192205529034465,13.487260307630997,-0.023704267549106116,-0.004848664947569956,0.07176217898210462,-0.8628951240033185,-2.8820619177424156,-7.2157,0.0,7.5938950253,7.07426744677688,-0.06769026035311305,-0.013845920022042624,0.20492514981710702,0.04384857491695915,0.01350011107509088,0.13733723455585573,-0.14779027749441268,-0.0005572537860423076,-0.0782746889022031
2627.0,12.060236630751007,4.190048437968245,13.406627748690582,-0.014435998791669792,-0.004227057666785846,0.07109642774875906,-0.8855693674695793,-2.885560851845686,-7.2157,0.0,7.5938950253,7.075609289813931,-0.04123635162389477,-0.012074567114998998,0.20308655716585475,0.04383854534513835,0.013517689778089197,0.1371626376469373,-0.14667959479566972,-0.000626094755845458,-0.07797183501440041
2628.0,12.056578970710847,4.186615942994567,13.327373447974393,-0.005149541096861341,-0.002984065286833054,0.07048138773382308,-0.8989343279038564,-2.888113977611892,-7.2157,0.0,7.5938950253,7.074729920606458,-0.014714098519807045,-0.008526552132336562,0.20139077704618952,0.0438215731216512,0.013564745015599247,0.13683436426088125,-0.14556802003828148,-0.0006928485410142523,-0.07768386495797633
2629.0,12.05298387148814,4.182547120546998,13.249452077343522,0.004122034149245021,-0.0011333396742424018,0.06990149418814454,-0.9029886044040321,-2.88911785429062,-7.2157,0.0,7.5938950253,7.071664974837618,0.011781653236706624,-0.003239326642592626,0.19979338730204896,0.043799957283489115,0.013648807537684306,0.13637044731870146,-0.14446474845213558,-0.0007584578742966124,-0.07740659503963798
2630.0,12.049454214514924,4.178473484447844,13.172838603322601,0.013347501401669503,0.0013102829126045927,0.06932542481229785,-0.897761114218378,-2.8879832729821753,-7.2157,0.0,7.5938950253,7.06645675743002,0.038161182664490124,0.0037461652233885348,0.1982049014225667,0.04377597356509812,0.01377722068115722,0.135788973880256,-0.1433800930743553,-0.0008238544676614394,-0.07713283939046717
2631.0,12.045990446887659,4.17501710562256,13.097544085146215,0.02249750579879143,0.004329911344838188,0.06870695260717768,-0.8833085297626881,-2.8841370422775086,-7.2157,0.0,7.5938950253,7.059154147900069,0.06434000410224573,0.012382995527629335,0.1964931424903151,0.04375186768016005,0.013957060843139156,0.13510820131914353,-0.1423256308041297,-0.0008899577704301713,-0.07685261090339857
2632.0,12.042590634355731,4.1727875113670345,13.023630489309218,0.03154455704053538,0.007905109941192144,0.0679860321633825,-0.8597127712586689,-2.877024888312843,-7.2157,0.0,7.5938950253,7.049812399679878,0.09023888821282533,0.022613991103969704,0.19448629278710253,0.043729847075667114,0.014194994467439485,0.1343467673587215,-0.14131430357695215,-0.0009576711053870741,-0.07655336655334016
2633.0,12.03925052188842,4.1723767863087815,12.951224254509903,0.040462986055305995,0.012009883409677116,0.06709017122214186,-0.8270786203182607,-2.8661160071651017,-7.2157,0.0,7.5938950253,7.038492793473884,0.11578377466861145,0.03436596677767939,0.19197676752391848,0.04371206888082811,0.014497070411294631,0.1335239620558213,-0.1403604621864529,-0.0010278741296739398,-0.07622030660363727
2634.0,12.035963607160788,4.17435240843679,12.880528273969999,0.04922885534613175,0.016610256094825214,0.06593616550230239,-0.7855315335008546,-2.85090970557883,-7.2157,0.0,7.5938950253,7.02526211401562,0.1409055495702267,0.04754279267895799,0.18872613574561573,0.04370062215627519,0.014868449707846641,0.13266002763068988,-0.13947983937473268,-0.0011014107919992975,-0.07583674212119818
2635.0,12.03272123408715,4.179247491501482,12.811831874012421,0.05781981236659443,0.021661592390659623,0.06443228996688992,-0.7352157496295781,-2.830944439069568,-7.2157,0.0,7.5938950253,7.01019193057105,0.16553965618237734,0.06201771347816294,0.1844713549144025,0.04369750303483606,0.015313078298266135,0.1317764502826895,-0.13868943837567982,-0.0011790722246597391,-0.07538454804952224
2636.0,12.029512714746891,4.1875482711014085,12.745518270772193,0.06621487528041362,0.02710583422356572,0.06248104200809614,-0.6762927977364928,-2.805809403317685,-7.2157,0.0,7.5938950253,6.9933576744190935,0.1896255074915763,0.07762542100787719,0.17893259255133526,0.043704581913559463,0.015833312404190357,0.13089620666054214,-0.13800732333634652,-0.0012615743176272714,-0.07484471951609262
2637.0,12.02632548862027,4.199678867202023,12.682068895068728,0.07439414218040309,0.03286886182710064,0.059982519886341276,-0.6089405208024739,-2.775158654317546,-7.2157,0.0,7.5938950253,6.974837521519569,0.2131056739267511,0.09415446896186783,0.17182287408067867,0.04372356248570633,0.016429510906999248,0.13004392653425323,-0.1374522991652664,-0.001349530070654921,-0.07419804682335737
2638.0,12.023145327932637,4.215983580768972,12.62206390430312,0.08233841841516983,0.03885821382865342,0.05683849186747936,-0.5333527306837024,-2.7387275249346583,-7.2157,0.0,7.5938950253,6.95471110570363,0.23592482973757276,0.11134070410735791,0.16285971693992274,0.04375593306468907,0.01709961436527107,0.12924593269481482,-0.1370434705853676,-0.0014434172036690686,-0.07342591946566301
2639.0,12.01995659707323,4.236707234316062,12.566178166438059,0.09002876217552258,0.04496142891457926,0.05295716689839333,-0.44973959861540064,-2.696350872475869,-7.2157,0.0,7.5938950253,6.933058106791931,0.25802845724933343,0.1288624641526914,0.15177878430059155,0.043802911318248566,0.017838735985243014,0.12853011961859584,-0.13679967375888952,-0.0015435419183539348,-0.07251126132741131
2640.0,12.016742572519671,4.2619743395103225,12.515172022055326,0.09744595593207295,0.05104528974750733,0.04825861591122129,-0.35832886080499793,-2.6479824389986906,-7.2157,0.0,7.5938950253,6.909956778509013,0.27936132954506776,0.14633834595267553,0.13834941608414422,0.04386538416671626,0.018638795653729556,0.12792563458162765,-0.13673877910639062,-0.0016500001345164511,-0.07143958779701387
2641.0,12.013485827505015,4.29176815875544,12.469876223528017,0.1045699205795094,0.05695625484422074,0.042680714415778656,-0.2593678781914878,-2.5937143431614893,-7.2157,0.0,7.5938950253,6.885482501916929,0.29986581877145807,0.1633283634372844,0.12239167155441179,0.043943845172739485,0.019488233540319123,0.12746232947270436,-0.1368768712078635,-0.0017626379604812265,-0.0702001608343966
2642.0,12.010168682880764,4.325911005123118,12.431170631605694,0.11137909993995199,0.06252234912011666,0.036185383882392355,-0.15312653325300157,-2.533795464672822,-7.2157,0.0,7.5938950253,6.85970646979594,0.31948010841851054,0.17933927358224122,0.10379425199292122,0.044038332239650826,0.020371844024191947,0.1271699594706382,-0.13722732129612075,-0.001881013581435481,-0.06878720024450874
2643.0,12.006773722342158,4.364047372430658,12.399956532107062,0.11784985504868636,0.0675567413081021,0.028764805799636462,-0.039900876559430046,-2.4686472513786613,-7.2157,0.0,7.5938950253,6.832694623809319,0.33813642201589494,0.19383472961878437,0.08253237570002046,0.044148368836655696,0.021270772782231634,0.12707711706577818,-0.1377997800719808,-0.002004363143482647,-0.06720108913797851
2644.0,12.003284366473117,4.405631673626859,12.377122825775768,0.12395591946038645,0.07186315895898851,0.020447175789569574,0.07998264427917973,-2.3988753030148313,-7.2157,0.0,7.5938950253,6.80450697664169,0.35575941509290726,0.20625070193722123,0.05868437208054288,0.04427291229666514,0.02216271852744766,0.12720990764460488,-0.13859913334857532,-0.0021315735482052966,-0.06544949006307665
2645.0,11.999685495998001,4.4499224531204975,12.363506839516843,0.12966797727366414,0.07524317302786351,0.011301467637225766,0.20616262386846368,-2.325274999197678,-7.2157,0.0,7.5938950253,6.775197452318176,0.3722649079900914,0.21601627073262838,0.032445480361320674,0.04441031301986431,0.023022374711553217,0.12759039677540093,-0.1396244798041718,-0.0022611653171482303,-0.06354826775187986
2646.0,11.995964110225485,4.495984884926007,12.359851089333374,0.1349534327591187,0.07750522136316115,0.0014406052500903037,0.33823813455723684,-2.2488294811501883,-7.2157,0.0,7.5938950253,6.744814366076195,0.38755915871644353,0.22257943183448836,0.004137128988515964,0.04455828869974176,0.023822134194300043,0.1282348895213566,-0.14086820752059948,-0.0023912887884697423,-0.0615220981397618
2647.0,11.992110001951415,4.542703131241887,12.366757956786012,0.13977644201816256,0.0784750372014741,-0.008977584455198239,0.47576454731188667,-2.170698505992051,-7.2157,0.0,7.5938950253,6.713401637233938,0.40153888070924393,0.22543697740855126,-0.025790105697100187,0.044713917982495965,0.02453306058274643,0.12915213744357582,-0.14231526159823993,-0.0025197368031310186,-0.059404635715494786
2648.0,11.988116425070483,4.588803681698179,12.38464486204064,0.14409827042183287,0.07800691775259527,-0.019752219527219415,0.6182501606776495,-2.0921971005674225,-7.2157,0.0,7.5938950253,6.681000782265602,0.4140921926359216,0.22416685167962966,-0.056761541061585756,0.04487365823530571,0.025126103752123985,0.1303416065635532,-0.1439427054928383,-0.0026439766463535555,-0.05723811751128196
2649.0,11.983980725890456,4.632890105501119,12.413703047244717,0.14787802238275335,0.07599503341286348,-0.030644456707998678,0.7651540577972499,-2.014763565020876,-7.2157,0.0,7.5938950253,6.647653670521995,0.4251006395629295,0.2184607069182863,-0.08809272625996417,0.045033392198439985,0.025573505494005576,0.1317919743543338,-0.14571967953825238,-0.002761203245397326,-0.05507230721125787
2650.0,11.979704904594882,4.6734887366187,12.453863398615447,0.1510737610656781,0.07238377934803839,-0.04138603406326699,0.9158855613083929,-1.9399172087268362,-7.2157,0.0,7.5938950253,6.613405945345536,0.4344423431261983,0.2081538083282402,-0.11901368897097742,0.0451885079589687,0.025850307796553028,0.13348004787867918,-0.14760784656441392,-0.0028684144049038944,-0.052962730450900185
2651.0,11.975296068380135,4.7091037535453015,12.50477279899508,0.15364399559957206,0.06717604779076158,-0.05169112439073425,1.0698055716736583,-1.8692071698830712,-7.2157,0.0,7.5938950253,6.578310923428373,0.44199622440910824,0.19324907152001414,-0.14870273144751345,0.04533401568170944,0.025935845975059428,0.13537030149438656,-0.1495623847203295,-0.0029625072089361332,-0.05096822228314928
2652.0,11.970766736381014,4.738278972630229,12.565784107325445,0.15554946551581794,0.06043831015012107,-0.06127094506978157,1.2262299384372823,-1.8041547266249178,-7.2157,0.0,7.5938950253,6.542433699255147,0.4476471060733372,0.1739320321349047,-0.17632822559635847,0.045464702341505465,0.025815088527491786,0.1374152093835463,-0.1515335385080889,-0.0030403926047637125,-0.04914789529837615
2653.0,11.966134956811905,4.759662642200061,12.635962085804254,0.15675510291582623,0.052301568450230665,-0.0698501365068682,1.3844348641538862,-1.7461924672490279,-7.2157,0.0,7.5938950253,6.505855109449088,0.45129135806512527,0.15057401906408807,-0.2010956095135602,0.04557532232998856,0.025479681460726336,0.1395564933294083,-0.15346867664832212,-0.003099122882486356,-0.047557730355249336
2654.0,11.961424202198394,4.7720707411537004,12.714106372270981,0.15723201093155703,0.042957585722657225,-0.07718354442741963,1.5436641775128126,-1.6966044298637395,-7.2157,0.0,7.5938950253,6.4686751710174395,0.4528426285221632,0.12372179124569065,-0.2222956949420716,0.045660817195605524,0.024928571724395894,0.14172731739785582,-0.155314735824506,-0.0031360244987512073,-0.04624707517873397
2655.0,11.95666301916799,4.774543934208715,12.798791066920986,0.1569592720346564,0.03265030610577549,-0.08307180721271348,1.7031381634384968,-1.6564716751825246,-7.2157,0.0,7.5938950253,6.43101560939124,0.4522371261049539,0.09407332493529082,-0.23934970433557648,0.04571655250445236,0.024168123206365966,0.14385534783154363,-0.15702086532382586,-0.003148826890677331,-0.045255390056851
2656.0,11.951884425357095,4.766393534782075,12.888418844031492,0.15592539968418492,0.02166296220739205,-0.0873741302094703,1.8620635200904612,-1.6266276094385748,-7.2157,0.0,7.5938950253,6.393021144220651,0.44943791522312004,0.06244111986736842,-0.2518463765705565,0.04573855481170742,0.023211695475141965,0.14586647487942644,-0.15854104238967837,-0.003135776998787231,-0.04460958788463066
2657.0,11.947125066475746,4.747232616034226,12.981285953110781,0.15412927550311695,0.010301940754498848,-0.09001686055335809,2.0196439390969436,-1.6076266859658483,-7.2157,0.0,7.5938950253,6.354859302000074,0.44443776318888834,0.02970604702116649,-0.2595671200232917,0.04572372823253031,0.022078721194599464,0.14768888600259128,-0.15983641339958937,-0.0030957295083220327,-0.044322268862622125
2658.0,11.942424169107168,4.716989725393069,13.075653290124235,0.15158046939581105,-0.0011210727051790535,-0.09099694151432566,2.1750907816946974,-1.5997289388420204,-7.2157,0.0,7.5938950253,6.31671866423509,0.43726023265811453,-0.003233929238028878,-0.26249650747440206,0.045670029265975874,0.020793380841539755,0.1492571101393403,-0.16087713795725925,-0.003028204480931188,-0.044391051046629666
2659.0,11.937822346045191,4.675904323225851,13.16981810265309,0.14829891311777066,-0.01230691672703671,-0.09037995120165163,2.327633347763608,-1.602901295930241,-7.2157,0.0,7.5938950253,6.278805619156092,0.42795891987785317,-0.03551512737889505,-0.26081719334082576,0.045576581057715,0.019383020782903833,0.15051563784208516,-0.16164356979998487,-0.0029334069612656586,-0.04479906230301227
2660.0,11.933360327432037,4.624504845956416,13.262180944259157,0.1443139757957969,-0.022985024197786492,-0.088293103880832,2.4765282982258574,-1.6168349943179021,-7.2157,0.0,7.5938950253,6.241339840274318,0.4166149625714902,-0.0663546613767709,-0.2548902693990144,0.04544371416406176,0.017876484173068634,0.15142176820765108,-0.16212669037094507,-0.002812206932552349,-0.045516511894606225
2661.0,11.929077699363873,4.563571923092121,13.351303207202456,0.1396630585067007,-0.032926310241537936,-0.08491418852393925,2.62106788433287,-1.6409769190157393,-7.2157,0.0,7.5938950253,6.20454884210786,0.4033331399805042,-0.09508793692252253,-0.2452238025749217,0.04527292922148103,0.016302520189466402,0.15194743331430757,-0.16232780281205555,-0.00266608207677535,-0.04650312886476944
2662.0,11.925011730643252,4.494090473861076,13.43595178142478,0.1343898713304307,-0.04195192955718349,-0.08045782578733499,2.7605867434987768,-1.6745715705364705,-7.2157,0.0,7.5938950253,6.168662044397546,0.3882370241562525,-0.12119434394610971,-0.23243349029596108,0.04506678600369126,0.014688408394281698,0.1520798831704101,-0.162257577415568,-0.002497029400574557,-0.04771116494463626
2663.0,11.921196357971446,4.4171951507389915,13.515128919016313,0.12854257641049044,-0.049937526882211834,-0.07516060361222103,2.8944671358222305,-1.716709649006876,-7.2157,0.0,7.5938950253,6.133904799745867,0.37146370417599006,-0.14430999619780932,-0.2171999115432418,0.04482873185421089,0.013058891155607294,0.15182125626152032,-0.16193460377658137,-0.0023074546125209337,-0.04908862091834197
2664.0,11.917661382218114,4.334113659642547,13.588086940453278,0.12217197069889417,-0.05681315655430587,-0.06926657297747671,3.02214259999008,-1.7663791489035963,-7.2157,0.0,7.5938950253,6.100492808546143,0.35315858167079067,-0.16422796222555208,-0.20022665207072257,0.04456288827781389,0.01143545610701964,0.15118718260437886,-0.16138363685640916,-0.0021000494440828956,-0.05058237365678225
2665.0,11.914431906126282,4.246112123272122,13.654328823640506,0.11532985188553968,-0.06255949316338139,-0.0630143280962448,3.1431001050818836,-1.8225151437843023,-7.2157,0.0,7.5938950253,6.068627267056424,0.33347065380548335,-0.1808877298102916,-0.18220286288256912,0.04427381739956411,0.009835964628856074,0.15020465439724798,-0.1606337285893775,-0.0018776672223595697,-0.052140939114262985
2666.0,11.911528020992778,4.154445850047599,13.713596766060755,0.10806766613607045,-0.0672012393327415,-0.05662651145416255,3.256880850921446,-1.884045137919832,-7.2157,0.0,7.5938950253,6.038490987967432,0.3125485741062242,-0.19435648314245346,-0.16377271800543605,0.043966289437727006,0.008274586414035466,0.14890944114086374,-0.15971641406619488,-0.0016432057886663,-0.053716692258115685
2667.0,11.908964729204163,4.060317886385774,13.765851458225264,0.10043548824759212,-0.07079874977486358,-0.0503021720003095,3.3630799265631275,-1.9499277289016037,-7.2157,0.0,7.5938950253,6.010245615287378,0.29053764527865633,-0.204805118262118,-0.14551305380568266,0.04364506920865353,0.006761978448487284,0.14734332581791035,-0.15866408314617667,-0.001399504861963237,-0.05526745627592857
2668.0,11.906752073417065,3.9648466936327114,13.811245044019737,0.09248134083618008,-0.07343885410952834,-0.04421202755715116,3.4613450698603367,-2.019183250879151,-7.2157,0.0,7.5938950253,5.984029944511862,0.26757777202058375,-0.21248183454845276,-0.12791938052899668,0.043314734844072764,0.005305638444537054,0.14555140439127312,-0.15750862290010387,-0.0011492625196406058,-0.05675745625263911
2669.0,11.904895432687976,3.8690433462461806,13.850090635661731,0.08425082462176271,-0.07522571720152928,-0.03849638698339696,3.5513747816795735,-2.090915921390418,-7.2157,0.0,7.5938950253,5.959959267636599,0.24380230171953646,-0.2176857387992655,-0.111399595156174,0.0429795364701388,0.003910365340202955,0.1435796356441747,-0.15628037201645575,-0.0008949730333976918,-0.058157696528090636
2670.0,11.903395941005824,3.773797880950108,13.882830892233653,0.07578700895133886,-0.07627237341788921,-0.033265292563563885,3.6329160382690966,-2.1643277169809467,-7.2157,0.0,7.5938950253,5.938125597931055,0.21933761351073808,-0.22074232238167957,-0.09627415020842708,0.04264329748828498,0.002578769176838386,0.1414727651720326,-0.15500739080614673,-0.0006388861610367819,-0.05944586220886718
2671.0,11.902250983690596,3.6798738771298845,13.910007663658579,0.06713052011700295,-0.07669335372945367,-0.028600345819245816,3.7057618183384484,-2.23872471624812,-7.2157,0.0,7.5938950253,5.918598593378004,0.19430328105160297,-0.22198204689180845,-0.08278114071221733,0.04230935692858467,0.0013117858136654226,0.13927268671883514,-0.1537150225649863,-0.00038298634129041366,-0.06060586473390063
2672.0,11.901454730779076,3.5879100166006115,13.932234138626542,0.05831976288547876,-0.0765986243519719,-0.02455766377018427,3.7697486223830903,-2.313516971195074,-7.2157,0.0,7.5938950253,5.901426987795686,0.1688126264269902,-0.22172269429391792,-0.07108471493782406,0.04198054840609127,0.00010916558013975008,0.137017253042507,-0.15242570429994162,-0.0001289891345208628,-0.061627152988656134
2673.0,11.90099867248902,3.4984272285809705,13.950170386761068,0.04939121534083484,-0.07608889214091137,-0.021171454738621132,3.8247541158911864,-2.388213121016043,-7.2157,0.0,7.5938950253,5.886640349597013,0.14297349452068264,-0.2202556614272923,-0.061285328720481036,0.04165920951181826,-0.0010300828586957689,0.13473951051445002,-0.1511589760886929,0.0001216483303448961,-0.06250390053429389
2674.0,11.900872128916784,3.4118400310320656,13.96450269985933,0.040379746002255475,-0.07525221326021807,-0.01845778006172231,3.870694980201334,-2.46241098234102,-7.2157,0.0,7.5938950253,5.874251013373085,0.11688910146321496,-0.21783603073218433,-0.05343058191351313,0.04134721483823591,-0.0021073024694240605,0.13246730721322228,-0.1499316366759324,0.0003677062906033532,-0.06323416129902416
2675.0,11.901062713315172,3.328470786029833,13.975926740082176,0.03131891296597202,-0.07416176724234069,-0.016418161115914688,3.907525009066089,-2.5357852764903464,-7.2157,0.0,7.5938950253,5.864256062520179,0.09065884095128733,-0.21467602877516048,-0.0475256423790162,0.04104602600667943,-0.0031238538102990043,0.13022321190745176,-0.14875799614781304,0.0006081738836870173,-0.06381906490552575
2676.0,11.9015567349547,3.248565751195267,13.985134202973818,0.022241215876343395,-0.07287462263342268,-0.01504278562116512,3.9352334484991895,-2.608073525146037,-7.2157,0.0,7.5938950253,5.856639276341304,0.06437896352581193,-0.21094137562257037,-0.043542536173198435,0.04075675274498276,-0.00408083487704184,0.12802467854909722,-0.14765018268886387,0.0008422161257057508,-0.06426210179127712
2677.0,11.902339533315374,3.1723119954026804,13.992802496764618,0.013178281799553236,-0.07143131459474736,-0.014313154306127939,3.9538435442396294,-2.6790609927230222,-7.2157,0.0,7.5938950253,5.851372988125703,0.03814307319362368,-0.20675000750071806,-0.04142783563398807,0.04048022000305308,-0.004978850648451785,0.12588439491189696,-0.1466184679314435,0.0010691387102211968,-0.06456852932028045
2678.0,11.903395740046118,3.0998544280720983,13.99958681632052,0.004160975010417846,-0.06985607013955099,-0.01420408414813067,3.9634112361841267,-2.748565400642557,-7.2157,0.0,7.5938950253,5.848419828714656,0.012042411446226472,-0.20217269667102641,-0.04110849622993428,0.0402170370927584,-0.005817827732958782,0.12381076216825654,-0.14567158313045928,0.0012883525157899112,-0.06474491409054224
2679.0,11.904709468794316,3.031312349458266,14.006113937231396,-0.0047805718572875525,-0.06815754476952078,-0.014685046290903635,3.9640239227086753,-2.8164220018804205,-7.2157,0.0,7.5938950253,5.847734351338687,-0.01383407977450085,-0.19723517180027364,-0.0424957741344079,0.03996766575928205,-0.006596870252061363,0.12180846227076136,-0.1448170056307534,0.0014993392628022998,-0.06479881280375539
2680.0,11.906250223093435,2.966793372066544,14.01297459157505,-0.013618142320908003,-0.06633007803924464,-0.0157208392209982,3.955798995816902,-2.8824695138462495,-7.2157,0.0,7.5938950253,5.849262885912793,-0.03940325410306968,-0.19192198598512905,-0.04548727777557794,0.03978165996747182,-0.00719647217719703,0.11982373220559125,-0.14423471050636777,0.0016617693823035057,-0.06471881655145101
2681.0,11.907932831160757,2.906403393799731,14.020711594101627,-0.02232880913313603,-0.06435545091934133,-0.017271820571941682,3.9388789113011904,-2.946537593838254,-7.2157,0.0,7.5938950253,5.852940987637985,-0.06459790171335338,-0.18618221278253524,-0.049967885034281845,0.039650429495648176,-0.007635509152559495,0.11786573402214937,-0.1438988739778798,0.001781633608964969,-0.06451739917696452
2682.0,11.909735049517302,2.850273405587225,14.029835600454922,-0.030885661698163563,-0.062203718807449335,-0.01929383996799774,3.9134302273510237,-3.0084354062904146,-7.2157,0.0,7.5938950253,5.85870881187764,-0.08933960672322924,-0.1799299567964345,-0.05580920013199296,0.03952779181506652,-0.008021653486242838,0.11598423319432187,-0.1436502597709487,0.0018960397909227006,-0.06422292353487605
2683.0,11.911646682374673,2.798563623905061,14.040811344446025,-0.03926201706388984,-0.059835690068624714,-0.021737159728453886,3.879645383044948,-3.067941787348128,-7.2157,0.0,7.5938950253,5.866505411253189,-0.11355075615635699,-0.1730524400051445,-0.06286663570648729,0.03941397625541323,-0.008350576962221575,0.1141757474871863,-0.14349252994202966,0.002004775525355594,-0.06384604464328512
2684.0,11.913657258174236,2.7514705306865985,14.054049269274817,-0.04743262812862467,-0.0572053497080384,-0.024545471771195277,3.837740872764714,-3.1247979017911467,-7.2157,0.0,7.5938950253,5.876268432477746,-0.13715805345247428,-0.1654172396213399,-0.07097665176975755,0.039309270442188314,-0.008617120746035933,0.11243640799716835,-0.14342857640819884,0.002107621229404504,-0.06339846495072578
2685.0,11.915755968078381,2.709232938701606,14.069898266173933,-0.055373914530860914,-0.05426246685397976,-0.027654888604352498,3.7879549208080023,-3.1787023319837164,-7.2157,0.0,7.5938950253,5.887935270685322,-0.16009318759956082,-0.1568798478357111,-0.07995387913047237,0.039214038490309674,-0.008815417990656244,0.11076262475872647,-0.14346044139450032,0.002204347413326108,-0.06289309833154777
2686.0,11.917931590644976,2.6721352891000456,14.088637430406925,-0.06306417722085564,-0.05095547400537083,-0.030993018481162395,3.730544855488865,-3.2293088412426347,-7.2157,0.0,7.5938950253,5.90144413034268,-0.18229345325021304,-0.1472920083601542,-0.08958848929072113,0.039128732695444354,-0.008939056451330009,0.10915172873929789,-0.1435892066441242,0.002294713854401819,-0.0623442193357784
2687.0,11.920172409967538,2.6405079113257903,14.110467003020887,-0.07048377706123414,-0.04723458894393335,-0.034478282158955584,3.665784224062362,-3.276227044122028,-7.2157,0.0,7.5938950253,5.916734955447819,-0.20370226505525255,-0.13651074272699512,-0.0996442651603606,0.039053898220834944,-0.008981282117594101,0.1076025777361512,-0.1438148604912851,0.0023784705343634096,-0.0617675687710853
2688.0,11.922466134956998,2.614724013875092,14.135498825047573,-0.07761525869895933,-0.043055125012689974,-0.038019621805503605,3.5939597234725094,-3.319026166862778,-7.2157,0.0,7.5938950253,5.93375018073787,-0.2242695120214567,-0.12440790687911812,-0.10985780595839145,0.0389901704007836,-0.008935243156104493,0.10611611010645304,-0.14413615299096597,0.0024553601947639126,-0.06118038864454259
2689.0,11.924799827643016,2.595193240822875,14.163746777584205,-0.08444340297057469,-0.03838090558512469,-0.04151673700310815,3.515368054897732,-3.3572420072326494,-7.2157,0.0,7.5938950253,5.952435248055524,-0.24395170354077875,-0.11088003291614901,-0.1199392535245408,0.03893826448675101,-0.008794271284762605,0.10469582661843363,-0.14455044996527439,0.0025251223529859407,-0.060601362963523496
2690.0,11.92715984829619,2.5823517272002343,14.195117807172403,-0.09095519431150761,-0.03318766727536867,-0.044860958038835594,3.4303128397160805,-3.390387101961103,-7.2157,0.0,7.5938950253,5.9727388291613375,-0.26271186802942437,-0.09585812147891812,-0.12957485470932606,0.0388989579544462,-0.008552195228469374,0.10334817771516103,-0.1450535970752241,0.0025874986039533714,-0.06005044590317305
2691.0,11.929531824733843,2.5766487162860705,14.22940423180458,-0.0971396940121784,-0.027466307317165636,-0.04793683296373592,3.3391017578691677,-3.4179639828761803,-7.2157,0.0,7.5938950253,5.994612699162251,-0.2805191777753783,-0.0793169674198398,-0.13843157634876818,0.03887306585934729,-0.008203678309371628,0.10208283176928708,-0.1456398049033878,0.0026422390077818986,-0.05954856527868215
2692.0,11.931900652309489,2.578529960239341,14.266278080039598,-0.10298781556600968,-0.021225807031874266,-0.05062446328161174,3.2420440836096485,-3.4394812537884074,-7.2157,0.0,7.5938950253,6.018011214027748,-0.29734828923188455,-0.06128353508428977,-0.1461638686803817,0.038861410145130955,-0.007744569655922982,0.1009127999710735,-0.14630156560978957,0.002689109331485691,-0.059117196863745794
2693.0,11.934250529777378,2.5884183054855403,14.305288226866555,-0.10849200455116763,-0.014495648455650715,-0.05280257536731344,3.1394487954310106,-3.4544720561397373,-7.2157,0.0,7.5938950253,6.042890361625277,-0.31317840592185436,-0.041843858401595206,-0.15242253519525206,0.038864784230456265,-0.007172256103054227,0.09985439563202239,-0.14702961108425627,0.002727898874741802,-0.058777813508449066
2694.0,11.936565034498207,2.6066920562991878,14.345861050001652,-0.11364583215979686,-0.007327537363189097,-0.05435226316368308,3.0316234243424143,-3.4625143217796834,-7.2157,0.0,7.5938950253,6.069206378078871,-0.3279920904037186,-0.021147931706675973,-0.15686551872982749,0.03888391457044426,-0.0064859996960262775,0.09892700998392873,-0.1478129217277764,0.00275842856843694,-0.058551221800274555
2695.0,11.938827238398943,2.6336619023747097,14.387305236690167,-0.11844351826435529,0.00020374534652836934,-0.05516128502644669,2.918873776261006,-3.4632520468909065,-7.2157,0.0,7.5938950253,6.096913949265616,-0.341773871313196,0.0005879159692777003,-0.15917026280848748,0.03891942115425341,-0.005687243879671382,0.09815269288568451,-0.14863879406324862,0.002780558994768075,-0.05845680774177975
2696.0,11.941019863861989,2.669547375731504,14.428821224014763,-0.12287940639995297,0.008000519911757391,-0.055128746503695376,2.801504620125814,-3.4564166738533895,-7.2157,0.0,7.5938950253,6.125964049584893,-0.35450871020570196,0.02308160560005142,-0.1590471616917709,0.03897177901180676,-0.004779870037711988,0.09755553493895244,-0.14949297422728547,0.002794197945092254,-0.05851172118868957
2697.0,11.943125476481372,2.7144539551962272,14.469515558110004,-0.12694741885967792,0.015943532249496517,-0.05416995398618719,2.679821374881443,-3.44184754966339,-7.2157,0.0,7.5938950253,6.156301504859617,-0.36618040966981097,0.045989191612928935,-0.15625347975276793,0.03904128273176094,-0.0037703851740464728,0.09716085699276637,-0.15035986285579672,0.0027993071137604325,-0.05873003626676196
2698.0,11.945126709588203,2.7683520488719533,14.508420215105414,-0.1306405248777081,0.023894499141023484,-0.05222118408572418,2.5541327588424587,-3.4195103519931025,-7.2157,0.0,7.5938950253,6.187862400865056,-0.37677005790357143,0.06891224475229003,-0.15060700781927644,0.03912801573675044,-0.002668021410192345,0.09699422350217538,-0.15122279468890906,0.0027959075304866826,-0.05912193137689879
2699.0,11.947006513802629,2.8310591425658638,14.544516647240316,-0.13395025825220716,0.03169988612450748,-0.0492440828878328,2.4247542887928604,-3.389512347907261,-7.2157,0.0,7.5938950253,6.220571490473125,-0.3862546146147328,0.0914087621637773,-0.14199863819659642,0.03923182564974674,-0.001484728920704198,0.0970803073409586,-0.15206439309207034,0.002784083367327797,-0.05969293741175709
2700.0,11.948748423756545,2.9022263918763507,14.576764012428066,-0.1368663223668599,0.03919585912725385,-0.04522939078754266,2.292012439484308,-3.3521133853425735,-7.2157,0.0,7.5938950253,6.254339777218924,-0.39460574767511675,0.11300742965256756,-0.1304029892815318,0.03935230657672136,-0.0002350463381154827,0.09744164512526428,-0.15286699537443021,0.0027639838238067557,-0.0604433060645644
2701.0,11.950336833615793,2.981330845648863,14.604130728933162,-0.13937632001111402,0.04621427111861874,-0.040199685892878534,2.156249203867682,-3.307731621797146,-7.2157,0.0,7.5938950253,6.289062467446009,-0.401789028312275,0.1332248339275222,-0.11588620457241497,0.039488788608972744,0.0010641630423014747,0.09809733352862851,-0.1536131391927437,0.0027358228960368053,-0.06136755107092434
2702.0,11.951717900418586,3.067669870620594,14.625621050710938,-0.14146924587195192,0.052589169400891984,-0.034210703749100894,2.0178258266180196,-3.2569432497700723,-7.2157,0.0,7.5938950253,6.324613120390666,-0.4077753140507152,0.15158464255563442,-0.0986099867798293,0.039740548259519656,0.002626203857877582,0.09894885409088791,-0.15465485672228246,0.00260760696907986,-0.062411763435621104
2703.0,11.952783402441177,3.160366684726145,14.640305732350672,-0.14313716660471545,0.05816405513052408,-0.02735092994367963,1.877120278369651,-3.2004760372566694,-7.2157,0.0,7.5938950253,6.360842721982815,-0.41254620145842763,0.1676389198885105,-0.07883013561237334,0.040043209459902016,0.004283658124503979,0.10007543951428932,-0.1557447385290511,0.0024375220872749027,-0.06358636555611638
2704.0,11.953511276006894,3.2584001379260736,14.647380498537581,-0.14436262752955778,0.06280009939751316,-0.01974029117230515,1.7345343546183267,-3.139195183022799,-7.2157,0.0,7.5938950253,6.397595320948873,-0.41605285706934214,0.18098978402997248,-0.05689148696006301,0.04036615583405589,0.005948142646148506,0.10151126426884294,-0.1567611801657727,0.0022529767639383547,-0.06488133992507683
2705.0,11.953885727306604,3.3606160780980354,14.646182511536416,-0.14512635939947702,0.06638236416588018,-0.011526579110946348,1.5905000654345036,-3.0740827526030965,-7.2157,0.0,7.5938950253,6.434698830701132,-0.4182408294142587,0.19130787240927058,-0.03321854160484537,0.040705986563921874,0.007595069632996852,0.10325181990534728,-0.15768558948306638,0.002056260814673308,-0.06626998278979225
2706.0,11.953894998164056,3.465755300416673,14.636215977210723,-0.1454081700781963,0.06882596423053008,-0.0028803120125057945,1.4454813761879777,-3.00621140966218,-7.2157,0.0,7.5938950253,6.471966710078853,-0.4190526568924372,0.19834994937682832,-0.008300788056617898,0.041058928094123835,0.009200357177823783,0.10528445114913726,-0.15850137329706793,0.0018498910499298682,-0.06772160226778623
2707.0,11.953531666481124,3.5724877378981272,14.617172056767759,-0.1451877775858585,0.07008099244478624,0.006011928198996467,1.299974512622152,-2.9367131020548825,-7.2157,0.0,7.5938950253,6.50920083995301,-0.418430224421301,0.20197296138787105,0.017326337707891604,0.04142091160565457,0.01074132201897126,0.10758814026160443,-0.15919449562015014,0.0016365379893248117,-0.06920269015181903
2708.0,11.952792849644572,3.679451047893839,14.588941187880154,-0.14444578192122814,0.07013576287904243,0.014955373266501374,1.1545067061508387,-2.8667441024888043,-7.2157,0.0,7.5938950253,6.546195150382643,-0.416317529282228,0.2021433033748978,0.04310395198108806,0.04178766374526889,0.012197532093315255,0.11013370229538869,-0.15975392492549792,0.0014189428433841137,-0.07067832560061946
2709.0,11.95168029960582,3.7852916433255017,14.551616791558443,-0.14316471846528667,0.06901804245675595,0.023755703451256792,1.0096333626344307,-2.7974481441811623,-7.2157,0.0,7.5938950253,6.582739787506664,-0.4126636947686585,0.19894035842923785,0.06847438714728571,0.04215480843889636,0.013551558194625293,0.11288441912334396,-0.16017193187388465,0.0011998295779923572,-0.07211373343607472
2710.0,11.950200381809914,3.8887059364550836,14.505489887279781,-0.14133012324412775,0.06679408633641658,0.032227872092789975,0.8659337501684191,-2.729919619000399,-7.2157,0.0,7.5938950253,6.618625555455482,-0.40742603389072163,0.19255378159115402,0.09290640810396705,0.04251797686512366,0.014789568594331455,0.11579710747446562,-0.1604442113049942,0.0009818174964910718,-0.07347589611509595
2711.0,11.948363933466704,3.988479460914085,14.451034739897214,-0.13893153389334123,0.06356547076263322,0.04020449082405534,0.7240053986012647,-2.6651688813044454,-7.2157,0.0,7.5938950253,6.65364834221853,-0.4005729461604153,0.1832745035191907,0.11591919333903726,0.042872921790722274,0.015901721777370564,0.11882357937486655,-0.16056981848325352,0.0007673398734720656,-0.07473510309476414
2712.0,11.946186002213713,4.08352163304414,14.388886346077602,-0.1359633512658263,0.05946391938775947,0.0475431481066677,0.5844574925075097,-2.6040916071216897,-7.2157,0.0,7.5938950253,6.687613240165829,-0.39208643245967784,0.17148000395512897,0.13710329405311414,0.04321563152306408,0.016882330193423223,0.12191241452897651,-0.1605509285203655,0.0005585737218159546,-0.07586631772841942
2713.0,11.943685471222125,4.172894229057198,14.31981116324507,-0.1324254964212821,0.054644508436638733,0.054132109578401894,0.4479035926384802,-2.54744387821761,-7.2157,0.0,7.5938950253,6.7203381072748085,-0.3819640397183333,0.1576149439114106,0.15613699636257472,0.04354243800870497,0.017729789487250902,0.12501093125891533,-0.16039244537707542,0.0003573847790789956,-0.07685025270155318
2714.0,11.940884582857489,4.255832149428446,14.244672989469366,-0.12832381520784625,0.0492777923841069,0.05989399105236218,0.31495404818356576,-2.495824226406374,-7.2157,0.0,7.5938950253,6.75165637583482,-0.3702200957755513,0.14216869243251973,0.17279691277780626,0.04385011324746167,0.018446290395135574,0.12806721922849398,-0.1601015010370694,0.0001652904042144127,-0.0776740697711624
2715.0,11.937808378717648,4.331755671300956,14.16439622412025,-0.12367020588389141,0.043541487359853276,0.06478718828150229,0.18620845658582574,-2.4496633232039358,-7.2157,0.0,7.5938950253,6.781418994504892,-0.35688616013433727,0.12565155947896653,0.1869621764307047,0.044135948429162894,0.019037350866244286,0.1310320885407893,-0.15968689380919104,-1.655855029970713e-05,-0.07833165556357616
2716.0,11.934484078801272,4.40027407770732,14.079928846684798,-0.11848247099293184,0.03761237017445448,0.06880506446307205,0.0622484942037399,-2.4092213976806205,-7.2157,0.0,7.5938950253,6.809495475387941,-0.34201068925607714,0.10857161013030608,0.1986122278183067,0.0443978111218198,0.019511221023301294,0.13386079779376725,-0.15915851639289097,-0.00018737746620460706,-0.07882346724990474
2717.0,11.930940426020388,4.461181217552029,13.992207336505585,-0.11278391932571903,0.03165899427345395,0.071973105404476,-0.056368614016949814,-2.37459288111319,-7.2157,0.0,7.5938950253,6.835774098665219,-0.32565798520771033,0.0914137791134944,0.20781877979850386,0.0446341774053809,0.019878221318283838,0.13651444758336032,-0.15852681966477034,-0.00034673131333393256,-0.07915598370592031
2718.0,11.927207023734573,4.514444116486966,13.902125443900905,-0.10660276387023315,0.02583570103020457,0.07434442370588716,-0.16911578635594243,-2.345717276925716,-7.2157,0.0,7.5938950253,6.860161393412682,-0.3079065541514876,0.07462265882695006,0.21473303779931177,0.04484413787101714,0.020150074065426016,0.13896096220912185,-0.1578023485802738,-0.0004945047571355321,-0.07934083304232967
2719.0,11.923313693192172,4.560186168335547,13.810508264331705,-0.09997137470023906,0.020278237139026264,0.07599410559569428,-0.27550081176286545,-2.3223948896092366,-7.2157,0.0,7.5938950253,6.882581057944783,-0.2888470392580258,0.05858985911259926,0.21956957647322992,0.04502737860319504,0.020339281267102195,0.14117562537512854,-0.15699537428647886,-0.0006308628062475528,-0.07939369137886138
2720.0,11.919289874783109,4.598666658399422,13.718092529262519,-0.09292545069802309,0.015101103613020025,0.07701293731563355,-0.3750700580136031,-2.30430584551581,-7.2157,0.0,7.5938950253,6.902972503915231,-0.26857990787854286,0.043646309883709114,0.22258840236250682,0.045184140303294915,0.02045858921692266,0.14314117908599064,-0.15611563379036833,-0.0007562059854400296,-0.07933305800064275
2721.0,11.915164092225169,4.630258401436262,13.62551348075563,-0.08550317120585639,0.010396585911014994,0.07750102485542691,-0.46741116783785014,-2.2910308053884045,-7.2157,0.0,7.5938950253,6.921289206824667,-0.24721306607634488,0.030059374916051148,0.22407667117330055,0.04531516030833912,0.0205205652690207,0.14484753283254703,-0.15517217723579554,-0.0008711238070526749,-0.07917900876317263
2722.0,11.9109634928453,4.6554251412530405,13.533298203698514,-0.0777443797018695,0.006235269576344869,0.07756174441751097,-0.5521547997761211,-2.2820718845962737,-7.2157,0.0,7.5938950253,6.937497025849314,-0.22485954913204187,0.018034228468092467,0.22433131432132059,0.04542160321232144,0.0205372968926398,0.14629115825571068,-0.15417331424580194,-0.0009763497862314185,-0.07895201522853089
2723.0,11.906713470716467,4.67470009629624,13.441864894814403,-0.06968983866123728,0.0026677445916837455,0.07729635057439621,-0.6289755055539775,-2.2768725276462254,-7.2157,0.0,7.5938950253,6.951572623942465,-0.20163540071609362,0.007718653968581212,0.22364351706598315,0.04550498604303169,0.02052020969535913,0.1474742606459424,-0.15312664535327192,-0.001072720519059294,-0.07867189536551991
2724.0,11.902437373286656,4.688666695133291,13.351527275066546,-0.06138058033114273,-0.00027285161240859536,0.07679944561863496,-0.6975918564100119,-2.274835386073005,-7.2157,0.0,7.5938950253,6.963502081206296,-0.1776578129412133,-0.0007897321996058135,0.22228563936828327,0.0455671035388205,0.020479990761180365,0.14840382292813933,-0.15203916208083257,-0.0011611405340959335,-0.07835693701707659
2725.0,11.89815628687846,4.697942175405821,13.262503205009033,-0.05285736437412756,-0.002567811831300915,0.07615539568797626,-0.7577659386189466,-2.275337580669215,-7.2157,0.0,7.5938950253,6.973279756075035,-0.15304356059743993,-0.00743485927192546,0.22050083375893226,0.045609958153377754,0.020426596890549174,0.1490906119718307,-0.15091739910969046,-0.0012425538345718372,-0.07802321159593573
2726.0,11.893888892439557,4.703164360384194,13.174926527705505,-0.04416024179958028,-0.00420969127388094,0.07543568052841686,-0.8093023359100501,-2.2777430536181638,-7.2157,0.0,7.5938950253,6.980907414002358,-0.1279077300749446,-0.012193141006839566,0.21849533131723486,0.045635698185154366,0.020369323973768567,0.14954822396208897,-0.14976762337306324,-0.0013179223407050237,-0.07768407548930303
2727.0,11.889651380368035,4.704981608187954,13.088861216749292,-0.03532821620384427,-0.005199279389676147,0.07469709199216454,-0.8520467065884505,-2.281412006433998,-7.2157,0.0,7.5938950253,6.986393614621953,-0.10236271941766237,-0.015064796203368487,0.21643315996456186,0.045646566077667136,0.020316913173125048,0.14979222828592087,-0.1485960470133747,-0.0013882108601520231,-0.07734984209134134
2728.0,11.885457412113416,4.704045667524523,13.004317018397959,-0.026398988334949677,-0.005542935933360673,0.07398065380705965,-0.8858840490190569,-2.285707659267464,-7.2157,0.0,7.5938950253,6.989753326791987,-0.0765174714447362,-0.016066200591460505,0.2144329355852716,0.045644857634074984,0.020277671037132627,0.14983945077491795,-0.14740905329257933,-0.001454377774560021,-0.07702759874080792
2729.0,11.881318116411672,4.701006977156905,12.921265917656651,-0.017408768152946917,-0.005250452921849655,0.0733111197778823,-0.9107367336233285,-2.290000749277441,-7.2157,0.0,7.5938950253,6.991007726434346,-0.05047689633363247,-0.015223740445756907,0.2125663206390776,0.04563289175308185,0.020259583333378912,0.1497074193969322,-0.14621342628985565,-0.0015173703274923367,-0.07672113972047648
2730.0,11.877242109210004,4.696511812823669,12.8396589027085,-0.008392139319841355,-0.004333545336097734,0.0726969146427688,-0.9265623651464676,-2.29367231096618,-7.2157,0.0,7.5938950253,6.990184123789849,-0.024341441970299648,-0.012569469869844791,0.21085776364711672,0.04561298939134398,0.020270405611239113,0.14941398002015943,-0.1450165763192105,-0.0015781232178691178,-0.07643098789826547
2731.0,11.87323552829682,4.691200608507774,12.759442630440565,0.0006180362762431939,-0.0028050223410514942,0.07213040528935509,-0.9333515276080472,-2.2961153549235345,-7.2157,0.0,7.5938950253,6.987315963431309,0.0017932222152786865,-0.008138726753876304,0.20928519916042912,0.04558745981388665,0.020317716836017942,0.14897707734457366,-0.14382675338787188,-0.0016375591226714468,-0.07615448231149262
2732.0,11.869302076098805,4.685706750065672,12.68057569433004,0.009590682500716917,-0.0006786484703801233,0.07158842375537296,-0.9311254573683837,-2.296736090805769,-7.2157,0.0,7.5938950253,6.982442840871441,0.027836431327754457,-0.001969740061774516,0.2077814839120848,0.04555859180045667,0.02040892561908575,0.148414686569097,-0.1426532407622858,-0.0016965897722250988,-0.07588591573943534
2733.0,11.865443066791585,4.680655149585639,12.603044257118583,0.018496545609720305,0.0020303301932255717,0.07103300176418713,-0.9199336878023846,-2.2949553332280086,-7.2157,0.0,7.5938950253,6.975610482813647,0.05370267192451036,0.005894838883208602,0.2062364546356497,0.045528647305648824,0.020551221525750736,0.14774487449446427,-0.14150651996420174,-0.0017561162634167629,-0.07561671392167882
2734.0,11.86165747658271,4.676659951250794,12.526876832332755,0.027308203346449983,0.005304048264639739,0.07041231472761056,-0.8998517122123705,-2.2902106920036935,-7.2157,0.0,7.5938950253,6.966870643254487,0.0793116482365526,0.015404631526207342,0.2044996027878069,0.04549985509029904,0.020751466723461606,0.1469859639978735,-0.14039839748284305,-0.0018170274079743255,-0.07533565560264852
2735.0,11.857941998593377,4.674320788981461,12.452157983009753,0.036000042428588244,0.009120350003476635,0.06966186738426869,-0.8709787192548948,-2.2819600853317463,-7.2157,0.0,7.5938950253,6.956280874313208,0.10458825501187148,0.02649667688179289,0.20238346010401584,0.045474402017895516,0.02101602596544741,0.14615677255541978,-0.1393420823761019,-0.0018801950665782862,-0.075029139268879
2736.0,11.854291106050953,4.67421711010048,12.379040658618257,0.04454819732342838,0.013450686698865903,0.06870598057849577,-0.833435466140496,-2.2696870285811843,-7.2157,0.0,7.5938950253,6.943904138681665,0.12946243550647552,0.03908931817436158,0.19966786792683017,0.04545442001392866,0.021350535750928663,0.14527689320138168,-0.13835220295820755,-0.0019464656111005312,-0.07468150773691526
2737.0,11.850697129397393,4.676900197029548,12.307756820450498,0.052930441276906194,0.018257707970481707,0.06745965684973912,-0.7873623674833985,-2.2529080429889925,-7.2157,0.0,7.5938950253,6.929808240018541,0.15386889750697233,0.05307519319035017,0.1961053559210898,0.04544196709438812,0.0217596166222064,0.14436698461081554,-0.13744475013544738,-0.0020166468851609007,-0.07427544523953868
2738.0,11.847150354330315,4.682882661153429,12.23862592208732,0.061126019944885916,0.023492697347390748,0.06583090973353836,-0.7329178897487812,-2.231182397481778,-7.2157,0.0,7.5938950253,6.914065058635208,0.1777466584047885,0.06831376317612034,0.19142787695704847,0.04543900136126481,0.022246536081091423,0.14344903565955125,-0.13663693484223124,-0.0020914902966888286,-0.07379246304945944
2739.0,11.84363914865474,4.6926253504031585,12.172060726890955,0.06911541882713139,0.029093028430513247,0.0637236365870041,-0.6702773502165476,-2.2041242422288856,-7.2157,0.0,7.5938950253,6.896749592632045,0.2010383927363344,0.08462389109052032,0.18535513053617833,0.04544734741728172,0.022812833610897303,0.1425465688198541,-0.13594694762332127,-0.002171667973764254,-0.0732134887489507
2740.0,11.8401501260847,4.70652180510845,12.108569872105189,0.07688005814016767,0.03497984386706215,0.06104109626072381,-0.5996322224894297,-2.1714170142424334,-7.2157,0.0,7.5938950253,6.877938819350883,0.22368956260899947,0.10177705589775143,0.1776046539772474,0.04546865524593341,0.023457923783931342,0.1416847462274194,-0.13539360988140103,-0.002257745243312652,-0.07251957082241059
2741.0,11.836668354769095,4.724880613934704,12.048756543232429,0.08440191285312641,0.04105618316452187,0.05769002026096466,-0.5211900450707051,-2.1328297946008816,-7.2157,0.0,7.5938950253,6.857710408535585,0.24564732327054595,0.11949185933285954,0.16790376636593723,0.04550435220914192,0.024178698335276014,0.14089034249872628,-0.13499590885684978,-0.0023501490454336943,-0.07169270416765816
2742.0,11.83317761732579,4.7479062593274355,11.99331261769892,0.09166306136244248,0.04720580393099888,0.053585338785194836,-0.4351750129859476,-2.0882350772643385,-7.2157,0.0,7.5938950253,6.8361413365917745,0.26685921280456376,0.13743053624428142,0.15600331380533677,0.04555558940331296,0.024969153191600528,0.14019154982470575,-0.1347724122576763,-0.0024491332659764475,-0.07071677327512574
2743.0,11.82966072758147,4.7756792923406515,11.94300768828537,0.09864517362838544,0.05329295033608638,0.04865544137185147,-0.34182930306475695,-2.0376271777702057,-7.2157,0.0,7.5938950253,6.813306470110858,0.2872716563691894,0.15519820740062149,0.1416929862876103,0.04562318415561309,0.025820071409022226,0.13961758409400465,-0.13474056388367237,-0.002554742346022323,-0.06957859816016682
2744.0,11.826099907087697,4.808136928032557,11.898672498546517,0.10532895835059677,0.05916331739757949,0.04284781704453983,-0.24141514066179212,-1.9811402772196387,-7.2157,0.0,7.5938950253,6.789277205252196,0.3068283410157353,0.17234560001688135,0.1248177597670832,0.045707560912249735,0.026718797261782536,0.13919806651680314,-0.13491586888899987,-0.0026667748969793847,-0.06826905373466283
2745.0,11.822477221888988,4.8450553874674345,11.861176526638603,0.11169359855539222,0.06464643431789721,0.03613483342058818,-0.13421756011592725,-1.9190648785925533,-7.2157,0.0,7.5938950253,6.7641202660599875,0.32546854589062646,0.18837588945641626,0.10529476927512847,0.04580869315840129,0.02764913958524099,0.13896216424838476,-0.13531098677295178,-0.00278474939986259,-0.06678421650646782
2746.0,11.818775077033358,4.886035507613163,11.83139974888185,0.11771621518721778,0.06955963838648828,0.02851932318538298,-0.020547745817397933,-1.8518612696096055,-7.2157,0.0,7.5938950253,6.737896777222768,0.34312554277135665,0.20275616777504715,0.08312965407435942,0.045926049322124025,0.028591442947004907,0.13893748671450737,-0.13593476191227877,-0.002907874379838213,-0.06512647406269265
2747.0,11.814976763002072,4.9304932671097355,11.810199001669423,0.12337140799073815,0.07371372726462366,0.0200395575144277,0.09925322985831883,-1.7801684654841485,-7.2157,0.0,7.5938950253,6.710661732593884,0.3597252106825988,0.21493380437432522,0.05843115650754948,0.04605854587794413,0.029522862164485422,0.13914875248164438,-0.1367912352714043,-0.003035025699715028,-0.06330551412629563
2748.0,11.811067044627679,4.97765690032013,11.79836983161784,0.1286309307940313,0.0769202579140123,0.010773111033135493,0.22481052448929925,-1.7048070767810237,-7.2157,0.0,7.5938950253,6.682463977101154,0.37518503189514896,0.22435761943651358,0.03142253563451997,0.04620451111827631,0.030417867931967386,0.13961626500381666,-0.1378786961364529,-0.0031647337775728055,-0.06133909331379039
2749.0,11.8070327791711,5.026572158534509,11.796605256865886,0.13346356251318708,0.07900030488455562,0.0008390771381489321,0.3557118111196076,-1.6267746450755443,-7.2157,0.0,7.5938950253,6.653346803610053,0.3894136498621697,0.2305033410319714,0.0024482194595262267,0.04636166333652042,0.031248997888266815,0.1403542640947577,-0.13918884784141403,-0.0032951835608598166,-0.059253474249015524
2750.0,11.802863546036471,5.076116992619293,11.805453417308284,0.13783523375821133,0.07979430511221935,-0.00960190566666855,0.49150408271669555,-1.5472322429051406,-7.2157,0.0,7.5938950253,6.623349235524434,0.4023111666460765,0.23290227836608954,-0.028025881086104137,0.04652710746764069,0.03198784791327862,0.14136925200280293,-0.14070617409872285,-0.0034242299248538385,-0.05708341742631723
2751.0,11.798552266126869,5.125026453498928,11.825276610214416,0.1417094597794955,0.07917241512256196,-0.02035028742414675,0.6316913387723215,-1.4674815657764926,-7.2157,0.0,7.5938950253,6.592508019275421,0.41377033209568576,0.23117155727679947,-0.05941978184684486,0.04669735450337219,0.03260627332251275,0.14265842538607937,-0.14240759947606288,-0.003549430740851097,-0.05487162556153998
2752.0,11.794095784169388,5.171927930797383,11.856214616053776,0.14504811204509302,0.07704461361091891,-0.03117322110446675,0.775733495023933,-1.388932358444549,-7.2157,0.0,7.5938950253,6.5608602892419325,0.42367872462597334,0.22504369876822064,-0.09105551512396093,0.04686836808836981,0.03307774078960537,0.14420837229421463,-0.14426253501920724,-0.0036680991085592607,-0.05266756702293952
2753.0,11.789495383357021,5.215385997215559,11.898155407753492,0.14781253250851353,0.0733696334852408,-0.04181323994640955,0.9230467942273262,-1.3130607981180873,-7.2157,0.0,7.5938950253,6.528446795333647,0.4319219423171206,0.21439288038864512,-0.12218216889819426,0.047035642342892696,0.03337874285624041,0.1459942092333641,-0.14623338405340752,-0.003777375107876742,-0.050525653367277684
2754.0,11.784757197402651,5.2539551754692875,11.95071628575707,0.14996495787773104,0.0681617357250002,-0.05199976420255099,1.0730059067474622,-1.2413603302556675,-7.2157,0.0,7.5938950253,6.495315505724955,0.43838771663674836,0.19925500003036056,-0.15200923080304976,0.04719431392896663,0.03349016243975753,0.1479793316752762,-0.14827655286628735,-0.0038743159322727834,-0.04850281256350725
2755.0,11.779892484203828,5.2862379610750105,12.013238014060025,0.1514701794968867,0.061494390341192334,-0.061462838049371575,1.2249477816821837,-1.1752873656168774,-7.2157,0.0,7.5938950253,6.461525326691888,0.44297073939044773,0.17983880159304005,-0.1797465277072909,0.04733930922486691,0.03339846080954687,0.15011592243210972,-0.15034396431951313,-0.003956001409224174,-0.046655578607296314
2756.0,11.774917726027413,5.3109445910464315,12.084793746266062,0.15229732375514682,0.05350012130651929,-0.06994813603919081,1.3781771783102248,-1.1162050359025635,-7.2157,0.0,7.5938950253,6.427149626948995,0.4455778737007707,0.15652586471458957,-0.20464799352471616,0.04746552425555776,0.03309656397186947,0.1523463059064954,-0.1523850158647576,-0.004019649949990857,-0.04503689858006538
2757.0,11.769854526530569,5.326950460495792,12.164213379164014,0.1524216057192683,0.04436611132394344,-0.07723198529975185,1.5319736743764205,-1.0653287685223052,-7.2157,0.0,7.5938950253,6.392279229018097,0.4461333234996764,0.12985823500746238,-0.22605563115322003,0.04756803075041018,0.0325843426303361,0.15460515206520728,-0.15434886281793608,-0.004062738097197153,-0.04369292537480336
2758.0,11.764729284863826,5.333346902719169,12.250122598863467,0.1518258926686686,0.03432561492278223,-0.08313499440606577,1.6855998357504824,-1.0236776403841714,-7.2157,0.0,7.5938950253,6.357024543103341,0.44458328583598805,0.10051378195427259,-0.24343956311631493,0.04764229695485531,0.03186861951017507,0.1568224320161305,-0.15618685442638436,-0.00408311541896161,-0.042660102324725765
2759.0,11.75957264171955,5.329481345731348,12.340994451532275,0.15050192019595876,0.023645732797608093,-0.08753291508639155,1.838310152913527,-0.9920352280411302,-7.2157,0.0,7.5938950253,6.321516573772478,0.4408996235421554,0.06927084169603667,-0.2564301456013834,0.047684407472019186,0.030962690325231766,0.15892692251032475,-0.15785491529586881,-0.004079105863458157,-0.04196284214771391
2760.0,11.754418710383682,5.314983651668135,12.435209985354936,0.14845103347663655,0.012612571109741158,-0.09036360819742068,1.9893603113929021,-0.9709229716236436,-7.2157,0.0,7.5938950253,6.285906623291779,0.4350821788194745,0.036965083977036586,-0.2648388133095123,0.047691263523819874,0.029885402667046333,0.1608499690026849,-0.1593156571945756,-0.004049587097616023,-0.0416120515579366
2761.0,11.749304125490363,5.289776658650895,12.531123576128566,0.14568437710246185,0.0015151574477027167,-0.09162941571501688,2.138016366459839,-0.9605879785973478,-7.2157,0.0,7.5938950253,6.250364637248243,0.42715949281552434,0.004442575791370974,-0.2686655599061351,0.04766074456437422,0.02865989015035484,0.1625291648897545,-0.1605400301255594,-0.003994040901762794,-0.04160465934333251
2762.0,11.744266960383426,5.254070418448079,12.627128121288434,0.14222252050433384,-0.009370359844266138,-0.09139478730812617,2.283563431787362,-0.9610058532404315,-7.2157,0.0,7.5938950253,6.215076271688511,0.41718787966093207,-0.027486508755624323,-0.26809254535730964,0.04759181468430263,0.027312097296786617,0.16391160112351055,-0.1615083741566144,-0.003912570250109973,-0.04192418461417394
2763.0,11.739345577786258,5.208341144196365,12.721715432776543,0.13809457124186264,-0.019794771162045265,-0.08977957587124011,2.425313557511527,-0.9718977429524545,-7.2157,0.0,7.5938950253,6.180238887148819,0.4052489934604417,-0.05808925736225359,-0.2634649749656203,0.04748456257356702,0.025869247109798994,0.16495638843832194,-0.16221080562420012,-0.0038058819268622906,-0.04254225527000483
2764.0,11.734577485432295,5.153297250490192,12.813527848113882,0.13333688411817524,-0.029546942324235048,-0.08694890263509292,2.5626125553568957,-0.9927595245488154,-7.2157,0.0,7.5938950253,6.146056775039008,0.3914461908469743,-0.08674297513766846,-0.25526182766252387,0.04734017120352098,0.024358396539339473,0.1656362461244082,-0.16264695027714282,-0.0036752369569077506,-0.04342087716531375
2765.0,11.72999826698457,5.089835849292335,12.9013981819139,0.12799151018686336,-0.0384612716380484,-0.0831008117984154,2.694845615983072,-1.0229001332046865,-7.2157,0.0,7.5938950253,6.112735982497021,0.375900100373241,-0.11295745981993079,-0.2440599649970244,0.04716082133652356,0.022805197657016683,0.16593806810823933,-0.16282510649077364,-0.0035223741324482524,-0.04451518218294191
2766.0,11.725640649752552,5.0189936108387325,12.98437645768838,0.12210454280323836,-0.04642119597915874,-0.07845305437119171,2.821441648295832,-1.061485505851975,-7.2157,0.0,7.5938950253,6.080479116690707,0.35874385248709906,-0.1363857420887077,-0.23049552717996608,0.04694954019648793,0.021232942634887002,0.1658624980224758,-0.16276097392086825,-0.0033494141646492415,-0.04577635630715994
2767.0,11.721533755294503,4.94189596269679,13.061743209767261,0.1157245083815392,-0.05335893660636576,-0.07323026441558159,2.9418763498127434,-1.1075845169744056,-7.2157,0.0,7.5938950253,6.049480479671196,0.340118400626818,-0.1568237915331683,-0.2152263229184721,0.04671001184708262,0.01966192669628756,0.16542264953928865,-0.16247611074379137,-0.003158753169245513,-0.04715446634269263
2768.0,11.717702560213493,4.85970820729864,13.133010314946722,0.10890092151964409,-0.05925204060795487,-0.06765255352101365,3.055674082323899,-1.1602136126841593,-7.2157,0.0,7.5938950253,6.019921819982799,0.3201682861527922,-0.17420076917423094,-0.19889824449994037,0.046446368199044206,0.01810912294025304,0.1646421802383822,-0.16199628411258796,-0.002952954178536614,-0.04860095791821449
2769.0,11.714167574974725,4.773591463257751,13.197911196885203,0.10168308633700766,-0.06411750377058145,-0.06192622536327238,3.1624086796557225,-1.218377436541902,-7.2157,0.0,7.5938950253,5.991968899799653,0.2990380922835204,-0.1885620972006026,-0.1821178030884825,0.04616297926660262,0.01658813256126654,0.16355296202032477,-0.1613498598738674,-0.0027346444325322045,-0.050070670979792946
2770.0,11.710944730703691,4.684665485921143,13.256382787461432,0.09411918536279557,-0.0680043498093834,-0.05623696414496271,3.2617033523580794,-1.281103495114362,-7.2157,0.0,7.5938950253,5.965768981035505,0.2768697154933526,-0.2000478957765935,-0.16543186389690634,0.04586425869621514,0.015109355352007407,0.16219258986191915,-0.16056634530051733,-0.002506424558477241,-0.051523297677269556
2771.0,11.708045450061492,4.5939795346378824,13.308541817676414,0.08625566036597723,-0.07098550587774932,-0.05074553322720146,3.3532298745001308,-1.347469709851104,-7.2157,0.0,7.5938950253,5.941449244488986,0.25380047526142024,-0.20886925045850593,-0.14931472781974114,0.045554496505283655,0.013680318340622777,0.16060194075256706,-0.15967516004388943,-0.00227079374140972,-0.052924278796143906
2772.0,11.705476868894817,4.502491650852671,13.354657915826369,0.0781368607009851,-0.07314969268382362,-0.045585772691165705,3.436707243466664,-1.4166244311508605,-7.2157,0.0,7.5938950253,5.919116082003532,0.22996199824220295,-0.21528442977442344,-0.13416197279273528,0.04523772635186016,0.012306102658892044,0.15882294750329418,-0.1587046730625016,-0.0020300929739634375,-0.05424518986953913
2773.0,11.703242170722454,4.411056053871679,13.395125682873797,0.06980491551742553,-0.07459387774793402,-0.04086451991101923,3.51189999465633,-1.487799094869189,-7.2157,0.0,7.5938950253,5.898855148740868,0.20547975548102837,-0.219576682335515,-0.12028997523920404,0.044917630240173846,0.010989817084484682,0.15689669806038936,-0.15768151118174864,-0.001786466680251236,-0.05546370396572981
2774.0,11.701340995601143,4.320417885482437,13.430437481679524,0.061299776389179925,-0.07541665815650003,-0.036662993935724635,3.578616332150452,-1.5603141468892945,-7.2157,0.0,7.5938950253,5.880732032371731,0.18047310110876386,-0.2220347116170809,-0.1079397772922373,0.0445974798946154,0.009733078052234022,0.15486191893256898,-0.15663012072979832,-0.0015418415972281436,-0.056563235462397235
2775.0,11.699769887557027,4.231214240260156,13.461158194422183,0.052659375010357126,-0.07571277107991256,-0.033039169057851314,3.6367062069089386,-1.633579146137241,-7.2157,0.0,7.5938950253,5.864793386397397,0.15505565378992253,-0.2229364328333483,-0.09728391113516506,0.04428011136813953,0.008536467766325287,0.15275385724136414,-0.1555725478778474,-0.0012979208261596027,-0.05753237116636563
2776.0,11.698522749494813,4.143980283059703,13.48790273113502,0.04391984445755707,-0.07556879247776832,-0.030030696872433114,3.6860594394301067,-1.7070880988024493,-7.2157,0.0,7.5938950253,5.851068381862152,0.12933587205514302,-0.22253620876802938,-0.08843488442162468,0.04396792782308896,0.007399952665760996,0.15060354268637152,-0.15452839507707933,-0.0010561904207975826,-0.058364186286077605
2777.0,11.697591280299136,4.059159244308083,13.511316652550123,0.03511575996773571,-0.07505998364919508,-0.027658000611916485,3.7266039475794877,-1.7804111060190502,-7.2157,0.0,7.5938950253,5.839570350327134,0.10341769531013732,-0.22105546131277082,-0.08145421550890065,0.04366292470658777,0.006323252985688532,0.14843738891410327,-0.15351490880194435,-0.0008179356920721141,-0.05905552737244589
2778.0,11.696965374908563,3.97711515897483,13.532059925160324,0.02628036437771163,-0.07424818139478247,-0.025927244557315415,3.7583041055106507,-1.853183357065222,-7.2157,0.0,7.5938950253,5.8302985160400524,0.07740114839993215,-0.21867636323325026,-0.07636113695912333,0.04336673152745899,0.005306160228034658,0.1462770822632381,-0.15254715593485726,-0.0005842644917930178,-0.059606326075223766
2779.0,11.69663347389694,3.8981473405454756,13.550793564072476,0.017445752932142716,-0.07318059584658596,-0.02483296295361058,3.781159228676888,-1.9250924017208484,-7.2157,0.0,7.5938950253,5.823239742266324,0.05138283505707568,-0.21553821726064115,-0.07314032500557283,0.043080664893079657,0.004348803137660701,0.14413970258907438,-0.15163825093654054,-0.0003561349964153514,-0.060018989094262155
2780.0,11.696582854196235,3.822505726938838,13.568168738310119,0.008643001192272227,-0.07188937353186046,-0.02436020940650431,3.795202154549976,-1.99586451529511,-7.2157,0.0,7.5938950253,5.818370242233948,0.025456271697930796,-0.21173610695059528,-0.07174823831158526,0.042805788168553016,0.0034518646419421928,0.14203802349192857,-0.15079960211490695,-0.0001343858625335114,-0.06029789272612565
2781.0,11.696799856892074,3.750406378599297,13.58481780622971,-9.777221739225989e-05,-0.07039179437195592,-0.02448615511745857,3.8004978698313154,-2.0652508480551224,-7.2157,0.0,7.5938950253,5.8156572266544195,-0.00028796362512595157,-0.20732143370693026,-0.07211784882336053,0.04254297390574835,0.0026167526168347846,0.13998094552780782,-0.1500411518678993,8.023299828862674e-05,-0.06044899577677227
2782.0,11.697270051514096,3.6820465351532694,13.601346705378761,-0.008747409481441051,-0.06869099289835831,-0.02518112109274889,3.7971421231242255,-2.1330139407425697,-7.2157,0.0,7.5938950253,5.815060475895839,-0.025762272334358707,-0.20230401580257062,-0.0741617161803417,0.042292965935460475,0.0018457267646127956,0.13797402392781571,-0.1493715921038654,0.0002870304237651463,-0.06047957259078349
2783.0,11.697978339018004,3.6176187382270264,13.61832813063218,-0.017277779918878272,-0.0667771197807643,-0.026409075886985982,3.785259957300419,-2.198915096814926,-7.2157,0.0,7.5938950253,5.816533835041952,-0.05088225511753878,-0.1966554997605206,-0.0777734953801462,0.042056438650099816,0.0011419827616902314,0.13602006047770712,-0.14879854178353602,0.00048534587945853473,-0.060398058426185675
2784.0,11.698908997851637,3.557323602330032,13.636294986702598,-0.025661900042792923,-0.0646288847939124,-0.02812766758470403,3.7650040979437627,-2.26270303205735,-7.2157,0.0,7.5938950253,5.820026634387382,-0.07556708549802052,-0.1903139071822121,-0.08282807811147165,0.04183405149626353,0.0005096935325398164,0.13411973642366198,-0.14832867852577242,0.000674524067763618,-0.060213992092252755
2785.0,11.700045679261436,3.5013808657590553,13.655733687258884,-0.0338740950214861,-0.06221544282839554,-0.03028788783142761,3.736553142924874,-2.3241041712534427,-7.2157,0.0,7.5938950253,5.825485037012498,-0.09974000149064892,-0.1831891997855451,-0.08918065487916513,0.0416264970479103,-4.599366675270278e-05,0.13227226888482002,-0.14796782044622167,0.0008538929493166435,-0.05993803534118719
2786.0,11.701371359459767,3.4500383852429444,13.677076985194962,-0.041890186430394036,-0.05949859790353736,-0.0328334877869366,3.7001095128494135,-2.38281492468282,-7.2157,0.0,7.5938950253,5.832853309925764,-0.12332887130878145,-0.1751697843620523,-0.09666505057507957,0.04143454126657112,-0.0005190064776530931,0.13047607692430344,-0.14772095789199005,0.0010227457422502472,-0.05958204469314575
2787.0,11.702868257534657,3.4035787596090814,13.700696150132512,-0.04968768919823793,-0.05643530493126936,-0.03570028139924951,3.655897142173347,-2.4384962474646508,-7.2157,0.0,7.5938950253,5.842075007073732,-0.14626678308347416,-0.16612989329607275,-0.10509173197026425,0.0412590547149117,-0.0009024453750368991,0.12872944510935147,-0.1475922375599391,0.0011803273924520432,-0.05915916900471331
2788.0,11.704517729093396,3.362323288170255,13.726892453334543,-0.05724599947354686,-0.0529804448433195,-0.03881548038603327,3.6041589153148967,-2.4907707544961477,-7.2157,0.0,7.5938950253,5.853094042666402,-0.1684926049504515,-0.15593776412637642,-0.11424591172817353,0.041101033621304475,-0.0011887323428939542,0.1270311722726576,-0.14758490370677757,0.0013258259638297206,-0.05868394509063507
2789.0,11.706300146593762,3.3266329977832427,13.755888069949584,-0.06454655483375221,-0.049089836262492505,-0.04209720735952887,3.545153879943404,-2.539222625404207,-7.2157,0.0,7.5938950253,5.86585562318745,-0.18995146085245251,-0.14446450527197077,-0.12388617884172017,0.04096160984375774,-0.0013698113009503188,0.125381191660432,-0.14770120283613225,0.0014583693641914666,-0.05817236407739462
2790.0,11.708194778089302,3.2969065165502363,13.787816656472861,-0.07157294891466605,-0.04472342770032549,-0.045454328059352525,3.4791542992498177,-2.5834004810398405,-7.2157,0.0,7.5938950253,5.880306997590077,-0.21059506925222413,-0.13159347905276722,-0.13374406826363366,0.04084204899371664,-0.0014373996474282835,0.12378114624915411,-0.14794225944121206,0.0015770277826615614,-0.05764188293240009
2791.0,11.710179676619832,3.2735746379766426,13.82271399950421,-0.07831098422797568,-0.03984859056503408,-0.04878673016898107,3.4064426344600496,-2.6228233408969266,-7.2157,0.0,7.5938950253,5.896397978873569,-0.23038189687559874,-0.1172299642597526,-0.14352494160931067,0.04074373628448048,-0.0013832881092273944,0.12223490034521572,-0.14830793116249133,0.0016808221528183177,-0.05711135877695522
2792.0,11.712231592614323,3.2570915106010463,13.860509251959517,-0.08474864968875342,-0.034443407849236836,-0.05198615453522036,3.3273085758237544,-2.6569896770837236,-7.2157,0.0,7.5938950253,5.91408118768477,-0.24927708769169452,-0.10131078701982445,-0.15291048589473666,0.04066815007949278,-0.0011996835285615834,0.12074896627685566,-0.14879665218122803,0.0017687388582626605,-0.05660088808796959
2793.0,11.714325921335705,3.247922505304022,13.901017366621454,-0.09087601315448651,-0.028499829255422382,-0.054937655170395755,3.2420462622086594,-2.6853894654409793,-7.2157,0.0,7.5938950253,5.9333119707450015,-0.2672521384666315,-0.08381353945949892,-0.16156304966494678,0.04061682362721526,-0.0008795864293473163,0.11933282361712272,-0.1494052739317855,0.0018397507530476436,-0.056131538558571864
2794.0,11.716436696496432,3.2465289533036223,13.943933396776227,-0.09668502395992952,-0.022026543651498018,-0.05752172819732813,3.1509518435781745,-2.7075190011064465,-7.2157,0.0,7.5938950253,5.954047954410068,-0.284284306030995,-0.06476494931441187,-0.16913192873653468,0.04059129605594687,-0.0004171923664540167,0.11799910839043126,-0.15012891241869775,0.0018928443705255016,-0.055724967958499017
2795.0,11.718536639656424,3.2533501070675044,13.988829353483453,-0.10216922581661855,-0.015051406702716912,-0.05961710847290217,3.054321544516642,-2.7228980997416814,-7.2157,0.0,7.5938950253,5.976248206809186,-0.30035574727577113,-0.0442479276084595,-0.17526159195860957,0.040593054319700936,0.00019169667821669623,0.1167636513949492,-0.15096081170674702,0.001927052936894489,-0.05540293147428866
2796.0,11.720597272878816,3.2687828464583397,14.0351542844091,-0.1073233862680003,-0.007623257281840861,-0.061104187986996655,2.952450378543467,-2.731089154197677,-7.2157,0.0,7.5938950253,5.999872000656017,-0.3154524100480829,-0.02240681146575328,-0.1796017069047365,0.04062346837782231,0.0009492670946679577,0.11564534820966396,-0.15189223361663504,0.0019414944911870916,-0.05518668635168508
2797.0,11.722589099423061,3.2931598240526734,14.08223816790198,-0.11214305485062737,0.0001870379014287148,-0.061868964459199004,2.845631640943618,-2.7317173683783347,-7.2157,0.0,7.5938950253,6.024877192431008,-0.3295627106638286,0.0005496614825931539,-0.18181869274291157,0.04068372239375819,0.0018553130414944233,0.11466584856086409,-0.1529123843301064,0.0019354140488812973,-0.05509630986948682
2798.0,11.724481854121123,3.3267269062606015,14.12930009811437,-0.11662406790086069,0.008286455483146795,-0.06180738399366449,2.734157271998881,-2.724491354938836,-7.2157,0.0,7.5938950253,6.051218261199438,-0.3426760507776675,0.02434806031910619,-0.181608398995757,0.04077474509380591,0.0029069005524671662,0.1138490592746205,-0.15400838939424066,0.001908228346402829,-0.055149953479393915
2799.0,11.72624482168636,3.3696209095440026,14.175461074561879,-0.12076202327092744,0.01656071919316294,-0.060829900174284565,2.618319133838691,-2.709223170842152,-7.2157,0.0,7.5938950253,6.078844080386155,-0.35478124198716515,0.048652981826659225,-0.17870939016457746,0.040897142590199415,0.0040980975955924315,0.11322046274545576,-0.15516532927935814,0.0018595712918180762,-0.05536306217862131
2800.0,11.727847217758658,3.4218487423745496,14.219761506608663,-0.12455175280550923,0.024876315183371203,-0.058866035374306326,2.4984111849944686,-2.6858467840457654,-7.2157,0.0,7.5938950253,6.107695526420315,-0.3658649200044594,0.07307300667845157,-0.17291621224175682,0.04105113692227028,0.0054197917009184,0.11280626141112332,-0.15636634780926822,0.0017893378556918316,-0.05574759374768718
2801.0,11.729258624217067,3.483269132272741,14.26118330578437,-0.12798682402048095,0.03308365023469078,-0.055868700063024614,2.3747324708120874,-2.654433924572231,-7.2157,0.0,7.5938950253,6.1377030568449715,-0.37591004075927953,0.09716997357632866,-0.16409193273284747,0.04123651330983839,0.0068596161404319775,0.11263236789506,-0.15759284495844494,0.001697723807320309,-0.05631127731241567
2802.0,11.73044946739969,3.5535781321706885,14.29867617435382,-0.13105910474935017,0.04102132708101741,-0.05181800449061955,2.247590779988853,-2.6152062821873003,-7.2157,0.0,7.5938950253,6.168784414357988,-0.3848945576350502,0.12047148933793694,-0.15217918628462893,0.04145257867803169,0.008402003679501946,0.1127232700845025,-0.15882476317631167,0.0015852584848235485,-0.057056954635269524
2803.0,11.731391525523184,3.632299550751001,14.331187417291927,-0.13375842527397,0.048521445625213475,-0.046724286821083726,2.1173067533497565,-2.568543078332091,-7.2157,0.0,7.5938950253,6.200842629083092,-0.3927903813169142,0.14248640480133132,-0.13720893020101882,0.04169813346012486,0.010028383254761103,0.11310081030779227,-0.16004097211030546,0.0014528277362389434,-0.05798205029390041
2804.0,11.732058449888944,3.7187813277637893,14.357694319933103,-0.13607237127441651,0.055415766580671426,-0.04063008578627875,1.9842181766841147,-2.514983168087349,-7.2157,0.0,7.5938950253,6.233764495851139,-0.3995627204233732,0.1627227793705888,-0.11930612699517812,0.04197145808720021,0.01171752922072642,0.11378292775538149,-0.16121975012762169,0.0013016843339783818,-0.05907821789810353
2805.0,11.732426283423544,3.812198670407096,14.377237862031503,-0.13798623741613644,0.06154249791235665,-0.03361080813271901,1.8486841510207508,-2.455221023002482,-7.2157,0.0,7.5938950253,6.267419693409578,-0.4051698910482123,0.18070763897116313,-0.09869163566006184,0.042270315004020315,0.013446064828078037,0.11478242296429492,-0.16233935250467751,0.0011334435874587713,-0.06033120788671672
2806.0,11.73247395968084,3.9115644777296072,14.388956302001825,-0.13948316514914222,0.06675338906368294,-0.025773885595342487,1.7110888163439815,-2.3900962084206467,-7.2157,0.0,7.5938950253,6.301660686150254,-0.4095636654213948,0.19600761622371718,-0.07567972124301246,0.04259196656789715,0.015189111393104159,0.11610581183873503,-0.16337864614876788,0.000950062578534148,-0.061720997184025045
2807.0,11.732183765537018,4.01574721044794,14.392116987866357,-0.14054447904745054,0.07092075027764581,-0.017256286169433123,1.5718443121907297,-2.320576295090439,-7.2157,0.0,7.5938950253,6.336323505538379,-0.4126902032857009,0.20824936737198005,-0.0506707932996445,0.042933208819158825,0.016921062628515053,0.11775234317082553,-0.1643177803229299,0.0007538024109416632,-0.06322221101649823
2808.0,11.73154175132858,4.123495926646476,14.386144661460984,-0.14115022375221206,0.0739439635060008,-0.008220341249438686,1.4313926924359957,-2.247733522793874,-7.2157,0.0,7.5938950253,6.37122944944035,-0.4144915741968033,0.21713851399738163,-0.024139261662781176,0.04329042084357077,0.01861645076014109,0.11971325639441797,-0.16513885357867292,0.0005471740487231204,-0.06480485172362756
2809.0,11.73053807303574,4.233471724002028,14.370644546593144,-0.14127988871006145,0.07575502808063507,0.0011520287282116397,1.290206570828171,-2.1727159430014984,-7.2157,0.0,7.5938950253,6.406187667003526,-0.41490783592010155,0.22247578935673662,0.0033832539854346437,0.0436596292198282,0.020250858784209853,0.12197135352278425,-0.1658265307123678,0.0003328696273935703,-0.06643532834537098
2810.0,11.729167252299785,4.344284342775917,14.345418672129616,-0.1409132913883044,0.07632269906827767,0.010666469630704464,1.1487883546150865,-2.09671417838029,-7.2157,0.0,7.5938950253,6.440998521156207,-0.4138795861552109,0.22416910990732317,0.03132872699941417,0.04403658676525021,0.021801823347764558,0.12450094911107401,-0.1663685617231369,0.00011368242499906203,-0.06807775508006826
2811.0,11.727428341555171,4.4545322388529796,14.310474184115959,-0.1400315731000365,0.0756548367181613,0.02012436800755951,1.0076680184377218,-2.0209253100418665,-7.2157,0.0,7.5938950253,6.4754575488948465,-0.4113508565388119,0.22224046474924228,0.05911649661536016,0.04441686436290368,0.02324966719292701,0.12726824354547522,-0.16675615860288523,-0.0001075801799634425,-0.06969545863301355
2812.0,11.725324983851651,4.562844080483339,14.26602285398507,-0.13861824699163958,0.07379869574911278,0.029331554723451447,0.8673994730000748,-1.9465156996142712,-7.2157,0.0,7.5938950253,6.50935978009761,-0.4072721750091155,0.21682683184119253,0.08617859731943844,0.044795953974722025,0.024578200609384822,0.1302321375347637,-0.16698419583220087,-0.00032818561295229123,-0.07125260738743103
2813.0,11.7228653596886,4.667919417370684,14.212471546183831,-0.13666022760512897,0.0708390367594488,0.03810695549383128,0.728555678910828,-1.8745847210532964,-7.2157,0.0,7.5938950253,6.542504138423981,-0.4016035923423548,0.20817477139631987,0.1119849607141918,0.045169380045934876,0.025775238858650212,0.13334547149001813,-0.16705121569448728,-0.000545561364116495,-0.0727158537152558
2814.0,11.72006201682694,4.768566242156208,14.150404031828387,-0.13414876765820052,0.06689412609468283,0.046290566264289866,0.5917227377444088,-1.8061313964679506,-7.2157,0.0,7.5938950253,6.5746976386241585,-0.3943174566132715,0.19662887795757064,0.13606668680721995,0.0455328154097124,0.026832896824496855,0.13655663527867573,-0.16695923811722949,-0.0007573712691008431,-0.07405586872640407
2815.0,11.716931584399392,4.863733348535581,14.08055519183039,-0.13108023180715092,0.062109887140684536,0.05375015844355768,0.45749325681436304,-1.7420257660530263,-7.2157,0.0,7.5938950253,6.605759114588607,-0.3854007299802651,0.18261484216955615,0.15803565507252895,0.04588219671569003,0.02774764232480076,0.13981145607259332,-0.16671339461586596,-0.0009615782106505526,-0.07524864991319308
2816.0,11.713494377334777,4.952535764331742,14.003779187290537,-0.12745664942652665,0.05665263945803009,0.060386216740390956,0.32645931124942473,-1.6829864987994245,-7.2157,0.0,7.5938950253,6.6355222631311666,-0.3748566765217435,0.16661837761288206,0.17759902380042886,0.04621383355547465,0.028520112095069293,0.14305524176883044,-0.16632142254168103,-0.0011564898289712737,-0.07627649791628227
2817.0,11.709773903886136,5.034272086148869,13.921013637142284,-0.12328600767292291,0.05070099912560891,0.06613477095204934,0.19920533624269782,-1.6295657718810996,-7.2157,0.0,7.5938950253,6.663837858029969,-0.3627058045008598,0.14916166906498207,0.1945676217148807,0.046524505100173405,0.02915471743552401,0.14623483778832486,-0.1657930686203544,-0.0013407853683148469,-0.07712858794016675
2818.0,11.705796294359484,5.108433187054876,13.833242068677611,-0.11858226992524587,0.04443758076511875,0.07096798334620506,0.07630125623775659,-1.5821418850629554,-7.2157,0.0,7.5938950253,6.690575072117832,-0.3489860148081666,0.13077919851518374,0.20885781409461485,0.04681153838779893,0.029659085333281092,0.14930055180811855,-0.16513945604415206,-0.0015135234333735282,-0.0778011004860292
2819.0,11.701589674161289,5.174702445973342,13.741456939770295,-0.11336512975072797,0.038041136305379836,0.07489256618094245,-0.04170388582208247,-1.5409194817884915,-7.2157,0.0,7.5938950253,6.715621927761833,-0.33375197974479487,0.11199479576814565,0.22048704293832558,0.047072863478588176,0.030043393584193494,0.1522078140614172,-0.16437246797824862,-0.0016741320017139632,-0.07829691933384278
2820.0,11.697183507526734,5.232948273195513,13.646625345595353,-0.10765953330727734,0.0316796864006223,0.07794629901376429,-0.1542875954048034,-1.505936695395079,-7.2157,0.0,7.5938950253,6.738884968590591,-0.3170738426091353,0.09330153671601221,0.2295638090396987,0.04730704244891489,0.03031966319167958,0.15491846916142565,-0.16350419263417748,-0.0018223833382816962,-0.0786249455833277
2821.0,11.692607939460641,5.283210212930913,13.549659158683017,-0.10149502049829087,0.025505062870130858,0.08019306589279976,-0.26095875153455494,-1.4770780864894328,-7.2157,0.0,7.5938950253,6.760288299420346,-0.2990353798117179,0.07514571774109605,0.23627330483590883,0.047513271389465636,0.030501068141282235,0.15740163453652412,-0.16254646310692078,-0.001958357357386072,-0.07879910911275237
2822.0,11.687893162289502,5.325680243256173,13.451390864776847,-0.09490494527966059,0.019649107791190626,0.08171692077095531,-0.3612615174455215,-1.454091929430076,-7.2157,0.0,7.5938950253,6.779772172686249,-0.27973179763767286,0.05791563577861446,0.24086016884911024,0.04769135688464004,0.03060131284020797,0.1596341045505409,-0.16151051135949696,-0.002082397417889059,-0.07883717890767554
2823.0,11.683068829924073,5.360681045600709,13.352555816217523,-0.08792563770029803,0.014221593826732395,0.08261570997399767,-0.45477832270502555,-1.436610262301909,-7.2157,0.0,7.5938950253,6.797291307902618,-0.25926734344121405,0.04193537797843438,0.243609898224208,0.04784167053173356,0.030634113325572664,0.16160032185663026,-0.16040674238980698,-0.0021950625327953346,-0.07875947973770521
2824.0,11.678163537916697,5.388642986750346,13.25378109669805,-0.08059556530251105,0.0093097658876383,0.08299473945625248,-0.5411319509631697,-1.4241701319691251,-7.2157,0.0,7.5938950253,6.812813118719472,-0.23775289801831437,0.027463345053168692,0.24483034211541396,0.04796508662161099,0.030612802403038868,0.16329197301607065,-0.15924462350474888,-0.0022970795977620227,-0.07858761557342955
2825.0,11.673204381329784,5.4100813753471835,13.155580732026623,-0.0729545411960286,0.004979274847487668,0.08296088698022552,-0.6199868031826264,-1.4162346198655065,-7.2157,0.0,7.5938950253,6.82631599521269,-0.21530368715405615,0.014694852663618762,0.24483444846043145,0.04806290897158774,0.030550063596605795,0.16470729023871056,-0.15803267574971946,-0.002389298602662361,-0.07834328291543668
2826.0,11.66821659605845,5.425575265246745,13.058356628418444,-0.06504301274861503,0.0012761896469936952,0.0826174449983908,-0.6910494291107394,-1.4122124880156646,-7.2157,0.0,7.5938950253,6.837787753262409,-0.19203721243456454,0.003767905144457482,0.2439251068716025,0.04813679303511009,0.03045778597580951,0.16585015381320445,-0.15677855010149333,-0.002472653005846882,-0.07804723395163915
2827.0,11.663223283270229,5.435748728064156,12.96240438951629,-0.05690145072127179,-0.0017702640064779654,0.08205985888427135,-0.754068430922291,-1.411475596038287,-7.2157,0.0,7.5938950253,6.847224324102443,-0.16807146101366424,-0.005228880005293552,0.24238257897524376,0.048188668892492625,0.030347022584686127,0.1667290910003881,-0.1554891696107179,-0.0025481266320504696,-0.07771842442238719
2828.0,11.65824521158914,5.441255151930605,12.867923053493293,-0.04856984574963505,-0.0041445876960922185,0.08137241401385496,-0.8088338443247992,-1.413373568206835,-7.2157,0.0,7.5938950253,6.854628720137439,-0.14352341674985655,-0.012247215900763712,0.24045468352223717,0.04822066971804878,0.030228029561266953,0.16735625899721732,-0.15417091948876113,-0.0026167276884540795,-0.07737335788120636
2829.0,11.653300687909317,5.442764779353817,12.775027785388831,-0.04008730866075216,-0.005841833366893216,0.08062583557102569,-0.8551760964082533,-1.4172455018423276,-7.2157,0.0,7.5938950253,6.8600102811961445,-0.11850786488292997,-0.017269884720152808,0.23834964099945052,0.04823506902475288,0.030110360744145213,0.16774648498947148,-0.15282986926661674,-0.0026794698363738936,-0.0770256192244137
2830.0,11.648405485414543,5.440955399222675,12.683764631645571,-0.031491763881535725,-0.006864629322718139,0.0798757026677873,-0.8929646287236903,-1.4224287810271383,-7.2157,0.0,7.5938950253,6.863384180249813,-0.09313646121585857,-0.02030204738869664,0.2362312988117399,0.048234228605999824,0.030002992895396062,0.16791641837183494,-0.15147201378199138,-0.0027373597370495815,-0.0766855772319967
2831.0,11.643572816463417,5.436505870019344,12.594126564799861,-0.022819721227521288,-0.007220612079654892,0.0791615442280654,-0.9221062609807028,-1.4282652796750464,-7.2157,0.0,7.5938950253,6.86477114969439,-0.06751702494414322,-0.02136372486908753,0.23421635623739576,0.04822055778713413,0.02991445878666124,0.16788383160051182,-0.15010352223661053,-0.002791390114361551,-0.07636022862796663
2832.0,11.638813338303839,5.430091977053619,12.506070188827684,-0.01410611031772452,-0.006920405783725832,0.07850647518077535,-0.9425433575809838,-1.4341054009972805,-7.2157,0.0,7.5938950253,6.8641973780509,-0.04175301092305597,-0.020483873425888182,0.2323731802688961,0.04819648347863553,0.029852968515139994,0.16766708883841216,-0.14873098650190963,-0.0028425371342693283,-0.07605315423332264
2833.0,11.634135180857134,5.422384012829984,12.419532616411907,-0.0053841631495933125,-0.005976234991650958,0.0779172427426987,-0.9542518477821536,-1.4393105084842586,-7.2157,0.0,7.5938950253,6.861694521314243,-0.015943120620489835,-0.017696312812415457,0.23072183456340167,0.048164429648079876,0.029826502922159562,0.16728478675824218,-0.14736166104717802,-0.002891760770785763,-0.07576456006700404
2834.0,11.62954398778648,5.414045409204833,12.334448150805212,0.0033146667080188198,-0.0044012088054991285,0.07738457796744214,-0.957239141982646,-1.4432543627121084,-7.2157,0.0,7.5938950253,6.857299771916942,0.009818980710780464,-0.01303762585262847,0.2292350167623209,0.04812680421616436,0.02984286647022385,0.16675556007929795,-0.14600368730307994,-0.0029400067891486173,-0.07549138147512077
2835.0,11.625042964469683,5.405731733971357,12.250764495592675,0.011960755971827807,-0.0022092751548634763,0.07688378140885045,-0.9515419823070286,-1.445324196210423,-7.2157,0.0,7.5938950253,6.85105593018178,0.03544486196643188,-0.006547032068411695,0.22783969724930178,0.04808599102014546,0.029909690186026544,0.16609803558137648,-0.14466629505988313,-0.00298820900791128,-0.07522743528402345
2836.0,11.620632929096205,5.398089384521779,12.168458269802535,0.020526338003801582,0.0005841876379063873,0.07637550848412318,-0.9372242657130143,-1.444922042737819,-7.2157,0.0,7.5938950253,6.843011427259599,0.0608514483286378,0.0017318561087567449,0.22641935971405652,0.04804434434623844,0.03003437825036183,0.16533091206906037,-0.143359972811094,-0.003037290586425852,-0.07496361247858097
2837.0,11.616312365705104,5.391753360502587,12.087549622644985,0.028985503073528186,0.003961200931574442,0.07580675563478477,-0.9143748820859097,-1.4414668937333146,-7.2157,0.0,7.5938950253,6.833220254235902,0.08596106487555137,0.011747563925331503,0.224816848015245,0.04800418357525963,0.03022399457771604,0.164473139493649,-0.1420965980008254,-0.003088163211055537,-0.074688111113106
2838.0,11.612077480415442,5.387343571261214,12.008115724758616,0.037314168428153216,0.007899519040455388,0.07511207932489923,-0.883105617580516,-1.4343981877384544,-7.2157,0.0,7.5938950253,6.821741758999668,0.110701388663477,0.023435809087793986,0.2228379148440028,0.04796778567868434,0.030485088409148695,0.16354416760388438,-0.14088951713420733,-0.003141723215425639,-0.07438671539307415
2839.0,11.607922264248593,5.385459229849814,11.930302867292246,0.04549001143623628,0.0123705684382735,0.0742151037664163,-0.84354918368078,-1.4231810506644136,-7.2157,0.0,7.5938950253,6.808640280514227,0.1350052884834497,0.03671338186085869,0.22025563805053128,0.04793737361551409,0.030823460694677472,0.16256423260073719,-0.1397535648692217,-0.003198843863517745,-0.07404313163490742
2840.0,11.60383856770535,5.386671002539636,11.854336834757637,0.05349235750961486,0.017337116702006848,0.07303038816868117,-0.7958574434968101,-1.4073135968648913,-7.2157,0.0,7.5938950253,6.793984599404527,0.15881052683160918,0.05147121505519568,0.21681591464164804,0.04791509908875932,0.031243876008815695,0.1615546489679791,-0.1387050107082652,-0.0032603632477201977,-0.073639394783518
2841.0,11.59981619356438,5.391510721330958,11.780531142297852,0.06130201417833983,0.022750816640541457,0.07146572892885394,-0.7401999167515584,-1.3863364731203152,-7.2157,0.0,7.5938950253,6.777847194451273,0.1820592975960664,0.06756707349393082,0.21224425633269448,0.047903018601629786,0.03174972803550731,0.16053807275429297,-0.13776142190751225,-0.0033270675056690058,-0.0731563601188591
2842.0,11.595843015157351,5.40045862712419,11.709292653942565,0.06890104370451586,0.028549793047716765,0.06942496555247915,-0.6767626514938072,-1.3598446796968224,-7.2157,0.0,7.5938950253,6.7603033068210125,0.2046975758914551,0.0848183585452322,0.20625409124258076,0.047903062285506226,0.03234267033748727,0.1595387020697121,-0.13694143186284974,-0.0033996693374538354,-0.07257429356437148
2843.0,11.591905127615204,5.413928292699586,11.641124037499345,0.07627246903446579,0.0346564608391441,0.06681134056690406,-0.6057475514549291,-1.3275015350214625,-7.2157,0.0,7.5938950253,6.741429827721048,0.22667426357533677,0.10299558724512593,0.19855672188402065,0.047916995530152634,0.03302222818767876,0.15858238054944096,-0.1362644046490366,-0.003478782104310645,-0.07187357051984755
2844.0,11.587987039257644,5.432249575617579,11.57662247640218,0.08339991172519098,0.040975782120283605,0.06353143290197728,-0.5273722408758008,-1.2890544649097986,-7.2157,0.0,7.5938950253,6.721304040527378,0.24794012533835985,0.12181716196795142,0.1888729989133064,0.04794637400419079,0.03378541160517906,0.15769657027890166,-0.1357499887336729,-0.0035648901049854047,-0.07103548730612297
2845.0,11.584071909427566,5.455650167533487,11.516474061730035,0.09026716571116523,0.04739418334456643,0.05949964114174039,-0.4418705316543097,-1.244352097389688,-7.2157,0.0,7.5938950253,6.7000022649231745,0.26844652580400896,0.14094608778209805,0.17694664305949107,0.04799249318173221,0.03462635422475821,0.156910162526942,-0.13541755634211577,-0.003658315948438809,-0.07004318108365015
2846.0,11.580141837692597,5.484236531171304,11.461443341091652,0.09685771730571734,0.053779358758847526,0.05464313816673126,-0.34949352956346436,-1.1933619363577876,-7.2157,0.0,7.5938950253,6.6775984675290925,0.28814399753905146,0.15998931059824195,0.16255898556584356,0.048056333962360316,0.03553600693000011,0.15625309807014526,-0.13528552974009875,-0.003759186262180525,-0.06888264349445458
2847.0,11.576178207508038,5.5179752386067555,11.412357616619802,0.10315422946762914,0.059981178715770814,0.04890715324017228,-0.25051137684279423,-1.1361876812682843,-7.2157,0.0,7.5938950253,6.65416291987504,0.3069806927173082,0.1785003279768203,0.1455447038670483,0.04813850636695369,0.03650191883481752,0.15575577448591016,-0.13537060208865936,-0.0038673972843814393,-0.06754380038355981
2848.0,11.572162085232138,5.556675929598325,11.37008577149347,0.1091380167801018,0.06583389653479865,0.04226036395501325,-0.14521557879731195,-1.0730850693391052,-7.2157,0.0,7.5938950253,6.62976099893743,0.32490079644430464,0.1959856523715739,0.1258079110478517,0.04823919360533197,0.03750814056613666,0.15544822621070384,-0.13568686876275304,-0.003982582174646761,-0.06602161508874611
2849.0,11.568074672876781,5.59997727687807,11.335511669361676,0.11478854626304323,0.07115980057641023,0.034700102803682104,-0.03392180488434275,-1.0044749591544762,-7.2157,0.0,7.5938950253,6.604452236032546,0.34184300590950734,0.21191556928701066,0.10333772692440345,0.04835809905599351,0.038535285060621295,0.1553590751069771,-0.1362448952603386,-0.004104082131313948,-0.06431715659662116
2850.0,11.56389781021594,5.647337452425819,11.309502514403382,0.12008300729048049,0.07577438462674478,0.026257007973261345,0.08302700540716239,-0.9309522720293366,-7.2157,0.0,7.5938950253,6.578289724455155,0.3577392042934184,0.22573941704026626,0.07822223436458768,0.048494398905095035,0.03956077827660031,0.15551426538745478,-0.13705075996398844,-0.004230923607501431,-0.062438557516155686
2851.0,11.559614518879076,5.698030606993224,11.292872973925025,0.12499600042561011,0.07949300658703719,0.016998684708025867,0.2052574586936332,-0.8532893855185235,-7.2157,0.0,7.5938950253,6.551319992511747,0.37251347850999345,0.23690531137096982,0.05065953429805863,0.048646703406204916,0.04055932533876444,0.15593561736109185,-0.13810512351485757,-0.004361804052712798,-0.06040177217298846
2852.0,11.555209577808249,5.751150775178364,11.28634633151414,0.1294993985165956,0.08213887277631621,0.007031904648081682,0.3323627194221313,-0.7724326590284366,-7.2157,0.0,7.5938950253,6.523583434206801,0.3860816412594148,0.2448838463802937,0.020964493417034408,0.04881302998712795,0.04150360583440109,0.1566392593627427,-0.13940239024453038,-0.004495088640706982,-0.05823103481812204
2853.0,11.550670115915311,5.805624373095665,11.290514423948322,0.13356243228327938,0.08355202762338103,-0.0034971292233857646,0.46390001945441023,-0.6894909898653853,-7.2157,0.0,7.5938950253,6.495115362961051,0.398351415630777,0.24919483655406827,-0.01043022617186853,0.04899079176189551,0.042365194863449064,0.15763402522186204,-0.14093003903018525,-0.004628820334635049,-0.055958915324958614
2854.0,11.54598620393103,5.8602320457401875,11.305798570326823,0.13715204520841812,0.08359885756159639,-0.014404869555224669,0.5993889713114544,-0.6057156678428799,-7.2157,0.0,7.5938950253,6.465947713583067,0.40922341963489745,0.24943565600454787,-0.04298010991980346,0.04917680536449847,0.04311568439605116,0.1589199331796367,-0.14266820835475008,-0.004760745332526858,-0.053625878538378274
2855.0,11.541151423256284,5.91364004437512,11.332414068591785,0.14023354750299863,0.0821814524223285,-0.025475158884258733,0.7383109650673736,-0.5224713206822532,-7.2157,0.0,7.5938950253,6.436111365057373,0.41859304451576507,0.24530923580503722,-0.0760426054019398,0.049367322292922185,0.043727954014772905,0.16048688731870306,-0.14458962012425697,-0.004888355375599241,-0.05127927699655247
2856.0,11.53616338567897,5.964440582394393,11.37034102602382,0.14277157573030272,0.07924603553976246,-0.036466710734567524,0.8801098697550512,-0.4411984125504773,-7.2157,0.0,7.5938950253,6.40563899494487,0.42635325276467106,0.23664938100078228,-0.10889913247634816,0.049558087892360964,0.04417751404679199,0.1623137583794591,-0.1466599153935884,-0.005008947523640237,-0.048971747144659045
2857.0,11.531022147690239,6.011199694722864,11.41930423542915,0.14473128272037078,0.07478958672815988,-0.04712318068362502,1.0241941710475133,-0.3633685178205193,-7.2157,0.0,7.5938950253,6.374568212543383,0.4323981539412367,0.22344083896337005,-0.14078488045190873,0.049761046390776276,0.04445957288036749,0.16434685974895352,-0.14884249952686554,-0.005123963493580082,-0.04676635805243996
2858.0,11.52569283397106,6.05250862802725,11.478764089369317,0.1460788191186468,0.06886353638574391,-0.05718540847444883,1.169940082866469,-0.29043455234257576,-7.2157,0.0,7.5938950253,6.342943180369826,0.4366258402969703,0.20583134243319146,-0.17092571790029268,0.049998047972304664,0.04458557606499422,0.16650649544738677,-0.15109811639116008,-0.005237848760424428,-0.04473211437246448
2859.0,11.520179475692494,6.087043067540947,11.54792199424054,0.14678476880400335,0.06157517249747896,-0.06640467943908475,1.3166961562102064,-0.2237784489350319,-7.2157,0.0,7.5938950253,6.310821516475978,0.4389458771859931,0.18413469139209207,-0.19857687213149575,0.05020840868945768,0.044494465049362386,0.16880833671979265,-0.153364419447922,-0.005333850479887787,-0.042898665042378874
2860.0,11.514511961213344,6.113617305817876,11.62573879007405,0.14682547921341751,0.05308451311312919,-0.07455669141384326,1.4637904684821326,-0.16465912794729923,-7.2157,0.0,7.5938950253,6.278276433765176,0.43928372960491774,0.1588223176898411,-0.22306442755531658,0.0503855155377513,0.044181751667510094,0.17119272898708815,-0.15559104445183766,-0.0054089061829617376,-0.041313111541734324
2861.0,11.50872599926987,6.131232900305251,11.710966876747268,0.1461840448450759,0.043597320372882005,-0.08145450688081987,1.6105378954521263,-0.11416509400863008,-7.2157,0.0,7.5938950253,6.245397994313881,0.4375845202355464,0.13050338386204255,-0.24382436094336318,0.05052374029312648,0.04364984096194476,0.17359413084328165,-0.15772865772026035,-0.005460288205148684,-0.04001430127801872
2862.0,11.502861991440549,6.139119571804931,11.802194650913467,0.14485149304360131,0.033354884148928336,-0.08695927389574928,1.7562478273289328,-0.07317481338231838,-7.2157,0.0,7.5938950253,6.21229438518725,0.4338167265733779,0.09989477051760039,-0.2604349237553005,0.05061866701407656,0.0429077822143502,0.17594416681017544,-0.15973120625362677,-0.005485720998149026,-0.039030512797941924
2863.0,11.496963733793296,6.136764381620157,11.89790021871765,0.14282757490191095,0.02262120148915175,-0.09098773468419316,1.900232085122796,-0.042327715965324406,-7.2157,0.0,7.5938950253,6.179092097585482,0.4279747304854199,0.06778314773757718,-0.2726395883686285,0.05066723234430978,0.04197059215178719,0.17817501461544277,-0.1615580018196454,-0.005483480717822054,-0.03837783678899495
2864.0,11.491077038387337,6.123927098997245,11.996510687103825,0.14012108226006106,0.011668678056705859,-0.09351579899676174,2.0418126898196567,-0.022007835785564044,-7.2157,0.0,7.5938950253,6.145934934782809,0.42007996880826337,0.03498244400508621,-0.2803583393163437,0.05066777319437098,0.04085821941408546,0.1802228381565939,-0.16317546115693038,-0.00545246890973645,-0.03805941664414593
2865.0,11.485248363958917,6.100640902237052,12.096462832102564,0.13674966386798693,0.0007636583577978876,-0.09457790561306859,2.18032918117515,-0.012340981435180956,-7.2157,0.0,7.5938950253,6.112981883672233,0.4101805873903,0.0022905930801368378,-0.28368640756560204,0.05061998744483524,0.039594257821563325,0.18203096005876168,-0.16455836030502116,-0.00539225408656001,-0.03806561448883206
2866.0,11.479523533916476,6.067198880308392,12.196260919134225,0.13273916982579767,-0.009846911946085276,-0.09426238135850061,2.31514524584034,-0.013205111148627125,-7.2157,0.0,7.5938950253,6.080403991457019,0.39834966904228325,-0.029550539753709082,-0.28288099486063334,0.05052482224806493,0.03820453807879276,0.18355249370202723,-0.16569051652251138,-0.00530307786950246,-0.03837506036739738
2867.0,11.473946601766771,6.024128049170987,12.294527903926728,0.12812260407972983,-0.01994657282791057,-0.09270345043230926,2.445654485664975,-0.024252429110978396,-7.2157,0.0,7.5938950253,6.048380478281966,0.3846822600574982,-0.05988867281426162,-0.2783378708509324,0.050384310007993094,0.0367157305329673,0.18475222021737248,-0.16656487704103207,-0.005185825779740476,-0.03895644240336016
2868.0,11.468551308024765,5.9721530036381845,12.390046969542821,0.1229385118712346,-0.029357489950678568,-0.09007090288874638,2.571285172225196,-0.0449408311056207,-7.2157,0.0,7.5938950253,6.017093834743805,0.3692909086957269,-0.0881859880674907,-0.2705609907631598,0.05023111340452856,0.03519611917736617,0.1855521437393722,-0.16719281983853707,-0.005053463796577968,-0.03978986096647901
2869.0,11.463333671778274,5.912151450414156,12.481791358062289,0.11722842511540892,-0.03794537608942416,-0.08655861771723992,2.6915030654048877,-0.07457198612047432,-7.2157,0.0,7.5938950253,5.98672343653463,0.35229884786205945,-0.11403473402322042,-0.2601289001732718,0.05007040217282923,0.03367762119317196,0.18593321678320052,-0.16758578412375283,-0.0049099849806320765,-0.04083377124290845
2870.0,11.458317733693983,5.845113747264565,12.568943718552998,0.11103788194824377,-0.04561984508558173,-0.08237260769749177,2.8058140884135514,-0.11233223031128278,-7.2157,0.0,7.5938950253,5.957445977575848,0.3338408937525417,-0.13715832460963098,-0.24765732641834765,0.049878406512436343,0.032145009591834424,0.18594749949957773,-0.16775121800963227,-0.004747481331249611,-0.04202423580560461
2871.0,11.453530776843218,5.772096463338372,12.650902452832854,0.1044142389152156,-0.05233292846289266,-0.07772031372822757,2.913767130615184,-0.15733327303535594,-7.2157,0.0,7.5938950253,5.929429736373727,0.31405778713248367,-0.15740730266266006,-0.2337676355094576,0.04965861026460529,0.030616336320867257,0.18561011460051424,-0.16770990261852745,-0.004568163758519495,-0.04331390813117385
2872.0,11.448996307480401,5.694180049559089,12.727278024126598,0.09740524798273272,-0.05807489199764969,-0.07280138696204644,3.01495523234554,-0.20865068521702346,-7.2157,0.0,7.5938950253,5.902830734776112,0.2930921368899993,-0.1747471984082878,-0.21905918331057977,0.049414879231457445,0.029106547669991323,0.18494513002749158,-0.16748616302842084,-0.004374378704877481,-0.0446574991990949
2873.0,11.44473380352968,5.612432227492914,12.797880926121273,0.09005811150411833,-0.0628682499517985,-0.06780046470339576,3.1090160116872476,-0.2653578691089295,-7.2157,0.0,7.5938950253,5.877790096601844,0.2710855485655797,-0.18924085505348312,-0.20408740379017126,0.04915127496172023,0.027627558012705236,0.18398335298676038,-0.16710647682111882,-0.00416852222514339,-0.04601339658304503
2874.0,11.440758638153174,5.5278780347738925,12.86270338104419,0.08241878929196363,-0.06676080832304057,-0.06288212221765269,3.195631498849207,-0.3265541469737705,-7.2157,0.0,7.5938950253,5.854432181747663,0.24817648732134132,-0.20102773945941851,-0.1893483796759678,0.04887188584879991,0.026188496800244883,0.182760070585512,-0.1665982429089666,-0.003952965537598871,-0.04734478030896691
2875.0,11.437082155039654,5.441477193380294,12.92189695854046,0.07453154724974172,-0.06981840914958899,-0.05818791279382128,3.2745275045067674,-0.3913862885521435,-7.2157,0.0,7.5938950253,5.832863481932438,0.2244988510135171,-0.21030225739381353,-0.17526966830992333,0.04858068466556426,0.02479607290722559,0.18131290478139755,-0.16598876141130053,-0.0037299948643722022,-0.048620257835851464
2876.0,11.433711865213027,5.354108842152695,12.97574813306315,0.06643871720067285,-0.07211792338951768,-0.05383523674863802,3.34547264618624,-0.45906337110065953,-7.2157,0.0,7.5938950253,5.813172213253354,0.20018116903285596,-0.21729272961021878,-0.1622066331436301,0.048281417716213804,0.023455005338179423,0.17967990540619777,-0.16530444547212597,-0.0035017667863363328,-0.04981407984215428
2877.0,11.430651732630801,5.266563183518078,13.024653468089598,0.058180625514287224,-0.07374088925559706,-0.04991767594703685,3.408277144570709,-0.5288653237336521,-7.2157,0.0,7.5938950253,5.79542850725173,0.17534630534193466,-0.22224223904953525,-0.15044320976610084,0.047977527165017825,0.022168478248893578,0.17789795848462606,-0.1645702611627803,-0.003270278964068808,-0.05090602184622193
2878.0,11.427902516195937,5.179539258963829,13.069095721046738,0.04979564351841573,-0.07476804538639,-0.046506390253058215,3.462791484495409,-0.600145826265825,-7.2157,0.0,7.5938950253,5.779685085229654,0.1501115289335226,-0.2253921189746499,-0.14019590576199364,0.04767210521752011,0.020938588574694966,0.17600154521827033,-0.16380937400035417,-0.003037355040097935,-0.05188102512715818
2879.0,11.425462138570829,5.093647873853703,13.109621751329295,0.04132031374713056,-0.07527487953133526,-0.04365218119549149,3.50890501361776,-0.6723304242620131,-7.2157,0.0,7.5938950253,5.765978298115716,0.12458881674318924,-0.2269684646803159,-0.13161985256666292,0.04736787679999836,0.019766764536269903,0.17402185310846174,-0.1630429697197549,-0.002804641848814364,-0.0527286875141065
2880.0,11.423326056410776,5.009418617000631,13.146822730106974,0.03278951108455079,-0.07532821315699627,-0.04138787094534449,3.5465445277691834,-0.7449108056600613,-7.2157,0.0,7.5938950253,5.7543294226606925,0.09888526785321368,-0.22717174756665326,-0.12481585021964346,0.04706720619091393,0.018654141760400193,0.17198621634163536,-0.16229021191153217,-0.0025736166936367487,-0.05344268401518474
2881.0,11.421487611575886,4.927309933574942,13.181316821580843,0.024236605155465184,-0.07498377298708794,-0.039730707008759414,3.5756728678791343,-0.8174361866694569,-7.2157,0.0,7.5938950253,5.744746120244399,0.07310352871718195,-0.22616939817778803,-0.11983752931312874,0.0467721225718463,0.017601890193991186,0.16991784748910632,-0.16156829863336278,-0.002345602346518432,-0.054020182394734176
2882.0,11.419938347942399,4.847721280762653,13.213734244754788,0.015693598548319018,-0.0742846597198933,-0.038684573239860166,3.596287531011245,-0.8895027026190656,-7.2157,0.0,7.5938950253,5.7372239833817185,0.04734215312878651,-0.22409109833867139,-0.11669796346609006,0.04648435950344521,0.01661148934848819,0.16783581543133277,-0.16089258272951384,-0.002121787510767997,-0.05446130240515771
2883.0,11.418668283212577,4.771006497014482,13.244704436300484,0.007191223681677298,-0.07326060697673267,-0.03824185764080523,3.608419279030103,-0.9607416169990977,-7.2157,0.0,7.5938950253,5.7317481140135795,0.021695844882191756,-0.22102646716332985,-0.1153752752116106,0.046205403707121,0.015684951924698258,0.16575522332489456,-0.16027672511679908,-0.0019032506937618548,-0.05476865134478742
2884.0,11.41766612938648,4.697487626394432,13.274844915605566,-0.0012410112505105413,-0.0719279236678963,-0.03838489185181011,3.6121307138858634,-1.030807068131061,-7.2157,0.0,7.5938950253,5.728294694525493,-0.003744446290126846,-0.21702482296109815,-0.11581697251519776,0.0459365490817516,0.014824996923925922,0.16368754340438021,-0.1597328557427063,-0.0016909857007173165,-0.05494695409952562
2885.0,11.416919459218963,4.627468544569935,13.304751395613552,-0.009574830102504107,-0.07029002407428275,-0.03908693365067528,3.6075147792292186,-1.0993639810689728,-7.2157,0.0,7.5938950253,5.726832525638908,-0.028891584828069892,-0.2120967339752694,-0.11794292401515122,0.045678952480834756,0.014035173389562797,0.1616410706389316,-0.15927172259277855,-0.0014859272376936392,-0.055002783394592414
2886.0,11.416414819050232,4.561247823751427,13.334988678867381,-0.017783247516396265,-0.06833846629951774,-0.040312711302471306,3.5946931444714294,-1.1660766903585453,-7.2157,0.0,7.5938950253,5.727324514109972,-0.053662457667320314,-0.2062171181875682,-0.12164702547885109,0.04543368833540597,0.013319935369178193,0.15962146325314625,-0.15890281456586386,-0.0012889753698530017,-0.054944385791476785
2887.0,11.416137790936197,4.499130347205426,13.36608191816935,-0.025840671038693558,-0.06605443659530144,-0.04201858732708709,3.5738144296133685,-1.2305987502211442,-7.2157,0.0,7.5938950253,5.729729097426571,-0.0779783087402618,-0.1993297017240647,-0.12679772791174787,0.04520179968688168,0.01268466791571151,0.15763234376144605,-0.15863444898392423,-0.001101017801959247,-0.05478159094220711
2888.0,11.416073009107748,4.441437241016793,13.398507896707502,-0.0337230353569354,-0.06341063078809905,-0.04415242967800877,3.545052237065427,-1.2925643517895846,-7.2157,0.0,7.5938950253,5.7340015928063774,-0.10176516628087198,-0.191352685718392,-0.13323769050827783,0.044984343579529934,0.012135663264250508,0.155675938719262,-0.1584738188270276,-0.0009229491257007796,-0.05452578559172154
2889.0,11.416204137545249,4.388513735927903,13.432686085120917,-0.041407954606949286,-0.06037349219725021,-0.04665330093531867,3.508602969912385,-1.3515817186085943,-7.2157,0.0,7.5938950253,5.7400954545364975,-0.12495432098292304,-0.18218549538327458,-0.1407828905175232,0.04478242906686314,0.011680045958980236,0.15375373847612198,-0.1584269984365513,-0.0007556863148742475,-0.054189929627271476
2890.0,11.41651381693325,4.340734611690342,13.46896935491765,-0.048874876818110535,-0.056905766732878074,-0.049451091179730754,3.4646834340365116,-1.4072288064062213,-7.2157,0.0,7.5938950253,5.747963418096564,-0.14748280721970877,-0.1717164885343485,-0.14922156784980353,0.044597246338585646,0.011325645816283723,0.15186715973907416,-0.158498909410761,-0.0006001798528715583,-0.05378858897849248
2891.0,11.416983590494917,4.298506917640257,13.507634361188433,-0.0561052236051954,-0.05296933006363096,-0.052466227747577095,3.413528243299215,-1.4590515851339736,-7.2157,0.0,7.5938950253,5.757558502774231,-0.16929383649181504,-0.15983148317838505,-0.1583134049004689,0.04443008571190505,0.011080818271404648,0.15001819388232984,-0.15869325075417723,-0.00045741995901991365,-0.053337959286875805
2892.0,11.417593819193197,4.262269713183363,13.548871744859962,-0.06308249821636824,-0.04852822957303641,-0.05560959491792976,3.3553870713631495,-1.5065651247051135,-7.2157,0.0,7.5938950253,5.768834837888477,-0.1903371321460664,-0.14642292721788547,-0.16778934119221045,0.04428234549106846,0.01095421287291598,0.14821002302319866,-0.1590123990829247,-0.0003284374546619706,-0.052855854930231885
2893.0,11.418323597489442,4.232490636501281,13.592776437814859,-0.06979234604174961,-0.04355186680433553,-0.05878278860405737,3.2905218191192684,-1.5492576360379275,-7.2157,0.0,7.5938950253,5.781748272539209,-0.21056911731481495,-0.13139948247212446,-0.17735239767202166,0.04415552801414386,0.010954492404820278,0.1464475844044153,-0.1594572859020251,-0.00021429889034048024,-0.05236164014133094
2894.0,11.419150681207583,4.209659193223637,13.639338475015075,-0.0762225536843323,-0.038018226347341914,-0.06187881536015866,3.2192037911250773,-1.5865975329355844,-7.2157,0.0,7.5938950253,5.796256726159221,-0.229952913989183,-0.1146957365070363,-0.18667983711482425,0.044051223596998125,0.011090007226034433,0.14473806211574564,-0.16002725975435314,-0.00011609565532242667,-0.051876082493030405
2895.0,11.420051438988377,4.194276760926716,13.688434818468679,-0.08236297565563803,-0.031917037108968704,-0.0647833218798349,3.1417109957382787,-1.6180434771119967,-7.2157,0.0,7.5938950253,5.812320238038712,-0.24845812004399137,-0.09628169665244282,-0.1954269164796346,0.04397108255597194,0.011368431787648056,0.1430912841776167,-0.1607199415220414,-3.492692176954731e-05,-0.05142111375951414
2896.0,11.42100083826295,4.186843429497657,13.739822771291385,-0.08820538158235101,-0.025252734154867184,-0.06737641151643134,3.058325699370075,-1.6430572496663094,-7.2157,0.0,7.5938950253,5.829900679163966,-0.2660603425692553,-0.07617166866152586,-0.20323239702117776,0.043916776029747875,0.011796372777233298,0.14152000294224068,-0.16153108149174017,2.8123552186835768e-05,-0.05101948885392451
2897.0,11.421972475578324,4.187841938575947,13.793135600163167,-0.09374322133454477,-0.01804707612619063,-0.06953506950330633,2.9693323731511216,-1.6611191610313576,-7.2157,0.0,7.5938950253,5.848961099607305,-0.28274047953451686,-0.05443208464007333,-0.20972587261182435,0.043889946896575945,0.012378960813822823,0.14004003795808923,-0.16245442713534328,7.201651654835606e-05,-0.05069433987543027
2898.0,11.422938659456836,4.1977191262294635,13.847880986617128,-0.09897131049643175,-0.010341266505685218,-0.07113618013919894,2.875016168245884,-1.6717455732108433,-7.2157,0.0,7.5938950253,5.869464699440307,-0.2984837569603302,-0.03118782668292783,-0.21453686121010232,0.04389215265023696,0.013119439965807583,0.13867026304532404,-0.1634816110461494,9.579170632886792e-05,-0.05046862893736293
2899.0,11.423870551800974,4.216865460818292,13.903442889052036,-0.10388544385041043,-0.00219742805490168,-0.07206007903804007,2.775662042553202,-1.6745079696557033,-7.2157,0.0,7.5938950253,5.891373430473996,-0.313278544641985,-0.006626597889751872,-0.21730548430182617,0.043924802603367036,0.01401877149897341,0.13743242333427114,-0.16460206918584014,9.860686719382456e-05,-0.05036451007825761
2900.0,11.42473837125218,4.245593382536603,13.959087317205718,-0.10848194978035978,0.006300710680619565,-0.07219454340030614,2.6715546358694873,-1.6690528768999138,-7.2157,0.0,7.5938950253,5.914646259436516,-0.32711498928826566,0.018999076906087063,-0.21769443984807452,0.04398909217609735,0.015075270107429428,0.13635077328415443,-0.165803000519052,7.97801348618187e-05,-0.050402616932926525
2901.0,11.4255116590126,4.284115323565422,14.013972399869207,-0.11275720347935946,0.015048039526869979,-0.07143908473945401,2.562978953046343,-1.655121825891518,-7.2157,0.0,7.5938950253,5.9392371494569405,-0.3399835189700059,0.04537258174269561,-0.21540186056638086,0.04408593725592467,0.016284292350123825,0.1354515330028776,-0.16706938008570585,3.883418611902632e-05,-0.050601298811279546
2902.0,11.426159604615702,4.3325223968788835,14.067162967185851,-0.11670712135262944,0.02391929708797355,-0.06970937295767506,2.4502218666682967,-1.6325704476012937,-7.2157,0.0,7.5938950253,5.965092844480177,-0.35187328636420784,0.07211695033104724,-0.21017454520955603,0.04421591165275158,0.017637997983829708,0.1347621672937312,-0.16838403828482562,-2.4459810236651593e-05,-0.05097583334458751
2903.0,11.42665142617713,4.390764834036662,14.11764967462518,-0.1203266628406556,0.03277136725259746,-0.06694158933496135,2.3335743949159498,-1.601385734548071,-7.2157,0.0,7.5938950253,5.992150568584733,-0.36277062984211556,0.09880178888327994,-0.20182095931502075,0.04437919051588018,0.019125205155065154,0.13431049956984084,-0.1697278191807674,-0.00011004077313526654,-0.05153764891591691
2904.0,11.426956796957375,4.458635302065057,14.164372471629097,-0.1236093688536458,0.04144665747417836,-0.06309648018163792,2.213334650290389,-1.561700474680428,-7.2157,0.0,7.5938950253,6.020335776745485,-0.3726576404088581,0.12495342157639303,-0.19022332724984178,0.04457550224863522,0.020731359707619336,0.13412368099094357,-0.17107982947045292,-0.00021752143683837714,-0.05229359467994458
2905.0,11.427046307779644,4.53575622890843,14.206247970572651,-0.12654696788284453,0.04977752210094274,-0.05816286430663759,2.0898112954129178,-1.5138038836932035,-7.2157,0.0,7.5938950253,6.049560112601633,-0.38151092820862864,0.1500681444871717,-0.175348083957577,0.04480409099778547,0.022438636818065752,0.13422704385332673,-0.1724177868441525,-0.00034616000923325563,-0.05324529996670124
2906.0,11.426891953073635,4.621572206135864,14.242200009825602,-0.12912908135723894,0.057591633888488064,-0.05216033846567388,1.963327288460619,-1.4581475330772553,-7.2157,0.0,7.5938950253,6.07971973921312,-0.3893006839502244,0.17362829679375272,-0.1572539293730807,0.045063691274971944,0.02422618938569538,0.1346428773837212,-0.17371847142535254,-0.0004948425370120539,-0.05438866790405159
2907.0,11.426467627096352,4.715348407597518,14.271192440128505,-0.13134305859590534,0.06471814012126952,-0.04514092882796314,1.834223658432357,-1.3953457999855359,-7.2157,0.0,7.5938950253,6.1106942075830535,-0.39599012715872495,0.19512066195248975,-0.13609674038156858,0.04535251576066476,0.026070551707186043,0.1353891735436118,-0.17495827663413946,-0.0006620785271247792,-0.05571354954177638
2908.0,11.425749616182205,4.816175756585748,14.29226291186118,-0.1331739683613889,0.07099436896928311,-0.03718945723384381,1.7028630245101317,-1.3261702557016728,-7.2157,0.0,7.5938950253,6.142346012287421,-0.4015354234222076,0.21405650334993312,-0.11213065617081246,0.045668256916828576,0.027946198739161612,0.1364783999042503,-0.1761138464169653,-0.0008460118908924344,-0.05720364367050079
2909.0,11.424717072605604,4.9229832888323894,14.304556222096934,-0.13460476814495842,0.07627278116528606,-0.02842243283179457,1.5696325684979142,-1.251537663437724,-7.2157,0.0,7.5938950253,6.174520952270114,-0.4058861355711665,0.2299923310525217,-0.08570477542968251,0.046008102739501164,0.02982625075645385,0.13791636539623464,-0.1771627750396962,-0.001044448523616795,-0.05883666274275329
2910.0,11.423352455677646,5.034557797922548,14.307355618668085,-0.1356166636149221,0.08042779843910913,-0.01898534605990278,1.4349461873236196,-1.1724915697877856,-7.2157,0.0,7.5938950253,6.207049367710334,-0.40898624809672124,0.2425503079746257,-0.057255098650009405,0.046368766826503593,0.031683300929737826,0.13970125159731886,-0.1780843347695923,-0.001254900825467893,-0.06058479565772158
2911.0,11.421641925929297,5.149570426045694,14.300110380375838,-0.13618965909235592,0.08336209224663953,-0.00904833424672912,1.2992455943686505,-1.0901778369174224,-7.2157,0.0,7.5938950253,6.239748262963116,-0.41077576990752396,0.25143706102159846,-0.027291620313552787,0.04674653288054341,0.03349033025948305,0.1418228855684934,-0.1788601874081467,-0.0014746482647244766,-0.06241548282003091
2912.0,11.419575678593239,5.266609400104705,14.282458023938274,-0.136303285855675,0.085011894518836,0.0011996958997912647,1.1630002018675458,-1.005814855349689,-7.2157,0.0,7.5938950253,6.272424255454394,-0.4111928787801032,0.2564595961007439,0.003619182087937299,0.04713731372811652,0.03522166190884362,0.14426232815925416,-0.17947502960853043,-0.0017008117792107597,-0.06429249769056049
2913.0,11.417148203123599,5.384217646230207,14.254239650576805,-0.1359374794285574,0.0853509067256134,0.011558271099966823,1.0267056971027306,-0.9206595716852923,-7.2157,0.0,7.5938950253,6.304877217915499,-0.41017652420703243,0.2575370560481066,0.03487582295593912,0.04753672478870047,0.036853897154769916,0.14699184229700601,-0.17991712091146642,-0.0019304385392775424,-0.06617730296032204
2914.0,11.414358456242315,5.50093359078805,14.215507245444154,-0.13507356129082612,0.08439244210204615,0.021823525396516205,0.8908813149029743,-0.8359708243313695,-7.2157,0.0,7.5938950253,6.33690441511942,-0.4076693582304803,0.2547072305080385,0.06586620288754168,0.047940171554326116,0.038366769897783926,0.1499752878169316,-0.18017864855765345,-0.002160592512755511,-0.06803062078169686
2915.0,11.41120993745575,5.615333120090344,14.166522185536815,-0.1336952666031756,0.08218954218060932,0.03179686745220345,0.7560659007824168,-0.7529717648088081,-7.2157,0.0,7.5938950253,6.3683048848991515,-0.403620821956967,0.24812703855602614,0.09599350899091778,0.04834294992598003,0.039743857654502966,0.15316896241057298,-0.18025589473744932,-0.002388445529645222,-0.06981412864582331
2916.0,11.407710658088563,5.726070480798446,14.10774475838545,-0.13178974987517142,0.07883295732476742,0.041293573584738,0.6228129413147966,-0.6728133044101774,-7.2157,0.0,7.5938950253,6.398883785208624,-0.397990185697819,0.2380666429256444,0.1247019364911368,0.048740357212714025,0.040973095176554904,0.15652287408507137,-0.18014918893232384,-0.0026113632819784486,-0.07149217003468188
2917.0,11.403872997836986,5.831915886283931,14.039815098019528,-0.12934849696268316,0.07444705852093751,0.050150700115512245,0.49168480232639034,-0.5965405431824738,-7.2157,0.0,7.5938950253,6.428456429466405,-0.39074932886481917,0.22489738061207395,0.15150042615408768,0.04912781028431787,0.042047051955555984,0.15998239216800755,-0.17986264818247882,-0.00282698096423952,-0.07303335623225651
2918.0,11.399713447787885,5.931787781316411,13.96352658572163,-0.12636807573050082,0.06918393797337608,0.058233733914289244,0.3632464611329957,-0.5250639798446964,-7.2157,0.0,7.5938950253,6.456851761161107,-0.3818850560459068,0.20907426086620642,0.1759826808398029,0.0495009659878507,0.0429629559380997,0.16349018549293692,-0.17940372936572677,-0.003033264088379184,-0.07441193622161901
2919.0,11.39524832754276,6.024777887741381,13.879793210402308,-0.12285079417267611,0.06321608789978916,0.06544148483048587,0.23805901467813823,-0.45913698947437787,-7.2157,0.0,7.5938950253,6.483914877215759,-0.37140128390350874,0.19111424038771696,0.1978420379800871,0.04989152821071043,0.043757583960714955,0.1669412855490443,-0.17879641685969,-0.003240013081694925,-0.07562142663169552
2920.0,11.390417680672003,6.110164230545342,13.789611524206704,-0.11880741840199124,0.056727495456378924,0.0717087420250255,0.11667205674332892,-0.3993409608501905,-7.2157,0.0,7.5938950253,6.509505191395532,-0.3593297171967383,0.1715707249075135,0.21688108654294616,0.05034470167432862,0.04448799166781157,0.170210543691343,-0.1780731611630491,-0.0034621677662600376,-0.07666775251162175
2921.0,11.385230658026181,6.187426798808777,13.694025225083427,-0.1142525657755882,0.049906574865444336,0.07700720825846737,-0.00038330649266168915,-0.3460782286424037,-7.2157,0.0,7.5938950253,6.533505027451181,-0.3457111242796187,0.15100980873870354,0.23301225984683957,0.05075709769282792,0.045066080046301055,0.1733752897338594,-0.177209210428948,-0.003666886666323149,-0.07751162304970538
2922.0,11.379731711558387,6.256245956322174,13.594087007146397,-0.10920542647127221,0.04293815571763323,0.08134377421371845,-0.11259761312813794,-0.2995716310132715,-7.2157,0.0,7.5938950253,6.555817587335445,-0.330598913690921,0.12998720022283322,0.24625299547407725,0.05112647408392618,0.04550290580299757,0.17638874497134105,-0.17621833695122985,-0.0038535966336929175,-0.07815598844615367
2923.0,11.37396624553674,6.316492988003606,13.490823044957107,-0.1036903454195991,0.035996315968919376,0.08475699443719445,-0.21948761082534457,-0.259871541636928,-7.2157,0.0,7.5938950253,6.576364529640534,-0.3140621593726753,0.10902732242729224,0.25671594194392294,0.05145176834136406,0.04581163386914966,0.1792104318226102,-0.17511454022419587,-0.004022187495831757,-0.0786102487193254
2924.0,11.367979521315586,6.368215909266753,13.385202514079925,-0.09773618181636437,0.029238881271375396,0.08731217613334813,-0.32060029055006994,-0.2268687997154225,-7.2157,0.0,7.5938950253,6.595084708982175,-0.2961838079722453,0.08860672715940227,0.2645944657231179,0.05173298230527203,0.046006807537859164,0.18180709183715638,-0.17391153411670024,-0.004172958263619021,-0.07888923159548368
2925.0,11.361815708160478,6.4116204556529315,13.278112769743837,-0.09137554799630575,0.02280354811180167,0.08909548360400128,-0.41551612264366666,-0.2003120632619623,-7.2157,0.0,7.5938950253,6.611932518914894,-0.2770585009763715,0.06914231427705109,0.2701451501236137,0.05197103739774511,0.04610368339891714,0.18415315394632814,-0.17262235214929855,-0.004306554009661552,-0.07901196011643655
2926.0,11.355517098454582,6.4470479994601275,13.170340921043987,-0.08464398813096305,0.016805703104822975,0.09020757432880579,-0.5038515060635356,-0.17982802641727605,-7.2157,0.0,7.5938950253,6.6268760258774035,-0.2567901898107771,0.050984597789909894,0.27366881742886834,0.05216761569017686,0.046117668821489315,0.18623076945356928,-0.17125907976757557,-0.004423898819821933,-0.07900031820221097
2927.0,11.349123491170648,6.474952117116632,13.06256202135009,-0.07757915290430158,0.011337850681410352,0.09075724682039714,-0.5852604760871445,-0.16494294807376073,-7.2157,0.0,7.5938950253,6.639895065190393,-0.23548971157397405,0.03441578164855248,0.2754915086962525,0.0523250001010873,0.046063884114753394,0.1880294656076742,-0.16983271068792605,-0.0045261296258992095,-0.07887771610711078
2928.0,11.342671735785283,6.495875360151122,12.955333641900374,-0.07022001677038543,0.0064704338564220455,0.0908554987665091,-0.6594357390428873,-0.15510408007710086,-7.2157,0.0,7.5938950253,6.650979440228223,-0.213272466495505,0.019652023045900753,0.275946620462568,0.05244592415015705,0.04595685628118998,0.18954549505342783,-0.16835311559183408,-0.004614534798258484,-0.07866784124037829
2929.0,11.336195420371338,6.510427504680101,12.8490962420773,-0.06260617175879718,0.002253747802365401,0.09061028514931559,-0.7261091155622921,-0.14969982394191708,-7.2157,0.0,7.5938950253,6.660127328622019,-0.19025630179370298,0.0068490008254413785,0.275359078389253,0.052533438504745025,0.04581033825743982,0.19078097238022995,-0.16682910603310486,-0.004690500279793685,-0.07839355710357332
2930.0,11.329724682421991,6.519266215434217,12.74417851408275,-0.05477721826595281,-0.0012793945673801061,0.09012214911275099,-0.7850514780914568,-0.1480777448983322,-7.2157,0.0,7.5938950253,6.667343960332549,-0.1665596669078695,-0.0038902218793213056,0.2740320814460046,0.052590798516434174,0.0456372377681281,0.19174289174374876,-0.16526857413237173,-0.004755464925761158,-0.07807598826520037
2931.0,11.323286118651396,6.523080704059023,12.640806760880448,-0.04677226072150732,-0.00411058676943264,0.0894807896148431,-0.8360722659771517,-0.1495598920228143,-7.2157,0.0,7.5938950253,6.672640596081838,-0.14230006775169554,-0.012506061643509914,0.27223662547515703,0.05262137435773297,0.045449633720781826,0.19244211298007297,-0.16367868878225483,-0.004810885691534441,-0.07773380594434956
2932.0,11.316902769992895,6.522578623408581,12.539117349384147,-0.03862950575751796,-0.006232654974748146,0.08876254081290408,-0.879018654442759,-0.1534551804584683,-7.2157,0.0,7.5938950253,6.67603380386705,-0.11759281672677385,-0.018972944121195136,0.2702037468336812,0.05262858337046411,0.04525885518199557,0.19289239048133328,-0.16206613081867394,-0.004858212454227229,-0.07738270948512921
2933.0,11.310594159635734,6.518476144783698,12.43917134213219,-0.030385953220864157,-0.0076466494554898335,0.08802867474027129,-0.9137744441545229,-0.15906886274143228,-7.2157,0.0,7.5938950253,6.67754500752513,-0.0925500529578265,-0.02329029492382641,0.2681192342330505,0.0526158428360561,0.04507559776607319,0.19310950227264817,-0.16043735209822946,-0.0048988715970048335,-0.0770350851720207
2934.0,11.30437636461566,6.511490927570237,12.340970522755576,-0.02207716618647581,-0.008359205855266179,0.08732440234431049,-0.9402587275864115,-0.16570933719724465,-7.2157,0.0,7.5938950253,6.677200264767482,-0.06727999410075818,-0.025474615531673413,0.266120444306684,0.052586540499128934,0.044910053958967015,0.19311051882899372,-0.1587988459817435,-0.0049342570280038545,-0.0766998157870657
2935.0,11.298262104725929,6.5023375150680565,12.244474166889228,-0.013737104762289587,-0.008380421138135457,0.08667843591871639,-0.9584243784849729,-0.17269270703111445,-7.2157,0.0,7.5938950253,6.675030222099171,-0.04188637638906645,-0.025553089982573905,0.26429481717818726,0.05254401970452303,0.044772036740550254,0.1929132341862185,-0.15715741889531779,-0.004965727029461246,-0.07638221154841264
2936.0,11.292260835994664,6.491724574054802,12.149616048068227,-0.00539800938264845,-0.007722333796275815,0.08610298369309889,-0.9682564025801282,-0.1793456153869186,-7.2157,0.0,7.5938950253,6.671070189441721,-0.016468041779505966,-0.023559002324291294,0.2626797088119138,0.05249157582186494,0.044671079242904296,0.19253576709706793,-0.1555204541717818,-0.004994605206516038,-0.07608403459274403
2937.0,11.286378839457607,6.480353332151285,12.056321290262513,0.0029096781887600377,-0.006398050123906034,0.08559406919240885,-0.9697701821393768,-0.18500694466302425,-7.2157,0.0,7.5938950253,6.66536027681431,0.00888136177498721,-0.019529100511670876,0.2612632205264689,0.05243246062136011,0.044616496663736196,0.1919963279478632,-0.15389616019807556,-0.005022183796218528,-0.07580359374440176
2938.0,11.280619299319056,6.46891654791638,11.964522773551606,0.011157364436369794,-0.004421518941007464,0.08513209830066229,-0.9630096445519815,-0.18902898999662546,-7.2157,0.0,7.5938950253,6.6579455379130055,0.03407359069870761,-0.013502922443885847,0.2599857958715841,0.052369891342977794,0.04461740000144956,0.1913131379365436,-0.1522937950738005,-0.005049727675577591,-0.07553589271866305
2939.0,11.274982367790706,6.458097365467196,11.874176861048474,0.019318328672647784,-0.0018079253640300983,0.08468263071011523,-0.9480453860465338,-0.19077870445321354,-7.2157,0.0,7.5938950253,6.6488760699204095,0.059025939115780794,-0.005524002322944744,0.2587424558904306,0.05230706130747022,0.04468265430751378,0.19050448031465905,-0.15072385967593827,-0.005078477548960738,-0.07527282203477435
2940.0,11.269465216928829,6.4485674512567766,11.785278242296933,0.027367723280389666,0.0014253515286862207,0.08419734544434165,-0.9249727857250668,-0.18963957348103558,-7.2157,0.0,7.5938950253,6.638207024737812,0.08366129615388815,0.00435720411022503,0.25738564294961686,0.05224714901570003,0.044820777090449536,0.1895888588293115,-0.14919825042338103,-0.00510965098254567,-0.07500339186445883
2941.0,11.264062080679283,6.440983880258008,11.697873683518887,0.03528254699823967,0.005257293906029021,0.08361521918552381,-0.8939101518102345,-0.185014613453487,-7.2157,0.0,7.5938950253,6.625998493711495,0.10790811834872775,0.0160789041968577,0.2557287309240028,0.05219332275972481,0.045039775347524964,0.18858523534155644,-0.1477303623546561,-0.00514444017551975,-0.07471400912630963
2942.0,11.258764293112295,6.435984328891265,11.612074443663285,0.04304158611243349,0.009661409278183783,0.08286395884351262,-0.8549969504564127,-0.17633090682754304,-7.2157,0.0,7.5938950253,6.612315235718808,0.13170030058098356,0.029562351690500182,0.2535503282456486,0.05214873783381719,0.04534692256357618,0.1875133164827091,-0.14633513257543396,-0.005184005607374687,-0.07438880686569864
2943.0,11.25356033149114,6.434180240827995,11.528067064647388,0.0506253168555442,0.014603617657113504,0.0818617445236919,-0.8083921764342623,-0.16304598641902018,-7.2157,0.0,7.5938950253,6.597226227247016,0.1549769241288997,0.04470537442979152,0.2505995450123923,0.052116523515400574,0.045748480012638086,0.1863938577975167,-0.14502901387674255,-0.005229464973271468,-0.07401003700874197
2944.0,11.248435875338101,6.436147758511167,11.446122183319698,0.05801576183258801,0.02003999375202832,0.08051934469624024,-0.7542729329262984,-0.14465626446245644,-7.2157,0.0,7.5938950253,6.5808040229736235,0.17768185881866733,0.061375447431852345,0.24660241259561785,0.052099757133415595,0.046249369909073836,0.1852489529162697,-0.14382986851605042,-0.00528187711072375,-0.07355853875195531
2945.0,11.243373894949745,6.442416357371321,11.366600951232549,0.06519629396738624,0.02591451357583517,0.0787426612933309,-0.6928332928155874,-0.1207075690947037,-7.2157,0.0,7.5938950253,6.563123926466025,0.1997631981433359,0.07940276655644495,0.24126963195395673,0.052101422820719175,0.046852811417778494,0.1841022748430332,-0.14275677290592673,-0.005342220925304076,-0.07301429404670073
2946.0,11.23835478471526,6.453455280425158,11.289958596492198,0.07215138331315787,0.0321569711976214,0.0764357483584231,-0.624283514363524,-0.090807702573445,-7.2157,0.0,7.5938950253,6.544262982998602,0.2211725117024116,0.09857382855226575,0.23430578419974593,0.05212435303619792,0.04755993423023076,0.18297923651775264,-0.14182972535984212,-0.00541136963336397,-0.07235707882693185
2947.0,11.233356557873323,6.469658046351755,11.216744630111346,0.07886628508612485,0.03868124539273705,0.07350432372531589,-0.5488496782835741,-0.05464077367215431,-7.2157,0.0,7.5938950253,6.524298820023909,0.24186390837142335,0.11862606665376521,0.22542006383322066,0.052171151724306156,0.04836938826383565,0.1819070385850674,-0.14106925118397637,-0.005490060946708031,-0.07156721382373044
2948.0,11.22835511969893,6.491325490793866,11.147599197637547,0.0853266714046486,0.04538410575446875,0.06985975927484642,-0.46677379944369224,-0.011982884423693052,-7.2157,0.0,7.5938950253,6.503308375217559,0.2617929161087098,0.1392441213850182,0.2143384922691143,0.05224409912947285,0.049276971892211474,0.18091457404760578,-0.1404959023690676,-0.005578864117654579,-0.07062641205889136
2949.0,11.223324635178976,6.518647992976847,11.083245115121459,0.09151821434853272,0.05214475106580357,0.06542349219752107,-0.37831444382894913,0.03728142628450873,-7.2157,0.0,7.5938950253,6.481366566692338,0.2809151999777894,0.16005833677716536,0.2008174386348987,0.05234503984918694,0.0502753047239632,0.180032162534762,-0.14012965304427416,-0.005678145033313641,-0.06951871149809116
2950.0,11.21823800463138,6.5516877296756855,11.024475215585484,0.09742613393336885,0.058825266557283866,0.06013174844505763,-0.28374784983290235,0.09314275554623254,-7.2157,0.0,7.5938950253,6.4585449741294525,0.2991851583661282,0.18064605440371195,0.184658119490513,0.05247525769375335,0.05135357397601563,0.1792910916826251,-0.13998919685373915,-0.005788030787651135,-0.06823147101942248
2951.0,11.213067456100804,6.590361975057401,10.972134775415622,0.10303473117901822,0.06527216790299624,0.053940411958975164,-0.18336951334616405,0.15545136294925543,-7.2157,0.0,7.5938950253,6.434910612108145,0.31655445782464653,0.2005362219625985,0.16572157433831006,0.05263534325211379,0.05249738547898371,0.1787229500537484,-0.14009115866958033,-0.005908375364680057,-0.06675639607685153
2952.0,11.207785256494724,6.634428613751934,10.927098994462021,0.1083269332766857,0.07131916505248892,0.04682981215763305,-0.0774961506533601,0.22390372729399705,-7.2157,0.0,7.5938950253,6.410524886457937,0.3329705883880378,0.21921772944699175,0.14394342788603895,0.052825062577156356,0.05368875073229737,0.17835874561030357,-0.1404492406938061,-0.006038728235039027,-0.06509054767050185
2953.0,11.202364534288145,6.683475138221782,10.890245770289543,0.11328388440220834,0.0767912250511607,0.03880914186853883,0.033532094644408206,0.29803230882094517,-7.2157,0.0,7.5938950253,6.385442829400837,0.3483755421197843,0.2361517244788171,0.11934756571069939,0.05304323782770613,0.05490623952283605,0.17822781643878072,-0.1410733320387146,-0.00617830780239686,-0.06323727524703637
2954.0,11.196780195517718,6.7369124399140174,10.862424331681792,0.11788462126123402,0.08150993743105824,0.029920164630285805,0.1493493798200881,0.37719973207531604,-7.2157,0.0,7.5938950253,6.3597127078387015,0.36270473578424417,0.25078793148266487,0.09205768564841299,0.05328765265822703,0.05612532271834363,0.17835655650472043,-0.14196862108007685,-0.006325981735385826,-0.061207002145560185
2955.0,11.191009902398294,6.793974655032864,10.844420667347302,0.12210587604421685,0.08530008781810304,0.02023983240190138,0.2695620426638291,0.46059856538683175,-7.2157,0.0,7.5938950253,6.333376089646032,0.375886311102431,0.2625847042369156,0.062305567801890296,0.05355499617086299,0.057318921301225116,0.17876699865280346,-0.1431347606305402,-0.006480256278751367,-0.0590177829027035
2956.0,11.185035071360886,6.853726168998335,10.836921081386848,0.1259220499855028,0.08799722725668169,0.009881422481676564,0.3937468718918651,0.5472577351739207,-7.2157,0.0,7.5938950253,6.306468433824414,0.38784094947614367,0.27103218359634884,0.030434862503505702,0.05384085885502891,0.05845816511601413,0.17947531924228127,-0.14456514614298183,-0.006639276635984088,-0.05669554738959588
2957.0,11.178841836175435,6.915076601881327,10.840475594957347,0.12930539694603171,0.08945589277201973,-0.001006172827954302,0.5214500108011758,0.6360563607748022,-7.2157,0.0,7.5938950253,6.279020241106525,0.39848232849806686,0.27567753003028683,-0.0031007374852424496,0.05413979172475742,0.05951334822554547,0.18049035225276128,-0.14624637500427795,-0.006800840420539444,-0.05427395000613287
2958.0,11.172421913917221,6.9768041822609845,10.855463249775415,0.13222644727671118,0.08955800058278283,-0.012241298000848715,0.6521867159382383,0.7257454198456579,-7.2157,0.0,7.5938950253,6.251058762415327,0.40771832139711756,0.2761507884189029,-0.03774586382241085,0.05444543560052687,0.06045504797124317,0.18181222287040044,-0.1481579582869219,-0.00696242593219773,-0.05179375564306206
2959.0,11.165773308672764,7.037587376257754,10.882061602498862,0.1346546869980694,0.08822081438372135,-0.02361469491191606,0.7854421467912625,0.8149771609379923,-7.2157,0.0,7.5938950253,6.2226102153197616,0.41545299540340536,0.2721895717834935,-0.07285892496882594,0.054750721269372554,0.06125535347292021,0.18343122786192645,-0.1502723526725832,-0.007121236568394905,-0.04930171984935776
2960.0,11.158900791596125,7.096043995817561,10.92022277314446,0.13655948616331165,0.08540380920163787,-0.03489695815810961,0.9206732937110144,0.9023415889205926,-7.2157,0.0,7.5938950253,6.193702406896968,0.42158940080093477,0.2636604878871398,-0.10773464438829537,0.055048133593839615,0.06188912894912314,0.18532709791697957,-0.152555367427115,-0.007274261962087735,-0.04684895922213758
2961.0,11.151816107500581,7.1507763159288125,10.96965826063634,0.13791124446706682,0.08111373158426224,-0.04584804470905281,1.0573120636850177,0.9864087051620486,-7.2157,0.0,7.5938950253,6.164367610766764,0.42603306278472053,0.25057515530572416,-0.14163299726261983,0.05533002447925876,0.06233522138466958,0.18746877062655035,-0.15496697784039762,-0.007418355409660727,-0.04448885774265754
2962.0,11.144537875638003,7.2004200606851825,11.029834383055217,0.1386826942700562,0.07540721541699519,-0.056228349794089943,1.1947694539804585,1.065774558351565,-7.2157,0.0,7.5938950253,6.134645502333617,0.42869600075991726,0.23309881487273126,-0.17381309768266237,0.055588952286578674,0.06257751400714698,0.18981477919867734,-0.1574625439255824,-0.007550325853510599,-0.04227461093969176
2963.0,11.137091177146333,7.243694544075784,11.099979539676836,0.13885027519519372,0.06839046917013296,-0.06581062377170294,1.332440650741685,1.1391086162652393,-7.2157,0.0,7.5938950253,6.104585927810545,0.42950101641352256,0.2115500021895999,-0.20356985076924608,0.055818020113097694,0.06260573034470661,0.19231431769194463,-0.15999439213030728,-0.007667041136354139,-0.040256565107104875
2964.0,11.129506847684718,7.279450887244175,11.179103667045908,0.13839547488625292,0.060215792296202955,-0.07439182187061696,1.469710820399789,1.2051996132468343,-7.2157,0.0,7.5938950253,6.074251273997341,0.42838592716471063,0.1863904729108225,-0.2302706039464719,0.05601118371750431,0.062415909565400926,0.19490898292746817,-0.16251367558028085,-0.007765537694204191,-0.038479553431145994
2965.0,11.121820519802753,7.306715140773853,11.2660292728271,0.13730602191887803,0.0510749898599234,-0.08180388894619453,1.6059613152811767,1.2629969187831027,-7.2157,0.0,7.5938950253,6.0437182219907495,0.4253073898003561,0.15820552017913403,-0.2533887297658335,0.05616350230016781,0.06201050212651076,0.197535120714419,-0.16497238999644695,-0.00784313047934785,-0.03698045524245515
2966.0,11.114071480756477,7.324723375410457,11.359432425685867,0.1355768224205383,0.04119009200672884,-0.08792251563925595,1.7405760013086904,1.3116446663338126,-7.2157,0.0,7.5938950253,6.013078709076645,0.4202439709403093,0.12767586316938326,-0.27253114837499715,0.05627131177429695,0.06139807229465059,0.20012663047925286,-0.1673253957995092,-0.007897516002978671,-0.035786200865828496
2967.0,11.106301424927764,7.332946366938387,11.457891180530268,0.1332105525627343,0.030802096825764763,-0.09267306991655215,1.8729474335568788,1.3505063811927849,-7.2157,0.0,7.5938950253,5.982439985745602,0.41319818004273595,0.09554325918670967,-0.2874572854163272,0.056332309545974166,0.060592635503767575,0.20261801992792425,-0.16953228775140983,-0.0079268611947986,-0.03491240959988964
2968.0,11.098553183906038,7.3311023395950965,11.559938255326461,0.1302178526751555,0.020158687716665465,-0.09603319257700127,2.0024826489548224,1.3791786075528456,-7.2157,0.0,7.5938950253,5.951923732042251,0.4041972814226132,0.06257273180851793,-0.2980878164439585,0.056345550466963906,0.059612697160779,0.20494746193647329,-0.17155896483852462,-0.007929871444092643,-0.034362785187307184
2969.0,11.09086951161138,7.319157247480581,11.66411444626622,0.12661711045224572,0.009501987272981792,-0.09803190554438489,2.1286084049084666,1.397492967797156,-7.2157,0.0,7.5938950253,5.921664279683425,0.3932928297923975,0.02951467972925987,-0.30450264900045604,0.05631136357513913,0.05848008896619309,0.20705959796223022,-0.1733787840947316,-0.007905832715644769,-0.034129310828371215
2970.0,11.083291988237738,7.2973131330088234,11.769019318499257,0.12243386389736925,-0.0009426209735581507,-0.09874545938118566,2.250775756989758,1.4055070699914638,-7.2157,0.0,7.5938950253,5.891806063017359,0.3805590086177109,-0.0029299320611187473,-0.30692876081330556,0.056231206777705746,0.05721871442393938,0.2089078585760152,-0.17497322787728153,-0.00785462486000029,-0.03419319780221736
2971.0,11.075860088160137,7.265986066852231,11.873356124313917,0.11769989228135629,-0.010975736172557543,-0.09829047964352208,2.3684639283782127,1.4034855834837185,-7.2157,0.0,7.5938950253,5.862500483368512,0.3660899701529436,-0.0341385777840227,-0.3057195555710399,0.056107480713578003,0.05585331516039804,0.21045612815784748,-0.176332067068804,-0.0077767058550863195,-0.03452646279551706
2972.0,11.06861043666532,7.225775923667025,11.975968605695869,0.11245208973426048,-0.0204306477533691,-0.09681520907018254,2.4811834717900174,1.391873512973845,-7.2157,0.0,7.5938950253,5.83390241069318,0.3499964619327952,-0.06358845305207188,-0.3013281542025813,0.05594332345989174,0.05440835525875978,0.21167965739815922,-0.17745305401428565,-0.007673069335125312,-0.03509395165079188
2973.0,11.061576261495242,7.177430709686755,12.075868219681386,0.10673122805305489,-0.029177222013577662,-0.09448975566458263,2.588478758774555,1.3712641492240683,-7.2157,0.0,7.5938950253,5.806166560462687,0.33240206635168285,-0.09086908362840138,-0.29427741631868076,0.05574240516013214,0.05290709605572579,0.2125652107987054,-0.1783412211412986,-0.007545180018039737,-0.03585559872817423
2974.0,11.054787029837541,7.12180829828723,12.17225125483924,0.10058071256832407,-0.03712299683013423,-0.09149624144717038,2.6899298522393145,1.3423643253556923,-7.2157,0.0,7.5938950253,5.779443972931538,0.31343937595780946,-0.11568628480551729,-0.2851294655742763,0.055508737129035146,0.05137090390045774,0.213110513382807,-0.1790078888672718,-0.007394893224646678,-0.036768712889833306
2975.0,11.048268251030072,7.059838269701892,12.264506156113113,0.09404541980305396,-0.04421177834219357,-0.08801962244344494,2.785153827661589,1.3059594789348608,-7.2157,0.0,7.5938950253,5.753878790767031,0.2932463838315244,-0.1378583257830081,-0.2744571297763311,0.05524650476517036,0.049818803660351005,0.21332312032728834,-0.17946949744422072,-0.007224365427956409,-0.037790108994162006
2976.0,11.042041419148434,6.992486174606412,12.352212067507827,0.08717068283978001,-0.05042022055252847,-0.08423975715798339,2.8738056125815237,1.2628806892892548,-7.2157,0.0,7.5938950253,5.729605485317157,0.2719633000672095,-0.15730574919076531,-0.2628191222920024,0.054959928821967916,0.04826726567977777,0.2132188699958624,-0.17974637395643842,-0.007035962732247016,-0.03887794852098952
2977.0,11.036124067871961,6.920722000335684,12.435130069207586,0.08000146378744165,-0.05575296601629067,-0.08032507360930491,2.955578412600618,1.213975370866957,-7.2157,0.0,7.5938950253,5.706746629468727,0.24972992424946525,-0.17403661534149192,-0.2507400939697971,0.054653155763239675,0.046730195632658005,0.21282009283944645,-0.17986153004426958,-0.006832173403896557,-0.039993206098020165
2978.0,11.030529910885955,6.845494027293114,12.513188827679878,0.07258172735124546,-0.0602369401089276,-0.07642796591162816,3.030203789339345,1.1600827645717775,-7.2157,0.0,7.5938950253,5.6854112627213365,0.22668362512509382,-0.18812900227980817,-0.23869600526237245,0.054330175430956515,0.04521908630595173,0.21215373980192526,-0.17983956356452502,-0.006615529339294955,-0.04110073028184817
2979.0,11.0252690436648,6.767708684232717,12.586466410682853,0.06495400807084685,-0.06391534027147926,-0.07268186542110443,3.0974514514240394,1.1020148366410043,-7.2157,0.0,7.5938950253,5.665693847591713,0.2029579114286062,-0.1997124481617688,-0.22710468595737368,0.05399476293054273,0.04374328691898216,0.21124956966858444,-0.17970571236225735,-0.006388539865954111,-0.04216991086816832
2980.0,11.020348185769956,6.688216503756312,12.655169887955418,0.057159148090121056,-0.0668417683202536,-0.06919979445018062,3.1571288139110263,1.0405427242753356,-7.2157,0.0,7.5938950253,5.647673779480977,0.17868152788922917,-0.2089497427682095,-0.216321016234948,0.05365044122814601,0.04231034756405747,0.21013850201395906,-0.17948508442116934,-0.006153639761685778,-0.04317499740908698
2981.0,11.015770946135591,6.607803875464567,12.719614095022717,0.04923617276708782,-0.06907484130756687,-0.06607412638719733,3.209080374379277,0.976388489049144,-7.2157,0.0,7.5938950253,5.631415386415423,0.15397797940063462,-0.21602013101774495,-0.20663589186533274,0.05330046111459584,0.04092640181180655,0.20885120721414546,-0.1792020683516229,-0.005913152013236426,-0.0440951335113128
2982.0,11.011538096838558,6.527190004712648,12.780200633906164,0.04122226748674049,-0.07067350349366108,-0.06337724028610908,3.25318694512561,0.9102216641706505,-7.2157,0.0,7.5938950253,5.616968340541997,0.1289653727235368,-0.22110464259807935,-0.1982780160823584,0.05294779562239535,0.0395965576466652,0.20741697215942018,-0.17887991273014514,-0.0056692647271436355,-0.044914179912380295
2983.0,11.007647843425659,6.447028304255835,12.837397865218447,0.03315281960174155,-0.07169316193966156,-0.0611627611947491,3.289364770681007,0.8426599057446699,-7.2157,0.0,7.5938950253,5.604368398511165,0.10375646564330518,-0.22437395018014242,-0.1914175628735753,0.05259514647149731,0.038325274246898744,0.20586285286831327,-0.17854045247324007,-0.0054240207970224375,-0.04562039852702472
2984.0,11.004096082012627,6.367911357917969,12.891722345106057,0.025061493190850832,-0.07218268834637825,-0.0594671084150103,3.317564548782945,0.7742729672310709,-7.2157,0.0,7.5938950253,5.593638390686898,0.07845882424055524,-0.22597890776303728,-0.18617084671278264,0.05224496054570743,0.037116708733811295,0.20421310454296415,-0.17820395475986633,-0.005179318418277769,-0.0462060623173757
2985.0,11.000876635159372,6.290378578308827,12.943721900417902,0.016980310043970277,-0.07218227231568583,-0.05831112173546225,3.3377703618046564,0.7055891913630961,-7.2157,0.0,7.5938950253,5.584789386945731,0.05317500599408381,-0.22604373848969644,-0.18260527868900808,0.05189945471757166,0.03597502236957814,0.20248886578290537,-0.17788905517109616,-0.004936920284975728,-0.04666704455803506
2986.0,10.997981460064398,6.214925712391585,12.993960328849408,0.008939716915197227,-0.07172207482522372,-0.057701591433560254,3.349998515410005,0.6371037351815942,-7.2157,0.0,7.5938950253,5.57782197720999,0.028002706573642577,-0.2246617242173901,-0.18074406036273782,0.05156064754582925,0.034904639626974085,0.20070806587286233,-0.17761275571878063,-0.00469846924834934,-0.04700242799984928
2987.0,10.995400823995114,6.142015409566247,13.043003562146458,0.0009686258553253807,-0.07082161177431605,-0.05763257479013538,3.35429627282264,0.569287793857347,-7.2157,0.0,7.5938950253,5.5727276157089,0.003034828948039648,-0.22189318649492393,-0.18057024325910526,0.05123039648778356,0.03391045618426409,0.19888552098896878,-0.17739045935496206,-0.004465508301914778,-0.047214161190459375
2988.0,10.99312344314526,6.072088141208055,13.091407038562949,-0.006905579178018397,-0.06948979134083272,-0.058086435490701166,3.350740467411172,0.5025981535186892,-7.2157,0.0,7.5938950253,5.569489987689366,-0.021640546830307278,-0.21776552624672046,-0.18202994926818758,0.05091043932423144,0.03299799346224345,0.19703318539106354,-0.17723601959521357,-0.004239502929122869,-0.04730677685528168
2989.0,10.991136582331864,6.005572837367298,13.139703990822527,-0.01465707054333393,-0.06772553081597407,-0.05903458992296059,3.3394359739574915,0.43748647248785155,-7.2157,0.0,7.5938950253,5.568086364879447,-0.0459402971144525,-0.2122750926742929,-0.18503469660409924,0.05060243850481983,0.032173498133533214,0.1951605258340514,-0.17716178843013802,-0.004021864060815388,-0.04728717640793247
2990.0,10.989404923934647,5.942894685508264,13.188393871067602,-0.022262650778447156,-0.06551920114222304,-0.06043811181926456,3.3205137022955307,0.37440766007966925,-7.2157,0.0,7.5938950253,5.568487025428595,-0.0697897952278663,-0.20539205671033176,-0.18946366673949,0.0503600875894341,0.03153240252475877,0.19315908895640604,-0.1772017212436289,-0.0038390596664617774,-0.04720135381527713
2991.0,10.987885902499707,5.884485006625651,13.237932105306195,-0.029701075645584284,-0.06285388221986868,-0.06224799702516724,3.29412752834958,0.31382674886389966,-7.2157,0.0,7.5938950253,5.570658257761751,-0.09312092108251722,-0.1970639540388633,-0.1951643397597674,0.050135433508489494,0.030995614428250107,0.19114851273805733,-0.17734265066138705,-0.003668096189106981,-0.04702450189867161
2992.0,10.986564962533288,5.830791393611028,13.288720482885013,-0.036951458576331274,-0.05970681945079496,-0.06440503707086222,3.2604534169889097,0.25622486812488565,-7.2157,0.0,7.5938950253,5.5745665254861425,-0.11586676566294918,-0.18721956654280825,-0.20195152303360178,0.04992495037491623,0.030562222412652343,0.18914610327622172,-0.1775900707555471,-0.0035076914271686965,-0.046766007455584686
2993.0,10.98542667591597,5.782279616427575,13.341096068716185,-0.04399476146274056,-0.0560522011017205,-0.06684001612134753,3.2196877867349754,0.20210294996565548,-7.2157,0.0,7.5938950253,5.580176666461919,-0.13796637828498723,-0.1757781818513903,-0.209608477058851,0.0497301741963577,0.03024050989969846,0.18715756406294864,-0.17795024176354188,-0.0033590110820288384,-0.04644079785504
2994.0,10.984454318602447,5.7394356858409,13.395320921168747,-0.050813898124431205,-0.05186372604316301,-0.06947387110651596,3.172045188070027,0.15198294944302604,-7.2157,0.0,7.5938950253,5.587452736397874,-0.15936511178548707,-0.16265763508717368,-0.21788746078776394,0.049552692416415786,0.03003912101263164,0.1851889340774516,-0.1784278691499088,-0.003223231940144463,-0.0460656711984925
2995.0,10.983629838870801,5.7027652533343804,13.451572083082805,-0.05739379140903659,-0.04711736423876949,-0.07221802750014915,3.117755881770966,0.10640654720253996,-7.2157,0.0,7.5938950253,5.5963587061318405,-0.18001481687265083,-0.1477829480634141,-0.226510824188146,0.04939415379640842,0.02996682654734833,0.18324717080864952,-0.17902601360964857,-0.003101541401160599,-0.04565919809357284
2996.0,10.98293382347207,5.672790138566906,13.509932074550893,-0.06372139054699892,-0.041794233729860616,-0.0749750126957515,3.057063378125784,0.06593119826744792,-7.2157,0.0,7.5938950253,5.606858940299459,-0.19987390797645146,-0.1310953316423176,-0.23517297189286918,0.049256267827130606,0.03003224481172767,0.18134068636272466,-0.17974598488187593,-0.002995131850706421,-0.04524157522245524
2997.0,10.982345471258983,5.650041903050404,13.57038022184757,-0.06978563773545449,-0.03588349859526108,-0.07763943339738233,2.990222015056336,0.031123479621594834,-7.2157,0.0,7.5938950253,5.618918423428809,-0.21890726587303458,-0.11256124931071139,-0.24354346596904172,0.04914079333710786,0.030243523035642816,0.17947981492157208,-0.18058722562355992,-0.0029051896157905313,-0.044834414124846525
2998.0,10.981842583832494,5.6350524917850775,13.632785235828631,-0.07557737546254722,-0.02938517978872752,-0.0800993837259394,2.917494667613316,0.0025497888893973586,-7.2157,0.0,7.5938950253,5.63250270289568,-0.23708595026829474,-0.09218120146905068,-0.2512714736433252,0.049049516438216825,0.03060798693890325,0.17767719013797867,-0.1815471922600007,-0.0028328783923473283,-0.04446045273404947
2999.0,10.981401582263695,5.628342080110695,13.69689950890407,-0.08108918930003321,-0.022312760270838713,-0.08223832586078952,2.839150691182838,-0.0192354446955686,-7.2157,0.0,7.5938950253,5.647577524806263,-0.2543867056003147,-0.06999785824897771,-0.2579916875528911,0.0489842184547508,0.031131767982681476,0.17594801208261726,-0.1826212402334606,-0.0027793172141509625,-0.044143182120059854
3000.0,10.980997558011069,5.630404388336935,13.762355627567393,-0.08631518462522063,-0.014695459059926684,-0.08393745630386941,2.7554642042869584,-0.033703760705605997,-7.2157,0.0,7.5938950253,5.664108149042541,-0.27079125504126206,-0.0461031488204948,-0.26333175600778935,0.04894663499173778,0.031819419728020396,0.1743101853027223,-0.183802521563585,-0.0027455532454725507,-0.043906386294934
3001.0,10.98060436478444,5.641689857930827,13.82866559448787,-0.09125069979081107,-0.0065800469870396176,-0.08507853971154884,2.666712812567921,-0.04036848550447002,-7.2157,0.0,7.5938950253,5.682058343435298,-0.28628539043580714,-0.020643910951796216,-0.26692116350741457,0.048938407777284136,0.032673536511974695,0.17278431250291792,-0.18508190324275522,-0.0027325299296811338,-0.04377359852295351
3002.0,10.98019475632903,5.662587214638042,13.895223217899487,-0.09589196244542397,0.001967919107762898,-0.08554716018154894,2.5731768624221023,-0.038801859440532604,-7.2157,0.0,7.5938950253,5.701389074078574,-0.3008578790773012,0.00617428149198853,-0.26840140212956065,0.04896103131977114,0.03369438926811663,0.17139353227364634,-0.18644791576587696,-0.0027410513104984473,-0.04376748308675475
3003.0,10.979740572996628,5.69340406845412,13.961310055965619,-0.10023569981045445,0.010863556819864867,-0.08523630837493053,2.475139290309819,-0.028652860182558422,-7.2157,0.0,7.5938950253,5.722056928636678,-0.31449922113485046,0.034085462216180876,-0.26743717704387865,0.0490157967092099,0.03487959469428917,0.17016319401233376,-0.18788674199331085,-0.0027717436527887997,-0.04390915668458317
3004.0,10.979212977789242,5.734347317617085,14.026105204952241,-0.10427871757992418,0.020002909851033937,-0.08405019256705162,2.372886102597055,-0.00966501345499287,-7.2157,0.0,7.5938950253,5.744012331072078,-0.3272003036916904,0.06276408388854074,-0.26372829635353046,0.04910373505337868,0.03622383512885111,0.16912036867842242,-0.18938225753299387,-0.0028250158258093135,-0.04421746857979614
3005.0,10.97858274011729,5.785504214997883,14.088699085285908,-0.10801746555944301,0.029264064707102612,-0.0819081344818377,2.2667074819739184,0.018306586347629866,-7.2157,0.0,7.5938950253,5.767197628650253,-0.3389510082139306,0.09182852222589476,-0.257021812349994,0.0492255630151136,0.037718647171112916,0.16829319984570593,-0.19091613439576124,-0.0029010202295215366,-0.0447082630918576
3006.0,10.977820563362963,5.8468250272784,14.148111223341706,-0.11144761107620954,0.0385091773307466,-0.07874838633698497,2.156899472423017,0.05527987390479738,-7.2157,0.0,7.5938950253,5.791545153373603,-0.3497388374509248,0.12084740786087464,-0.247123907122605,0.04938163275825013,0.039352297299447954,0.1677101058617907,-0.19246801973398875,-0.002999616345548929,-0.0453936522673485
3007.0,10.976897450302364,5.91810825298029,14.20331184427165,-0.11456364343903237,0.04758741961127358,-0.07453168551130974,2.043766148316957,0.10113287445363225,-7.2157,0.0,7.5938950253,5.816975378526658,-0.3595476348707213,0.14934881308955086,-0.23391095502981993,0.04957188830584333,0.04110976212786838,0.16739885051762032,-0.19401580035814536,-0.00312033922390181,-0.04628133046108958
3008.0,10.97578509877128,5.9989893619871735,14.253246891429333,-0.1173585341576958,0.056338814768798796,-0.06924434845159169,1.9276221282617783,0.15559405757143407,-7.2157,0.0,7.5938950253,5.84339530441574,-0.36835647430681095,0.17683219481059229,-0.21733915001892512,0.049795829925928285,0.04297282925793599,0.16738550659468668,-0.19553596109655025,-0.0032623753450207247,-0.0473739660884205
3009.0,10.97440162146633,6.088931024875059,14.296865005367465,-0.1198252700478088,0.06459841395711194,-0.06290084968040434,1.8087946672153612,0.2182365993442326,-7.2157,0.0,7.5938950253,5.870694425530826,-0.37614629895378837,0.20278238737586501,-0.19745352377585007,0.05018196185118729,0.04504597835188635,0.1675248269113286,-0.19704302422199313,-0.003466900977334036,-0.048725044706235864
3010.0,10.97265441967726,6.187224065945886,14.333148034545834,-0.12195522926853183,0.07220214164250774,-0.05554513801734056,1.6876243433969538,0.2884770842746638,-7.2157,0.0,7.5938950253,5.898746981671222,-0.3828934629315061,0.22668751647949495,-0.17439080203472454,0.0506189308183638,0.04719147019877604,0.16798825703260345,-0.1984788613489822,-0.0036946472355248975,-0.05027377561196088
3011.0,10.97050557137477,6.292995234081854,14.36114276912545,-0.123736064464004,0.0789930331245208,-0.04725092949308504,1.5644690078391772,0.36558040862180724,-7.2157,0.0,7.5938950253,5.927414825460047,-0.3885607088070378,0.24805693533764098,-0.14837917090021518,0.0511018266638702,0.04938091639789466,0.16879345904361537,-0.19981839956059713,-0.003942763411267034,-0.05200390053818106
3012.0,10.967921497764614,6.405214837952488,14.379990681971655,-0.1251535304374567,0.08482673706698779,-0.038121175078981585,1.4397063095292317,0.448669842098637,-7.2157,0.0,7.5938950253,5.956544995853851,-0.39310448424062155,0.26643891393217245,-0.11973777180467382,0.05162594705210959,0.05158585319251357,0.16995022251264508,-0.20103778456317642,-0.004208450107075162,-0.05389388667796857
3013.0,10.96487387901648,6.522713583612219,14.38895700792751,-0.12619174796322497,0.08957752301946262,-0.028286031956479933,1.3137349439114825,0.5367425213677963,-7.2157,0.0,7.5938950253,5.985971062244423,-0.3964756699712301,0.2814392305894255,-0.08887049788739929,0.052185418093011436,0.05377708518406687,0.17146143049423992,-0.2021146446382453,-0.004488531335904016,-0.05591666595604251
3014.0,10.961340585208657,6.644205583250484,14.38745692004069,-0.1268336227705915,0.09314393309313727,-0.017899466316354584,1.1869750536793438,0.6286903476173611,-7.2157,0.0,7.5938950253,6.0155152356331225,-0.39862079555697905,0.2927386910492114,-0.05625558386813663,0.05277331858650783,0.05592555194355286,0.17332229092159895,-0.2030287904080546,-0.004779526619919314,-0.05804029902213914
3015.0,10.957306448363513,6.768316952199544,14.37507739687197,-0.12706141685034966,0.09545372468216161,-0.007134525617385156,1.0598676673512686,0.7233257694923434,-7.2157,0.0,7.5938950253,6.0449911827072,-0.39948374457924346,0.3001085011902347,-0.022431097339221252,0.05338186938397861,0.05800324062422958,0.17551982105597347,-0.2037628729884931,-0.005077740586837956,-0.0602289140726158
3016.0,10.952763821777266,6.8936190352379665,14.351593473914612,-0.1268574536061867,0.09646775288648475,0.0038225818669334125,0.932873125846955,0.81941161003442,-7.2157,0.0,7.5938950253,6.0742074252035465,-0.3990078986313784,0.30342241839741757,0.01202326165876254,0.054002679921315806,0.05998409649647065,0.17803264381624515,-0.20430295509273183,-0.005379366268205092,-0.062443899366446544
3017.0,10.947712883914345,7.0186649414128475,14.316977778568384,-0.12620492595579783,0.09618247374930547,0.014779354634187251,0.8064685183346126,0.915693789229684,-7.2157,0.0,7.5938950253,6.102971152183163,-0.39713863025814916,0.3026646986268825,0.04650731824506025,0.05462703815528823,0.06184487790036252,0.1808311428909569,-0.20463895126334136,-0.0056805969538063425,-0.0646453054932134
3018.0,10.94216165993673,7.1420277636942,14.271402561716041,-0.1250887648336761,0.0946308173553287,0.025544463561462543,0.6811442185428295,1.0109355334691632,-7.2157,0.0,7.5938950253,6.131092230225037,-0.3938260174219597,0.29793305557047717,0.08042348459485958,0.05524622527250597,0.06356590116444104,0.18387800470271384,-0.2047649002786977,-0.005977740454167203,-0.06679339026932271
3019.0,10.93612575346166,7.262338652190954,14.21523385817363,-0.12349651621936852,0.09188128348595889,0.035935380938316955,0.5573996755703253,1.1039514801191297,-7.2157,0.0,7.5938950253,6.158387172071825,-0.38902762090227105,0.2894361575066339,0.11320040581402037,0.05585183339346518,0.06513162557558094,0.18712914978269912,-0.20467904487486688,-0.006267329123714098,-0.06885021862915464
3020.0,10.929627801660216,7.378322836414423,14.149017882979448,-0.12141916954013723,0.08803524342338766,0.045785686520561274,0.43573865942410606,1.1936400133343645,-7.2157,0.0,7.5938950253,6.184682823080058,-0.38271114685372404,0.2774855823978763,0.14431570125322482,0.05643606368060923,0.0665310386694438,0.19053502623478114,-0.20438370973740463,-0.0065462191112833626,-0.07078121565221121
3021.0,10.922696686891767,7.488831767383358,14.07346028689771,-0.11885188025057775,0.08322257925042226,0.05495155708768495,0.316664189903836,1.2790122199811171,-7.2157,0.0,7.5938950253,6.20981954740224,-0.37485681347776634,0.2624826027273769,0.1733162785654038,0.05699198399026653,0.06775781737553482,0.1940422061003722,-0.20388498675109318,-0.006811673050799197,-0.0725565658548755
3022.0,10.915366554748424,7.592869787184744,13.989399381717789,-0.11579453536259876,0.07759593755807745,0.06331699135048856,0.20067338323650816,1.3592160463984169,-7.2157,0.0,7.5938950253,6.233653740786328,-0.3654592562909555,0.2449006211076692,0.19983482378568684,0.05751372937502151,0.068810259293105,0.19759519612510074,-0.20319225398682153,-0.007061421734510999,-0.07415235832672593
3023.0,10.907675699745004,7.689614108316798,13.897774851797973,-0.11225212238777102,0.07132399813998014,0.07079741816993566,0.08825243522534962,1.4335545497011248,-7.2157,0.0,7.5938950253,6.256059558615673,-0.3545288403054663,0.22526446546075415,0.2236013540456929,0.057996634734629515,0.06969099813829654,0.20113835185461257,-0.2023175692964874,-0.00729370205712717,-0.07555139544576504
3024.0,10.89966538538025,7.778427370746059,13.799593762170899,-0.10823487838599649,0.0645842438291713,0.07734147327497874,-0.0201280718379854,1.5014975527353163,-7.2157,0.0,7.5938950253,6.276929818010743,-0.34209229628268073,0.2041280279025127,0.24444913308043414,0.05843729588351295,0.07040653582207596,0.2046177716957202,-0.2012749890434127,-0.00750727049563705,-0.07674361115415955
3025.0,10.891378663791308,7.8588625816064654,13.695895798680546,-0.10375821456986112,0.05755574991971789,0.08293089082375459,-0.12401739581199003,1.5626864785398173,-7.2157,0.0,7.5938950253,6.296176103066648,-0.3281926560698089,0.18205184540375413,0.26231474242801045,0.058833562187701485,0.0709666378494867,0.2079830483175911,-0.20007986572198727,-0.007701393326918549,-0.07772607956148547
3026.0,10.882859253135443,7.930660777877721,13.587719639159099,-0.09884243069451158,0.05041248799150795,0.08757861942899264,-0.2229883009633667,1.6169326142819016,-7.2157,0.0,7.5938950253,6.313728163595819,-0.3128885211342672,0.15958216227110428,0.2772326067213954,0.059184469791454225,0.07138364722041765,0.21118876858340055,-0.1987481753909917,-0.007875816476523675,-0.07850263118059414
3027.0,10.874150519254993,7.99374222632713,13.476072157497432,-0.09351224979696166,0.04331756297369159,0.09132541585405557,-0.31664011774314854,1.6642094825437965,-7.2157,0.0,7.5938950253,6.329532743783333,-0.296252750943716,0.13723279274102917,0.2893247220186321,0.059490128589809274,0.07167177382408063,0.21419567846215892,-0.1972959177341486,-0.008030719150836554,-0.07908312730793762
3028.0,10.865294594093799,8.04819234147987,13.361901838198357,-0.08779621573774751,0.03641868682741761,0.09423527555913078,-0.4046011915881345,1.704640337297651,-7.2157,0.0,7.5938950253,6.34355200418222,-0.27837069726664526,0.11547075418337302,0.29878667484789134,0.05975157817541996,0.07184641179752023,0.21697146240734996,-0.19573861996301245,-0.008166656133202978,-0.07948246855995572
3029.0,10.856331648669352,8.094243731845465,13.246077372556805,-0.0817260022826214,0.0298450551766871,0.09639011695667198,-0.48653074857337764,1.7384820239133807,-7.2157,0.0,7.5938950253,6.355761707932084,-0.2593381327827614,0.09470622159584553,0.3058712313347904,0.059970628045659946,0.0719235277338849,0.21949112281577599,-0.19409096274087284,-0.008284493806395054,-0.07971942853640285
3030.0,10.847299324854093,8.132255867709622,13.129371970361612,-0.07533568296246095,0.02370565402780435,0.09788414351159742,-0.5621202276218172,1.7661065355330907,-7.2157,0.0,7.5938950253,6.366149332176532,-0.23925902663257514,0.07528692228365744,0.31087081152523555,0.06014969576211022,0.07191914987238188,0.22173697957467686,-0.1923665337703509,-0.00838534465841142,-0.07981540712180515
3031.0,10.838232318995914,8.162693810273538,13.012453501894981,-0.06866100638619393,0.01808889973452307,0.09881827055779892,-0.6310941409349082,1.787981567765646,-7.2157,0.0,7.5938950253,6.374712242507892,-0.21824330761563862,0.057496700339419504,0.31410005991009765,0.0602916540576615,0.07184897455720209,0.2236983383083238,-0.1905777041325736,-0.008470504349371907,-0.07979319107985713
3032.0,10.829162102165817,8.186107276509924,12.895880223508163,-0.061738713420375804,0.013063419088068639,0.09929493355385276,-0.6932105279882977,1.8046512396010737,-7.2157,0.0,7.5938950253,6.38145603690885,-0.1964047317111053,0.04155767393065049,0.3158795139142012,0.060399694679236046,0.07172809318045262,0.2253708960713966,-0.18873561474083067,-0.008541394503570925,-0.07967579481265966
3033.0,10.820116756689163,8.203111070444212,12.780101561946879,-0.054605922359445884,0.008679714211974235,0.09941350592944019,-0.7482610660267667,1.8167179393842792,-7.2157,0.0,7.5938950253,6.386393131059933,-0.1738589395645791,0.02763520591565299,0.31652110196980576,0.06047721355615579,0.07157083189444044,0.2267559638576223,-0.18685025558895385,-0.00859951338174558,-0.07948543468758162
3034.0,10.811120906319132,8.214367625856474,12.665463248748425,-0.04729959752971469,0.004972429235388402,0.09926646199124693,-0.7960708937275701,1.8248260026232588,-7.2157,0.0,7.5938950253,6.389541623233215,-0.15072175670019936,0.01584481282223058,0.31631591628945843,0.060527719070651194,0.07139068835066309,0.22785958685467053,-0.18493061853597503,-0.008646395602916346,-0.0792426694879198
3035.0,10.802195717419961,8.220572110993034,12.552216003864784,-0.03985610704624293,0.001962938228523878,0.09893633544233155,-0.8364981965354176,1.8296476636796437,-7.2157,0.0,7.5938950253,6.39092444731339,-0.12710775879841324,0.0062601367112425374,0.3155244401369157,0.06055476298685017,0.07120034477438315,0.2286916374537757,-0.1829849045559595,-0.008683581209303964,-0.07896572013422133
3036.0,10.793358950215373,8.222440269635765,12.440526954448623,-0.03231086759253561,-0.0003380005293630215,0.0984934550834511,-0.8694335936279995,1.8318714711116855,-7.2157,0.0,7.5938950253,6.39056879852408,-0.10312909944875322,-0.0010788224768827634,0.31436919158119764,0.060561892027853836,0.07101173454247736,0.22926494480055193,-0.18102076795370411,-0.008712593653190836,-0.07866996583703934
3037.0,10.784625041914921,8.220698933447242,12.330493021595796,-0.024698068575396193,-0.0019277383582955625,0.09799439035700455,-0.894799358624151,1.8321931346448364,-7.2157,0.0,7.5938950253,6.388505798802406,-0.07889457993352006,-0.00615789479793451,0.31302958931610475,0.06055261712814511,0.0708361395519705,0.22959451046188864,-0.1790455822961267,-0.008734925750891447,-0.0783676023375089
3038.0,10.776005206840965,8.216078948320888,12.222155593635406,-0.01705046487372494,-0.002809544652754933,0.09748101116453452,-0.9125484996927058,1.8313085911111016,-7.2157,0.0,7.5938950253,6.384770357209787,-0.05450893012996417,-0.008981882564975258,0.31163875389428214,0.06053039691828385,0.07068429739736203,0.22969684464080478,-0.17706671516399486,-0.008752032291656444,-0.07806744108936009
3039.0,10.767507542152426,8.209310115936951,12.115515909059626,-0.009399226402394219,-0.0029908476572887838,0.09698005678819502,-0.9226637200658105,1.8299089414385945,-7.2157,0.0,7.5938950253,6.379401174498357,-0.030072265869781088,-0.009569039203384849,0.3102819239526123,0.06049863188527125,0.0705665000963595,0.22958944287905325,-0.17509180089733054,-0.008765327788198442,-0.07777482571670181
3040.0,10.759137131138925,8.201117659112928,12.010550678198744,-0.0017738334194333221,-0.0024819793392177854,0.096503114100459,-0.9251562773065587,1.8286768201859107,-7.2157,0.0,7.5938950253,6.372440838927017,-0.005679689788748814,-0.00794712319341928,0.30899618066387535,0.060460665765526375,0.0704926693086583,0.22929041037583708,-0.17312900207874737,-0.008776187782897255,-0.07749164302799474
3041.0,10.750896139193376,8.192219670909749,11.907227567277905,0.005797991592240064,-0.0012954558202066529,0.0960469211779356,-0.9200647590749075,1.828283709332593,-7.2157,0.0,7.5938950253,6.363935961577155,0.018578991720001537,-0.004151137954297789,0.3077712212768281,0.060419790960880584,0.0704723963217502,0.22881823043394534,-0.17118725151359823,-0.008785952150678978,-0.07721640927982824
3042.0,10.742783900401895,8.183324996448063,11.805520243064612,0.013290322045012602,0.0005542091844985355,0.09559393456990768,-0.9074537944947517,1.8293876936172568,-7.2157,0.0,7.5938950253,6.353937302830806,0.042619454947200014,0.0017772401067529886,0.306550990550049,0.060379255043150185,0.07051493831856787,0.2281916652254201,-0.16927646697909493,-0.008795928940008859,-0.07694441725664106
3043.0,10.734796995213257,8.175131016531891,11.705422726714055,0.020679039116733695,0.003050188449281445,0.09511312289073591,-0.8874127233324423,1.832631169895116,-7.2157,0.0,7.5938950253,6.342499846636775,0.06636295943827707,0.009788633369089464,0.30523605477094157,0.06034226568063887,0.07062916550279127,0.2274297708740179,-0.1674077311539044,-0.008807397446275915,-0.07666793515903347
3044.0,10.726929321894177,8.168320847733447,11.606962831086308,0.02794181842793321,0.006172576241691457,0.09456097287470906,-0.8600542496881456,1.8386380624991336,-7.2157,0.0,7.5938950253,6.329682785234314,0.08973636498914889,0.019823497027453285,0.30368667656686776,0.0603119915572561,0.07082345653386862,0.22655200446008847,-0.16559342906844005,-0.008821609401310184,-0.07637645352975679
3045.0,10.719172166478439,8.163559539947645,11.510214459105752,0.03505809031627026,0.00989724654608955,0.0938827140723007,-0.825513112246198,1.8480101560741473,-7.2157,0.0,7.5938950253,6.315549383873497,0.1126720601775997,0.03180843988858147,0.30172661186515004,0.06029155706053095,0.07110554246029868,0.22557839760255516,-0.16384733530457568,-0.008839787377711277,-0.07605698092852532
3046.0,10.711514277706462,8.161488936107935,11.41530852618278,0.04200897085889484,0.014194422798289972,0.0930137832142656,-0.7839448086263112,1.8613222334362662,-7.2157,0.0,7.5938950253,6.300166702671668,0.1351077922848834,0.04565160935450793,0.29914769738957553,0.060284028705280684,0.07148230200018649,0.2245297694335633,-0.16218464317854128,-0.008863119739198276,-0.07569439240220771
3047.0,10.703941955033713,8.16272095721467,11.322442243322058,0.04877715991120704,0.019027061263979808,0.09188155778778256,-0.735524416159489,1.8791157961396094,-7.2157,0.0,7.5938950253,6.2836051610750605,0.15698638557647057,0.06123746403873692,0.2957153242316083,0.060292391466303705,0.0719595136608735,0.22342795080240363,-0.16062192839264097,-0.00889275171218296,-0.07527183674356376
3048.0,10.696439159134883,8.167829187059052,11.231886466191748,0.05534680237318695,0.02434916225046922,0.09040738994164264,-0.6804455544897269,1.9018912475794534,-7.2157,0.0,7.5938950253,6.265937939479599,0.17825533463890633,0.07842129769067076,0.2911748982211282,0.06031951345899783,0.07254157285125404,0.22229599126923208,-0.15917704023873372,-0.008929772403503854,-0.07477120896987334
3049.0,10.688987655378448,8.177338753149135,11.143990786423085,0.061703309678036444,0.030104133553172957,0.08850896627065104,-0.6189195357218911,1.9300985307548426,-7.2157,0.0,7.5938950253,6.247240222394292,0.19886626188952178,0.09702391230520044,0.28525937032864623,0.06036809778200418,0.07323118482625532,0.2211583208111391,-0.157868914447593,-0.008975197838539055,-0.07417369335738588
3050.0,10.68156720138073,8.19171463119019,11.059186022065084,0.06783314009569855,0.03622333844740194,0.08610300646402326,-0.5511747443773406,1.9641263331818786,-7.2157,0.0,7.5938950253,6.22758829800831,0.21877423342847546,0.11682686500831926,0.2776978805415534,0.06044062087457386,0.07402904698043379,0.22004083917824552,-0.1567173032493271,-0.009029950335742836,-0.0734603797823204
3051.0,10.67415578981467,8.211348637219544,10.977983761449492,0.07372353879337545,0.04262496534082639,0.08310829465314049,-0.4774562813171407,2.004290097290416,-7.2157,0.0,7.5938950253,6.207058539929128,0.2379369349148202,0.13756873001541275,0.26822549784523997,0.060539257492974605,0.07493353660278798,0.21897090758367244,-0.15574242017668796,-0.009094834760509044,-0.07261295213625783
3052.0,10.66672995695601,8.236545510379248,10.90097263516814,0.07936224160196849,0.049213356819954535,0.07944901221566125,-0.39802589248286824,2.050819202549584,-7.2157,0.0,7.5938950253,6.185726307829664,0.2563137188454737,0.1589428202728453,0.25659395914908867,0.060665793410837124,0.07594042259823074,0.2179772200140691,-0.15496449964438255,-0.009170512405908753,-0.07161444233007397
3053.0,10.659265165792233,8.267508625386506,10.828811040037968,0.08473714997534483,0.05587893095520048,0.07505831068613551,-0.31316218467428414,2.103843811128821,-7.2157,0.0,7.5938950253,6.163664814257686,0.27386454612452316,0.18059679926009065,0.24258321403201405,0.060821528208259125,0.07704262170268852,0.21708953506842832,-0.1544032744267938,-0.009257473424390825,-0.0704500370345482
3054.0,10.651736269702392,8.30432600075071,10.762216121316397,0.08983598853678301,0.06249881592168045,0.06988202948555286,-0.22316110711597445,2.1633819865010384,-7.2157,0.0,7.5938950253,6.140944014249671,0.29054885764446786,0.20213457731075132,0.22601347374934205,0.061007172005289156,0.07823002114273608,0.2163382540606779,-0.15407737790415,-0.009356008879497498,-0.06910791702821766
3055.0,10.644118058595371,8.346957378973231,10.701948938029458,0.09464596067741546,0.06893829872709673,0.06388242701237806,-0.1283366504563359,2.22932779712735,-7.2157,0.0,7.5938950253,6.117629581845881,0.306324425132056,0.223120823921215,0.206757346964906,0.061222741637055086,0.07948939023282275,0.21575383736057457,-0.15400368242887225,-0.00946618359964915,-0.06758010110418582
3056.0,10.636385883925195,8.395223239212772,10.648795892099042,0.09915342164026875,0.07505315865754082,0.05704175738567467,-0.029021686051817888,2.3014411970030557,-7.2157,0.0,7.5938950253,6.093782042209716,0.3211462439200915,0.2430883331959476,0.1847515277634236,0.061467463419109296,0.08080440272550482,0.215366058797942,-0.1541965904297838,-0.009587811099711104,-0.065863258311054
3057.0,10.62851635229135,8.448796650810063,10.603546693372849,0.10334359205230631,0.08069291477647628,0.04936549166961422,0.07443115939239149,2.379340521964276,-7.2157,0.0,7.5938950253,6.069456128845788,0.33496554252696137,0.2615483499209473,0.16000739253240903,0.06173969110765799,0.08215578945953171,0.21520310757383992,-0.15466730089466868,-0.00972043189486712,-0.06395944442135273
3058.0,10.620488069685669,8.507198876420862,10.566969354590624,0.10720033753219159,0.08570496386266742,0.04088495547302481,0.1816487222572606,2.4624984449697096,-7.2157,0.0,7.5938950253,6.044700431451153,0.34772899359730675,0.27800379659541186,0.13261977291476693,0.06203684866014085,0.08352163661859525,0.21529055855537393,-0.1554230804762678,-0.009863296569415723,-0.06187671170987909
3059.0,10.612282410403724,8.569799575067146,10.53978295335315,0.11070604129534976,0.08993952101996099,0.03165913903090514,0.2922367576171774,2.5502421846298615,-7.2157,0.0,7.5938950253,6.019557390437284,0.3593782162153853,0.2919651380649399,0.1027731167939386,0.0623554076553614,0.08487783842241625,0.21565024491827578,-0.1564665752536999,-0.010015354981075534,-0.0596295364172004
3060.0,10.603884276972826,8.635822328223822,10.522629147778687,0.11384159603213119,0.09325520189585616,0.021775436556040785,0.4057797805234863,2.6417586495722323,-7.2157,0.0,7.5938950253,5.994063678651591,0.36984965894276234,0.30296838605535814,0.07074424519934126,0.06269090845648316,0.08619870418853812,0.21629908135536294,-0.15779520546294096,-0.010175252972827217,-0.05723900694360115
3061.0,10.59528281113262,8.704356009263996,10.516043668712056,0.11658653817988834,0.09552500719873984,0.011349094295769682,0.5218414318887556,2.736105019935496,-7.2157,0.0,7.5938950253,5.9682509893285,0.3790749441890363,0.3105944934795754,0.03690097805397521,0.0630380321787961,0.08745770857233018,0.217247900550816,-0.15940069028831313,-0.010341337913004595,-0.05473271928170693
3062.0,10.586472012013518,8.774372236748707,10.52042920891567,0.1189193415750248,0.09664239371285493,0.0005211961069668258,0.6399654828991342,2.8322250142313425,-7.2157,0.0,7.5938950253,5.942147222517365,0.38698173599387903,0.3144891385562378,0.0016960518919458345,0.06339072717593489,0.08862836094965397,0.21850037885212997,-0.16126875182362832,-0.010511674263344543,-0.05214433580598624
3063.0,10.577451217223928,8.84474880162405,10.536031259768125,0.12081787812439151,0.09652705050402433,-0.010544905781984937,0.7596775518970937,2.9289707699255363,-7.2157,0.0,7.5938950253,5.915778031698514,0.3934951639963846,0.3143816805743099,-0.034344001851584295,0.0637423892026282,0.08968515635850174,0.2200521370368928,-0.16337904519737734,-0.010684070148730136,-0.049512780271276084
3064.0,10.56822540637564,8.914298553919586,10.56291847892725,0.12226004074328234,0.0951299556369773,-0.021668699593072625,0.8804875553664754,3.0251298935146504,-7.2157,0.0,7.5938950253,5.889168660404936,0.39853979657408994,0.3101019183141921,-0.07063500940574267,0.06408608901486187,0.09060455764927036,0.2218901063582441,-0.16570535438545464,-0.010856115534178392,-0.04688106593444831
3065.0,10.558805294993048,8.981802804017585,10.60096908230181,0.12322450907939529,0.09243727915131768,-0.032659016603642545,1.0018928549922872,3.1194568354625267,-7.2157,0.0,7.5938950253,5.862345968555058,0.40204210790762224,0.3015932369046484,-0.10655591144662986,0.06441483554607341,0.09136594836838652,0.22399224619336427,-0.1682160796740309,-0.01102523207604832,-0.044294784132077186
3066.0,10.549171852745088,9.0460451623536,10.649867373027556,0.12369240039503696,0.0884724363243883,-0.043321720522403476,1.1233821691670038,3.210707289143672,-7.2157,0.0,7.5938950253,5.835337873209928,0.4039372239916804,0.2889208246789594,-0.1414739747185407,0.06484858278619551,0.0921195364721197,0.2261826889456346,-0.17069322471454798,-0.011160740244751456,-0.04183829198658957
3067.0,10.539248107386271,9.105846427321078,10.709108392567119,0.12364883923268229,0.08329620951548874,-0.05346810698037643,1.2444414890758284,3.2976734620434467,-7.2157,0.0,7.5938950253,5.808172965277631,0.40417518101510086,0.27227316299703624,-0.1747730261879922,0.06529331653440654,0.09273564041377098,0.22852384845927776,-0.17322242511398872,-0.011279363477839952,-0.03953013138664327
3068.0,10.529068373207245,9.160115032931877,10.777994636307339,0.12308012957633613,0.0770065583333295,-0.06292288982191786,1.3645575032167887,3.3792199474359776,-7.2157,0.0,7.5938950253,5.780895085495899,0.40270518849458337,0.2519573280893334,-0.2058770517514241,0.06569084387201354,0.09313678800891853,0.2310303259045947,-0.17583729397147907,-0.011390087505098595,-0.03739633936243488
3069.0,10.518676536402564,9.20787493583035,10.85566238557429,0.12197679510012881,0.06973425082867343,-0.07153232162854276,1.4832209731605632,3.454317439215662,-7.2157,0.0,7.5938950253,5.753557496614688,0.39948947727948436,0.22838851757955217,-0.23427742754280914,0.06603400192919012,0.09331713274958844,0.2336535311651785,-0.17849893567249667,-0.011490936025367412,-0.03547293185233359
3070.0,10.508121276499361,9.248295529283059,10.941108260961906,0.1203343795195482,0.0616373422194363,-0.07917110902560368,1.5999310211552016,3.5220719639429996,-7.2157,0.0,7.5938950253,5.726223565340059,0.394506236211756,0.20207289044221663,-0.25955588388875717,0.06631694449084435,0.09327647717392881,0.23634076485723893,-0.18116891912998717,-0.011580071423865492,-0.03378922651546156
3071.0,10.497454840631823,9.280715530037275,11.033221664432075,0.11815397148295936,0.052894157578077534,-0.08574773616667059,1.7141990993398677,3.581748363773889,-7.2157,0.0,7.5938950253,5.698967166263387,0.38775154352966573,0.1735852886465093,-0.28140245000225267,0.06653529939101004,0.09302004086094498,0.23903730360864034,-0.1838106827114288,-0.01165585468252914,-0.03236653210815022
3072.0,10.486731740520865,9.304659277974448,11.130821550366683,0.1154424922836607,0.043695260851256953,-0.09120780137121544,1.8255525125958605,3.632786780215704,-7.2157,0.0,7.5938950253,5.671872497758744,0.3792405448691852,0.14354345792114592,-0.29962707495388896,0.06668625325344424,0.09255796063547858,0.2416886192891054,-0.18639081927423004,-0.011716898352966205,-0.031217304849663615
3073.0,10.476007434997076,9.319844723798854,11.232695365030393,0.11221272510015606,0.034235021226229116,-0.09553514807343041,1.9335374204690268,3.6748114054218624,-7.2157,0.0,7.5938950253,5.645033318376991,0.3690077926812254,0.11258072205099788,-0.3141641385376314,0.06676856214049523,0.09190457249477665,0.2442425714758224,-0.18888015679019549,-0.01176210935786765,-0.030344832692204268
3074.0,10.46533705784153,9.326183007049043,11.337637887263064,0.10848308836192493,0.024703416045593375,-0.0987507813332764,2.037721297791502,3.707631351537544,-7.2157,0.0,7.5938950253,5.6185516555114985,0.3571067394592944,0.08131918523665943,-0.325069741961376,0.06678249270754921,0.09107754222316097,0.24665141332074153,-0.19125457076902252,-0.011790719116572833,-0.029743457454208054
3075.0,10.454774243088329,9.323770146683492,11.444487809290237,0.10427717890763542,0.015278663205533043,-0.10090976706627196,2.1376948807362344,3.731234071756979,-7.2157,0.0,7.5938950253,5.592536074926512,0.34360845388344463,0.05034541494557707,-0.33251234264874585,0.06672970360661933,0.09009692053341961,0.24887347060103804,-0.19349549183779932,-0.01180229949854825,-0.0293992935166426
3076.0,10.444370088890972,9.312871909308171,11.552160194850781,0.09962312961357783,0.006121164201219012,-0.10209648372611782,2.2330736594159193,3.745772282724424,-7.2157,0.0,7.5938950253,5.567099626583747,0.3285996939957327,0.020190217785971475,-0.33675787380474115,0.06661308057530246,0.08898419819151793,0.250874389077154,-0.19559010129518017,-0.011796764265944186,-0.029291357686155456
3077.0,10.434172288058566,9.293903329533764,11.65967339602934,0.09455283871214563,-0.0026309188104411824,-0.10241871330633219,2.323498997234831,3.751545732472101,-7.2157,0.0,7.5938950253,5.542357597061663,0.3121805164518225,-0.008686376889082668,-0.33815089266267445,0.06643654060229516,0.08776142787187022,0.2526278907441041,-0.19753123500984288,-0.011774356821247979,-0.029392993805112906
3078.0,10.42422443991919,9.267404598883545,11.76616953733578,0.08910113293727133,-0.010864306881266541,-0.1020011090468643,2.4086389615619237,3.748979397496046,-7.2157,0.0,7.5938950253,5.518425201387498,0.29446162133024767,-0.03590438542615779,-0.33709349092753377,0.06620482078975833,0.08645046464287465,0.25411602818008555,-0.1993170381645209,-0.011735626082860846,-0.02967346098680376
3079.0,10.414565545588944,9.23401510561001,11.870928218027295,0.08330492412724769,-0.018491496865206656,-0.10097856201388163,2.4881889428550554,3.738599767146536,-7.2157,0.0,7.5938950253,5.495415338463475,0.2755616279547255,-0.06116741636680008,-0.3340236754140569,0.06592326629423964,0.08507235886354557,0.2553289711343006,-0.2009504278562547,-0.011681393057400215,-0.03009955617545126
3080.0,10.405229678003527,9.19444731303451,11.973373580355656,0.07720241033485374,-0.025450076308545476,-0.09948991896419192,2.56187212435063,3.7210107962519126,-7.2157,0.0,7.5938950253,5.4734365167825985,0.25560445260118647,-0.08426100681687371,-0.3293947192306513,0.06559762943484525,0.08364691677764644,0.25626439532953355,-0.20243842677157678,-0.011612711099518863,-0.030637157573609637
3081.0,10.396245809791946,9.149461941874101,12.073075296393105,0.07083235991250585,-0.031700739040633724,-0.0976723974477754,2.6294398461960378,3.6968709081005837,-7.2157,0.0,7.5938950253,5.452591033773517,0.23471692028361732,-0.10504661778208639,-0.3236566500675305,0.06523388917541571,0.08219242760821596,0.2569265669746876,-0.20379142976275488,-0.011530822939127088,-0.03125260102792273
3082.0,10.387637776439792,9.09984561562942,12.169744312867588,0.06423350275211924,-0.03722433856245415,-0.09565692101884218,2.6906718900485482,3.6668721496051804,-7.2157,0.0,7.5938950253,5.432973466024239,0.21302669744891,-0.12345236627186876,-0.31724064700959914,0.06483809714658012,0.0807255430420791,0.25732522688647963,-0.20502245783674336,-0.01143711735054121,-0.03191383170114924
3083.0,10.379424349088787,9.046391782325891,12.26322435513648,0.0574440389446976,-0.04201833147864648,-0.09356447610643619,2.7453766950760166,3.6317222806523075,-7.2157,0.0,7.5938950253,5.4146695016735835,0.1906605872433152,-0.1394616378283494,-0.31054672142291795,0.0644162535108598,0.07926128630996754,0.2574743766749581,-0.20614644298320858,-0.011333087909306594,-0.03259130359087793
3084.0,10.371618996382091,8.989885357357462,12.353480268769694,0.050501271625669,-0.04609294510259622,-0.09150348776534434,2.7933914985895694,3.5921302600191365,-7.2157,0.0,7.5938950253,5.397755097338326,0.16774322389890886,-0.1531006836385278,-0.3039347236545925,0.06400503429419019,0.0778498662912552,0.2573592213274276,-0.20713331207245922,-0.011213570446171103,-0.03326749415247342
3085.0,10.364138135006113,8.931084534470893,12.440592141685151,0.04344333389651471,-0.049468101256829246,-0.08956826354337677,2.834583199262109,3.5487950043501275,-7.2157,0.0,7.5938950253,5.382289530120765,0.14440398547756803,-0.16443008247272484,-0.2977214929862096,0.0637280848542096,0.07664317979313359,0.25687744152861663,-0.2078214986393012,-0.011054331881118717,-0.033953376480405514
3086.0,10.35693879922872,8.870721686605608,12.524728879713301,0.03630604359563705,-0.05216894149224103,-0.08783773543280053,2.8688495517653982,3.5023973454121546,-7.2157,0.0,7.5938950253,5.368324341193453,0.12076379189986515,-0.17352811185304506,-0.29217223779340334,0.06344736921353333,0.0754811136885099,0.25619729752557857,-0.20844217224700165,-0.010888178456078462,-0.03458865814851876
3087.0,10.350019964952569,8.809500090358434,12.606131654739604,0.029122742852456578,-0.05422245753894782,-0.0863752939879563,2.896117385817264,3.4535962073289417,-7.2157,0.0,7.5938950253,5.355903883029492,0.09693493294355465,-0.18047923274951025,-0.2874998200932196,0.06316562460298994,0.07437126460123136,0.2553408457502596,-0.20901548652083438,-0.010717176105111751,-0.035157570548045455
3088.0,10.343378477813035,8.748089904350836,12.685101706159758,0.021925189676665964,-0.055655126559973137,-0.08522909966591294,2.9163420815342755,3.4030272117812386,-7.2157,0.0,7.5938950253,5.345062692569598,0.0730247651655927,-0.18536681357100118,-0.2838668709444255,0.06288542687987737,0.0733207651525524,0.2543293342919816,-0.20956096868322133,-0.010543347802388445,-0.03564813877692731
3089.0,10.33700919421619,8.6871295021157,12.76198488548841,0.014743527377095134,-0.056490828512511804,-0.08443258817079077,2.929507163589185,3.351303481910155,-7.2157,0.0,7.5938950253,5.335826020205546,0.04913553897437936,-0.1882661614874956,-0.2813872569747962,0.06260921668716943,0.07233652144970773,0.25318271507253554,-0.21009725476931132,-0.01036866378934298,-0.03605203631172961
3090.0,10.330905099444982,8.627228672311558,12.837156804875194,0.007606269701454541,-0.05674935959848445,-0.08400513981118979,2.935623760591769,3.2990181728508388,-7.2157,0.0,7.5938950253,5.328210499460719,0.025364282092687755,-0.1892395118674375,-0.2801281241709368,0.062339328153010166,0.0714254167334275,0.2519193431524,-0.21064189053127133,-0.010195037687851492,-0.036364395113885936
3091.0,10.325057401782516,8.568973086371654,12.91100870238852,0.0005402902861776655,-0.05644553117499753,-0.08395281041139689,2.934729921081301,3.246748171657564,-7.2157,0.0,7.5938950253,5.3222249147140905,0.0018027018770478923,-0.18833295286503285,-0.28011217818249795,0.06207801866750198,0.07059447384606421,0.25055584732288344,-0.21121118229429156,-0.010024327164033786,-0.036583597484814864
3092.0,10.319455602672695,8.512929452429825,12.98393405000113,-0.0064291909634893295,-0.05558882331595247,-0.08426905470513868,2.9268897799028335,3.195058425433603,-7.2157,0.0,7.5938950253,5.317871026996222,-0.021462917930946238,-0.1855751928172041,-0.2813199694216568,0.06182749855356269,0.06985097162326862,0.2491071514077747,-0.21182008306195815,-0.009858337751897709,-0.03671106780341776
3093.0,10.314087543823112,8.459650810578388,13.056315876994244,-0.013278628059758556,-0.054183549017784105,-0.08493540547382443,2.9121925719087196,3.1445063898817223,-7.2157,0.0,7.5938950253,5.315144420696666,-0.044351837689475364,-0.18097803181635236,-0.28369205769691047,0.06158995961528835,0.06920251220598209,0.24758662315352145,-0.21248210115069568,-0.009698828467648905,-0.036751074371780074
3094.0,10.30893943293367,8.409681472170126,13.128514759700863,-0.019986175708966485,-0.05222947663160977,-0.0859221006897171,2.8907514940946357,3.0956461355966898,-7.2157,0.0,7.5938950253,5.314035336573436,-0.06678899974659747,-0.17453836853583285,-0.2871310272038728,0.061367601620443975,0.06865703776579368,0.2460063265515418,-0.213209221149979,-0.009547517920992742,-0.036710544536799256
3095.0,10.303995850470775,8.363561161047572,13.200857433932315,-0.02653171981423854,-0.04972285247782575,-0.08718867509653454,2.8627024225923843,3.0490317024505567,-7.2157,0.0,7.5938950253,5.314529458597016,-0.08870517427069398,-0.166241552570388,-0.29150340321016166,0.061162655774222446,0.06822279639476878,0.2443773533245181,-0.21401182972332886,-0.009406089740420762,-0.036598890414395
3096.0,10.299239740648124,8.321827975161623,13.273626013667277,-0.03289690663974732,-0.046657761174596926,-0.08868455112730796,2.8282024974179,3.0052193512061787,-7.2157,0.0,7.5938950253,5.316608623955444,-0.11003709616220446,-0.15606587602005992,-0.2966415835799836,0.060977404188700714,0.06790825807128399,0.24271020967855866,-0.21489864143199486,-0.009276196261701047,-0.036427838122356795
3097.0,10.29465239055379,8.28501985227956,13.347047842555556,-0.03906516411276582,-0.04302775693865085,-0.09034967640674318,2.787428595359528,2.9647684250564286,-7.2157,0.0,7.5938950253,5.320251427223132,-0.13072757123102696,-0.14398798233310556,-0.30234593982681013,0.06081419426460592,0.0677219827810062,0.24101523499366112,-0.21587662220161752,-0.00915945957402615,-0.036211250506747006
3098.0,10.2902134021976,8.253674293451828,13.421286057172678,-0.04502170803297517,-0.03882769449596271,-0.09211526125212957,2.7405757195433016,2.9282406018544984,-7.2157,0.0,7.5938950253,5.32543369159733,-0.15072552736416142,-0.12998895388313833,-0.3083872633251855,0.06067544679748339,0.0676724441083834,0.2393030297663092,-0.2169509101527499,-0.009057469172372113,-0.03596493190950309
3099.0,10.285900663146291,8.228326172972363,13.496430996500147,-0.050753525983227674,-0.0340556832693502,-0.09390466979865245,2.6878553424896743,2.8961973903414426,-7.2157,0.0,7.5938950253,5.33212878263092,-0.16998598638880574,-0.11406082238696692,-0.31450973332402743,0.060563656519995956,0.06776781293709629,0.2375848708255207,-0.21812473522872372,-0.008971775626939368,-0.035706403481564494
3100.0,10.281690322352514,8.209503543933854,13.57249264488869,-0.056249332441288026,-0.028715083581841532,-0.09563451310391134,2.6294937471694864,2.8691958004998224,-7.2157,0.0,7.5938950253,5.340307743434032,-0.18846993459719322,-0.0962132293795927,-0.32043456602337345,0.06048138372106471,0.06801570728870127,0.23587309270017384,-0.21939934037911873,-0.008903879852890867,-0.03545463874603795
3101.0,10.277556778732169,8.197721433852296,13.649394340462019,-0.061499489899420924,-0.02281645938229003,-0.09721598252274563,2.5657304168389903,2.847782198631762,-7.2157,0.0,7.5938950253,5.349939235220534,-0.20614407418495498,-0.07647994972369836,-0.32586447051686623,0.06043123557129444,0.06842291574027665,0.23418141515037735,-0.22077390803466332,-0.00885521774918125,-0.035229751359883044
3102.0,10.273472690942807,8.193473714216823,13.726968013007939,-0.0664958926044758,-0.01637939923484521,-0.09855644766289068,2.496816528389495,2.83248444063689,-7.2157,0.0,7.5938950253,5.360989273579934,-0.22298044382244464,-0.05492498209859298,-0.3304889908336338,0.06041583586761791,0.0689951032309277,0.2325251984253343,-0.22224549630919363,-0.008827140177639387,-0.035052630073771275
3103.0,10.269409017576026,8.197223219440824,13.804951231323276,-0.07123181171126373,-0.009434116772922649,-0.09956132634913287,2.4230136047206527,2.823802460373745,-7.2157,0.0,7.5938950253,5.373420759067079,-0.23895590381619242,-0.03164790907353489,-0.3339907570978425,0.060437782125527556,0.06973650932462364,0.23092160988484886,-0.22380898987006495,-0.008820888475491957,-0.03494451949039081
3104.0,10.265335097483955,8.209390382056226,13.882986337257172,-0.07570170305881688,-0.002022744134069698,-0.10013621532888689,2.3445923785015155,2.8221975714871292,-7.2157,0.0,7.5938950253,5.387192810569097,-0.2540514893678869,-0.00678823776885575,-0.33605260669236964,0.06049958932975616,0.07064965007718887,0.22938968828295228,-0.22545707081127828,-0.008837565937348829,-0.03492654911164645
3105.0,10.261218780075263,8.230340739025515,13.960621920995921,-0.0799009812898569,0.005799762496365225,-0.10018925103831272,2.2618319121187547,2.828080817821453,-7.2157,0.0,7.5938950253,5.402259921204061,-0.26825164382815947,0.01947154838835982,-0.33636547200142225,0.06060362023105912,0.07173503550030785,0.22795029526293673,-0.22718021520368242,-0.00887810596473566,-0.03501921710334155
3106.0,10.25702661498661,8.260371745262805,14.037316849219716,-0.08382576649983096,0.013965176979188186,-0.09963365063922686,2.175019006457234,2.8418007764424233,-7.2157,0.0,7.5938950253,5.418570968820382,-0.2815433521152998,0.04690446510396045,-0.3346368683012183,0.06075200286042982,0.0729909151752195,0.22662594740003406,-0.2289667213056774,-0.008943237857309806,-0.035241838987085994
3107.0,10.25272410940829,8.29969940115949,14.112446995419301,-0.08747261189636689,0.0223920760479655,-0.0983903656343366,2.084447914654679,2.8636312752507536,-7.2157,0.0,7.5938950253,5.4360681259087364,-0.29391520221095196,0.07523922536299783,-0.33059975670197916,0.06094653691368432,0.07441306479768703,0.22544052635460524,-0.23080277566564958,-0.009033451500223812,-0.035611974937293636
3108.0,10.248276059384898,8.348445257355776,14.18531474155206,-0.09083822296268633,0.03098647393806221,-0.09639076442708469,1.9904203568160201,2.8937595312125923,-7.2157,0.0,7.5938950253,5.454685726143183,-0.30535640950058185,0.10416230212579908,-0.3240215052044933,0.06118859180238881,0.07599462628569253,0.22441886924506182,-0.23267256344533094,-0.009148962472028144,-0.03614485241158523
3109.0,10.243646958534262,8.406624398516305,14.255161224751586,-0.0939191802563877,0.039643042749260615,-0.09357924683788225,1.8932458090229227,2.93227524260756,-7.2157,0.0,7.5938950253,5.474349155908746,-0.3158558444009006,0.13332193390111166,-0.31471262789657195,0.061479000403617784,0.07772601349431207,0.22358624609304342,-0.2345584290981117,-0.0092896793373225,-0.03685280341335831
3110.0,10.23880148381061,8.474135024951062,14.321181195036699,-0.0967116791588436,0.04824692054485268,-0.08991568336910283,1.7932420164097813,2.979161176956415,-7.2157,0.0,7.5938950253,5.494973847994647,-0.32540110796075183,0.1623340793742573,-0.30253494971686373,0.06181795377085356,0.07959489448610824,0.22296773602398803,-0.23644109286558465,-0.009455175073902346,-0.0377447377352334
3111.0,10.233705053255518,8.550750243313892,14.382540233561413,-0.09921130054824463,0.05667608484409036,-0.0853775654771545,1.6907356575084405,3.0342857833101426,-7.2157,0.0,7.5938950253,5.51646446000375,-0.33397770270892824,0.1907902477859465,-0.2874088236256436,0.06220490316249039,0.08158625961408214,0.22258751873373622,-0.23829992721550633,-0.00964466468813291,-0.038825675014256794
3112.0,10.228324445319682,8.63611264241595,14.43839396023043,-0.10141282642884454,0.06480424285009949,-0.07996175089564972,1.586063067589325,3.097398321593663,-7.2157,0.0,7.5938950253,5.5387143208222875,-0.34156834671707575,0.21826704638876476,-0.2693190202443795,0.06263847655345071,0.08368258229661009,0.2224681024780632,-0.24011329516818566,-0.009856991066612468,-0.0400963592589849
3113.0,10.222628463610771,8.729732165078765,14.487908739570438,-0.1033101139325408,0.07250416207500707,-0.07368569093434411,1.4795709144528688,3.1681269413768236,-7.2157,0.0,7.5938950253,5.5616052237019415,-0.34815247738338834,0.24433719687409514,-0.24831891931945768,0.06311641716308425,0.08586407622173342,0.22262951442059484,-0.24185894935145832,-0.010090620971109444,-0.04155297953617769
3114.0,10.216588625256845,8.830987690474954,14.530283280593357,-0.10489603973368947,0.07965133685044205,-0.0665880355696284,1.3716167129505838,3.2459800570868405,-7.2157,0.0,7.5938950253,5.585007633388114,-0.3537059875242608,0.26858168172830243,-0.2245326605108394,0.06363555131439884,0.08810904877370437,0.22308848345955196,-0.24351448660958347,-0.01034365278783771,-0.04318701950699588
3115.0,10.210179845997937,8.939132613461817,14.564770426992817,-0.10616252470462809,0.08612785881350772,-0.05872852801527257,1.2625690658989528,3.330351256479632,-7.2157,0.0,7.5938950253,5.608781356982185,-0.35820122967843526,0.29060259279255996,-0.19815496109200945,0.06419179202592334,0.09039434576336458,0.22385764944464262,-0.24505784824583213,-0.010613837182654427,-0.044985256191432246
3116.0,10.203353069381958,9.053302287526748,14.590701545347455,-0.10709989239303894,0.09182610174750087,-0.050187207642965914,1.1528076659811788,3.420527803861578,-7.2157,0.0,7.5938950253,5.63277448366517,-0.36160576507068565,0.31003623844931016,-0.16944913025585448,0.06492613514435039,0.09288926631051825,0.22477700096239156,-0.2461803744528166,-0.010859195541516122,-0.046980196031762726
3117.0,10.195916573798694,9.172516833372597,14.607520863470898,-0.10769377975458194,0.09665143950273314,-0.04106334629419452,1.0427254762542315,3.51570189635628,-7.2157,0.0,7.5938950253,5.656814937016318,-0.3638761346948815,0.32656623529321716,-0.1387449837977589,0.06586539514398582,0.0956149174890072,0.2258088458758084,-0.24679351673734842,-0.011067479397956348,-0.04916157609283952
3118.0,10.187817640653067,9.295720325599634,14.614772142630057,-0.10793293365366584,0.1005281125469223,-0.031472389118192154,0.9327281024175894,3.6149859676555796,-7.2157,0.0,7.5938950253,5.680734357944054,-0.36497409901915323,0.33993477301969777,-0.10642355834828411,0.06683338270472783,0.09832236140945297,0.22714435067478178,-0.2472141624397419,-0.011281493378821552,-0.051445148513862574
3119.0,10.17904809661885,9.421796301078087,14.612122843644126,-0.10780718143924067,0.10340166610356075,-0.02154259190645913,0.8232292292849573,3.717432205938637,-7.2157,0.0,7.5938950253,5.70436409513945,-0.36486293859005325,0.3499528996675938,-0.07290881073879911,0.06782089859569052,0.10098431000650021,0.22877708215232845,-0.24743432784397856,-0.011499006595566432,-0.053801069662199455
3120.0,10.169607393166814,9.54958896491468,14.599378897976374,-0.10730689685218223,0.10524095238086288,-0.011411131908662872,0.71464817850618,3.8220537856774732,-7.2157,0.0,7.5938950253,5.727535179237206,-0.36350691365347976,0.3565084343331499,-0.0386557198380714,0.0688184617801185,0.10357493440567339,0.23069437255945335,-0.24744921349986682,-0.011717768316332686,-0.05619731295316571
3121.0,10.159502592345078,9.677929014508516,14.576490977029934,-0.10642349469892828,0.10603954992807799,-0.0012196581032128777,0.6074072074147455,3.9278477405201553,-7.2157,0.0,7.5938950253,5.750081273988361,-0.36087292257206904,0.35957099885724475,-0.004135755788609427,0.06981654328521295,0.10607055679480398,0.23287737928381552,-0.24725731543342844,-0.011935564323927048,-0.058600677732032924
3122.0,10.148748156184284,9.8056602987351,14.543555955615133,-0.10514994657988685,0.10581619749709008,0.008890443185922973,0.5019284409003677,4.03381867056004,-7.2157,0.0,7.5938950253,5.771841628175061,-0.3569322643472764,0.35919385796891573,0.03017867455587741,0.07080580566218565,0.10845026680474817,0.23530138855695937,-0.2468604114092789,-0.012150272549135126,-0.060977880348042676
3123.0,10.13736554506224,9.931666214648564,14.500813425179501,-0.10348128924404494,0.1046141845455019,0.01878282376704229,0.3986305566861842,4.139002337227872,-7.2157,0.0,7.5938950253,5.792663877420692,-0.3516624115615297,0.35551235097248474,0.06383002328349345,0.07177733658473198,0.11069642988404557,0.2379363638931371,-0.24626342000281157,-0.012359915233228613,-0.06329667312828759
3124.0,10.12538263995353,10.054894729375047,14.448637376756896,-0.1014150956942295,0.10249970818205957,0.028330728560425705,0.2979253601843418,4.2424881759446675,-7.2157,0.0,7.5938950253,5.812406553430379,-0.3450486930617608,0.3487389141165492,0.09639078675955548,0.0727228652439269,0.11279506137378376,0.24074772389933147,-0.2454741393282162,-0.01256270503582761,-0.0655269305693171
3125.0,10.112833012228215,10.17438097707777,14.387523443365279,-0.09895188015967718,0.09955927823703063,0.037421071671027636,0.2002143886555725,4.343439797923494,-7.2157,0.0,7.5938950253,5.830941179154275,-0.337085786681034,0.33915492633156763,0.12747722794473945,0.07363495124694537,0.1147360488276109,0.2436973175464292,-0.2445028812434905,-0.012757082885393229,-0.06764164048957176
3126.0,10.099755071799374,10.289266518850642,14.318072343692336,-0.09609541161556535,0.09589632082648082,0.045957801299169904,0.10588567567490348,4.441112658968095,-7.2157,0.0,7.5938950253,5.848153859882547,-0.3277789319267551,0.32709983846011126,0.15676085642682144,0.07450713764348982,0.11651321576781831,0.24674454973720872,-0.24336202463981302,-0.012941745937438066,-0.06961774187820897
3127.0,10.086191129353603,10.398814557584103,14.24097038035623,-0.09285291645904818,0.0916271884806651,0.05386436911325268,0.015310787425580188,4.534868238636893,-7.2157,0.0,7.5938950253,5.86394631894721,-0.31714479043579374,0.3129582418850324,0.1839770327721796,0.07533406230108858,0.11812423140305195,0.24984759790671413,-0.2420655170592232,-0.013115664703877334,-0.07143676076591032
3128.0,10.072186410764669,10.502420652918273,14.15696799705014,-0.0892351587046918,0.08687682471499165,0.061085184955364295,-0.07115778506995353,4.624184284703596,-7.2157,0.0,7.5938950253,5.878236368214677,-0.3052119065321436,0.2971456731810273,0.2089302695453725,0.07611152485210866,0.11957038159251887,0.25296465306569055,-0.24062835669834898,-0.01327808917308379,-0.07308520985039169
3129.0,10.057788061499563,10.599618760217474,14.06685747583583,-0.08525639481954345,0.08177434802500551,0.06758601339691821,-0.15318882536483752,4.70866091685714,-7.2157,0.0,7.5938950253,5.890957843360335,-0.29202074885393525,0.280094019901372,0.23149604538164126,0.07683650951605102,0.12085622531940174,0.2560551172254259,-0.23906608658202955,-0.01342854447547214,-0.07455473531274329
3130.0,10.043044176070943,10.690082696109604,13.97145085326992,-0.08093420910659808,0.07644881285293378,0.07335334618068522,-0.23047416231868695,4.788022628175415,-7.2157,0.0,7.5938950253,5.9020600679341895,-0.27762334356405294,0.2622373810780064,0.2516192034627923,0.07750716693652879,0.12198916718302295,0.2590806938340327,-0.23739432951174422,-0.013566817290733182,-0.07584201322678372
3131.0,10.0280028828052,10.773623386245864,13.871559055361429,-0.07628924339621222,0.07102537458788293,0.07839285528638529,-0.30273002079434796,4.862116450844572,-7.2157,0.0,7.5938950253,5.911506935401293,-0.26208253684349936,0.24399914750204985,0.26930924294474345,0.07812276048963696,0.12297897939151847,0.262006318174866,-0.23562838688916943,-0.013692934682905677,-0.07694841598534881
3132.0,10.012711507985319,10.850182457263346,13.767973108206071,-0.07134484090996138,0.06562203662992701,0.08272708780556161,-0.3696979842021794,4.930906744251607,-7.2157,0.0,7.5938950253,5.919275713011738,-0.24547094634535366,0.22578091460021124,0.28463300601727237,0.07868358413306525,0.12383730636412368,0.2648008893306027,-0.2337829175352072,-0.013807137353849676,-0.07787948423910132
3133.0,9.99721583647428,10.919822879744535,13.6614480913615,-0.06612662799522256,0.060347096640613336,0.08639260096736945,-0.4311456167619657,4.994467204406543,-7.2157,0.0,7.5938950253,5.925355675337992,-0.2278696760876198,0.2079536456224312,0.29770539638318977,0.07919085969329977,0.1245771817121609,0.2674377824735139,-0.23187170512301997,-0.013909849415275346,-0.07864425048429236
3134.0,9.981559478896022,10.982717445454044,13.552690285817397,-0.060662058810857504,0.05529734395607467,0.0894367514889427,-0.4868668017862696,5.052970775724354,-7.2157,0.0,7.5938950253,5.92974666972969,-0.20936687603300014,0.1908512896521324,0.308678828724953,0.07964662155599436,0.12521258178013475,0.26989513786470076,-0.22990751570891066,-0.014001646708718979,-0.07925446589342511
3135.0,9.96578334892359,11.03913587143285,13.44234774922444,-0.05497994713265696,0.05055699809723145,0.09191434891731602,-0.5366818538729138,5.106678168598317,-7.2157,0.0,7.5938950253,5.932457702834532,-0.19005622663115698,0.17476685208471288,0.31773210487698866,0.08005359614171123,0.12575803300031477,0.27215593911689123,-0.22790204076954185,-0.014083225484345097,-0.07972378228075219
3136.0,9.949925248632466,11.089431273579844,13.331004346793478,-0.0491100066719109,0.046197325369198614,0.09388436125143945,-0.5804374590415172,5.155925654314163,-7.2157,0.0,7.5938950253,5.933505619265682,-0.17003542112840092,0.15995073522664208,0.3250593511299614,0.0804150824806665,0.12622828297623087,0.2742079064808624,-0.22586591655992833,-0.014155372926633901,-0.08006693693287477
3137.0,9.934019555489893,11.134026655912733,13.219177091327758,-0.04308241726001042,0.04227683068078231,0.0954068279396684,-0.618006489321411,5.201112732852077,-7.2157,0.0,7.5938950253,5.932913923060656,-0.14940470635445277,0.14661102777355334,0.3308595482586093,0.08073483883310754,0.12663803827658676,0.2760432402073262,-0.22380880763457053,-0.014218940634541476,-0.08029898058240281
3138.0,9.918097001476372,11.173401934051332,13.10731650900139,-0.03692742959746732,0.03884189669480528,0.096540095974562,-0.6492877288746279,5.2426901619736554,-7.2157,0.0,7.5938950253,5.930711772077677,-0.12826552809912845,0.13491533113024168,0.33532705980074545,0.08101697881674756,0.1270017659969413,0.2776582540800599,-0.22173954092460235,-0.014274821768939397,-0.08043457944347517
3139.0,9.902184533043789,11.208081868179722,12.995809651928225,-0.030675016598372455,0.03592773197719874,0.09733845454849506,-0.6742055389645801,5.281148711480213,-7.2157,0.0,7.5938950253,5.9269331566995085,-0.10671931211618213,0.12499366806225762,0.3386434324674109,0.08126587905145218,0.12733355159290805,0.27905294022547955,-0.2196662765700982,-0.014323932206533926,-0.0804874123177742
3140.0,9.886305239974284,11.23862513590909,12.884985322601601,-0.0243545751591158,0.0335594921393487,0.09785020687836796,-0.6927094801284073,5.317008877564165,-7.2157,0.0,7.5938950253,5.921616258344924,-0.08486639789747397,0.11694201990910509,0.3409706199773926,0.08148609902679776,0.12764700243332372,0.28023050389876636,-0.21759670241714865,-0.01436719571236391,-0.08046967445895883
3141.0,9.870478341519158,11.26561464051546,12.775121053648768,-0.017994678760273334,0.031753450317432916,0.0981161872763918,-0.7047739025267976,5.350811669588514,-7.2157,0.0,7.5938950253,5.914802970926947,-0.06280513079936564,0.11082607403474651,0.34244567838760576,0.0816823128109748,0.1279551849050145,0.2811969019813346,-0.21553824034189784,-0.014405532877292269,-0.08039169196663107
3142.0,9.854719219242567,11.289649033209287,12.666451391603593,-0.011622878824651416,0.030518112610141524,0.0981687088245038,-0.7103975099855809,5.383110473542518,-7.2157,0.0,7.5938950253,5.906538559666768,-0.040631109481779504,0.10668482338558015,0.34317690273717305,0.08185925138287889,0.1282705825364117,0.28196041232201385,-0.2134982540409605,-0.014439853368365393,-0.08026164442290909
3143.0,9.839039487543673,11.311335334462814,12.559177057353887,-0.005265551209404343,0.029855197337891604,0.09803091231665463,-0.7096028997476037,5.414463908114484,-7.2157,0.0,7.5938950253,5.896871426348331,-0.018436580053737127,0.10453373518751218,0.34324132285313813,0.08202165378658481,0.12860506324466975,0.28253125367558357,-0.21148424938870303,-0.014471050907142576,-0.08008538940903633
3144.0,9.82344709467364,11.331282471230923,12.453474590726735,0.001052216497085849,0.029760421674193002,0.09771647969998633,-0.7024360782336383,5.44542952348199,-7.2157,0.0,7.5938950253,5.8858529477489325,0.0036900344629801035,0.1043672874496211,0.3426834484088365,0.0821742249619443,0.12896984518602345,0.28292126855103106,-0.20950405975363523,-0.014500000317969327,-0.07986638030648874
3145.0,9.807946449018962,11.350095504200034,12.349506125668444,0.007306701245211882,0.030224063412832358,0.09722967366840704,-0.6889659528382374,5.4765581501140375,-7.2157,0.0,7.5938950253,5.873537354085997,0.025664481265874693,0.1061607534242015,0.34151514542696776,0.08232159796849349,0.12937545255986685,0.2831436743069375,-0.2075660097182564,-0.014527555965979246,-0.07960566807847444
3146.0,9.792538567341133,11.36837030048022,12.24742898062244,0.013475588315727876,0.03123128806561076,0.09656566762199374,-0.6692838005584336,5.508388684120233,-7.2157,0.0,7.5938950253,5.859981616359987,0.04740691234294256,0.1098711908522433,0.3397165328173883,0.08246829835944135,0.12983165488288484,0.2832128816667152,-0.2056790514566815,-0.014554550923805011,-0.07930197813035839
3147.0,9.777221243427164,11.38668840994742,12.147404782777087,0.019537985919286016,0.03276225136115059,0.09571113513799451,-0.6435027156431377,5.541443094962441,-7.2157,0.0,7.5938950253,5.845245314984979,0.06884201534990227,0.1154376618152515,0.3372378023787198,0.08261870864592769,0.13034738555717218,0.2831443746568037,-0.2038528686386971,-0.014581796257341934,-0.07895185442410418
3148.0,9.761989237126809,11.405611924783623,12.049607873350151,0.025474413158900908,0.0347920041678234,0.09464507378582286,-0.6117570400377763,5.576221458085372,-7.2157,0.0,7.5938950253,5.829390466698251,0.08989904741817084,0.1227807688030487,0.33400188350148696,0.08277703108997093,0.13093063789561854,0.28295464186055513,-0.2020979432235881,-0.014610079896224443,-0.07854986436354686
3149.0,9.746834484964912,11.425678138522644,11.954232764015254,0.03126676327117028,0.037290240789395745,0.09333984320947218,-0.574201781784787,5.6131968463968605,-7.2157,0.0,7.5938950253,5.812481292125783,0.11051177655200468,0.13180164259240604,0.329907889943808,0.082947247452981,0.13158833906282746,0.2826611458139794,-0.2004255809709643,-0.014640164646986443,-0.07808885922779699
3150.0,9.731746334374074,11.447393869973196,11.861500433178353,0.03689824363081811,0.04022094251355792,0.09176240087523894,-0.5310120273651201,5.652809957659459,-7.2157,0.0,7.5938950253,5.794583912313737,0.13061833399744502,0.14238055760843976,0.32483529692775376,0.08313307478506991,0.13232620458687122,0.2822823152881451,-0.19884789201738956,-0.014672785010431769,-0.0775602858427899
3151.0,9.716711804062047,11.471229375731115,11.771663267153096,0.042353293854271334,0.04354197630204544,0.08987572006378322,-0.4823823539168965,5.695463406911421,-7.2157,0.0,7.5938950253,5.775765968819694,0.15016098065908332,0.1543753806692492,0.31864879998838347,0.08333791685160492,0.13314857815406805,0.2818375440329697,-0.1973777235259661,-0.014708642574808015,-0.07695454556415984
3152.0,9.701715873089997,11.497611839657136,11.68500846794398,0.04761748350681137,0.04720471364062454,0.08764037322643961,-0.4285262460980577,5.741515671248524,-7.2157,0.0,7.5938950253,5.756096168408612,0.16908579144847471,0.1676200793954575,0.3112038011776185,0.08356481134225235,0.13405826327569467,0.28134717922770897,-0.19602854227538968,-0.014748399868996401,-0.07626139639768649
3153.0,9.686741800883798,11.526918495757965,11.601859769089078,0.052677391404192836,0.051153736802626554,0.08501625967806824,-0.36967551991036884,5.791274735932765,-7.2157,0.0,7.5938950253,5.7356437598252,0.18734226339230708,0.18192352692725858,0.3023524530861587,0.08381637357896113,0.1350563550674545,0.2808324833370408,-0.19481426616221026,-0.014792672671709051,-0.07547039317872026
3154.0,9.671771479633618,11.559469509395436,11.522577326497181,0.05752046927252105,0.0553266990416592,0.08196444997523283,-0.30607975202573257,5.844991553097067,-7.2157,0.0,7.5938950253,5.714477956298369,0.20488285632172687,0.19706883956044027,0.2919501673083095,0.0840947380160916,0.13614208175593195,0.28031555426652993,-0.1937490449738915,-0.014842020880662323,-0.07457135920386052
3155.0,9.656785819373717,11.595520807590443,11.44755568473788,0.06213489353257159,0.05965440139000855,0.07844911066517198,-0.2380057081464665,5.90285348446868,-7.2157,0.0,7.5938950253,5.692667323121763,0.2216624788242342,0.21281347296352032,0.27986246282828375,0.08440149938814799,0.13731266655643054,0.2798191906197398,-0.192846992461563,-0.014896938147289842,-0.07355488064379395
3156.0,9.641765164506488,11.63525710918412,11.37721976253608,0.06650941012784561,0.0640611416540552,0.0744394630145461,-0.16573675794792742,5.964977954624432,-7.2157,0.0,7.5938950253,5.6702791545596885,0.23763793660302854,0.2288902801850352,0.2659719934158315,0.08473765588380475,0.13856322117776837,0.2793666914622702,-0.19212187369258826,-0.014957840575570652,-0.07241281259707051
3157.0,9.626689738693825,11.678785456446134,11.312018855258623,0.07063317852281921,0.06846538074591103,0.06991171862800719,-0.08957225763281221,6.031406588307581,-7.2157,0.0,7.5938950253,5.647378868138553,0.25276736512350506,0.24500970018969997,0.25018555413230076,0.0851035571794265,0.13988668231729756,0.27898158327759087,-0.19158675386664872,-0.015025054866169138,-0.0711387829413458
3158.0,9.61154011295848,11.726129587989572,11.252418717021744,0.07449562214787209,0.07278075762487178,0.06485092447871282,-0.009826874686672732,6.10210014120702,-7.2157,0.0,7.5938950253,5.624029446782552,0.2670096730423207,0.260863198895299,0.23244082863261187,0.08549886051620866,0.14127380202515905,0.278687270729161,-0.19125361718347816,-0.015098806357868257,-0.0697286774086246
3159.0,9.596297689617447,11.777225515215974,11.198891859711265,0.07808629353784638,0.07691746692865603,0.05925264085207805,0.07317017617002468,6.176934555274226,-7.2157,0.0,7.5938950253,5.6002909599417485,0.2803240269723278,0.27612802576551104,0.2127126047332388,0.08592249821343192,0.1427132016559439,0.27850661237580643,-0.1911329668743199,-0.015179207476028404,-0.06818108679776963
3160.0,9.580945192433568,11.831918667832046,11.151906288559207,0.08139476307233665,0.08078399313482772,0.05312436920286539,0.1590760207225175,6.255698474235768,-7.2157,0.0,7.5938950253,5.576220193596278,0.29266941116169426,0.29047327874212886,0.19101815972019534,0.0863726600353446,0.14419149721905655,0.27846142754024933,-0.19123342003414173,-0.015266247141347377,-0.06649769521964244
3161.0,9.565467151270834,11.889962955549576,11.111912980611805,0.0844105404460509,0.08428917235443342,0.0464866441510607,0.24753517288059895,6.338092539903229,-7.2157,0.0,7.5938950253,5.551870415646347,0.30400429716389904,0.3035671903618892,0.16742150338065573,0.08684679363202899,0.14569350124708372,0.2785719459692466,-0.19156131325535602,-0.015359781720073093,-0.06468358705714261
3162.0,9.549850367743401,11.951022050931734,11.079332498884812,0.08712303765161183,0.08734452850071764,0.03937370598598942,0.33818077628643695,6.423730753247446,-7.2157,0.0,7.5938950253,5.527291297684288,0.3142864580617766,0.31508546113071134,0.14203617009528643,0.08734162582363826,0.14720250283403624,0.2788562175426779,-0.19212033705693365,-0.015459528106940755,-0.06274745024254158
3163.0,9.534083434722849,12.014673107421489,11.054541274716378,0.08952161394227763,0.08986679968396989,0.03183367886032523,0.43063606601920057,6.512144125365688,-7.2157,0.0,7.5938950253,5.502528982055801,0.32347310797381496,0.32472038558395094,0.11502628902366892,0.0878842674177576,0.148714287242717,0.27929980468266163,-0.19287797079698987,-0.015553806874515762,-0.06069900117318301
3164.0,9.518094998784884,12.080411058661602,11.037862296809791,0.09159789501537063,0.09178016029834594,0.023928164092182742,0.5245170285683275,6.602786586448766,-7.2157,0.0,7.5938950253,5.4776244722128355,0.33153141292268756,0.3321911078510636,0.08660611740909627,0.08854678074090105,0.15024370482304855,0.2798412341725513,-0.1937488363361798,-0.015614429610969042,-0.05854843478345601
3165.0,9.501855274839754,12.147659953488708,11.029546065214614,0.09334228413487682,0.09301947486197795,0.015731118605123967,0.6194355235590381,6.695043336915506,-7.2157,0.0,7.5938950253,5.452616616573201,0.33842250754558434,0.33725212774819746,0.05703486532588346,0.08921914694924746,0.15172566987658329,0.28058871396398033,-0.1948388024548915,-0.015678776989805725,-0.05632459227518055
3166.0,9.485364198337905,12.215784803826535,11.029759452322038,0.09474453588844367,0.09353257803125468,0.007327421229289616,0.7149995728841189,6.788242098136445,-7.2157,0.0,7.5938950253,5.42754270569009,0.34410373635719943,0.33970201310154663,0.026612542868228492,0.0898948782044192,0.1531412725452076,0.28154670940213605,-0.19613966443020478,-0.015746355855148525,-0.054049963220192426
3167.0,9.468626209384423,12.284104725350552,11.038577703120975,0.09579490027398496,0.09328222747095426,-0.0011892278197725252,0.810815495652949,6.88166620156481,-7.2157,0.0,7.5938950253,5.402438523785742,0.3485335930959018,0.3393916567526321,-0.004326804911842325,0.0905671601794125,0.15447237648485612,0.2827149922589549,-0.19763999025098775,-0.01581656982606003,-0.051749472021951626
3168.0,9.451650315754245,12.351908631792762,11.05597730721426,0.09648440690743125,0.09224779580588818,-0.009718949604994722,0.9064903960943101,6.974569487898978,-7.2157,0.0,7.5938950253,5.377339143893784,0.35167274570247997,0.3362308654411161,-0.035424270122857336,0.09122900751766608,0.1557021377695042,0.2840884095952457,-0.1993252876859054,-0.015888728468375236,-0.04944979416846172
3169.0,9.434450043742356,12.418472365314445,11.081831808469428,0.0968051855136969,0.09042640139855172,-0.01815874225103595,1.0016347328413555,7.066192598915739,-7.2157,0.0,7.5938950253,5.352279766398706,0.3534852191155375,0.33019301747708524,-0.06630685070648216,0.0918734279112928,0.15681549018465626,0.28565682153135086,-0.20117829098053028,-0.01596206056403067,-0.04717855500192278
3170.0,9.417043276347773,12.48307665117849,11.115910890871946,0.09675080733269575,0.08783337941763882,-0.02640581393941968,1.0958648912602635,7.155780098147289,-7.2157,0.0,7.5938950253,5.3272965530312,0.3539396830619682,0.32131740633894396,-0.09659935327023483,0.09249358918666559,0.15779957265043248,0.28740522638821664,-0.203179360634919,-0.016035731207376648,-0.04496344506546215
3171.0,9.399451982482248,12.54502518430856,11.15788292329457,0.09631662916235596,0.08450203109325116,-0.034361028156845656,1.1888056742590574,7.242597776959228,-7.2157,0.0,7.5938950253,5.302427407349333,0.3530107798653707,0.30970901033250753,-0.12593685485169387,0.0930829833722846,0.1586440768673887,0.28931408108422696,-0.20530698225059799,-0.016108862204876853,-0.042831294617984704
3172.0,9.3817018450815,12.603662115198707,11.207320967007487,0.09550012008158959,0.0804826340603703,-0.04193227787691666,1.2800926280094902,7.3259494599230255,-7.2157,0.0,7.5938950253,5.277712655275682,0.3506804193031975,0.29553558503176575,-0.15397707118747495,0.09363558162467822,0.1593414975013443,0.291359812256841,-0.20753834340935587,-0.016180555012617417,-0.04080715583418809
3173.0,9.363821799931777,12.658388209726732,11.263712060550725,0.09430115076670503,0.07584074663518298,-0.049037600827729275,1.3693741275948028,7.405192624494953,-7.2157,0.0,7.5938950253,5.253195585231779,0.3469389650213824,0.2790221532837254,-0.18041194980105044,0.09414597413610654,0.15988727306063488,0.2935155003422442,-0.20984996170428993,-0.016249915240540726,-0.03891344357375842
3174.0,9.345843500462536,12.708675014308662,11.326469412150388,0.09272222689780754,0.07065488903674541,-0.05560785908702601,1.4563131631432424,7.479752197992352,-7.2157,0.0,7.5938950253,5.22892281631631,0.3417862407466358,0.260443150711374,-0.20497783270747436,0.09460948975244798,0.16027981259662527,0.2957517060632026,-0.21221833307452434,-0.01631607760781356,-0.03716918378810496
3175.0,9.327800726473265,12.75407646220243,11.394946965975608,0.09076865140765868,0.06501372974117266,-0.06158883291477482,1.5405887879561846,7.5491319881925865,-7.2157,0.0,7.5938950253,5.204944474009844,0.3352322945878494,0.2401126541250857,-0.22746361721603767,0.09502229097159637,0.1605204108302233,0.29803739781378275,-0.21462056801388252,-0.016378230169959478,-0.03558941248858261
3176.0,9.309728756577583,12.794237501293637,11.468455679762863,0.08844860499557967,0.05901294035459346,-0.06694261892961685,1.6218972141764254,7.6129233362445845,-7.2157,0.0,7.5938950253,5.181314165049052,0.3272978753483973,0.21837325752153378,-0.24771647836634608,0.09538144122162931,0.16061306153658156,0.3003409305566073,-0.21703498427735962,-0.016435636666640076,-0.034184758136401996
3177.0,9.291663724939703,12.828899496620814,11.546280769071652,0.08577313995769673,0.05275190364565602,-0.07164827255727958,1.6999525659455843,7.670810741306298,-7.2157,0.0,7.5938950253,5.158088755314516,0.31801459448122976,0.19558424996753132,-0.26564489015817233,0.09568494275377629,0.16056418528225175,0.3026310230250634,-0.21944162832171626,-0.016487655959697985,-0.03296122727902606
3178.0,9.273641982601397,12.857902347350114,11.6276991443397,0.08275608837950613,0.04633046438617496,-0.07570168888004143,1.7744873220609212,7.7225743815547485,-7.2157,0.0,7.5938950253,5.135327965795366,0.307424769041413,0.17210978179858544,-0.2812188767703393,0.09593174502351579,0.16038229229712675,0.3048776807377989,-0.22182270349024025,-0.016533757733194935,-0.031920198618065096
3179.0,9.255699482387321,12.881183441713244,11.711996292001619,0.07941389145526759,0.0398459011563668,-0.07911476878432347,1.8452524975779099,7.7680896306275855,-7.2157,0.0,7.5938950253,5.113093811085658,0.29558096239402987,0.14830767760437036,-0.2944676185529044,0.09612172495541602,0.1600776039767031,0.3070530175101183,-0.22416289022541,-0.016573533889479707,-0.031058616034745627
3180.0,9.237871204148833,12.898773739113937,11.798481925557683,0.0757653615473694,0.03339027109825286,-0.08191396314664609,1.912017625080613,7.807323827269492,-7.2157,0.0,7.5938950253,5.091449911844444,0.2825452582771064,0.12451947141438827,-0.30547471035692664,0.09625564187379225,0.15966165710463048,0.3091319371532137,-0.22644955154640276,-0.016606705369656215,-0.030369357979571195
3181.0,9.220190634146036,12.910791403307902,11.886503847071534,0.07183139212011196,0.027048242298582027,-0.08413832236007754,1.9745706008433002,7.840330686386109,-7.2157,0.0,7.5938950253,5.070460716921794,0.26838831828199516,0.10106211293888874,-0.31437150491988,0.09633507102494046,0.15914691347963847,0.31109264880152276,-0.22867282481001297,-0.016633124422444724,-0.029841750348323058
3182.0,9.202689308909576,12.917433505383105,11.97545960116739,0.0676346326156015,0.02089548471094493,-0.0858371991421059,2.032717459140101,7.867242832972592,-7.2157,0.0,7.5938950253,5.050190672410513,0.25318828175060426,0.07822163979774165,-0.32132906058043736,0.09636232043628366,0.15854639456665143,0.3129170024418557,-0.23082560762748205,-0.016652772613556615,-0.02946218336945109
3183.0,9.185396430228407,12.91896636605695,12.064805657678582,0.0631991456430203,0.014997645288612435,-0.0870677585960537,2.086282130594493,7.88826299209261,-7.2157,0.0,7.5938950253,5.030703373964339,0.23702957013777035,0.05624894734998942,-0.3265492465586991,0.0963403363066399,0.15787335656260368,0.3145906443181337,-0.23290345117318198,-0.016665755085398772,-0.029214790436897647
3184.0,9.168338554237236,12.915715114142618,12.154064011531096,0.05855006268731016,0.009409890895933875,-0.08789244208371545,2.135106229267381,7.903654378401948,-7.2157,0.0,7.5938950253,5.012060735740669,0.2200016554412289,0.035357632077744706,-0.33025554323412576,0.09627260219195694,0.15714101643036588,0.31610300368295635,-0.2349043776795691,-0.01667229172962328,-0.029082148031433896
3185.0,9.15153935416263,12.908053006577726,12.242826227096476,0.05371325222463394,0.004176967210630714,-0.08837651321436826,2.1790488999287776,7.9137308017832595,-7.2157,0.0,7.5938950253,4.994322204794466,0.2021978453599683,0.01572375038094285,-0.33268401767295536,0.09616303697096712,0.15636233454558277,0.3174471318972652,-0.23682864060741127,-0.01667270601741442,-0.029045960246926517
3186.0,9.135019453320066,12.896390992783132,12.330755070123798,0.04871501106381828,-0.0006663044901300073,-0.08858578864352158,2.2179867433276974,7.918846948565906,-7.2157,0.0,7.5938950253,4.977544044217226,0.18371412778312113,-0.002512768560841564,-0.33407486807925385,0.09601589600384483,0.1555498550695549,0.3186194215698222,-0.2386784459734385,-0.016667412247666404,-0.029087698061209897
3187.0,9.1187963225694,12.88116792160178,12.417583958134943,0.0435817863390403,-0.005094187160622765,-0.08858462714036978,2.2518138246574084,7.919389219299343,-7.2157,0.0,7.5938950253,4.9617787023024365,0.16464810554699302,-0.01924538518851413,-0.3346648282331468,0.09583567911231491,0.1547156013267877,0.3196192371106387,-0.2404576519311641,-0.01665690193122598,-0.029189171341313852
3188.0,9.102884234705781,12.862841692279066,12.503114518138528,0.038339932243793805,-0.009088945754906685,-0.08843422098397259,2.280441759784798,7.915767413298457,-7.2157,0.0,7.5938950253,4.947074278980609,0.14509804054883568,-0.03439724961707762,-0.33468061708205665,0.0956270480981643,0.15387102050799317,0.32044848893005895,-0.24217146134298773,-0.016641729944204955,-0.029333019672714115
3189.0,9.087294267201976,12.841881550779783,12.587212570108315,0.033015502623889206,-0.012639622783409066,-0.08819120698106951,2.3037998657080005,7.908407455716095,-7.2157,0.0,7.5938950253,4.933474095063689,0.12516201544149946,-0.04791690376529592,-0.33433352009556067,0.09539475556269919,0.1530269699881947,0.3211111819887881,-0.2438261191781986,-0.016622500970685725,-0.02950311563722084
3190.0,9.072034344291549,12.818761636601637,12.669802859646744,0.02763407814151523,-0.015740763591598907,-0.08790659219613714,2.3218353562633367,7.897745271873225,-7.2157,0.0,7.5938950253,4.921016364728413,0.10493721207903371,-0.059773727165373644,-0.3338151054358047,0.09514358586547408,0.15219373639276879,0.32161296608159,-0.24542862350944464,-0.016599856630056573,-0.029684880548123002
3191.0,9.057109309518609,12.793955798674805,12.750862848830662,0.022220624984641196,-0.018391170968513962,-0.08762497288331618,2.3345135611520313,7.8842218313657,-7.2157,0.0,7.5938950253,4.909733967309105,0.08451929910091548,-0.06995342754662867,-0.33329401387015917,0.09487830822365896,0.15138107814130397,0.3219607107482523,-0.2469864559728749,-0.016574463559687943,-0.02986551754588582
3192.0,9.042521020482578,12.767933625515205,12.83041584623138,0.016799381037962073,-0.020592753896902474,-0.08738401434527836,2.3418181455312674,7.8682793145826855,-7.2157,0.0,7.5938950253,4.89965431093252,0.06400191666094766,-0.07845382611125301,-0.3329137181297017,0.09460364124267207,0.15059828239560774,0.32216212263671484,-0.24850733502696787,-0.016547002609622753,-0.03003417025297012
3193.0,9.028268458467771,12.741157576336871,12.908523721218918,0.011393764995764534,-0.022349519631272862,-0.0872141541220469,2.3437513082495394,7.850358298526125,-7.2157,0.0,7.5938950253,4.890799277810746,0.04347624418898857,-0.08528113168535757,-0.33279112415919765,0.09432422760576005,0.14985422797416667,0.32222541798334287,-0.2499989933230975,-0.016518159209021107,-0.030182016956767425
3194.0,9.014347846858062,12.714081056692795,12.985279408968704,0.006026303980300372,-0.023666743074787458,-0.08713849021142116,2.340333938828122,7.8308958176288295,-7.2157,0.0,7.5938950253,4.883185239063965,0.023030636896678964,-0.0904468423870071,-0.3330158807694308,0.09404461724182697,0.14915744672598502,0.32215905798677713,-0.25146897903723886,-0.016488614887778225,-0.030302310740092278
3195.0,9.0007527735933,12.687147253721252,13.060799375193374,0.0007185757043534054,-0.02455033344123699,-0.08717281888492917,2.331605716070536,7.810324128025637,-7.2157,0.0,7.5938950253,4.876823125695615,0.002750318072017448,-0.09396536137865373,-0.3336502719412995,0.0937692570325629,0.14851617696383662,0.32197155046870446,-0.2529244800925273,-0.016459039881916455,-0.0303903753902822
3196.0,8.987474314334271,12.660788530882874,13.13521617651731,-0.004508838049400106,-0.02500640587877091,-0.08732579195781685,2.317625134370406,7.789069989181338,-7.2157,0.0,7.5938950253,4.871718541701536,-0.01728288341854798,-0.09585236657084895,-0.33472958338792536,0.09350248499993905,0.14793840375318537,0.3216713174577462,-0.25437216976630295,-0.016430086716947172,-0.030443565601559117
3197.0,8.974501154388163,12.63542617851215,13.208671225469626,-0.00963638899282341,-0.02504105524532124,-0.08759917001243969,2.2984694471237557,7.767554273332006,-7.2157,0.0,7.5938950253,4.867871905180143,-0.0369907580479217,-0.09612393361602158,-0.33626285795873695,0.09324852691748306,0.14743188208001945,0.3212666252333652,-0.2558180721338208,-0.016402384646978498,-0.03046119824574655
3198.0,8.96181970874174,12.611470322828826,13.281307849131084,-0.014645592411781027,-0.024660320506142804,-0.08798815509921316,2.2742345199550065,7.746191719172449,-7.2157,0.0,7.5938950253,4.865278603656376,-0.05629890747452842,-0.09479637719200426,-0.3382339794462882,0.09301149339598842,0.1470041401437854,0.32076557089720914,-0.2572674460511566,-0.01637653482572024,-0.030444459598230198
3199.0,8.949414240703046,12.589319810598285,13.35326471748395,-0.019519050410322484,-0.023870321103492513,-0.08848179305304786,2.2450345896229256,7.725390660006632,-7.2157,0.0,7.5938950253,4.863929150591653,-0.07513690489119486,-0.09188674698677447,-0.3406030482770501,0.09279537568916581,0.1466624612219024,0.32017611763893444,-0.2587246868167315,-0.01635310609522169,-0.03039629159899154
3200.0,8.937266980624482,12.569361907898351,13.424669710724002,-0.024240468284201747,-0.022677540923386873,-0.08906344115623088,2.2110019274144905,7.705552576699333,-7.2157,0.0,7.5938950253,4.863809331199018,-0.09343842297664018,-0.08741389135004776,-0.34330803303559415,0.09260403873087997,0.1464138437200773,0.31950616946156485,-0.26019324517503484,-0.016332631295734135,-0.03032125868096549
3201.0,8.92535824694078,12.55197167812289,13.495634292921826,-0.02879466348689147,-0.021089230971942517,-0.08971130102731674,2.172286408516638,7.68707135091678,-7.2157,0.0,7.5938950253,4.86490032720611,-0.11114132673200171,-0.08139998271021112,-0.3462666970763183,0.09244121023774834,0.14626494014994468,0.3187636751634272,-0.26167556384990326,-0.016315604022364278,-0.030225395535304223
3202.0,8.913666572284368,12.537510935252715,13.566248460847994,-0.033167566360256986,-0.01911389844740408,-0.09039901907276039,2.1290549912409453,7.670332123147622,-7.2157,0.0,7.5938950253,4.867178812105093,-0.12818772744581416,-0.07387238418368602,-0.3493788085746723,0.09231046507441144,0.14622197685157315,0.31795675079122254,-0.26317303224569694,-0.016302475778447748,-0.030116035479800397
3203.0,8.902168837725645,12.526326702457446,13.636576339717102,-0.03734621172972495,-0.01676184749719338,-0.09109635751877379,2.0814911120226354,7.655709691764594,-7.2157,0.0,7.5938950253,4.870617010692852,-0.1445239938201086,-0.06486572618474844,-0.3525286448424104,0.09221520446925892,0.14629065728621665,0.31709380955273536,-0.26468596027776015,-0.016293653499586096,-0.03000161888003548
3204.0,8.890840418222902,12.518749142180928,13.70665250026104,-0.041318720601624746,-0.01404573559249293,-0.09176993800464708,2.029794003770835,7.643566422862706,-7.2157,0.0,7.5938950253,4.8751827193182224,-0.16010071689156322,-0.05442405536484686,-0.3555877977272262,0.0921586300709415,0.14647605264040017,0.31618368829659815,-0.266213572451525,-0.01628949744432365,-0.029891481328030236
3205.0,8.879655342160575,12.515088960890203,13.776479072239171,-0.04507427152534302,-0.010981109196238709,-0.09238405714980004,1.9741779463502156,7.63424967471472,-7.2157,0.0,7.5938950253,4.880839286175483,-0.17487262671956832,-0.04260291613056873,-0.35841827708103613,0.09214371323503029,0.14678248427578497,0.3152357601310896,-0.2677540232832187,-0.016290319466241553,-0.029795621959421884
3206.0,8.868586467418034,12.515634328439235,13.846023726803436,-0.04860306165976817,-0.007586883328809554,-0.09290156969254043,1.914871458660414,7.62808877429496,-7.2157,0.0,7.5938950253,4.887545554144276,-0.18879846076152482,-0.029471227645771928,-0.36087589467228676,0.09217316030938258,0.1472134031960302,0.31426002356944266,-0.269304434941777,-0.016296381696990544,-0.02972445330719497
3207.0,8.857605675766504,12.520647387231689,13.91521859296882,-0.05189625816745119,-0.003885731829792877,-0.0932848301055737,1.8521164418923926,7.625391615260873,-7.2157,0.0,7.5938950253,4.895255771970816,-0.20184078624768786,-0.015112826923713851,-0.36281389291569655,0.0922493750294613,0.14777127214703903,0.313267159757149,-0.2708609576035352,-0.016307895680006936,-0.02968853534545282
3208.0,8.846684086569697,12.530360458710652,13.983960161111748,-0.05494594119970653,9.56413776693056e-05,-0.09349667844152447,1.786167283045091,7.626440975836619,-7.2157,0.0,7.5938950253,4.9039194828740325,-0.21396578150716553,0.0003724384671664199,-0.3640867629940933,0.09237441942470723,0.14845745618847062,0.3122685508476463,-0.27241885247324754,-0.016325022000172464,-0.029698297754288453
3209.0,8.835792289804221,12.544972082780598,14.052110208698695,-0.05774504037703372,0.004326374898804776,-0.093501450996337,1.7172899266818837,7.631490680008504,-7.2157,0.0,7.5938950253,4.913481402772094,-0.22514298387076392,0.016868166472836697,-0.36455417705333837,0.09254997485906191,0.14927212754673128,0.3112762544198835,-0.27397259677109026,-0.016347870455507365,-0.029763755814354118
3210.0,8.824900597365627,12.564643048241477,14.119497760566498,-0.06028726725747753,0.008771485193067346,-0.09326599164207851,1.64576092124245,7.6407617451758805,-7.2157,0.0,7.5938950253,4.923881303065596,-0.235345014270199,0.03424148086057478,-0.3640849408580013,0.09277730497027743,0.15021419026713875,0.3103029309274555,-0.2755160092560006,-0.016376500813283172,-0.029894226597367905
3211.0,8.813979310538373,12.589492587968651,14.18592206871434,-0.06256704677016622,0.013392076344599338,-0.09276063578661989,1.5718664441046757,7.654438672890321,-7.2157,0.0,7.5938950253,4.93505391507833,-0.24454729076287893,0.05234378409759016,-0.36256085818448125,0.09305722232459651,0.15128122962213844,0.3093617234659143,-0.2770423940947715,-0.016410924184951704,-0.030098053146354112
3212.0,8.802999000439481,12.619594920390266,14.251156565811,-0.06457945092829111,0.018145728076563714,-0.0919601362256473,1.4959013071721343,7.672666045746327,-7.2157,0.0,7.5938950253,4.946928874643939,-0.25272774475704923,0.07101220075185871,-0.3598803876741766,0.09339006056100027,0.1524694904136191,0.3084660915546764,-0.2785447001381495,-0.016451105042319357,-0.030382345042684934
3213.0,8.79193079725377,12.654976318065499,14.31495371389441,-0.06632013829061387,0.022987057366987914,-0.09084449894857988,1.418167942254077,7.695545592307445,-7.2157,0.0,7.5938950253,4.959430725758054,-0.2598665545485528,0.0900716969405732,-0.3559619679622741,0.09377565366276465,0.15377388725508967,0.307629603049295,-0.28001569197267784,-0.01649696388182995,-0.030752744062592492
3214.0,8.780746683218567,12.695612874479767,14.377050636722203,-0.067785302590091,0.027868440444962315,-0.0893996974412971,1.3389753631502133,7.723133872928148,-7.2157,0.0,7.5938950253,4.972479001551619,-0.2659459108063769,0.10933782831519298,-0.35074688838692053,0.09421332376905156,0.15518804867215963,0.30686569061523716,-0.281448128519974,-0.016548380525132293,-0.031213223484497322
3215.0,8.769419783637451,12.74142912158779,14.437175392752964,-0.06897163368218608,0.032740873643266666,-0.0876182362924878,1.2586380994088362,7.755440722585852,-7.2157,0.0,7.5938950253,4.985988399001939,-0.2709498278078488,0.1286200369966424,-0.34420159084050467,0.09470187863628587,0.1567043954685501,0.3061873812884896,-0.28283494448922825,-0.01660519802292141,-0.03176592899701084
3216.0,8.75792464974733,12.792297623644957,14.495053717672796,-0.06987629348739964,0.03755494398834989,-0.08549953894843178,1.177475095437766,7.7924285628683005,-7.2157,0.0,7.5938950253,4.999869060776657,-0.2748640125272564,0.14772538839278315,-0.33631930332472687,0.0952396194932563,0.15831425233166624,0.30560700940707436,-0.28416942968468206,-0.01666722710617132,-0.032411068079309005
3217.0,8.74623752706139,12.848039638429237,14.550416042533467,-0.07049690892981461,0.04226187394721507,-0.08305014015659001,1.0958085682149323,7.834012664948201,-7.2157,0.0,7.5938950253,5.014026973481036,-0.2776758011794009,0.16646261354975203,-0.32712092708918306,0.09582435962396224,0.1600079901668063,0.30513592451643184,-0.2854454010528318,-0.01673425110536865,-0.03314685321086945
3218.0,8.734336602879429,12.908426896478828,14.603004577552959,-0.07083158303670645,0.0468145998187674,-0.08028367076851196,1.0139628174017983,7.880062409959473,-7.2157,0.0,7.5938950253,5.028364486519354,-0.2793741696204036,0.1846463031004394,-0.31665512605312823,0.09645345357940935,0.1617751952277418,0.3047842066423764,-0.2866573624425544,-0.01680603123549672,-0.03396950237238415
3219.0,8.722202226999977,12.973184504273226,14.652580243765101,-0.07087892440639153,0.05116884019377906,-0.0772206308133003,0.9322629832499447,7.93040355422955,-7.2157,0.0,7.5938950253,5.042780950043675,-0.2799498202691918,0.2021010862622474,-0.3049975983454347,0.09712383648616571,0.16360485983049,0.30456040152206015,-0.2878006473557434,-0.016882312123796366,-0.03487329810478604
3220.0,8.709817100273812,13.041994930522135,14.698929235910935,-0.07063809422578886,0.055284109969737046,-0.07388795568952933,0.851033750246842,7.9848214661412475,-7.2157,0.0,7.5938950253,5.057173464380887,-0.2793953441343705,0.21866562369002768,-0.2922495437274181,0.09783207250764693,0.16548558837051655,0.30447128794811856,-0.2888715404870717,-0.0169628274403448,-0.03585070400230554
3221.0,8.697166426480491,13.114502988285256,14.741869010673025,-0.0701088689868093,0.05912463674434492,-0.07031838946694915,0.7705979978038434,8.043065260994323,-7.2157,0.0,7.5938950253,5.071437727290933,-0.27770545234615773,0.23419624691106875,-0.2785353755863111,0.09857441114438957,0.1674058115774883,0.30452168830876686,-0.2898673745781478,-0.01704730547982589,-0.03689253505151309
3222.0,8.684238024050257,13.190321682014698,14.78125351444739,-0.06929171607730933,0.06266014004550385,-0.06654968809941261,0.6912754031866739,8.10485272218302,-7.2157,0.0,7.5938950253,5.085468959831678,-0.2748772675567433,0.24857008969462066,-0.26399976010278653,0.09934684974988871,0.1693540014892907,0.3047143317284562,-0.29078660001922235,-0.017135474537896392,-0.03798817582951383
3223.0,8.671022395344552,13.269038750224105,14.816977493624746,-0.06818787857391925,0.06586643966279229,-0.06262368326762466,0.6133810059950533,8.169875863327245,-7.2157,0.0,7.5938950253,5.09916288689686,-0.2709106619460156,0.2616875776496054,-0.24880409601155729,0.10014520040315189,0.17131887954363628,0.30504977699975633,-0.2916288256820481,-0.017227067928278092,-0.03912583838696093
3224.0,8.657512752493718,13.350223703554173,14.848979766533633,-0.06679946490203141,0.0687258670511112,-0.05858524405436835,0.5372237474461271,8.237806958540038,-7.2157,0.0,7.5938950253,5.112416745014135,-0.26580862560232793,0.2734741706535533,-0.23312257404317976,0.10096515912781735,0.1732896104842897,0.3055263998554799,-0.29239483060801214,-0.01732182849756516,-0.04029284981028464
3225.0,8.643705000110192,13.433435136339384,14.877245377975072,-0.0651295386043748,0.07122746296095217,-0.05448117822934857,0.46310500114208064,8.308304848321441,-7.2157,0.0,7.5938950253,5.125130288017942,-0.25957764695719127,0.28388128689879183,-0.2171379738176085,0.10180237538555992,0.17525597544753438,0.30614044620325065,-0.29308654734204603,-0.0174195125134844,-0.041475958115083984
3226.0,8.629597676489185,13.518228078655108,14.901806602413021,-0.06318220331094336,0.07336695456615067,-0.05035911721852724,0.39131711458595597,8.381021317745809,-7.2157,0.0,7.5938950253,5.137206760909299,-0.2522280859039451,0.29288637542047735,-0.20103736619203186,0.10265251979868419,0.17720851859463752,0.3068861499023627,-0.2937070188233725,-0.017519892828007054,-0.04266164437694951
3227.0,8.615191856119099,13.604161155842144,14.922742807851035,-0.06096267814761467,0.07514651577408037,-0.04626642863722757,0.32214198221217794,8.455607342232447,-7.2157,0.0,7.5938950253,5.148553813609697,-0.24377452031943375,0.3004921436054065,-0.18500788991952727,0.10351134816861561,0.17913866292472105,0.30775591069050395,-0.2942603317453185,-0.01762276124761748,-0.04383642892840994
3228.0,8.60049101739955,13.690803333538314,14.940179236587461,-0.058477359254777025,0.07657432444022803,-0.04224919754224181,0.25584967098793027,8.531719004243199,-7.2157,0.0,7.5938950253,5.159084329295116,-0.23423604794789818,0.30672498484435123,-0.1692327626859509,0.10437476004442375,0.1810387923562428,0.3087405251530313,-0.29475153010974375,-0.017727930076975786,-0.04498716006603963
3229.0,8.585500880363892,13.7777400474281,14.954284798854802,-0.05573386378417666,0.07766393921316463,-0.038351312466564674,0.19269711870755324,8.609022901114137,-7.2157,0.0,7.5938950253,5.168717146313963,-0.22363652792305191,0.31163268668608196,-0.15388766862687162,0.10523885034585216,0.18290229870730942,0.30982946134281397,-0.29518651327074347,-0.017835232836614024,-0.04610127499229804
3230.0,8.570229219894438,13.864578546713767,14.965269008561426,-0.052741053654351513,0.07843352613192149,-0.034613685192218316,0.13292692305307324,8.687200888716664,-7.2157,0.0,7.5938950253,5.177377657997104,-0.2120047494382874,0.3152815293402359,-0.13913763847807664,0.10609995284311309,0.1847235937334809,0.31101116594629896,-0.29557192304917196,-0.017944524187557945,-0.04716702458142886
3231.0,8.554685660383957,13.950952316637087,14.973378215186854,-0.049509037407559166,0.07890497044747036,-0.031073624605668235,0.07676623654140395,8.765954036100206,-7.2157,0.0,7.5938950253,5.184998280536881,-0.19937451899475897,0.31775290639882503,-0.12513450641706272,0.10695467462373355,0.1864980877994758,0.3122733918485467,-0.2959150244888622,-0.018055679123469774,-0.048173655878847546
3232.0,8.5388814580304,14.036524485806645,14.97889130116939,-0.04604914964788562,0.07910291218522186,-0.027764375496199277,0.02442577890912806,8.845005700709672,-7.2157,0.0,7.5938950253,5.191518785096973,-0.18578466198025675,0.31913961309511735,-0.11201499172289599,0.10779992101726167,0.18822213798506582,0.313603533618838,-0.2962235845263716,-0.018168591512135648,-0.04911154885324012
3233.0,8.522829276960067,14.120990166042038,14.982115019394671,-0.042373908671096694,0.07905374465142857,-0.024714823485339547,-0.023901025375225926,8.924103670054679,-7.2157,0.0,7.5938950253,5.196886495987359,-0.17127893875165803,0.3195419519435805,-0.09989941619171268,0.10863291078451004,0.1898929693937939,0.3149889588022425,-0.29650575229125664,-0.01828317208161929,-0.04997230663331066
3234.0,8.506542965174564,14.204077713453765,14.983379140881455,-0.03849695394526692,0.07878461356171264,-0.021949358089124398,-0.06803878060674495,9.003021351723048,-7.2157,0.0,7.5938950253,5.201056361730718,-0.15590587960866542,0.3190638016304081,-0.08889103238130983,0.109451181693826,0.1915085741109058,0.31641732388786775,-0.296769943995502,-0.0183993459516876,-0.050748801086968644
3235.0,8.490037335935419,14.285548937354934,14.98303156935788,-0.034432966001406766,0.07832245106317272,-0.019487877815130047,-0.10783072397855162,9.081558027472898,-7.2157,0.0,7.5938950253,5.203990909882036,-0.13971854678749393,0.31780878367939663,-0.07907590557813031,0.11025258688991596,0.19306759263733572,0.31787686531017006,-0.29702473447486,-0.018517049808483746,-0.05143517796495812
3236.0,8.47332795966944,14.365198316632545,14.981433558562884,-0.030197571995321977,0.07769307409781354,-0.017345914658586807,-0.1431392029190415,9.159538217256152,-7.2157,0.0,7.5938950253,5.205660099376393,-0.12277423465613463,0.315876644384492,-0.07052326580920251,0.11103528270171804,0.194569182729888,0.3193566576708055,-0.2972787564844177,-0.018636228810883407,-0.052026827789134575
3237.0,8.456430970833729,14.442851310249276,14.9789551416223,-0.02580724067504773,0.07692037085946682,-0.015534850704843456,-0.1738460304107257,9.236810224329396,-7.2157,0.0,7.5938950253,5.20604108591988,-0.10513412151317318,0.3133599488067925,-0.06328622661589509,0.11179770872926506,0.19601288044638596,0.32084683337374936,-0.29754060789854964,-0.018756833302080195,-0.05252033011465653
3238.0,8.439362893458403,14.518361869073239,14.975970851786263,-0.02127917072151142,0.07602559309197952,-0.01406219691813479,-0.1998527244949114,9.313243952512755,-7.2157,0.0,7.5938950253,5.205117916560484,-0.0868628877097216,0.31034116142212836,-0.05740275539107925,0.11253856119388318,0.1973984578866982,0.3223387598762964,-0.29781876608823776,-0.01887881538164101,-0.052913379678425375
3239.0,8.422140488322176,14.591609270304598,14.972855782272859,-0.01663117643088641,0.07502676618523069,-0.012931903587740653,-0.22108063881152784,9.388728101082101,-7.2157,0.0,7.5938950253,5.202881169222497,-0.06802831522918189,0.30689016630214216,-0.05289677596988376,0.1132567606335926,0.19872578170225264,0.3238251726221263,-0.2981215080027279,-0.019002125373661728,-0.053204703251794175
3240.0,8.404780623941722,14.662494403952794,14.969982001939936,-0.011881574497415778,0.07393822387933377,-0.012144673166127226,-0.23747099096582344,9.463166852088884,-7.2157,0.0,7.5938950253,5.1993275518639095,-0.04870088343174485,0.30306226023166105,-0.04977928744282523,0.11395141508148007,0.1999946759839456,0.3253002633208028,-0.2984568339108441,-0.019126708207848044,-0.05339397577206539
3241.0,8.387300172795378,14.730935644068651,14.96771531478198,-0.007049075267462473,0.07277027019331204,-0.011698249125025623,-0.24898479488344052,9.536476169808086,-7.2157,0.0,7.5938950253,5.194459474260565,-0.028953374502053455,0.2988966361655888,-0.048049393017350006,0.11462177988667091,0.20120479269016783,0.3267597244925177,-0.2988323923896612,-0.01925249971430724,-0.05348174359298677
3242.0,8.369715933473868,14.796864436938366,14.966412326306855,-0.002152681306607517,0.07152896811705269,-0.011587658672090627,-0.25560270227668824,9.608579833458545,-7.2157,0.0,7.5938950253,5.18828460347982,-0.008860500356533458,0.29441536262625645,-0.04769514813005553,0.11526721533424074,0.20235549238923856,0.3282007520737291,-0.29925540400177425,-0.019379422821271926,-0.05346936154688955
3243.0,8.352044578767634,14.860220735466669,14.966417759842821,0.0027884045099476245,0.07021605266432747,-0.011805392390051808,-0.2573247570787447,9.679405323355613,-7.2157,0.0,7.5938950253,5.1808154121110555,0.011501439493258745,0.28962285719061653,-0.048694156742311576,0.11588714320116826,0.20344573779359848,0.3296220083882736,-0.2997325811835769,-0.01950738363927117,-0.053358949036344125
3244.0,8.334302629067833,14.92094840471236,14.968061951583637,0.007754859871874482,0.06882896496716565,-0.012341509769270339,-0.2541700653923935,9.748879678243572,-7.2157,0.0,7.5938950253,5.172068726468789,0.03205486223338117,0.2845058487375882,-0.0510138676832421,0.11648100335873701,0.2044740023680846,0.3310235479779949,-0.3002700421738034,-0.019636267416440555,-0.05315336865699957
3245.0,8.316506449877217,14.978990718994748,14.971658445215855,0.012727312095498131,0.06736100397403828,-0.013183665919520676,-0.2461763823203744,9.81692543856472,-7.2157,0.0,7.5938950253,5.162065280430028,0.05272116414896593,0.27903382278262767,-0.054611547969663714,0.11704821150453969,0.20543819619441944,0.33240670873651196,-0.3008732173355034,-0.019765934358354335,-0.05285622897532545
3246.0,8.298662912029174,15.034285667675674,14.97750404984561,0.017685891783540193,0.06580150727207491,-0.01431705801951696,-0.2333997127666821,9.88345677101984,-7.2157,0.0,7.5938950253,5.150828896655833,0.07341893247161425,0.27315989931788803,-0.05943399002957663,0.11764843992979826,0.20637189044481502,0.3336951467034223,-0.30132036716707955,-0.019928765020709456,-0.052474740774630615
3247.0,8.280753909369684,15.086761414698346,14.985880239159837,0.022609457887141887,0.06413609606494548,-0.01572422640104152,-0.21591506153147347,9.948375692102276,-7.2157,0.0,7.5938950253,5.13838572259607,0.09406097956017222,0.26682214368637774,-0.06541670063434038,0.11825260551715237,0.2072550238992653,0.33492893925443235,-0.30172165090014236,-0.020108104366504183,-0.05201316856351706
3248.0,8.262795763312583,15.1363352893018,14.9970350041417,0.027478835748377808,0.06234771428597209,-0.01738490402294893,-0.19381516796422374,10.011569040133118,-7.2157,0.0,7.5938950253,5.124766249168681,0.1145672625402158,0.259945763961452,-0.07248272385598523,0.11882271614067193,0.20806135770691606,0.33616069810833826,-0.3022187825104216,-0.02028355859824919,-0.05147606065337213
3249.0,8.244808168103663,15.182909358440675,15.011188452254824,0.03227515258664784,0.06041693872697429,-0.019275888361651252,-0.16720871326093395,10.072906047548727,-7.2157,0.0,7.5938950253,5.110003310891948,0.13485808086008563,0.2524453567272003,-0.08054212305725733,0.11935755866593123,0.20878615556206023,0.33739538979512695,-0.30281366188684716,-0.02045492434268883,-0.05087055428486023
3250.0,8.226810942531472,15.226367941359806,15.028530789231349,0.03697968002564106,0.05832264910695367,-0.02137082897492993,-0.13621947194063516,10.132236362256704,-7.2157,0.0,7.5938950253,5.094131579103102,0.15485344026774578,0.24422771785689032,-0.08949094166977323,0.11985570694635699,0.20942406679343217,0.33863830684949286,-0.3035070719815927,-0.020621947036695495,-0.050204789272329464
3251.0,8.208824131968115,15.266576020005882,15.049219233294476,0.041573855417595416,0.056042824142722915,-0.023640032593846547,-0.10098541565388135,10.189388781817788,-7.2157,0.0,7.5938950253,5.077187238188094,0.17447313964963446,0.23519510963793955,-0.09921020474618898,0.1203155054630409,0.20996919574895442,0.3398948020693219,-0.304298577725558,-0.020784313959292533,-0.049487978694004085
3252.0,8.190868113965102,15.303378490232056,15.073374778610066,0.046039304924483174,0.053555422891945564,-0.02605032053291005,-0.061657749491155794,10.244170791778817,-7.2157,0.0,7.5938950253,5.059207698453239,0.19363686883741746,0.22524893490616707,-0.10956513154309774,0.12073506258405613,0.21041520046569023,0.3411700055395204,-0.3051864285873211,-0.020941648485126214,-0.048730463301625185
3253.0,8.172963702265081,15.336600335214998,15.101078875804554,0.050357871990981594,0.050839336555886974,-0.028564971698646413,-0.01839989087853068,10.296368983080885,-7.2157,0.0,7.5938950253,5.040231352134112,0.21226433314619028,0.21429376272219508,-0.12040470395649042,0.12111225436984599,0.2107554206045625,0.3424685296884238,-0.30616747091062246,-0.021093505784838516,-0.04794373896441513
3254.0,8.155132243909815,15.3660477861244,15.132370130470052,0.05451165484542233,0.0478753899913004,-0.03114378390667644,0.02861359517999905,10.345750406506852,-7.2157,0.0,7.5938950253,5.020297379617547,0.23027542083418934,0.20224162354105144,-0.13156173603269752,0.12144473967242343,0.21098303351644357,0.34379416932429296,-0.3072370768945814,-0.02123937021759082,-0.047140446507969516
3255.0,8.137395704060207,15.391510512387036,15.167241151955421,0.05848305643589641,0.04464736552253706,-0.033743283469535854,0.07919808693552927,10.392064899220196,-7.2157,0.0,7.5938950253,4.99944561316684,0.24759042911128962,0.1890164615546416,-0.14285358090002861,0.12172998702766419,0.2110912359595902,0.3451496054499262,-0.30838909748056476,-0.0213786546712906,-0.0463343140381432
3256.0,8.119776733223302,15.412764854279388,15.2056357121191,0.06225484971903764,0.04114301478949561,-0.03631710783770579,0.13316000157148578,10.435048389136304,-7.2157,0.0,7.5938950253,4.977716465143084,0.26413036260536127,0.17455860007809215,-0.1540835919650104,0.12196531351467892,0.21107344745974793,0.34653612350918117,-0.30961584638834827,-0.0215107021018844,-0.04554004334701405
3257.0,8.10229871183251,15.42957807405776,15.24744639461526,0.06581026045127393,0.03735501799697503,-0.03881657833765284,0.19029787138384255,10.474427147273754,-7.2157,0.0,7.5938950253,4.955150926784006,0.2798173152065408,0.15882904540614423,-0.1650434242543122,0.1221479353524627,0.21092352967734235,0.3479533583714611,-0.3109081220220428,-0.02163478949966884,-0.0447731343385729
3258.0,8.084985767576006,15.441713559117376,15.292512927191968,0.06913306858923664,0.03328184484910031,-0.0411914698184728,0.2504033739776623,10.509922917171762,-7.2157,0.0,7.5938950253,4.931790641945614,0.2945749419189454,0.14181342899200436,-0.17551621932809391,0.12227502952731856,0.21063601453550596,0.3493990795691418,-0.31225527288772936,-0.0217501344639869,-0.04404964458253095
3259.0,8.067862761533881,15.4489368633186,15.340621390083982,0.07220772811720955,0.028928468516130262,-0.04339097161036103,0.31326228924234667,10.541258805530067,-7.2157,0.0,7.5938950253,4.907678057788534,0.30832902184430927,0.1235253709485775,-0.18528066430479778,0.12234380520906002,0.21020633240801234,0.35086903081788684,-0.31364531051214206,-0.021855904495355346,-0.04338588502246114
3260.0,8.050955240076027,15.451022423044018,15.391504481030028,0.0750195036464305,0.024306884010559245,-0.04536482022405322,0.37865535689950564,10.568165771826962,-7.2157,0.0,7.5938950253,4.882856651217056,0.3210081069330508,0.10400904354746589,-0.1941158545931595,0.12235158314321445,0.20963103052248488,0.35235683743703067,-0.31506507165756814,-0.021951229015475446,-0.042798057351459924
3261.0,8.034289350585471,15.447760735957102,15.44484299063701,0.07755462056837087,0.01943638601653493,-0.04706456959286643,0.4463590115179552,10.590389509913036,-7.2157,0.0,7.5938950253,4.857371226044066,0.33254424405136485,0.08334072486707673,-0.20180682468899336,0.12229588063320587,0.2089079710571093,0.353853993762949,-0.31650042898404,-0.022035214002796753,-0.04230184334647574
3262.0,8.017891720384506,15.43896574662727,15.50026860068783,0.0798004240162141,0.014343568923542539,-0.048444950556329545,0.5161459771829311,10.607697475098671,-7.2157,0.0,7.5938950253,4.831268271528598,0.34287375076034804,0.061629162209781464,-0.208150546910294,0.12217449919183578,0.20803649833657006,0.3553499399140172,-0.31793654636948077,-0.022106958989466602,-0.041911961151557445
3263.0,8.001789299713266,15.424482148273697,15.557368063736995,0.08174554054072816,0.009062023584260724,-0.049465259063596646,0.5877857113959275,10.619885779906536,-7.2157,0.0,7.5938950253,4.804596368367161,0.3519380186290331,0.039014612955250993,-0.21296214020556228,0.12198561149212198,0.2070175651656863,0.3568322333398793,-0.31935817207198003,-0.022165576012924893,-0.041641707684158216
3264.0,7.986009171183099,15.404192287864863,15.61568875751382,0.08338003538975333,0.0036317207099232788,-0.05009070363393202,0.661044696919747,10.626785664122066,-7.2157,0.0,7.5938950253,4.777406623742797,0.3596843126028442,0.01566649571457003,-0.21608098653527003,0.12172784393246747,0.20585380972163583,0.358286815628056,-0.3207499600577937,-0.02221020996333365,-0.04150250954632318
3265.0,7.970578329723288,15.378022356124118,15.674745536131232,0.08469555773296153,-0.0019019110895411315,-0.05029363821403182,0.7356865905667577,10.628269243091918,-7.2157,0.0,7.5938950253,4.749753113032201,0.36606653158652536,-0.008220336633586116,-0.2173764267534081,0.12140035099591431,0.20454957653136197,0.359698369350524,-0.3220968073938264,-0.02224005962987045,-0.04150350662401535
3266.0,7.955523438569099,15.345947557017343,15.734028726847896,0.08568546620026332,-0.00748918518626762,-0.05005460765638194,0.8114722485337658,10.62425425436451,-7.2157,0.0,7.5938950253,4.721693302652833,0.3710458945150191,-0.03243060392683911,-0.21675270610132347,0.12100287766471464,0.20311087778567796,0.36105075374558865,-0.3233841938710051,-0.02225439863900646,-0.04165119261588818
3267.0,7.940870568203961,15.307995983959211,15.793013051812322,0.0863449277556223,-0.013077588233649778,-0.049363140049588076,0.8881596578484041,10.614707557263603,-7.2157,0.0,7.5938950253,4.693288426695608,0.3745915181002591,-0.05673470065778098,-0.21415286398414832,0.12053580647169024,0.20154529440702704,0.3623275022732738,-0.32459850919508476,-0.02225259540988824,-0.04194913486216358
3268.0,7.9266449262722976,15.264250981453726,15.851167194630465,0.08667098419440751,-0.018613379502551507,-0.04821823288112813,0.9655038118117569,10.59964719168677,-7.2157,0.0,7.5938950253,4.664603789766955,0.37668085719357347,-0.0808956285827293,-0.20956131354505447,0.1200001863311786,0.19986181965458744,0.3635123601186575,-0.3257273532860625,-0.022234131236995813,-0.04239779205561149
3269.0,7.9128705872352265,15.214851838547574,15.907963687053094,0.08666258234719074,-0.02404328192148752,-0.046628497665752444,1.0432565731004328,10.579142868473012,-7.2157,0.0,7.5938950253,4.635708970074562,0.37729998600973835,-0.10467643228380559,-0.20300493062233113,0.11939774107418986,0.19807065134287433,0.3645898360757391,-0.32675979649754683,-0.02219861565525728,-0.0429944429361734
3270.0,7.899570230882137,15.159992740019465,15.962888765771108,0.08632056624639209,-0.02931618087113415,-0.044611948787800754,1.1211665707546528,10.55331483972548,-7.2157,0.0,7.5938950253,4.606677900293985,0.3764437077301777,-0.12784776911816786,-0.19455256309153848,0.11873085657080733,0.19618294168755224,0.36554574134614765,-0.3276865888232327,-0.02214579834906008,-0.0437332323284588
3271.0,7.886764898697391,15.099919987065082,16.015451845794868,0.08564763186597196,-0.03438474537474491,-0.042195444996337636,1.1989791762817614,10.522331178042313,-7.2157,0.0,7.5938950253,4.577588809022769,0.37411549040469827,-0.15019523129890786,-0.1843129722763664,0.11800254639333975,0.19421051612287155,0.3663676878846154,-0.3285003102137998,-0.02207557702911804,-0.04460533346679496
3272.0,7.874473776506691,15.034927585054428,16.065194275766785,0.08464824735596667,-0.039206891330469326,-0.03941381415749105,1.2764365995873002,10.486403572705347,-7.2157,0.0,7.5938950253,4.54852401234908,0.370327237626121,-0.17152605299980592,-0.17243131874748877,0.11721639707708169,0.1921655739665263,0.367045521059384,-0.32919545771460695,-0.021988000908815822,-0.04559921814440833
3273.0,7.862706746639446,14.965350944642228,16.111699228162173,0.08332820405020529,-0.04374709146562825,-0.03630871843659643,1.3532780748661342,10.445781808881481,-7.2157,0.0,7.5938950253,4.519569135760747,0.3650977611185236,-0.19167537968207055,-0.15908457360124229,0.11643745370665153,0.19010776985832936,0.36748130344136465,-0.3295237265799732,-0.021912049473205936,-0.04670761223723199
3274.0,7.851437464797768,14.891558245979535,16.15460603203726,0.08169321303595181,-0.04797758600191984,-0.03292736239663481,1.4292391018697697,10.400746947496197,-7.2157,0.0,7.5938950253,4.490811298483338,0.3584478895370059,-0.210512768544188,-0.1444764273612268,0.1156780908987187,0.1880565142429393,0.3676573805946157,-0.32945080495436335,-0.021852570199455242,-0.047914659650628896
3275.0,7.84066880601294,14.813946388559044,16.193595839244317,0.07975181502815008,-0.05187835586477982,-0.029320997341853137,1.5040519406727038,10.351603977896877,-7.2157,0.0,7.5938950253,4.462342410662167,0.35041016215514365,-0.22794093256063433,-0.1288293618080383,0.1148809592140281,0.18597538847195194,0.3676637587823538,-0.3292263251573319,-0.021781155700515593,-0.04919588164002795
3276.0,7.83040935374416,14.732930982007812,16.228402291567885,0.07751415813224452,-0.05543771361616062,-0.025543406235565794,1.5774475505238243,10.298674231424066,-7.2157,0.0,7.5938950253,4.434256750583746,0.34102466767959877,-0.2438990284924934,-0.11237858776750646,0.11405034186315141,0.18387449743063586,0.36750284016150736,-0.3288554177055065,-0.021698283236545476,-0.05053282773060139
3277.0,7.820665673754748,14.648937012247279,16.258815897622828,0.07499148546669689,-0.058652373807501504,-0.021649417093240395,1.649156656300061,10.242287375858117,-7.2157,0.0,7.5938950253,4.406649636389162,0.3303371838279049,-0.2583634644361849,-0.09536559290151293,0.11319060033577531,0.18176293800656101,0.36717997788094187,-0.3283448233273963,-0.021604513293716293,-0.051906671931659126
3278.0,7.811442347177015,14.562390039146733,16.284684650898658,0.07219598851513644,-0.061527136020217456,-0.017693510328915064,1.7189109017287891,10.182773526161265,-7.2157,0.0,7.5938950253,4.379616512985468,0.3183985356104285,-0.2713467938046678,-0.07803186706631801,0.11230608057930724,0.17964866170305246,0.3667032456073288,-0.327702619443859,-0.02150047528764814,-0.053298695371837734
3279.0,7.802742041688037,14.473707770391487,16.305913310478115,0.06914067352596473,-0.0640742996046142,-0.013728583131703286,1.7864441346214428,10.120455763082505,-7.2157,0.0,7.5938950253,4.353252007308981,0.305263994406534,-0.2828953731374953,-0.06061326727967298,0.11140102376933625,0.17753838419474974,0.3660831206433403,-0.3269379395171726,-0.02138685284802173,-0.05469071716103022
3280.0,7.794565617155384,14.383292278025785,16.322461521565238,0.06583924530694236,-0.06631285726399025,-0.009804914758519207,1.851493792107665,10.055643295806124,-7.2157,0.0,7.5938950253,4.32764898221966,0.2909927393300882,-0.29308598387015455,-0.04333523252245823,0.11047948466728362,0.17543754065137646,0.36533210011368156,-0.3260606990535377,-0.021264369317946768,-0.05606545774464651
3281.0,7.786912261106033,14.291523075252883,16.33434098987146,0.06230601112669864,-0.0682675204172476,-0.005969360800729473,1.9138023517018834,9.98862545806666,-7.2157,0.0,7.5938950253,4.302897617186224,0.2756473954427083,-0.3020216485706408,-0.02640898891493625,0.10954525997965682,0.17335028372434025,0.364464271153627,-0.32508134008167683,-0.021133774023733672,-0.057406824471996964
3282.0,7.779779648653803,14.198751217099908,16.341611945010847,0.058555805804701315,-0.06996763075173199,-0.0022647886608081324,1.9731188142300298,9.919666676739867,-7.2157,0.0,7.5938950253,4.27908454036004,0.2592936562568351,-0.30982688305500466,-0.01002881481075636,0.10860182848748869,0.17127951968240182,0.36349485594791614,-0.324010603489484,-0.02099582976990424,-0.05870011460809331
3283.0,7.773164121092584,14.105294533728134,16.344379133838647,0.05460393756517638,-0.07144601008363677,0.0012702482017750059,2.0292001868108955,9.849002501652159,-7.2157,0.0,7.5938950253,4.256292032075976,0.24199999122827234,-0.31664261927809756,0.005629631623550245,0.10765230405910381,0.16922697731496233,0.3624397510603348,-0.32285933592326765,-0.02085130190084425,-0.05993213616671865
3284.0,7.767060877205955,14.0114340531524,16.34278757662208,0.050466152935752684,-0.07273779536332699,0.004601612391805307,2.0818129377368795,9.776836738414634,-7.2157,0.0,7.5938950253,4.234597314737766,0.2238374329907521,-0.32262101326132936,0.02040997867841088,0.10669940204227196,0.16719330386079315,0.36131507807494606,-0.3216383352555572,-0.020700949153907206,-0.06109125142538792
3285.0,7.761464171423829,13.917411623772098,16.337018299244733,0.04615861794073001,-0.07387929831492936,0.007699486404647927,2.130734399711221,9.703339684870931,-7.2157,0.0,7.5938950253,4.214071938901167,0.2048794342068625,-0.32792032157025525,0.0341749057628468,0.10574541899004533,0.16517818229398465,0.36013675948677304,-0.32035823608144404,-0.020545516416934084,-0.06216735160644046
3286.0,7.75636751322852,13.823428708325718,16.327284225885553,0.04169791209220681,-0.07490692072207693,0.010538110993076161,2.1757541029765903,9.628647437772475,-7.2157,0.0,7.5938950253,4.194781270553243,0.18520178023109132,-0.3326999931958384,0.0468051472667213,0.10479222523224627,0.16318046471056868,0.3589201303802029,-0.31902943443482,-0.02038572940200587,-0.06315177388748155
3287.0,7.751763862626416,13.729646290637726,16.313826381456042,0.03710103121365385,-0.07585614763750326,0.01309539574514685,2.2166750249827434,9.55286221023689,-7.2157,0.0,7.5938950253,4.176784080400836,0.1648825413107108,-0.3371160851159597,0.058197900686239055,0.10384126947279995,0.1611983172001075,0.3576795930332265,-0.31766204900082634,-0.020222291160670886,-0.06403717364419109
3288.0,7.747645817007829,13.636185814945183,16.29691051408603,0.03238539491442739,-0.0767606325496864,0.015352441942235754,2.253314748047489,9.476053582326587,-7.2157,0.0,7.5938950253,4.160132232618595,0.14400204670596345,-0.34131707279798906,0.06826481713309421,0.1028935943712009,0.15922937234742776,0.35642831844775397,-0.3162659145725012,-0.020055880295834477,-0.06481736570226529
3289.0,7.744005785271808,13.54313106405801,16.276824207412876,0.027568854533232316,-0.07765138137036523,0.017293018066533866,2.2855065207194616,9.398260596004569,-7.2157,0.0,7.5938950253,4.1448704680534405,0.12264286275149237,-0.3454400942335025,0.07692975559562829,0.10194986194397247,0.1572708862894672,0.35517799612920137,-0.31485060235726153,-0.01988715067229264,-0.0654871484984416
3290.0,7.740836145657504,13.450530875946841,16.253874512293216,0.02266969754244537,-0.07855603642359064,0.018903026912929256,2.313100222096048,9.319494600618913,-7.2157,0.0,7.5938950253,4.1310362753279275,0.10088975733911594,-0.34960763977814824,0.08412647741106519,0.10101038758149625,0.1553198979636496,0.35393863135307174,-0.3134254609583682,-0.01971673239064644,-0.06604212455725464
3291.0,7.738129384271438,13.358402597009874,16.22838608938793,0.01770664471395126,-0.07949825765924981,0.020170000505544194,2.335963231102458,9.239742754468432,-7.2157,0.0,7.5938950253,4.118659842541442,0.07882963441209677,-0.3539246813225794,0.08979644600261745,0.10007518149509444,0.15337338875776102,0.35271838772771985,-0.3119996714008849,-0.019545233766376464,-0.06647852971320416
3292.0,7.73587821181353,13.266736172484357,16.200699819089085,0.01269883675722809,-0.08049719616131135,0.021082655248805152,2.35398120467193,9.158972090294508,-7.2157,0.0,7.5938950253,4.107764082189849,0.05655142367914167,-0.3584762236202616,0.09388688051114896,0.0991439964649032,0.1514284411571657,0.3515234720970939,-0.31058230940011383,-0.01937324404512965,-0.06679308216434379
3293.0,7.734075656476896,13.175498778437024,16.171171804391502,0.0076658076269606225,-0.08156705461051539,0.02163053520761638,2.3670587698943493,9.077134056106448,-7.2157,0.0,7.5938950253,4.098364722330576,0.03414591277338151,-0.3633252577480329,0.09634919168114688,0.09821638082739895,0.14948239515429645,0.35035805868001296,-0.3091824081457769,-0.01920133658467466,-0.0669828608252108
3294.0,7.732715131429679,13.08463990379291,16.14017266627812,0.002627442245029917,-0.08271673050608146,0.02180376628006069,2.3751201355568736,8.994169446077326,-7.2157,0.0,7.5938950253,4.090470457715584,0.011705511428111479,-0.3685111008877491,0.09713790506714487,0.09729173570120499,0.14753300112956613,0.349224249725934,-0.3078090151681717,-0.01903007224163235,-0.06704522061901863
3295.0,7.731790475691722,12.994096793475443,16.10808701056968,-0.0023960830164482666,-0.08394954035867376,0.021592938392969413,2.378109628135201,8.910013638068953,-7.2157,0.0,7.5938950253,4.084083155406489,-0.010676060115203515,-0.3740481165971552,0.09621015080226235,0.09636937548354703,0.14557856764479005,0.34812207075944646,-0.306471237344202,-0.01886000271547636,-0.06697775034993911
3296.0,7.731295967610787,12.903800163799646,16.075312930499795,-0.007384378088615856,-0.08526302635669017,0.020989126753530957,2.3759921562670576,8.824602053700847,-7.2157,0.0,7.5938950253,4.079198110098799,-0.032904163314734836,-0.379924823767379,0.0935257710593887,0.09544859064490345,0.1436181021426278,0.34704949953908315,-0.30517826878233023,-0.018691673622359795,-0.06677827664576699
3297.0,7.731226310542052,12.81368009807163,16.04226140100519,-0.01231693548104025,-0.08664885072951652,0.019984056639525405,2.368753606120324,8.737875753203085,-7.2157,0.0,7.5938950253,4.075804344868546,-0.05488371576230406,-0.3861034184915169,0.08904806606073618,0.09452871179929034,0.14165144197009596,0.3460025290046263,-0.30393939719361274,-0.0185256270964118,-0.06644491516971923
3298.0,7.731576590761268,12.723672023670458,16.009355419343446,-0.017173244592845662,-0.08809278668569073,0.018570409225527947,2.356401167943002,8.649787070465953,-7.2157,0.0,7.5938950253,4.073884953204505,-0.07651974591191124,-0.3925197488114431,0.08274516721258356,0.09360917393188875,0.13967937250937557,0.3449752655558827,-0.30276398541055616,-0.018362403745932263,-0.06597616788085084
3299.0,7.732342208115454,12.63372266201004,15.977028752601106,-0.021932922748527758,-0.08957481786954548,0.016742258586602218,2.3389635915615052,8.560305184074398,-7.2157,0.0,7.5938950253,4.073417477935642,-0.09771802234693586,-0.39908379538183086,0.07459199202320592,0.09268957953068696,0.13770372858693763,0.3439600648207325,-0.3016614259517903,-0.018202543826219525,-0.06537106260432633
3300.0,7.7335187804498124,12.54379583050918,15.945724166265823,-0.02657586078018748,-0.09106936024620241,0.014495622438238922,2.3164913658212405,8.469421508522174,-7.2157,0.0,7.5938950253,4.0743743219870066,-0.11838574779076277,-0.4056807191588915,0.06457270062623231,0.09176975920735772,0.13572747483298084,0.3429477074697661,-0.300641067932874,-0.018046587529375255,-0.06462932861120553
3301.0,7.7351020234535826,12.453877962336906,15.915891029441552,-0.03108238009560202,-0.09254562073250036,0.011829101610209893,2.289056814122924,8.377154777508586,-7.2157,0.0,7.5938950253,4.076723184828319,-0.13843230393687844,-0.41217253819894234,0.05268353917454652,0.09084982822360185,0.133754760369634,0.34192761748422024,-0.2997121171593383,-0.017895074333874383,-0.06375159939314368
3302.0,7.737087608239519,12.363983196960065,15.887982221309954,-0.03543339731435837,-0.09396810537927731,0.008744576077162865,2.256754095525309,8.283555679862157,-7.2157,0.0,7.5938950253,4.080427517097908,-0.15777002914891344,-0.41840048791339585,0.038935922806075954,0.08993023718645456,0.1317909432039332,0.34088812449001565,-0.2988835118534431,-0.017748541402070356,-0.06273963147909592
3303.0,7.739470999699735,12.274157884400664,15.862450299481019,-0.0396105917764122,-0.09529728626399003,0.005247919052224449,2.2196990986225424,8.188710900083624,-7.2157,0.0,7.5938950253,4.08544698431704,-0.17631500741463357,-0.4241881017348377,0.023359582503267515,0.0890118150665188,0.12984258005949356,0.3398167702967085,-0.29816377808434474,-0.017607521060689628,-0.06159652614147474
3304.0,7.7422472794415205,12.184484340728428,15.8397429328041,-0.043596570593627364,-0.09649043044934885,0.001349685740397467,2.1780292138472768,8.092746411705784,-7.2157,0.0,7.5938950253,4.091737929022644,-0.19398784393499777,-0.4293450220592604,0.006005578494006295,0.08809580265453643,0.12791737814202023,0.338700657658248,-0.29756087049516083,-0.017472537445747637,-0.060326939363462784
3305.0,7.7454109578660075,12.095083693695102,15.820297647319359,-0.04737502549447596,-0.09750258660577116,-0.0029342695811465395,2.1319029692823803,7.9958298744598775,-7.2157,0.0,7.5938950253,4.099253819235225,-0.21071440071584785,-0.43367151553883054,-0.01305102952191824,0.08718387462984029,0.12602410650621207,0.33752683661127586,-0.2970820052383479,-0.017344102436707785,-0.05893726467604337
3306.0,7.74895578066625,12.006117667264473,15.804535982037498,-0.0509308755710749,-0.09828771562307842,-0.0075822949126670225,2.0814995157344356,7.898171997111904,-7.2157,0.0,7.5938950253,4.107945670152569,-0.22642646481493714,-0.4369636243973926,-0.03370906572897236,0.08627814858949641,0.12417246624177761,0.33628272073157783,-0.2967334930277522,-0.017222711042341354,-0.057435773590182995
3307.0,7.752830300733941,11.917787023819567,15.792861465901234,-0.054248532215467285,-0.09880025236456799,-0.012566545468353481,2.0270185390049678,7.800026649687239,-7.2157,0.0,7.5938950253,4.117760374132328,-0.24105544199076917,-0.4390227261439155,-0.05583992872174621,0.0855970426051883,0.12249117315728333,0.3347485156700807,-0.296251773542504,-0.017017352008944255,-0.0558264070907137
3308.0,7.75697090223496,11.830331291705303,15.78565037316204,-0.05731337064143022,-0.09899628178164188,-0.01785267676301839,1.968681612876187,7.701689435814934,-7.2157,0.0,7.5938950253,4.128641855890368,-0.25453822677462773,-0.4396589790474711,-0.07928671155757216,0.08494142564383653,0.120880208268657,0.33310890705691765,-0.2958916249824343,-0.016813446073778986,-0.054128620583008234
3309.0,7.761369197243492,11.744030335695195,15.783238181614037,-0.06011465546708322,-0.09883447586212979,-0.023400128693193353,1.9067292659315753,7.603495590590764,-7.2157,0.0,7.5938950253,4.14053474510443,-0.2668279047434737,-0.4386916286187788,-0.10386497704126943,0.08429755618947081,0.11934136173887155,0.3313715073586765,-0.2956763078112533,-0.01661857251436417,-0.052357203198341064
3310.0,7.766016386664176,11.659198853676667,15.785918157616711,-0.06264326179852052,-0.09827783990875968,-0.029162550748875637,1.841418868906225,7.505816419540563,-7.2157,0.0,7.5938950253,4.1533824341361045,-0.2778851165785407,-0.43595988165446775,-0.12936489227912953,0.08366795529280509,0.11788519231608122,0.32953063892566253,-0.2956078315660397,-0.016433534803472476,-0.05052815451276525
3311.0,7.770902545242251,11.576181500877382,15.793935549209907,-0.06489165120860428,-0.09729502781629078,-0.035088422860923785,1.7730232379520205,7.409054339602873,-7.2157,0.0,7.5938950253,4.167127161274509,-0.2876779590428807,-0.4313287534822286,-0.15555415352608074,0.0830553079146453,0.11652196049803978,0.3275831549578846,-0.2956868850957757,-0.016259132406896193,-0.0486589624010255
3312.0,7.776016566767069,11.495346798778522,15.807482474241116,-0.06685384060757353,-0.09586152887450325,-0.04112192387462136,1.7018290908096763,7.313636763123353,-7.2157,0.0,7.5938950253,4.181710035655169,-0.2961818289809076,-0.4246942687648677,-0.18218200351258867,0.0824624144145441,0.11526136625211578,0.3255286971193086,-0.2959128256150169,-0.016096149648778427,-0.04676829149897828
3313.0,7.781346132928613,11.417079954735176,15.826693808621899,-0.0685253392761457,-0.09396067640684917,-0.047204022826047014,1.6281353803388225,7.220008976512928,-7.2157,0.0,7.5938950253,4.197070978222247,-0.3033791194653796,-0.4159878312722849,-0.20898422439733905,0.0818921364280859,0.11411229527010208,0.32336986805509976,-0.2962837059822853,-0.01594534399579981,-0.04487560521792179
3314.0,7.786877707887917,11.341774796458454,15.85164428826934,-0.06990305775139594,-0.09158443071005068,-0.053273754896350924,1.5522515358465563,7.128626211216956,-7.2157,0.0,7.5938950253,4.213148585241498,-0.3092587850835493,-0.40517955415753143,-0.23568892758135843,0.08134733858608408,0.11308258315946898,0.32111230809818797,-0.2967963391835166,-0.015807434073563484,-0.04300073549759548
3315.0,7.792596559936083,11.269825068128133,15.882346993465474,-0.07098519369407505,-0.08873389858418326,-0.059269632680831144,1.4744956470433144,7.039945142496438,-7.2157,0.0,7.5938950253,4.229879925631695,-0.3138157999008413,-0.39228038853459996,-0.2620229124079511,0.08083082767832162,0.11217880611345395,0.31876466989721425,-0.2974463970578211,-0.015683087731291318,-0.041163417754453396
3316.0,7.798486810879859,11.201615366372073,15.918753329255267,-0.07177110097902445,-0.08541956419701738,-0.06513113521665942,1.3951926277861317,6.954415078626957,-7.2157,0.0,7.5938950253,4.247200287745115,-0.31705053668590266,-0.37734294587532174,-0.28771833082843484,0.08034529095381222,0.11140610526635888,0.316338489695322,-0.2982285386453998,-0.015572910463793284,-0.03938281062498145
3317.0,7.804531513030482,11.137512012512905,15.960754553517342,-0.07226114896241928,-0.08166122018113522,-0.07080021261796456,1.314672396768503,6.872469117654464,-7.2157,0.0,7.5938950253,4.265042894858442,-0.3189680991868681,-0.3604609745688295,-0.3125193768026436,0.07989323527828146,0.1107680502412914,0.3138479591567251,-0.29913656227283714,-0.015477434484006366,-0.03767702098374696
3318.0,7.810712752912389,11.077854161163657,16.008184839325693,-0.07245657915197126,-0.07748760266723462,-0.07622274339177605,1.2332681099324048,6.794515549914378,-7.2157,0.0,7.5938950253,4.283338611249279,-0.3195776404470483,-0.3417675180656045,-0.33618871835577013,0.07947692883926552,0.11026654547064944,0.3113096065872741,-0.3001635746797671,-0.01539710871668232,-0.036062654314548984
3319.0,7.817011780074005,11.022945434312684,16.060825794104638,-0.07235936633860234,-0.07293574835415934,-0.08134988444289154,1.1513144747942883,6.720929772190925,-7.2157,0.0,7.5938950253,4.302015662121758,-0.3188916993471962,-0.32143184652806056,-0.3585134061331915,0.07909834700281362,0.10990178085556006,0.3087419007727405,-0.3013021701446145,-0.015332289955297132,-0.03455440892503121
3320.0,7.823409158697407,10.97304634533308,16.118412298548584,-0.0719720906755041,-0.06805010474355087,-0.08613926001601448,1.0691461704892447,6.652046954641405,-7.2157,0.0,7.5938950253,4.320999390691674,-0.3169255849305396,-0.2996553114966643,-0.37931002295242167,0.07875912378685714,0.10967222636055807,0.3061647941787238,-0.30254461265252763,-0.015283235390861998,-0.03316472990803103
3321.0,7.8298849390890854,10.928367740606655,16.18063947649848,-0.07129782627671165,-0.0628814355390317,-0.09055594473963706,0.987096389709512,6.588155666175042,-7.2157,0.0,7.5938950253,4.340212074431613,-0.3136968339050034,-0.2766663202807756,-0.39842888120951514,0.0784605102289024,0.10957466832492835,0.3035992247233176,-0.30388301459744543,-0.0152500966835395,-0.031903535418826456
3322.0,7.836418845610561,10.889065440061941,16.24717056538427,-0.0703400507360052,-0.057485571367416805,-0.09457320675654292,0.9054955105105809,6.529492620170934,-7.2157,0.0,7.5938950253,4.3595728198910075,-0.3092247614116112,-0.25271466120226393,-0.4157571254103964,0.07820334069443328,0.10960428369632123,0.30106659665072494,-0.3053095062319724,-0.015232915706003155,-0.030778024040498404
3323.0,7.842990477193812,10.855236204724614,16.317645427074897,-0.0691025786320728,-0.05192206110810425,-0.09817298882343423,0.8246698978735265,6.4762386529127065,-7.2157,0.0,7.5938950253,4.378997551811907,-0.3035301191295939,-0.22806543121217535,-0.43122065171465,0.07798800790293245,0.10975474711081926,0.29858826119827714,-0.30681639097433266,-0.01523162204138803,-0.029792568035237853
3324.0,7.849579516298592,10.826915102411387,16.39168942178661,-0.06758952068275575,-0.04625278113660505,-0.10134611743115167,0.7449408275933196,6.428515994717385,-7.2157,0.0,7.5938950253,4.3983991076940026,-0.29663486849024273,-0.20299282360890122,-0.4447848114989866,0.07781444714801891,0.11001836478534778,0.2961850168393543,-0.30839628265583113,-0.0152460322686339,-0.028948693388686338
3325.0,7.856165942019812,10.804074285004209,16.46892236304187,-0.06580526882918766,-0.04054055882306161,-0.10409224171183123,0.6666235190483234,6.386386841199387,-7.2157,0.0,7.5938950253,4.417687443804821,-0.28856207059479116,-0.17777402638409678,-0.45645391829015197,0.07768212986623754,0.11038622856007901,0.2938766470408132,-0.3100422217627318,-0.015275851014526044,-0.028245143966325156
3326.0,7.86273024305201,10.786623135177484,16.548967278792773,-0.06375450624770415,-0.034847862961559076,-0.10641951455413844,0.5900262590795899,6.349853181985757,-7.2157,0.0,7.5938950253,4.436769953191727,-0.27933588872316095,-0.1526834626034072,-0.46626962429872326,0.07759006637723109,0.11084838312109498,0.2916815108761851,-0.31174776862978676,-0.015320673695810347,-0.0276780239830099
3327.0,7.869253626367876,10.774409689555597,16.63145872139728,-0.06144224016686702,-0.029235607840521392,-0.10834403747546617,0.5154495967735331,6.318857798711149,-7.2157,0.0,7.5938950253,4.455551890844448,-0.268981694357403,-0.1279875751788202,-0.4743082722004674,0.07753681729026866,0.11139399942740452,0.2896161986853036,-0.31350707233607944,-0.015379990818021886,-0.02724101045281372
3328.0,7.875718217765652,10.767223201177172,16.716050395409138,-0.05887385445590521,-0.023762109868367406,-0.10988909807677516,0.4431855884181472,6.293286305098632,-7.2157,0.0,7.5938950253,4.47393689607854,-0.2575262636277175,-0.10394032167360807,-0.48067735844146353,0.07752051276387228,0.11201154763583018,0.2876952614698726,-0.31531491471433876,-0.015453193642323747,-0.026925625399886435
3329.0,7.882107250875265,10.764797668494342,16.802421905076976,-0.05605517827991701,-0.018482226544375993,-0.11108423414444059,0.37351707314381616,6.272970070766301,-7.2157,0.0,7.5938950253,4.491827597728041,-0.24499804814616077,-0.08077950276343292,-0.4855112655122813,0.07753887853269312,0.11268896333367279,0.28593101905521584,-0.317166729405979,-0.015539580980366568,-0.02672155639170724
3330.0,7.888405241767403,10.766816132104694,16.890284460867484,-0.05299256670090564,-0.013446697617421306,-0.11196416160198108,0.3067169624815973,6.257689848034128,-7.2157,0.0,7.5938950253,4.5091262840705655,-0.231427502377803,-0.05872400297938739,-0.48896643224734326,0.0775892673943737,0.11341380162226089,0.2843334484046883,-0.31905859628190597,-0.015638366832854488,-0.026617013387257023
3331.0,7.8945981469576445,10.772915524672502,16.979385424039048,-0.049692988941702175,-0.008701697989650158,-0.11256760460281633,0.24304753089683845,6.247179907947149,-7.2157,0.0,7.5938950253,4.5257356167253535,-0.21684744899920802,-0.0379719765544966,-0.49121613366241784,0.07766869469253412,0.11417337451307144,0.2829101499950798,-0.320987211818161,-0.01574868855302245,-0.026599109928373485
3332.0,7.900673503307895,10.782691854242714,17.069511608201786,-0.04616412010774825,-0.004288601745702126,-0.1129360652428254,0.18275969885731372,6.241132488076435,-7.2157,0.0,7.5938950253,4.541559366166279,-0.2012934640377266,-0.018699966537989544,-0.49244503598160067,0.0777738762507607,0.11495486816905852,0.28166638697323276,-0.32294983618559975,-0.015869615194181556,-0.026654257273419284
3333.0,7.9066205490631365,10.795705506145428,17.160491295013575,-0.04241443245264393,-0.0002439470179391905,-0.11311256789667104,0.1260923047413112,6.2392023601310855,-7.2157,0.0,7.5938950253,4.556503146014342,-0.18480426484697307,-0.0010629035143214138,-0.49284367952905556,0.07790126721298328,0.11574543771210552,0.2806051890144374,-0.3249442179070827,-0.01600015569292246,-0.026768561089538893
3334.0,7.912430325984095,10.811486463299822,17.25219495607496,-0.03845328273925759,0.003400417428355754,-0.1131404093608423,0.07327136648455743,6.241011339409205,-7.2157,0.0,7.5938950253,4.570475123890617,-0.16742208598249678,0.014805107353951467,-0.4926030235844445,0.0780471003296369,0.1165322785859371,0.2797275104648186,-0.3269684969795862,-0.016139266547817686,-0.02692821167797513
3335.0,7.918095763206525,10.829539267993376,17.34453470346158,-0.034290992841622535,0.006617030718222035,-0.11306194120168349,0.024509337970734055,6.246152579756419,-7.2157,0.0,7.5938950253,4.583386688236956,-0.1491930305873827,0.02878933459001706,-0.4919091648900035,0.07820742239339777,0.11730267477340647,0.2790324305213817,-0.32902108738041047,-0.01628585867806635,-0.02711986028717522
3336.0,7.92361174403818,10.849347578911958,17.437462516363055,-0.029938921399210477,0.009382396724955028,-0.11291740539269844,-0.01999563146492725,6.254194525894195,-7.2157,0.0,7.5938950253,4.595153053017763,-0.13016738774193923,0.04079245394852897,-0.4909383172017922,0.07837812776536478,0.11804402547784651,0.2785173819104529,-0.3311005399079573,-0.016438803187224325,-0.027330975740959978
3337.0,7.928975157362233,10.870378213917242,17.530967310649384,-0.025409525015365805,0.011676477440713234,-0.11274383894989892,-0.06006042359120265,6.264684428477545,-7.2157,0.0,7.5938950253,4.605693785439697,-0.11039990911896883,0.05073223712386946,-0.4898521151523111,0.07855498823068043,0.1187438531501438,0.27817839377367864,-0.33320538638444164,-0.016596935813006277,-0.02755017723730393
3338.0,7.9341849356239305,10.892084610281652,17.625070932023934,-0.02071640812523101,0.013482144473538477,-0.11257405831505302,-0.09551765159617795,6.2771513646919,-7.2157,0.0,7.5938950253,4.614933245589752,-0.08995004095629715,0.05853907879409371,-0.48879328379917625,0.07873367876702181,0.11938979693711073,0.2780103342499916,-0.33533396641122154,-0.016759059913643192,-0.02776754061941855
3339.0,7.939242081516263,10.913909678216651,17.71982316240283,-0.015874361187088668,0.014784632182576665,-0.11243573015564978,-0.12621632138417482,6.291108747197472,-7.2157,0.0,7.5938950253,4.622800931019179,-0.06888210956161715,0.06415355187059525,-0.4878816975338253,0.07890979918326836,0.11996959670423617,0.2780071385303515,-0.33748423816199824,-0.016923947922578883,-0.027974876552758755
3340.0,7.944149685439295,10.935288068980812,17.81529583439921,-0.010899387222362774,0.015571036330416902,-0.11235053246089224,-0.15202244153918473,6.306056345350596,-7.2157,0.0,7.5938950253,4.629231723630216,-0.04726546007795095,0.0675241810418127,-0.4872108402453533,0.07907889197080584,0.12047107370882394,0.2781620089332912,-0.3396535751716948,-0.017090341294346424,-0.02816597974156537
3341.0,7.948912935584499,10.955647924062403,17.91157615179289,-0.005808716901152899,0.015829900979138358,-0.11233340864808425,-0.17281957095408604,6.321481883442768,-7.2157,0.0,7.5938950253,4.634166040619634,-0.025174548880626643,0.068605618548169,-0.4868446741443574,0.07923645708754938,0.12088211472827394,0.27846757477950745,-0.34183855177402966,-0.017256949063141434,-0.028336848493087374
3342.0,7.953539122096999,10.97441221534655,18.008759316425532,-0.0006208123135660161,0.015550933676176767,-0.11239191807167553,-0.1885092951784834,6.336862319752749,-7.2157,0.0,7.5938950253,4.637549895593802,-0.002688989627640185,0.06735739359801392,-0.48681492831437434,0.07937796474578311,0.12119066693947261,0.2789160015184536,-0.34403472079547126,-0.017422445239683455,-0.028485873528085175
3343.0,7.958037636211333,10.990999826236067,18.106940566024903,0.004644640728592567,0.014724884717552789,-0.11252568891758766,-0.19901162520981164,6.35166494601673,-7.2157,0.0,7.5938950253,4.639334880219336,0.020106448400285595,0.06374338771802995,-0.4871188300959614,0.07949886758007145,0.12138475104944839,0.2794990406791556,-0.34623638834862513,-0.01758546537901752,-0.02861399393007692
3344.0,7.962419964565586,11.004826558771576,18.206206734959245,0.009966752539543522,0.01334362033640297,-0.11272598385682787,-0.20426531561971384,6.365348477914811,-7.2157,0.0,7.5938950253,4.639478080856765,0.04312189340869652,0.05773216216110023,-0.4877173222650523,0.07959461381132064,0.12145250003739386,0.28020801479756907,-0.34843639208046645,-0.017744602759125674,-0.028724816567722047
3345.0,7.966699678109103,11.015306280140976,18.306627462567786,0.01532346295439968,0.01140041189180301,-0.11297539470353049,-0.20422810244564382,6.37736433164964,-7.2157,0.0,7.5938950253,4.637941948491336,0.06626248259735636,0.049298229573256816,-0.488533835187872,0.07966066317781446,0.12138223031921536,0.2810337345427249,-0.3506258909811273,-0.01789840471401208,-0.028824693326818265
3346.0,7.9708924141740916,11.02185244165649,18.408246192779856,0.020691590518383457,0.008890453349332954,-0.11324768912041709,-0.19887686505052385,6.387158297797858,-7.2157,0.0,7.5938950253,4.634694143858632,0.08942854279286742,0.03842431963325593,-0.4894537132706505,0.07969250745393446,0.12116255111934485,0.281966348855266,-0.3527941767622001,-0.018045369760572832,-0.028922748238171394
3347.0,7.975015849433638,11.023880212192095,18.511071134817016,0.02604690060820892,0.0058116073976372425,-0.11350783934469612,-0.1882077199998491,6.394172829335943,-7.2157,0.0,7.5938950253,4.629707382856152,0.11251585487651689,0.025104636608693554,-0.4903244255875031,0.07968569730326014,0.12078251626570388,0.28299513304103746,-0.354928518729744,-0.018183946239817353,-0.02903084435203901
3348.0,7.9790896606785395,11.020809463943955,18.61506638754488,0.031364196437298236,0.002165366379922547,-0.11371226894362044,-0.17223605871999526,6.397850153978032,-7.2157,0.0,7.5938950253,4.622959309965923,0.135416020274804,0.009349045437595453,-0.49095671708175675,0.0796358769980944,0.12023182046371714,0.2841082244049913,-0.3570140558059885,-0.018312533251835548,-0.029163478332312892
3349.0,7.983135469679629,11.012068828902926,18.720143468044416,0.036617437492366914,-0.0020420020241416867,-0.11380935753343159,-0.15099654401447132,6.397636399665555,-7.2157,0.0,7.5938950253,4.614432429237371,0.15801695040791588,-0.008811947385693582,-0.4911268738853133,0.07953882817024358,0.11950103933882505,0.2852923200714157,-0.35903375063537796,-0.018429484690438862,-0.029337589630431246
3350.0,7.987176767931499,10.99710100751495,18.826153525455705,0.041779890170725774,-0.0067981723110819795,-0.11374024387836863,-0.12454308308159964,6.392986884460117,-7.2157,0.0,7.5938950253,4.604114123054832,0.18020350096173648,-0.029321629271693964,-0.4905802782958271,0.07939052323436456,0.11858190920287301,0.2865323569165247,-0.36096842123686845,-0.018533117166279915,-0.029572271191874562
3351.0,7.991238816866991,10.975369455103312,18.93288056001469,0.0468243150786423,-0.012083408480374671,-0.1134399635147733,-0.09294879607822784,6.383372667081796,-7.2157,0.0,7.5938950253,4.5919967880215165,0.20185827146780866,-0.0520912253642433,-0.4890364100789189,0.07918718845379523,0.11746763871243596,0.2878111987088617,-0.3627968651021009,-0.018621722534439455,-0.029888370379108055
3352.0,7.995348519251975,10.946366496178525,19.040035999114554,0.05172319447393502,-0.017869225950341683,-0.11283894690379437,-0.05630599903799863,6.368288381816566,-7.2157,0.0,7.5938950253,4.5780781143619595,0.22286258633210507,-0.0769941213327952,-0.4861954061759152,0.07892537582399914,0.11615324055421805,0.28910936013679595,-0.36449608866843347,-0.018693585602654966,-0.030307972523445886
3353.0,7.999534257964025,10.909622822705511,19.14725500089323,0.05644900159816072,-0.024117168683783045,-0.11186488741251788,-0.014726217605206877,6.347261292890242,-7.2157,0.0,7.5938950253,4.562361529815269,0.243097665732302,-0.10386060417569655,-0.48174621760318137,0.07860204207406257,0.11463586732347211,0.29040480078963987,-0.3660416514630512,-0.01874700738096899,-0.03085376545297977
3354.0,8.003825699250681,10.864718222661356,19.254094854588864,0.06097451112600749,-0.030777813495449113,-0.11044496513496588,0.03165975681127809,6.319861401973106,-7.2157,0.0,7.5938950253,4.54485682068825,0.2624459836110142,-0.13247360884151774,-0.475376300267981,0.07821463219532569,0.11291513225965702,0.2916728236442822,-0.36740812879479323,-0.018780333939186385,-0.03154829145671056
3355.0,8.008253558845215,10.81129326509444,19.360035819402835,0.06527314674250882,-0.037790117992451334,-0.10850838356588406,0.08270176444152913,6.285712333711187,-7.2157,0.0,7.5938950253,4.525580931383253,0.28079279567712445,-0.16256597712269205,-0.46678264947242,0.0777611640787339,0.11099339293921806,0.2928861114730814,-0.3685696897335627,-0.01879199056954023,-0.0324131030951255
3356.0,8.012849330944515,10.749061545190514,19.464484684905546,0.06931935814202615,-0.045081223949942746,-0.10598914335508394,0.13823013431847872,6.244502615744044,-7.2157,0.0,7.5938950253,4.50455892944647,0.2980278037639464,-0.1938197139284612,-0.4556838445073123,0.0772403101701151,0.10887597488279609,0.2940149302142855,-0.3695007785814148,-0.01878052052290906,-0.03346785035070432
3357.0,8.017644981938613,10.677821977657551,19.566781243575953,0.0730890158489565,-0.052566812428957777,-0.10282894378335979,0.19805551978709568,6.195996871100542,-7.2157,0.0,7.5938950253,4.481825106557009,0.314046905502635,-0.2258676571807655,-0.44183262308531435,0.07665147162667409,0.10657131273918524,0.2950275203625293,-0.37017687869897303,-0.018744627123922435,-0.03472933776279037
3358.0,8.022672612800605,10.59747053078016,19.66620774076516,0.07655980861621953,-0.06015207986996473,-0.09898007207707404,0.261968744523861,6.140046362830643,-7.2157,0.0,7.5938950253,4.457424167949518,0.32875396194287093,-0.258297858024758,-0.42502837241726416,0.07599484035625031,0.1040909895429914,0.29589068586486916,-0.37057532826096373,-0.018683217610938205,-0.03621060005412391
3359.0,8.027964096046809,10.508010728978025,19.762001214237163,0.07971162525348348,-0.06773336640145455,-0.09440811755683651,0.3297407045878884,6.076598283889274,-7.2157,0.0,7.5938950253,4.4314124450887515,0.34206250266300325,-0.29066080074762013,-0.4051288235624484,0.07527144459271054,0.10144965956296781,0.29657057537583925,-0.3706761493225671,-0.018595446638052543,-0.03792005183441148
3360.0,8.033550694993925,10.409562229803994,19.85336846384242,0.08252690105873252,-0.07520042097559229,-0.08909433610457569,0.4011223833770705,6.005703178842669,-7.2157,0.0,7.5938950253,4.403859050961325,0.35389728022068395,-0.32247938688225497,-0.38206018675095366,0.07448317431481075,0.09866484723301763,0.29703363411777356,-0.37046284559891984,-0.018480757069640127,-0.0398607698410636
3361.0,8.039462674512787,10.302366810431547,19.939503215107557,0.08499090897519561,-0.08243923658594825,-0.08303749388127628,0.47584504378432746,5.927519924129317,-7.2157,0.0,7.5938950253,4.37484688630223,0.3641955852942535,-0.3532613826779202,-0.3558249823435284,0.07363278381266755,0.09575662305356104,0.29724768760049214,-0.369923121609406,-0.018338915543158345,-0.04202996376661366
3362.0,8.0457289134736,10.186791182766452,20.01960487458886,0.08709197740545231,-0.08933533792039351,-0.07625503940675807,0.5536206635699551,5.842317782231115,-7.2157,0.0,7.5938950253,4.344473400535337,0.3729082416129403,-0.3825138063257039,-0.3265069126507099,0.07272386995957111,0.09274716636743502,0.2971831030094282,-0.3690494770506064,-0.01817004031304328,-0.04441868352890192
3363.0,8.052376529507306,10.063326193650287,20.092898136643022,0.08882162029012342,-0.09577735917585106,-0.0687834896779359,0.6341426747143561,5.750475178808005,-7.2157,0.0,7.5938950253,4.312851014842282,0.38000021580982574,-0.4097585366900317,-0.29427228231587405,0.0717608261346701,0.08966023358261618,0.29681396218115064,-0.36783963572836414,-0.0179746191398235,-0.04701179712963252
3364.0,8.059430526540492,9.932582149284714,20.158652606372584,0.09017457034560454,-0.10166071699889032,-0.060677966279401536,0.7170870548322439,5.652475021836378,-7.2157,0.0,7.5938950253,4.280107127448336,0.38545080054676606,-0.43454828341514284,-0.2593676974373855,0.07074877312305702,0.08652055773756662,0.2961191735071252,-0.3662967778485974,-0.01775351545270926,-0.049788255103643465
3365.0,8.066913474826533,9.795280217302125,20.216201563837444,0.0911487127585209,-0.10689116704466953,-0.052010876640471375,0.8021137991768067,5.548896574587758,-7.2157,0.0,7.5938950253,4.246383642714367,0.389253357474318,-0.4564819885796593,-0.2221140347985161,0.06969346955694206,0.08335321042159952,0.29508345002510356,-0.3644295571340731,-0.017507961662958163,-0.05272163678902828
3366.0,8.07484523197638,9.652240087762122,20.26495901661454,0.09174492348278313,-0.11138803494356528,-0.04286979744604567,0.8888687769604191,5.440404093226661,-7.2157,0.0,7.5938950253,4.211835994535461,0.3914146368361162,-0.47521874334012615,-0.18289694472011564,0.06860120544362192,0.08018295938969053,0.2936980877412178,-0.3622518988369239,-0.01723953928627092,-0.0557809525225057
3367.0,8.083242711910675,9.504364295477242,20.304434271251697,0.09196682283248578,-0.11508693358818559,-0.03335467491348502,0.9769859481818343,5.327732627143152,-7.2157,0.0,7.5938950253,4.17663166833409,0.39195371950302843,-0.49048939929404,-0.142154404082956,0.06747868298336626,0.07703365454268485,0.29196149132274185,-0.35978258971394955,-0.01695014637317021,-0.05893165677874533
3368.0,8.092119706852294,9.352619800573336,20.334243392214365,0.09182046060680374,-0.11794181620914998,-0.023574503941703358,1.0660898899404851,5.211671539334772,-7.2157,0.0,7.5938950253,4.140948261238564,0.390900651806451,-0.502105222808882,-0.10036204235881119,0.06633288919250173,0.07392767147669763,0.2898794123049642,-0.357044684842164,-0.016641953564964302,-0.0621368123533521
3369.0,8.101486765595167,9.198017575143382,20.354117096929425,0.09131395296770656,-0.11992626426057423,-0.013643680260854489,1.1557985574797056,5.093046422006374,-7.2157,0.0,7.5938950253,4.104971153137008,0.3882948612712312,-0.5099631614930212,-0.05801710211791074,0.06517096483884072,0.07088543608982019,0.28746488582914903,-0.3540647673928641,-0.016317350809453297,-0.0653583364629712
3370.0,8.111351129443488,9.04159103937128,20.36390484089982,0.09045709338987516,-0.12103396496726745,-0.0036782340586308023,1.2457261876653083,4.972700150708282,-7.2157,0.0,7.5938950253,4.068890888662998,0.38418345076561894,-0.5140475398712566,-0.015621955121615475,0.06400007392715296,0.06792504656241845,0.28473787333963574,-0.35087210516435624,-0.01597888731782402,-0.0685582568160635
3371.0,8.121652528515396,8.884368558503066,20.363585685974954,0.08926276163613295,-0.12127882645156232,0.006207751210981801,1.335486646724213,4.851473738390899,-7.2157,0.0,7.5938950253,4.032894820112167,0.37863010361105615,-0.5144341692268942,0.02633171370819717,0.06320743185259643,0.06548132011609616,0.2813609858252738,-0.34662937962635276,-0.015521474021862174,-0.07182909736649129
3372.0,8.132214800257316,8.727345682805899,20.35327369622484,0.08774788415493233,-0.12069423391187072,0.01590594921851975,1.4247001841278175,4.730186968561651,-7.2157,0.0,7.5938950253,3.9971587142442475,0.37172094975181535,-0.5112895392448787,0.06738139166720819,0.06255505473284938,0.06329679060959012,0.2776004498417579,-0.34192738591084587,-0.0150171281499214,-0.07505386379234928
3373.0,8.143031608368227,8.57149067737731,20.333163212680496,0.08592506843521434,-0.11932924859191636,0.025317145350336554,1.5129941003597314,4.609621810073855,-7.2157,0.0,7.5938950253,3.9618688673034557,0.36351554923981305,-0.5048356449662972,0.10710699641922042,0.061908457732934616,0.06122688520558662,0.2736262025909246,-0.3371191561342994,-0.014508296294620908,-0.07815442049993382
3374.0,8.154101392449409,8.417714337893575,20.3035455488531,0.08380696611414398,-0.11724747795630217,0.03435293004016534,1.600002934879169,4.490507833683103,-7.2157,0.0,7.5938950253,3.9272065042104716,0.3540733483282074,-0.49535508834055386,0.14513658623126308,0.06126981307211803,0.05927544588468373,0.2694802534160224,-0.33224398751515605,-0.013998507995919184,-0.08110312500409594
3375.0,8.1654214253939,8.266854353287824,20.26479822997059,0.08140621605700049,-0.1145246035302879,0.04293747526417882,1.6853705888318897,4.373509301390379,-7.2157,0.0,7.5938950253,3.8933450518974455,0.3434536929645834,-0.4831805226057997,0.18115366565781435,0.060641213790619986,0.05744393613958775,0.26520643740411115,-0.32733899111509146,-0.013491068204760297,-0.08387686183681213
3376.0,8.176987836911334,8.11966296400566,20.21737168186084,0.07873528198765932,-0.1112456733924127,0.05100870399784453,1.7687521284596033,4.259214698855545,-7.2157,0.0,7.5938950253,3.860448265150114,0.33171511546474564,-0.468682786963301,0.2149018547873375,0.0600246737320715,0.055731644246227285,0.2608492452614041,-0.3224383867020153,-0.012988999824540826,-0.08645733067233674
3377.0,8.18879564306142,7.9767975775338895,20.161774980889852,0.07580635245568401,-0.10750233835504065,0.058518848789475164,1.8498152591299502,4.14812883648251,-7.2157,0.0,7.5938950253,3.8286687410513798,0.3189148876014669,-0.4522588812518707,0.24618691547219243,0.059422117832944495,0.054135919454535254,0.2564527228080491,-0.3175729587107579,-0.012494999230150974,-0.08883113147596888
3378.0,8.200838786239467,7.838814357781743,20.098561275908313,0.07263129995472256,-0.10339015530361234,0.06543443946255811,1.928241481005278,4.040667522856697,-7.2157,0.0,7.5938950253,3.7981468349250465,0.3051088246776235,-0.4343203107694208,0.27487632646401633,0.058835363582569036,0.052652426318133876,0.2520594782828757,-0.31276967607734896,-0.012011405132632037,-0.09098966568029918
3379.0,8.213110189330454,7.706164675390415,20.028313442441274,0.06922169337738539,-0.09900606050507761,0.07173578216587996,2.0037269549935353,3.9371547089066756,-7.2157,0.0,7.5938950253,3.7690099664837393,0.2903513141646198,-0.41528223849118656,0.30089669304875466,0.05826609552210631,0.05127540425793169,0.24770982498663469,-0.30805147041260833,-0.011540180451794793,-0.09292887880611746
3380.0,8.225601826637797,7.5791942008802895,19.951630458910024,0.06558885614454887,-0.09444609220776086,0.07741600672239861,2.0759831207686474,3.8378219160992932,-7.2157,0.0,7.5938950253,3.7413722847809963,0.27469553496528665,-0.39555377772124595,0.32422933759690103,0.05771583529840446,0.049997921709674306,0.24344107616490995,-0.3034371604701893,-0.011082906278425916,-0.09464887367965337
3381.0,8.238304812869055,7.45814434427931,19.86911491194676,0.06174396124161915,-0.08980341762126294,0.08247976707202351,2.144737116893878,3.742809698763572,-7.2157,0.0,7.5938950253,3.7153346455157377,0.25819382908132615,-0.3755296517093901,0.3449044482054871,0.05718591006567794,0.0488121165962526,0.23928699916558566,-0.29894150624551546,-0.01064078657245468,-0.09615342477533621
3382.0,8.251209510088948,7.343155693770556,19.78136194953041,0.05769815394129061,-0.08516669601795258,0.0869416815696259,2.209732056540236,3.6521708491993015,-7.2157,0.0,7.5938950253,3.6909848445712545,0.24089818599891957,-0.35558334499093797,0.36299416787458655,0.05667742196941837,0.04770941721247655,0.2352774272916444,-0.2945753732309052,-0.010214661958417987,-0.09744942367586461
3383.0,8.264305651272835,7.234273080429629,19.688949912298,0.053462693075533266,-0.08061878840212205,0.09082459720340706,2.2707272114856973,3.5658750332350397,-7.2157,0.0,7.5938950253,3.6683980471945894,0.2228608009153747,-0.3360617791314814,0.37860499183926866,0.056191221121048324,0.04668073979491358,0.23143802068363642,-0.2903459861414147,-0.009805030836844898,-0.09854628367291711
3384.0,8.277582478018216,7.131451893527467,19.5924327892671,0.0490491022134959,-0.07623580569113635,0.0941577556937463,2.3274981528092984,3.4838145411804367,-7.2157,0.0,7.5938950253,3.6476373523470307,0.20413467044782438,-0.3172814663017928,0.39186981129617954,0.05572788396392042,0.045716661005210345,0.22779016210628306,-0.28625725153656906,-0.009412076012829416,-0.09945532860035393
3385.0,8.29102888916497,7.034565287632024,19.49233456737486,0.0444693228843096,-0.07208647204145197,0.09697493109611724,2.3798368898978235,3.405810851985208,-7.2157,0.0,7.5938950253,3.6287544356468158,0.18477419314827137,-0.2995260292812867,0.4029399029868422,0.05528769832954747,0.04480756525232613,0.22435096964915408,-0.2823101298869464,-0.009035695128624288,-0.10018918751340135
3386.0,8.304633596564369,6.943411954978686,19.389145476569627,0.03973586294254346,-0.06823176796968372,0.09931259899906893,2.4275520410247995,3.3316217339450276,-7.2157,0.0,7.5938950253,3.611790221033658,0.1648357465086644,-0.283044926573045,0.4119771204515665,0.05487065586738301,0.0439437682110419,0.22113340596581044,-0.2785030394661796,-0.008675533350737747,-0.10076121314859146
3387.0,8.318385284015756,6.857724180363923,19.283320074548733,0.034861934211830495,-0.06472480922752824,0.10120818754456905,2.4704690597327263,3.260948640501349,-7.2157,0.0,7.5938950253,3.5967755398625743,0.14437821675624202,-0.26805318601591777,0.4191464980120774,0.054476451966446286,0.04311561906640471,0.2181464626057449,-0.27483227670732574,-0.008331016978981571,-0.10118493849263481
3388.0,8.332272765425149,6.7771759473630695,19.175277067659447,0.02986157457745079,-0.06161091184430897,0.10269845099245656,2.5084305323030502,3.193444201651502,-7.2157,0.0,7.5938950253,3.5837317457115674,0.12346346226949154,-0.25473192882544154,0.42460943565973225,0.054104492817755354,0.04231358493482318,0.2153953980571044,-0.27129244010363507,-0.008001386892229553,-0.10147358245604082
3389.0,8.346285138481303,6.701390920457767,19.065400726361727,0.02474975066635178,-0.05892779115090042,0.10381799792325605,2.5412965533121286,3.128719657435288,-7.2157,0.0,7.5938950253,3.572671263022479,0.10215669562074943,-0.24322945735327603,0.4285175942487581,0.05375390891821205,0.0415283215881606,0.2128820091349677,-0.2678768471561162,-0.007685731003184473,-0.10163961272813085
3390.0,8.360411930533111,6.629950184476309,18.95404372391102,0.01954243810472757,-0.05670584272094535,0.10459799878370969,2.568945179034437,3.0663521272797554,-7.2157,0.0,7.5938950253,3.5635980571965535,0.08052677287935203,-0.2336626828879231,0.43100759723797777,0.05342357409644363,0.0407507350379062,0.21060491715189794,-0.26457793611652547,-0.007383015145469433,-0.10169437146748012
3391.0,8.374643233827747,6.562399677727285,18.841531204171588,0.014256677047375954,-0.05496845578530505,0.10506509153274331,2.5912729524736,3.0058916552284884,-7.2157,0.0,7.5938950253,3.5565080224987966,0.058646381770417,-0.22611868337921232,0.43219660852927677,0.05311212904134761,0.03997203871712157,0.20855985274409408,-0.2613876462299137,-0.0070921120475735105,-0.1016477675896368
3392.0,8.388969827777823,6.498257305789715,18.72816586718639,0.00891060121579304,-0.0537323145758658,0.10524049969628282,2.6081954891230352,2.9468680139997745,-7.2157,0.0,7.5938950253,3.5513892917899406,0.036592122535429886,-0.220656203936892,0.4321788358961498,0.05281800831588715,0.03918381091866394,0.20673992616484185,-0.25829777177174,-0.006811828249607741,-0.10150803804058627
3393.0,8.4033832864241,6.437019766856903,18.614233847796473,0.0035234390680368094,-0.05300765002162039,0.10513937408932995,2.619648109095238,2.888797288336914,-7.2157,0.0,7.5938950253,3.5482224785199885,0.014444476915620981,-0.21730694423934702,0.4310229956104635,0.052539469916340384,0.03837805679758493,0.20513587317841236,-0.2553002863653879,-0.006540928983470199,-0.10128157953520031
3394.0,8.417876069717165,6.3781691548452875,18.500011151885136,-0.001884514023492153,-0.052798413032262986,0.10477036756283604,2.62558649882916,2.8311882883557775,-7.2157,0.0,7.5938950253,3.54698086648951,-0.007712338310949498,-0.2160765154888499,0.428770765053681,0.0522746265620799,0.03754727861373591,0.20373627028156027,-0.25238763485784077,-0.006278161160524729,-0.1009728516990875
3395.0,8.432441597639645,6.321179431486163,18.385770405716904,-0.007291953547595514,-0.0531023510134306,0.1041354509843138,2.6259873839450716,2.7735488649042264,-7.2157,0.0,7.5938950253,3.5476305665819368,-0.029790636176476096,-0.21694499407203147,0.42543624463569263,0.05202147804495683,0.0366845569739461,0.20252771673613928,-0.24955299046022666,-0.006022274691240476,-0.10058435224602574
3396.0,8.447074306525971,6.265522871939512,18.271787665822004,-0.012676654412829988,-0.05391098095859861,0.10322997773734402,2.620849193696006,2.71539220994293,-7.2157,0.0,7.5938950253,3.5501306619965822,-0.051699645187754856,-0.2198670482380954,0.42100644601930703,0.05177794410584761,0.03578364463987356,0.20149498469612648,-0.24679047499454215,-0.005772042398487583,-0.10011666458539595
3397.0,8.461769687216137,6.210676589096602,18.158349030013905,-0.018015590945472157,-0.05520946506240362,0.10204300270009067,2.610192696601121,2.65624322460602,-7.2157,0.0,7.5938950253,3.554433364490582,-0.07334601756050643,-0.22477166617678748,0.4154428178693032,0.05154189741994138,0.0348390730236311,0.20062114241854503,-0.24409534002602992,-0.005526278782359869,-0.09956857789641425
3398.0,8.476524304918154,6.156129229126893,18.04575678516297,-0.02328508868834502,-0.056976407783888246,0.10055785926363513,2.5940615860116876,2.595645025328746,-7.2157,0.0,7.5938950253,3.5604842037981475,-0.09463446059466368,-0.23156156669262362,0.40868381037051477,0.05131119635020534,0.03384626984804276,0.19988765899743513,-0.2414641065241534,-0.005283857853412578,-0.0989372790334661
3399.0,8.491335800869502,6.101387905022896,17.934334825710568,-0.028461007866878194,-0.05918360599231047,0.09875299383049728,2.5725229933895095,2.5331656342512883,-7.2157,0.0,7.5938950253,3.5682222707716074,-0.11546848976500892,-0.24011242450526074,0.4006484630029903,0.05108371716651918,0.03280168467999182,0.19927450205958153,-0.23889466062090256,-0.005043730178846743,-0.09821861445917845
3400.0,8.50620287609941,6.045985396692157,17.824433080634872,-0.033518957627682276,-0.061795795429956474,0.09660305086372435,2.5456679058893736,2.4684048647670624,-7.2157,0.0,7.5938950253,3.577580531925095,-0.13575129903357827,-0.25027208774242277,0.3912409744665501,0.050857385430604876,0.03170291726320726,0.19876024218732674,-0.2363863031634385,-0.004804939190045756,-0.09740741859996138
3401.0,8.521125252096029,5.989487595959971,17.716430697990777,-0.03843453955524297,-0.06477044595739936,0.09408019292840591,2.513611468184492,2.401001369338829,-7.2157,0.0,7.5938950253,3.588486226621142,-0.15538674159876073,-0.26186000055374636,0.3803561795534394,0.050638999563528714,0.030565328885226638,0.19830063523218122,-0.2339475843848205,-0.004572844755653107,-0.09650206957695873
3402.0,8.536086474863918,5.931498808627039,17.610736697883514,-0.043184825394831476,-0.06805800655495395,0.09115553509093711,2.4764926543677483,2.330639634323064,-7.2157,0.0,7.5938950253,3.6008591743039746,-0.17428563302782868,-0.2746689988113717,0.367886172794758,0.05045641614393123,0.02944735731679958,0.19779591328151713,-0.23160753885038032,-0.004368286901716613,-0.09551165473007263
3403.0,8.551080495831606,5.871672859137792,17.507791674608228,-0.04774680289864379,-0.07160158112642906,0.08780086077152906,2.434473538575972,2.2570567820261433,-7.2157,0.0,7.5938950253,3.614616077111649,-0.19235900780727147,-0.2884634837676842,0.35372601802235937,0.05026866383658492,0.028279367149637517,0.1973147270971166,-0.2293350477650863,-0.0041635449484516565,-0.0944127280100246
3404.0,8.566110111282104,5.809720320450926,17.40806607990937,-0.052097757327070233,-0.07533714099282925,0.08399047954671314,2.3877400831251734,2.1800495726434765,-7.2157,0.0,7.5938950253,3.6296707478074492,-0.2095195738324386,-0.302980521320256,0.3377813246380506,0.05007410746595626,0.027065141177165485,0.1968311396907083,-0.22713469828551824,-0.003958344895601822,-0.0932005956690681
3405.0,8.581178874288353,5.745414528131933,17.312056137640557,-0.056216131345164115,-0.07919421811012067,0.07970305339160938,2.336501819556152,2.0994807520761456,-7.2157,0.0,7.5938950253,3.6459337760557875,-0.22568527625541568,-0.3179331014842542,0.31997587156329416,0.04987130480744896,0.02580991086224356,0.19631908254983702,-0.22501196537113788,-0.00375253515865701,-0.0918718376723153
3406.0,8.596290980184406,5.678597952355419,17.220278345404363,-0.06008182593368751,-0.08309678825922981,0.07492340085429974,2.2809911396696743,2.0152845928174155,-7.2157,0.0,7.5938950253,3.663313359538004,-0.2407804608041704,-0.3330138965897426,0.30025870056986564,0.04965904238701067,0.024520318328198135,0.19575279407863208,-0.22297299282646277,-0.003546091988882933,-0.09042477837161425
3407.0,8.611451133029508,5.609187533581343,17.13326217437446,-0.06367648504568699,-0.08696448371006174,0.06964417031664558,2.2214623102796365,1.9274713584544232,-7.2157,0.0,7.5938950253,3.68171617512692,-0.25473696313622224,-0.34790030362253943,0.27861061165476153,0.04943637040593023,0.023204327990819618,0.19510732477319678,-0.22102435036766724,-0.0033391225413736594,-0.08885990777080784
3408.0,8.62666439414588,5.537178652604431,17.051541150372724,-0.0669837520679396,-0.0907141281482776,0.06386728705100617,2.1581901952779377,1.836130391413429,-7.2157,0.0,7.5938950253,3.701048261191002,-0.267495077275345,-0.36226072696520817,0.2550496852990194,0.049202634992561486,0.021871086329587168,0.19435909640985388,-0.21917277782839026,-0.0031318652896040965,-0.08718022760929107
3409.0,8.641936014813961,5.462647425513302,16.975642596327667,-0.06998948635861924,-0.09426156057427013,0.057605081991680504,2.091468677084816,1.7414315468859924,-7.2157,0.0,7.5938950253,3.72121587862731,-0.27900435746356755,-0.3757619538280639,0.2296354741821257,0.04895750576572888,0.020530731708018356,0.19348649538579898,-0.21742492881483433,-0.0029246875627910924,-0.08539149836502055
3410.0,8.657271256288423,5.38575106011573,16.906076406190426,-0.07268192925708995,-0.09752368880073749,0.05088102103834353,2.0216087804689358,1.6436247433200997,-7.2157,0.0,7.5938950253,3.7421263167956305,-0.28922421266261983,-0.3880773721563838,0.20247155516788365,0.04870099663033016,0.019194159699123234,0.19247047412284843,-0.21578712644070017,-0.0027180800851188363,-0.08350236734311985
3411.0,8.672675201367108,5.306726081261958,16.84332329528902,-0.07505181100974105,-0.10042068973837405,0.04372997223371548,1.9489365146709834,1.5430374698357012,-7.2157,0.0,7.5938950253,3.7636886114262573,-0.2981242614594873,-0.398895690333434,0.17370621042213402,0.048433477844916334,0.01787275269588217,0.19129512988745206,-0.21426514309177744,-0.002512648515016218,-0.0815243641491451
3412.0,8.688152562702896,5.225884324285585,16.787823024554754,-0.07709239292596229,-0.10287825546730023,0.03619797328321917,1.8737904640246035,1.4400701793977615,-7.2157,0.0,7.5938950253,3.7858141448878233,-0.3056844268251624,-0.40792974976787255,0.14353110981961748,0.048155677716245585,0.01657808533264552,0.1899482281405228,-0.21286401448550088,-0.0023091021080250563,-0.07947175764069977
3413.0,8.703707493793903,5.143606702159444,16.739963120160372,-0.07879944256060085,-0.10482977332299721,0.02834149167156897,1.7965191718072537,1.3351895973701888,-7.2157,0.0,7.5938950253,3.808417104789255,-0.31189476417358336,-0.41492498381319903,0.11217798722920533,0.047868672776322486,0.015321619108657092,0.18842163803392797,-0.2115878957339859,-0.002108239747868207,-0.07736127724893627
3414.0,8.719343409029474,5.060334864819362,16.700068602329612,-0.08017114351647574,-0.10621832630273237,0.02022620143872883,1.7174783756239709,1.228920080439077,-7.2157,0.0,7.5938950253,3.831414784380285,-0.31675503126559484,-0.4196670746262566,0.07991343004596332,0.047573865948098266,0.01411440038674161,0.18671165103944226,-0.2104399639425065,-0.0019109336976140595,-0.07521171053006107
3415.0,8.735062819241104,4.976560979405147,16.66839319679258,-0.08120794522631417,-0.1069984074581318,0.011925331503313225,1.6370281639037683,1.1218332623696992,-7.2157,0.0,7.5938950253,3.8547277170354484,-0.32027402331716465,-0.42198839472718136,0.04703202241249972,0.047272952949922016,0.012966775567302191,0.18481915971456328,-0.2094223684171514,-0.0017181115089602477,-0.07304339705335149
3416.0,8.750867188875052,4.892815958966057,16.64511243204533,-0.08191236145882437,-0.10713725795147895,0.0035176673158245197,1.5555301308347933,1.0145363124238915,-7.2157,0.0,7.5938950253,3.8782796465421656,-0.322468709826147,-0.4217728891052822,0.013848186289950219,0.046967877954112676,0.01188813577997555,0.18274968174096978,-0.20853622618792322,-0.0015307365880856461,-0.07087764543133224
3417.0,8.766756820173029,4.809656546649179,16.63031893053733,-0.0822887289943697,-0.1066157615105523,-0.004914691901527985,1.4733446103027381,0.9076592024601284,-7.2157,0.0,7.5938950253,3.9019973441890503,-0.3233632199461517,-0.4189591498177355,-0.019312858732209868,0.046660780224529,0.010886701089127732,0.1805132238286316,-0.207781657626594,-0.0013497879497490252,-0.06873610481078911
3418.0,8.782730768665086,4.727651716665511,16.624020089667752,-0.08234293971175462,-0.10542885577712921,-0.013288705718671487,1.3908280675526004,0.801841424645447,-7.2157,0.0,7.5938950253,3.9258102920200635,-0.32298772987448726,-0.41354154843051666,-0.0521245526097135,0.04635393404025369,0.009969351263125127,0.17812398993547388,-0.2071578547280318,-0.0011762396985879307,-0.0666401241032277
3419.0,8.798786792925444,4.647368879060276,16.626138227819354,-0.08208216010720028,-0.10358545077375274,-0.021522776749926854,1.3083307202866048,0.6977186206079605,-7.2157,0.0,7.5938950253,3.9496502584523157,-0.32137730828603,-0.4055694112312172,-0.08426839705118683,0.046049684611622524,0.009141506943304394,0.1755999475729105,-0.20666317329546283,-0.0010110407611834907,-0.06461013158306725
3420.0,8.814921340023357,4.569360371868835,16.63651315065467,-0.08151455203229355,-0.10110787366440543,-0.029539033547986152,1.2261944491781331,0.5959095745708743,-7.2157,0.0,7.5938950253,3.9734507972979607,-0.31857077439389514,-0.39514433690108663,-0.11544285722751857,0.0457503828778147,0.008407061892719322,0.17296227392886054,-0.20629523986560702,-0.0008550953588508205,-0.06266506446005926
3421.0,8.831129566535006,4.494150693545252,16.65490698188409,-0.08064900729507882,-0.09803088473963037,-0.03726541159089795,1.144751042227874,0.4970039896976312,-7.2157,0.0,7.5938950253,3.9971467038476205,-0.31460961821281325,-0.382415856752664,-0.14537137289563573,0.04545832203516724,0.007768364183153714,0.17023470952901276,-0.20605106465270412,-0.000709244663997389,-0.06082187311503825
3422.0,8.847405393484875,4.422224874640963,16.681011007525054,-0.07949490690106875,-0.09440033028202388,-0.044637449966504976,1.064320799275074,0.40155141259282234,-7.2157,0.0,7.5938950253,4.020673462048141,-0.3095370248048644,-0.36757571667401207,-0.17380916584634915,0.04517567840043526,0.007226241888376166,0.16744285082551844,-0.2059271529126386,-0.0005742500265153868,-0.059095118500011624
3423.0,8.86374159225812,4.354018316080316,16.71445420812888,-0.07806191334804698,-0.09027151255064828,-0.05159974306121619,0.9852115037671771,0.3100516009589854,-7.2157,0.0,7.5938950253,4.04396671512133,-0.3033970346325396,-0.35085111349433745,-0.20054862046198652,0.04490445880189982,0.006780067197458814,0.1646134143753254,-0.20591960870489456,-0.0004507780944015145,-0.057496674420326195
3424.0,8.880129897447683,4.289908338263412,16.75481310216878,-0.07635980177197466,-0.08570736518408342,-0.05810700967031663,0.9077177500817752,0.22294654971062486,-7.2157,0.0,7.5938950253,4.066961788552787,-0.2962338616015752,-0.33249724550091464,-0.22542310824954928,0.04464645616524807,0.006427851861977155,0.16177350431673554,-0.20602422681892166,-0.0003393880869749803,-0.05603553967434104
3425.0,8.89656114182099,4.2302075969195725,16.80162249624858,-0.07439833309691582,-0.08077652413088268,-0.06412476453538517,0.8321205976560825,0.14061430726477914,-7.2157,0.0,7.5938950253,4.089593289654793,-0.28809137984119315,-0.31278953878344523,-0.24830921780096377,0.04440321437742009,0.006166366491800371,0.15894991202571812,-0.20623657040827073,-0.00024052141115824812,-0.054717758852943034
3426.0,8.91302540813106,4.175159433928656,16.854386732676986,-0.0721871698588289,-0.07555138053726125,-0.06962959783186803,0.7586875090269528,0.06336463159409998,-7.2157,0.0,7.5938950253,4.111794802334557,-0.2790127804828186,-0.2920158913868069,-0.2691274326582265,0.044176002924718155,0.005991276315033746,0.1561684725984525,-0.20655203345942885,-0.00015449374219005883,-0.05354644537764216
3427.0,8.929512192347628,4.124935149115953,16.912591039549973,-0.06973583319242728,-0.07010619393223613,-0.07460908549173406,0.6876725183958348,-0.00856354061010449,-7.2157,0.0,7.5938950253,4.133498689726058,-0.26904039120277107,-0.27046924052976445,-0.2878413668994044,0.0439658012578027,0.005897286494594457,0.15345349766917404,-0.20696588848917252,-8.148962055347261e-05,-0.05252189630256539
3428.0,8.946010573015755,4.079633106085395,16.975712619197353,-0.06705369768225222,-0.06451533276425275,-0.0790613668378827,0.6193165709099299,-0.07500290528308283,-7.2157,0.0,7.5938950253,4.154636011368478,-0.25821564442605777,-0.24844070947473418,-0.30445571971271385,0.0437732923702788,0.0058782908216966565,0.15082729851778187,-0.20747332075191338,-2.1559547660440748e-05,-0.0516417855954198
3429.0,8.96250938181587,4.039279524084752,17.043231153655725,-0.06415001942661573,-0.05885169606419509,-0.08299443563240297,0.5538479705288653,-0.13585703187943005,-7.2157,0.0,7.5938950253,4.175136555964182,-0.24657917499430904,-0.22621353496432786,-0.31901314528465197,0.04359886471064525,0.005927518474555554,0.14830980787084225,-0.20806945073979638,2.5380504847963975e-05,-0.05090142099829115
3430.0,8.978997370945638,4.003830760181632,17.11463845667482,-0.061033991749891964,-0.05318535582496305,-0.08642519643613618,0.4914828758396771,-0.19109822549197622,-7.2157,0.0,7.5938950253,4.1949289856736085,-0.23417102477248383,-0.2040579178805364,-0.3315902538137537,0.04344262128793786,0.0060376744519305345,0.14591830358473576,-0.20874934691002922,5.9547321766084335e-05,-0.05029404901874845
3431.0,8.99546337361273,3.9731768521887303,17.189447056856775,-0.057714822498938056,-0.047582445506361676,-0.08937834051323107,0.4324257879542695,-0.24076423138725014,-7.2157,0.0,7.5938950253,4.21394108357598,-0.22103092998197507,-0.1822268825531134,-0.3422929651087222,0.043304394677155286,0.006201070205285,0.14366723275630444,-0.20950803044269153,8.128661561906286e-05,-0.049811192932959755
3432.0,9.011896454663784,3.9471460725459613,17.267197552539564,-0.054201826727402494,-0.042104306601904125,-0.09188509490480797,0.37686998196532207,-0.2849540199029865,-7.2157,0.0,7.5938950253,4.232100092448948,-0.20719866680144622,-0.1609531766962265,-0.3512514303060455,0.04318376657118235,0.006409741864492169,0.14156813087869077,-0.21034047350035134,9.106740260823865e-05,-0.04944300969361204
3433.0,9.028286049129882,3.9255102358905427,17.34746463320706,-0.05050452874980339,-0.03680689294862408,-0.09398189531985252,0.3249978425552268,-0.3238228945557799,-7.2157,0.0,7.5938950253,4.249333130446322,-0.19271443172742753,-0.14044719619869658,-0.3586147222352305,0.04308009054601538,0.006655554263897627,0.13962962751453742,-0.21124159201380066,8.947488443100551e-05,-0.04917865312775241
3434.0,9.044622087202752,3.9079905070561614,17.4298617123876,-0.046632767972642875,-0.03174042175279827,-0.09570902873866202,0.27698107444503295,-0.3575771605294559,-7.2157,0.0,7.5938950253,4.265567667585617,-0.17761923507346808,-0.12089587810761437,-0.3645454733495262,0.04299251678793335,0.006930289725215338,0.13785752760127437,-0.21220623353574117,7.720216606331063e-05,-0.04900663260236976
3435.0,9.060895104838119,3.8942634702105057,17.514044161638857,-0.04259680351867792,-0.026949251328155326,-0.09710928565853381,0.2329807686883676,-0.38646857595516987,-7.2157,0.0,7.5938950253,4.280732046165675,-0.16195528854924007,-0.1024624716998683,-0.3692146142548528,0.042920017657082817,0.007225721245412146,0.13625495589693742,-0.21322916025392985,5.5041154382029544e-05,-0.04891515827281732
3436.0,9.07709633979136,3.8839672420978366,17.59971117331745,-0.03840741339095079,-0.022471958369258187,-0.09822665525160243,0.1931473157138316,-0.4107887861636522,-7.2157,0.0,7.5938950253,4.294756028261489,-0.1457663708512173,-0.08528707164065848,-0.3727963378094414,0.04286141311558098,0.007533670377707025,0.13482255115571495,-0.21430502688984626,2.3872982134601813e-05,-0.0488924659820755
3437.0,9.093217813412673,3.8767074411823317,17.68660631091429,-0.03407598471712597,-0.018341582197363402,-0.09910508981579767,0.15762016498803233,-0.43086391302639376,-7.2157,0.0,7.5938950253,4.307571354208726,-0.1290981583849711,-0.06948777865709456,-0.3754633853725864,0.042815395216108644,0.007846050686787572,0.13355869631143638,-0.21542835296572968,-1.5341714086216577e-05,-0.04892711674352142
3438.0,9.109252398957425,3.872062858189057,17.774516829769215,-0.02961459241866904,-0.014585999745832447,-0.09978735819085785,0.12652743884972634,-0.4470494392087079,-7.2157,0.0,7.5938950253,4.319112297397765,-0.11199851141899586,-0.055162341456411794,-0.37738272463155187,0.04278055101851055,0.008154898206366674,0.13245977116030977,-0.21659348882521842,-6.157236405631848e-05,-0.04900826743423771
3439.0,9.125193877500557,3.8695907104775236,17.86327186832098,-0.02503606441559983,-0.01122839298492194,-0.10031400163499125,0.09998541424404517,-0.4597254921583596,-7.2157,0.0,7.5938950253,4.329316202635884,-0.09451770896002659,-0.042390128201474725,-0.3787116638525621,0.04275538346961596,0.00845239082482866,0.13152041468814263,-0.2177945748524674,-0.00011372762913399467,-0.0491259107862254
3440.0,9.141036982783726,3.868831401318177,17.952739621395935,-0.020354032164551332,-0.008287769887491026,-0.10072240030950733,0.07809789069539395,-0.46929259636887166,-7.2157,0.0,7.5938950253,4.338123997687049,-0.0767086282868596,-0.031234276063186673,-0.3795944264526803,0.042738329940515275,0.008730858965140857,0.13073378520384815,-0.21902549355404358,-0.0001706639657692115,-0.049271083941199376
3441.0,9.156777436474226,3.8693127440479267,18.04282361335791,-0.015582965901673901,-0.005779500766389107,-0.10104595423293354,0.060955465950405144,-0.47616792618840903,-7.2157,0.0,7.5938950253,4.345480670236336,-0.05862686726165216,-0.021743872534131257,-0.38015919328327763,0.042727778263265646,0.00898279029687124,0.1300918077496848,-0.22027981454271645,-0.000231193456529162,-0.04943604569746816
3442.0,9.172411975380783,3.8705536489486807,18.13345819140827,-0.010738194397115795,-0.003715833734693733,-0.10131337951001104,0.04863474244653683,-0.4807820563746959,-7.2157,0.0,7.5938950253,4.351335705323376,-0.0403308091670492,-0.013956031685426439,-0.38051560848857174,0.0427220802444689,0.009200831506524308,0.12958539979803146,-0.221550732982638,-0.00029409085041252653,-0.04961442310596147
3443.0,9.187938372158442,3.872067306328423,18.22460335924918,-0.0058359093087578,-0.002106356030988271,-0.1015481189062307,0.04119748833416428,-0.4835761747929224,-7.2157,0.0,7.5938950253,4.355643481121345,-0.021881630845057135,-0.007897741835908629,-0.3807527384946766,0.04271956275643898,0.00937779034072423,0.12920466796318975,-0.22283100270654962,-0.00035809983033234386,-0.049801328264085745
3444.0,9.203355450948267,3.873363931593186,18.316239070067503,-0.0008931543449637253,-0.0009583719166697451,-0.10176786543210897,0.03868977645722914,-0.4849996920904454,-7.2157,0.0,7.5938950253,4.358363623683632,-0.0033432553320354524,-0.0035873777455668002,-0.3809374725144321,0.04271853661833956,0.00950664120670492,0.12893907031338211,-0.22411286597719635,-0.0004219386020798114,-0.04999344602634563
3445.0,9.218663099242521,3.873953166065336,18.408359096686052,0.0040722005832377435,-0.00027717272164352663,-0.10198419843631835,0.041141123750400264,-0.48550815775857226,-7.2157,0.0,7.5938950253,4.359461323823908,0.015217749968980579,-0.001035790131152974,-0.38111335649307465,0.042717303580353055,0.009580537546876142,0.12877754083053938,-0.22538798270958074,-0.00048430497250520057,-0.05018909293587027
3446.0,9.23386227704706,3.873346249970654,18.50096459694904,0.00904150020070447,-6.618034514285244e-05,-0.10220233359550084,0.048563652200519954,-0.4855613715556568,-7.2157,0.0,7.5938950253,4.358907621526311,0.03373232917806508,-0.0002469078292231548,-0.38129985987737297,0.04271416181390632,0.009592833979700295,0.1287085746082647,-0.22664736286121256,-0.000543881151648755,-0.050388247040290046
3447.0,9.248955024135144,3.8710581004640487,18.594057494902128,0.01399535993627551,-0.0003269520825123222,-0.10242099083975081,0.06095129107958627,-0.48562156463094347,-7.2157,0.0,7.5938950253,4.356679665094992,0.05212914848721254,-0.001217813170586018,-0.38149208480547797,0.04270741038978722,0.00953712079995716,0.12872027447924905,-0.22788130658540673,-0.0005993385706117158,-0.05059254747205081
3448.0,9.26394446585625,3.866609436903793,18.687633803688552,0.018913737770298637,-0.0010590420176930194,-0.10263238727405127,0.0782790387754839,-0.486151516639895,-7.2157,0.0,7.5938950253,4.352760953543688,0.07033486314477426,-0.003938278952771375,-0.38166093877423407,0.04269535329221971,0.00940727284358056,0.1288003618977534,-0.22907935756536063,-0.0006493430504571445,-0.050805261854105735
3449.0,9.278834817587231,3.8595290969766567,18.78167702445832,0.023776022718378774,-0.002259722338061547,-0.10282236506525921,0.10050230136251712,-0.48761247441982564,-7.2157,0.0,7.5938950253,4.347141571396483,0.08827444380146156,-0.008389785579399171,-0.3817538027279231,0.04267630356800557,0.009197513938350277,0.1289361570367038,-0.230230275626699,-0.0006925606836645949,-0.05103121886474914
3450.0,9.29363138750098,3.8493566799718457,18.876151766596323,0.028561141045967978,-0.00392357667572272,-0.10297066651159048,0.12755632414653378,-0.4904617450538205,-7.2157,0.0,7.5938950253,4.339818425025666,0.10587156602282373,-0.014544069034245787,-0.38169573479050556,0.0426485882417613,0.00890249718546239,0.12911453514167998,-0.23132203517206185,-0.0007276647949156707,-0.051276702802906415
3451.0,9.30834057689253,3.835645636920722,18.97099774725542,0.033247681408248755,-0.006041986743406166,-0.10305136951432939,0.15935573181087664,-0.49514985188525173,-7.2157,0.0,7.5938950253,4.330795488805974,0.12304906712991596,-0.022361283581206207,-0.38139125340789903,0.04261055463586102,0.008517400167629093,0.12932186814058472,-0.23234185609176242,-0.0007533443287149928,-0.05154930688560368
3452.0,9.322969876861734,3.8179669011660833,19.06612434098063,0.03781404000449406,-0.00860254277055699,-0.10303349586436844,0.19579419244587137,-0.50211716648327,-7.2157,0.0,7.5938950253,4.320084067649353,0.13972947412260958,-0.031787896170425815,-0.38072674044961247,0.04256057871065681,0.008038032896362228,0.12954396223336076,-0.23327627347554364,-0.0007683139644871294,-0.05185774242235635
3453.0,9.33752785972738,3.795913117331397,19.161405861038624,0.04223858646799002,-0.011588417061269708,-0.1028818016556054,0.2367442205823507,-0.5117899625338004,-7.2157,0.0,7.5938950253,4.307703079865197,0.15583560506396607,-0.04275446068360081,-0.3795734931428719,0.04249707598003808,0.007460954957813751,0.12976600354489132,-0.23411125158659418,-0.0007713261831891768,-0.052211602060521944
3454.0,9.352024163167316,3.7691034823457352,19.25667776041271,0.04649985054214891,-0.014977747741098406,-0.10255775341721377,0.2820571342427353,-0.5245758784347029,-7.2157,0.0,7.5938950253,4.293679360780438,0.17129124382357205,-0.05517344701834991,-0.377791432483471,0.04241851545282624,0.006783596981587009,0.12997252475349835,-0.23483234608821535,-0.0007611854024770803,-0.05262107704826169
3455.0,9.366469464775145,3.7371891606014254,19.3517339395585,0.05057672860861948,-0.018743085655439154,-0.10202068512922863,0.3315631808122219,-0.5408588226313359,-7.2157,0.0,7.5938950253,4.278047983232761,0.18602188445919085,-0.0689373197935664,-0.3752334447808185,0.042323436896745226,0.006004380352048311,0.13014740572973788,-0.23542491640456187,-0.000736764161509422,-0.053096630916578055
3456.0,9.38087544453187,3.6998591787855784,19.446325337275262,0.054448707858129525,-0.02285096057798007,-0.10122912037395279,0.3850718460358651,-0.5609934072997147,-7.2157,0.0,7.5938950253,4.260852586085293,0.19995553685833714,-0.08391707112690457,-0.3717502931899019,0.04221047151657826,0.005122828135087298,0.13027392046352687,-0.23587438737679936,-0.0006970211757365678,-0.05364863505088106
3457.0,9.395254732647354,3.656846647626695,19.540159958175117,0.05809610439580045,-0.02726162255640925,-0.10014223106568619,0.4423723594722809,-0.585299048943062,-7.2157,0.0,7.5938950253,4.242145696569757,0.21302357981638,-0.09996140858265645,-0.36719598971860895,0.04207836588404209,0.004139659637925994,0.13033484078366794,-0.23616655614531398,-0.0006410209038698997,-0.054286975118505276
3458.0,9.409620840365704,3.6079351017378767,19.63290445375938,0.06150030996003599,-0.03192900968368964,-0.09872139045588275,0.5032344080916834,-0.6140539251817878,-7.2157,0.0,7.5938950253,4.2219890269196645,0.22516164190531798,-0.11689678067414655,-0.36143346888278904,0.04192600866249164,0.003056860976655938,0.13031260451087445,-0.23628793662971845,-0.0005679540843953702,-0.0550206409545536
3459.0,9.423988071677636,3.5529646995229327,19.724187323726056,0.06464404035760811,-0.0368009844428947,-0.09693176472853085,0.5674090672238712,-0.6474890213506937,-7.2157,0.0,7.5938950253,4.200453720873626,0.23631048483735576,-0.13452838696473784,-0.3543403567045723,0.04175245935072469,0.0018777245856553132,0.13018955176166677,-0.23622613035397735,-0.00047715852135510957,-0.05585731591238742
3460.0,9.438371414455977,3.491837987587944,19.81360374097393,0.0675115773548701,-0.04181986705832977,-0.09474387601181605,0.6346299546063716,-0.6857825341600189,-7.2157,0.0,7.5938950253,4.177620521747963,0.24641685919597087,-0.15264226813037549,-0.345814588691432,0.041556977950351834,0.0006068518039179377,0.12994822829091135,-0.2359702090019269,-0.00036813924487597146,-0.05680298443256669
3461.0,9.452786410324727,3.4245249128726862,19.90072193058385,0.07008899480266458,-0.04692327654206483,-0.09213506163328246,0.7046146087777287,-0.7290549185830544,-7.2157,0.0,7.5938950253,4.15357983145574,0.255434299067046,-0.17100850550357485,-0.33577960354628855,0.041339054170444915,-0.0007498855124889875,0.12957174931968646,-0.2355110913525776,-0.00024058705825075665,-0.0578615782475122
3462.0,9.467249003562515,3.3510667645777676,19.985090954164882,0.07236435938143078,-0.052045269457244366,-0.08909075138520582,0.7770660875094196,-0.777364865024563,-7.2157,0.0,7.5938950253,4.12843162960233,0.26332382086413864,-0.18938548380077252,-0.32418883078552313,0.04109843455553891,-0.0021854260788824187,0.1290442116685706,-0.23484189549243317,-9.439442654719126e-05,-0.05903468184916644
3463.0,9.481775370479438,3.271578749323482,20.06624967197432,0.07432789666182671,-0.0571177444420273,-0.08560548751308143,0.8516747754768808,-0.8307064746904881,-7.2157,0.0,7.5938950253,4.10228522401397,0.2700544929562549,-0.20752509093962487,-0.31102920387751565,0.040835145792702504,-0.0036916420420371326,0.12835113672950937,-0.2339582467349782,7.033232509409681e-05,-0.06032131635630555
3464.0,9.496381731920469,3.186250947371379,20.14373658258574,0.07597211424646949,-0.06207205923446252,-0.08168362157070609,0.9281203831577305,-0.8890078615888738,-7.2157,0.0,7.5938950253,4.075258808960252,0.27560384677813343,-0.22517865235339327,-0.2963234674583522,0.04054951244957574,-0.00525949992863339,0.1274799224299668,-0.23285852269042684,0.00025326544422506984,-0.06171781765733996
3465.0,9.511084152749005,3.095347463527202,20.217100180145327,0.07729187556744545,-0.06684078843733376,-0.07733963794222706,1.0060741113589335,-0.9521313513340772,-7.2157,0.0,7.5938950253,4.047478814861279,0.2799581068293765,-0.24210333172171597,-0.28013110643539424,0.040242167537060336,-0.006879253413420591,0.12642027940746572,-0.23154401946932546,0.0004538535859078324,-0.06321781981563537
3466.0,9.525898240817174,2.9992036551691634,20.285909399645707,0.07828441100075482,-0.07135953728884564,-0.07259807432132927,1.0852009482740055,-1.0198753734192418,-7.2157,0.0,7.5938950253,4.019079028588405,0.28311219486055017,-0.2580686878500442,-0.26254780359224644,0.0399152339590922,-0.00853781918503398,0.12516329830084122,-0.23002502031542932,0.0006701223080275891,-0.06481170024001294
3467.0,9.540789538208445,2.898214228513864,20.34974830761096,0.07894428105316924,-0.07556899771071253,-0.06749295280267652,1.1651603628613147,-1.0919781655366814,-7.2157,0.0,7.5938950253,3.9901923940505455,0.28505297925190043,-0.27286546471948486,-0.24370438261326702,0.03971714596230506,-0.009869785814116294,0.12353875955466143,-0.22905899277967834,0.0007505865594803129,-0.06640757615150783
3468.0,9.55572110657783,2.7928359721649656,20.408240188917148,0.07926812133637641,-0.07941595455338424,-0.06206746519412927,1.2456037106575455,-1.1681231217672168,-7.2157,0.0,7.5938950253,3.9609590939321824,0.28577506078095855,-0.28630802467443317,-0.22376376958782038,0.03950752796321358,-0.011206009272403967,0.12170503491515272,-0.22793682556525136,0.0008385061149722771,-0.06807038760746803
3469.0,9.570702185206471,2.6835861343591625,20.46107203741387,0.07925950043230552,-0.08285476762938562,-0.0563727174324989,1.3261813964592613,-1.247944946509945,-7.2157,0.0,7.5938950253,3.9315310808691075,0.28529670415546626,-0.2982379651562376,-0.20291511301557558,0.0392874167103929,-0.012538021263526586,0.11966514143320023,-0.22666707888418391,0.0009332608716216649,-0.06978537358501988
3470.0,9.585741344675343,2.571024946649516,20.50798740482541,0.07892403520032426,-0.08584903792900204,-0.05046592709093358,1.4065469351154747,-1.3310376381574966,-7.2157,0.0,7.5938950253,3.9020625848070125,0.2836434778371602,-0.3085311036790016,-0.18136846444833263,0.03905801246876759,-0.013857954275906997,0.11742565888015712,-0.22526022131525075,0.001034166382589361,-0.07153648184117822
3471.0,9.600846367224342,2.4557448229310475,20.548791842166445,0.07826918629568312,-0.08837243489561063,-0.04440868364287381,1.4863593377550202,-1.4169636069390965,-7.2157,0.0,7.5938950253,3.872708429870144,0.2808474758112206,-0.31710020822194945,-0.1593483629443077,0.038820651520266314,-0.015158682889462323,0.11499661167087165,-0.22372834945170056,0.0011404891433491088,-0.0733068494956313
3472.0,9.616024145374357,2.3383588950175374,20.583356474282965,0.07730403137538755,-0.09040913871922746,-0.03826509736854996,1.5652853476297182,-1.5052634290051303,-7.2157,0.0,7.5938950253,3.8436223240226677,0.2769464635925604,-0.3238963194966201,-0.13708707303742182,0.038576774043306845,-0.01643392894133036,0.11239123230822101,-0.22208486492968427,0.0012514626452458056,-0.07507929957496834
3473.0,9.631280602049797,2.2194893065474175,20.611619642554167,0.07603902738071507,-0.09195389036253726,-0.0320999329910271,1.6430014825541093,-1.5954658717240708,-7.2157,0.0,7.5938950253,3.8149551782714886,0.27198298974989105,-0.32890865232554983,-0.11481782508813318,0.038327888945230947,-0.017678329004706627,0.10962561856166622,-0.2203441253504207,0.0013663035403429604,-0.07683682831800767
3474.0,9.646620634365213,2.0997556821773395,20.63358664781194,0.07448577293216756,-0.09301166574420781,-0.025976819061557358,1.7191958496560806,-1.6870978277726438,-7.2157,0.0,7.5938950253,3.7868535099499834,0.26600350265375894,-0.33216314876870995,-0.0927683849702398,0.03807553736477842,-0.018887465086693155,0.10671830247716249,-0.21852108591119274,0.0014842272956938564,-0.07856306019436678
3475.0,9.66204808207924,1.9797641598328677,20.64932771411389,0.07265678078504331,-0.09359701114149865,-0.01995661293181844,1.7935697086028763,-1.7796938190053155,-7.2157,0.0,7.5938950253,3.7594579788381832,0.25905750797155,-0.3337198290086283,-0.071155236411657,0.03782125656346797,-0.020057861523225678,0.10368975351467866,-0.21663094767443133,0.0016044627863721313,-0.08024265123937258
3476.0,9.677565720565958,1.860097324315809,20.658974368598464,0.07056526863876529,-0.09373309298492909,-0.014095985419380654,1.8658387708717543,-1.8728047718390006,-7.2157,0.0,7.5938950253,3.7329020961548096,0.25119679626038205,-0.33366914227909417,-0.05017859983794195,0.037566545795740605,-0.02118695260324172,0.10056184040453234,-0.21468882653748897,0.00172626537549279,-0.08186162598949737
3477.0,9.693175277092731,1.7413053162217371,20.66271448947468,0.0682249745714678,-0.09345052598024926,-0.00844627081667274,1.9357342341666237,-1.966005819462433,-7.2157,0.0,7.5938950253,3.7073111356841704,0.24247476258285564,-0.3321275565528793,-0.030018443009280606,0.03731283551176461,-0.022273026431002034,0.09735727670460759,-0.21270945439387093,0.0018489281452674427,-0.08340763849960273
3478.0,9.70887746829225,1.6238983169181953,20.66078631137747,0.06565000119005854,-0.09278604871764315,-0.003052608545222135,2.0030035619373456,-2.0589029475669913,-7.2157,0.0,7.5938950253,3.6828012644851866,0.23294583214009085,-0.32923264185401796,-0.010831567781790138,0.0370614609365567,-0.023315150948247182,0.09409907371557918,-0.21070692100150437,0.0019717910650775385,-0.08487015314404728
3479.0,9.724672056020735,1.508340534238582,20.65347169478102,0.06285469043419348,-0.09178111597554801,0.002046615851100402,2.0674110274360915,-2.151138364542905,-7.2157,0.0,7.5938950253,3.6594788987814875,0.22266499815974344,-0.32513789947292465,0.007250210152511751,0.03681364072075484,-0.02431308795679816,0.09081002169711887,-0.20869446198486674,0.0020942480009624085,-0.08624054573049669
3480.0,9.74055791832604,1.3950457399156047,20.641088965360712,0.05985352900473134,-0.09048047257065359,0.006820039256679619,2.128738049308137,-2.242394539738742,-7.2157,0.0,7.5938950253,3.6374402796543466,0.2116874712416218,-0.3200075710442155,0.024120831102556622,0.03657046100683263,-0.025267200513621444,0.08751221663031483,-0.20668429544400782,0.0022157515780759393,-0.08751212957804314
3481.0,9.756533132008842,1.2843743429697698,20.623985612712406,0.056661082713799195,-0.08893076587426511,0.011243321627464473,2.1867833510250327,-2.332396910801176,-7.2157,0.0,7.5938950253,3.6167712537709455,0.20006843343630162,-0.31401163127476955,0.039699801643209354,0.036332864929390016,-0.026178358335897357,0.0842266455170412,-0.20468750701414437,0.002335815998159374,-0.08868011444000212
3482.0,9.772595063228641,1.1766319264303395,20.60253110895698,0.05329195673939237,-0.08717924413495313,0.015298911568730207,2.241362979397271,-2.420915310632208,-7.2157,0.0,7.5938950253,3.5975472370625474,0.18786288573237223,-0.3073211302645447,0.05393117182618956,0.03610164729134888,-0.027047844972368167,0.0809728387955116,-0.2027139810382765,0.00245401798486439,-0.08974150841131864
3483.0,9.78874046275243,1.0720691297878933,20.577110070043673,0.04976077783536203,-0.08527257661372097,0.018975616517284803,2.292310218016648,-2.507764204472381,-7.2157,0.0,7.5938950253,3.5798333342602744,0.1751255744241278,-0.3001040098591675,0.0667818287253526,0.035877453942783605,-0.027877269573002593,0.07776859422100896,-0.2007723738427057,0.0025699960799288528,-0.09069497427274474
3484.0,9.804965562728018,0.9708827271749317,20.548115939520677,0.0460821939862867,-0.08325582022012395,0.022268020764955813,2.3394754300027554,-2.592801857338565,-7.2157,0.0,7.5938950253,3.563684584513497,0.1619109799694065,-0.2925214768204924,0.07823926667002895,0.035660785240826984,-0.028668485203039967,0.0746297727693233,-0.19887012394794257,0.002683448543576092,-0.09154065218308918
3485.0,9.821266172243837,0.8732177311619024,20.515945329343463,0.04227088676959291,-0.08117154662174443,0.025175795274462558,2.3827258612091056,-2.67592857162176,-7.2157,0.0,7.5938950253,3.5491463027836625,0.14827335128417304,-0.28472497660454094,0.08830899519415877,0.0354520028857197,-0.02942351485617711,0.07157016393885951,-0.19701349337040572,0.002794130125147529,-0.09227996037713981
3486.0,9.83763776937228,0.7791703431860627,20.48099310762536,0.038341591742210995,-0.07905913426403142,0.027702941627654454,2.4219454304992087,-2.757084144828374,-7.2157,0.0,7.5938950253,3.536254488014437,0.13426676875941235,-0.27685377722234117,0.09701173812721021,0.035251339402508707,-0.03014448565810691,0.06860141534532259,-0.19520763391090876,0.002901847967735397,-0.0929153847222299
3487.0,9.85407558784789,0.6887915724112049,20.4436482812102,0.0343091224465342,-0.07695422175750684,0.029857009079542435,2.457034528274112,-2.8362446994228936,-7.2157,0.0,7.5938950253,3.5250362718340984,0.11994522040613237,-0.26903314429771896,0.10438056351614364,0.035058909559745347,-0.030833571229390018,0.06573301974032544,-0.19345667240648218,0.003006456896661951,-0.0934502667945544
3488.0,9.87057469697585,0.6020913533501985,20.404290683083627,0.03018839407041736,-0.07488831285616676,0.03164831912347201,2.4879098385501557,-2.9134190319715807,-7.2157,0.0,7.5938950253,3.5155103853217793,0.10536267721518895,-0.2613730666245175,0.1104580662499472,0.03487472307387392,-0.03149294179470409,0.06297235150786884,-0.1917638092602891,0.0031078543192823694,-0.09388859870823896
3489.0,9.887130073778248,0.5190430068581944,20.363288441909905,0.02599444334264372,-0.07288851880345398,0.03308922670017101,2.514504193935987,-2.988644618888774,-7.2157,0.0,7.5938950253,3.5076876257469682,0.09057315585733651,-0.2539674763092742,0.11529370518186004,0.03469869802887221,-0.03212472137308289,0.06032474422778397,-0.1901314250813503,0.003205974935779998,-0.09423483139501135
3490.0,9.903736666750493,0.4395879071521764,20.320996183881974,0.0217424418503971,-0.07097742108096447,0.034193441622073474,2.5367664671659793,-3.0619834026396497,-7.2157,0.0,7.5938950253,3.501571309791826,0.07563075907105504,-0.24689389858762367,0.11894137571682144,0.03453067453415584,-0.03273095124450139,0.057793600946728196,-0.1885611908912282,0.0033007854300119363,-0.09449370149302946
3491.0,9.920389450910578,0.3636402375185529,20.27775389571703,0.01744770058957782,-0.06917303639530778,0.03497542825850815,2.554661497665963,-3.133517466748127,-7.2157,0.0,7.5938950253,3.49715770426668,0.0605896863510519,-0.2402134629502494,0.12145727841309792,0.03437042824051492,-0.033313558843414005,0.05538052925781257,-0.187054178030133,0.003392279278233501,-0.0946700805357731
3492.0,9.937083474076786,0.2910917377542761,20.233886361845265,0.013125664172590045,-0.06748886585938961,0.03544989626983472,2.5681700471362245,-3.2033446917225774,-7.2157,0.0,7.5938950253,3.4944364294768535,0.04550420975383194,-0.23397120844574346,0.1228981249560518,0.03421768342662823,-0.03387433126076944,0.053085494050401014,-0.18561096457429033,0.0034804717833877303,-0.09476884878629235
3493.0,9.95381389450745,0.2218163658468554,20.18970307825635,0.008791893700862545,-0.06593401151287197,0.03563139033834731,2.5772887744476844,-3.2715744681626764,-7.2157,0.0,7.5938950253,3.493390834009532,0.030428611706498288,-0.22819662098281954,0.12331970540793459,0.03407212545224687,-0.034414892624803003,0.05090698174819659,-0.1842317357266149,0.003565395414834714,-0.09479479486685122
3494.0,9.970576010184594,0.1556748139315814,20.14549853960485,0.004462037848191942,-0.064513345316396,0.03553398249821386,2.5820302173133753,-3.338323528732341,-7.2157,0.0,7.5938950253,3.4939983426639225,0.015417083598098614,-0.22290434814193805,0.12277582516928265,0.033933412445091134,-0.034936684761295383,0.048842170912126545,-0.18291637624199011,0.0036470955087390153,-0.09475254129959158
3495.0,9.987365280129321,0.0925188334671674,20.101552794501586,0.00015179218988797556,-0.06322771827965137,0.03517106683700313,2.582422766226038,-3.4037119480182216,-7.2157,0.0,7.5938950253,3.496230781485389,0.0005235856299403367,-0.2180950464551133,0.12131760665101746,0.03380118614513483,-0.035440950691303284,0.046887105162562906,-0.18166455348476235,0.003725626363291597,-0.09464649519743104
3496.0,10.004177338209033,0.03219533642856642,20.058132165905427,-0.004123152749636148,-0.06207420018964832,0.034555253008489516,2.5785106150173904,-3.4678593489429463,-7.2157,0.0,7.5938950253,3.500054685371513,-0.01419833009981349,-0.2137563264063665,0.11899313915556567,0.03367508187187276,-0.035928720695279984,0.04503686540416484,-0.1804757901852736,0.003801047745673448,-0.09448082261431484
3497.0,10.02100045681118,-0.025449518197231638,20.015483233639543,-0.008347050107397176,-0.06104632016965098,0.03369844720524188,2.5703536934190114,-3.5308813431540873,-7.2157,0.0,7.5938950253,3.5054318249568555,-0.02869532612428769,-0.20986384931407284,0.11584786481388913,0.03359618925260281,-0.03642194420798742,0.043303333784154664,-0.17999133290507413,0.0038803497215912663,-0.09418632861708179
3498.0,10.037782458799951,-0.08056579768141625,19.973803536059894,-0.012503604614062525,-0.060134242115464455,0.03261236349563324,2.5580279702676934,-3.5928861653222954,-7.2157,0.0,7.5938950253,3.5123203676408794,-0.042912782850441596,-0.20638269950367305,0.1119267056280559,0.033571028940989775,-0.0369242263753936,0.041682869240646986,-0.18031282364643877,0.003965499940574206,-0.09375460859181892
3499.0,10.05451104562731,-0.13329905083789045,19.933314453478985,-0.016577364495732147,-0.059325312802868055,0.03130767408961815,2.5416253085091256,-3.6539716502728696,-7.2157,0.0,7.5938950253,3.5206725994349792,-0.05679940121268639,-0.2032676692863778,0.10727019618287699,0.033547066625038896,-0.037409209298819864,0.040146482138408435,-0.18063050176547998,0.004048037950369986,-0.09328110032100123
3500.0,10.071185221237531,-0.18378628955644494,19.89423626658271,-0.020553372532966668,-0.058604313783409835,0.029794529917392096,2.5212526627743603,-3.7142226165802366,-7.2157,0.0,7.5938950253,3.5304363270237915,-0.07030589431198009,-0.20046484753165797,0.10191665956949135,0.03352421652672546,-0.037877214412702316,0.03868720247974394,-0.18094808750636276,0.0041279535597546135,-0.09276858784025466
3501.0,10.087803996271282,-0.23215295015309,19.85677829424136,-0.02441707291230624,-0.0579537703228765,0.02808294410882115,2.4970316453801966,-3.7737085107162693,-7.2157,0.0,7.5938950253,3.541555560563179,-0.08338466549705645,-0.1979129836742523,0.09590366990739375,0.03350240435146454,-0.03832828198091623,0.037297876012778584,-0.18126903924848606,0.0042052288601118395,-0.09221980367863604
3502.0,10.104366382700329,-0.278510558102139,19.821138911878684,-0.02815440237748613,-0.057354314429069436,0.026183067182908294,2.4690980270672425,-3.832481395583932,-7.2157,0.0,7.5938950253,3.553970837481793,-0.09599010221610674,-0.1955447830419434,0.08926899820215498,0.033481568227071296,-0.0387621740467117,0.035971307499361255,-0.18159650388106163,0.004279836461617758,-0.09163749278158158
3503.0,10.12087138780217,-0.32295475200345947,19.78750528903682,-0.03175188090675488,-0.056785070803914615,0.024105475203335728,2.4376011312651187,-3.8905743111621454,-7.2157,0.0,7.5938950253,3.567619559158686,-0.10807886547753522,-0.19328826681391842,0.08205159308276234,0.033461659335506655,-0.03917838263335201,0.034700399096949656,-0.18193326788107475,0.004351738035955584,-0.0910244778634858
3504.0,10.137318007765634,-0.3655636903774106,19.75605284085452,-0.03519669959947283,-0.05622406644406232,0.02186145429825503,2.402703120181727,-3.9480000297040494,-7.2157,0.0,7.5938950253,3.5824363393266387,-0.119610167134245,-0.19106819846375356,0.07429253970310068,0.033442642239478786,-0.03957614346784337,0.03347828337820616,-0.1822817103288354,0.004420883196924886,-0.09038372244326606
3505.0,10.153705221220772,-0.4063968657128763,19.72694440503268,-0.038476803468061524,-0.0556486631216649,0.019463265124519763,2.364578174548056,-4.004750227100469,-7.2157,0.0,7.5938950253,3.598353361387592,-0.13054602734619794,-0.18880757346930988,0.06603594145498455,0.03342449490015159,-0.03995445540777178,0.0322984501613019,-0.18264375930359894,0.004487208751035253,-0.08971838792651582
3506.0,10.170031982987835,-0.44549434925689246,19.70032917223609,-0.04158096692207742,-0.055036010007976144,0.0169243716066988,2.3234115724844666,-4.060795089600287,-7.2157,0.0,7.5938950253,3.6153007403433945,-0.14085150497675486,-0.18642916245950278,0.057329672396908435,0.03340720837935487,-0.040312105605907415,0.03115486591782557,-0.18302085324889375,0.004550638348803491,-0.0890318813337945
3507.0,10.186297218338906,-0.4828764868939067,19.67634141316779,-0.04449885990607881,-0.05436351142630561,0.014259619649256417,2.279398676562748,-4.116083370728783,-7.2157,0.0,7.5938950253,3.6332068838348768,-0.1504948943571471,-0.18385709041205775,0.048225953591111835,0.03339078622034703,-0.04064770025655634,0.03004208411350131,-0.18341390896749724,0.004611082563546241,-0.0883278906446204
3508.0,10.202499818059286,-0.5185440608746583,19.655099059111038,-0.04722110291459482,-0.053609302339222085,0.01148535352610868,2.2327438415791825,-4.17054290679685,-7.2157,0.0,7.5938950253,3.6519988459221917,-0.15944788281478592,-0.18101842671118087,0.038781713896634824,0.03337524350559291,-0.04095970054353382,0.02895534447093629,-0.18382329788711813,0.004668439417733778,-0.08761040523251827
3509.0,10.218638634581891,-0.5524789240908702,19.636702203922713,-0.04973930945319663,-0.052752721907171576,0.008619460273959725,2.1836592586754593,-4.2240815908768425,-7.2157,0.0,7.5938950253,3.6716026667859722,-0.16768566459173306,-0.17784475356158042,0.029058705083572247,0.03336060559807307,-0.04124646316751569,0.02789065887228322,-0.18424883212216686,0.004722595367451402,-0.08688371950066577
3510.0,10.234712479444573,-0.5846451032508003,19.621231603687885,-0.05204611493554085,-0.051774773521986305,0.005681335584355198,2.1323637540908775,-4.276588794765423,-7.2157,0.0,7.5938950253,3.691943691514622,-0.17518700824575445,-0.17427367416668502,0.019123352148301697,0.03334690658385523,-0.04150628458821491,0.026844881485528146,-0.18468976164284215,0.00477342674346849,-0.08615241857240435
3511.0,10.250720122285989,-0.6149903551097039,19.608747255012137,-0.05413519148696201,-0.0506585583210894,0.002691768283701898,2.0790815628513735,-4.3279372166830585,-7.2157,0.0,7.5938950253,3.7129468615733545,-0.18193427627306458,-0.17025021787175082,0.009046331991049482,0.033334187447184575,-0.04173744789315022,0.025815760733278997,-0.18514478355506886,0.004820801633356737,-0.08542134571748033
3512.0,10.266660291549819,-0.6434481464587493,19.599287133889057,-0.05600124864440426,-0.04938966849183606,-0.0003272556561934705,2.024041098966427,-4.37798511986163,-7.2157,0.0,7.5938950253,3.7345369734028804,-0.18791339744509022,-0.16572809767010455,-0.001098113411344127,0.03332249402402535,-0.04193827101797169,0.024801970946006904,-0.18561206410535194,0.004864582173757998,-0.08469555206502491
3513.0,10.28253167701001,-0.669940014635126,19.592866174076516,-0.05764002047411147,-0.0479565267928975,-0.003352824724804357,1.967473744111084,-4.426578914455564,-7.2157,0.0,7.5938950253,3.756638899820438,-0.19311379412259186,-0.1606707764109435,-0.011233110229823965,0.033311874794418043,-0.042107154909447615,0.023803121955442905,-0.18608927357154456,0.004904627206167041,-0.08398023002235314
3514.0,10.298332934162811,-0.6943782517348349,19.58947555700784,-0.05904824014358061,-0.04635065969903531,-0.006361440501236545,1.9096126762547685,-4.473556023154363,-7.2157,0.0,7.5938950253,3.779177771419528,-0.19752826850239336,-0.15505230184729646,-0.021280301061213907,0.033302378586712575,-0.04224263015374369,0.022819745474387546,-0.1865736337074316,0.004940795234441845,-0.08328063263525336
3515.0,10.31406269045726,-0.7166688433610344,19.58908237474199,-0.06022360345333462,-0.044566893395234,-0.009329411356002645,1.8506917582480102,-4.518747960255894,-7.2157,0.0,7.5938950253,3.802079116894859,-0.20115285326769708,-0.1488578772054899,-0.03116116615343574,0.03329405227625564,-0.04234340059722899,0.02185325784683297,-0.18706197690328305,0.0049729476086670206,-0.08260198184153228
3516.0,10.329719553257839,-0.7367145824510186,19.591629713829647,-0.0611647232295763,-0.04260346441550343,-0.012233286521358626,1.790944504034006,-4.5619835455015005,-7.2157,0.0,7.5938950253,3.825268963050482,-0.20398663336356973,-0.14208414289923352,-0.04079846684006923,0.033286938566221516,-0.04240838256698618,0.020905899593796483,-0.1875508157353599,0.005000951848883918,-0.08194936914091239
3517.0,10.345302119355804,-0.7544182712071508,19.597037191939304,-0.06187107677759933,-0.04046203988969062,-0.015050313833134488,1.7306031370109736,-4.603092168279086,-7.2157,0.0,7.5938950253,3.848673897071935,-0.20603154653167557,-0.13473915581371543,-0.05011775447151164,0.033281073938116475,-0.042436738450160105,0.01998065307257757,-0.18803642113365646,0.005024685014324927,-0.08132765259546167
3518.0,10.360808985773522,-0.7696859199561114,19.60520196149309,-0.06234294878115935,-0.038147645930601805,-0.01775890333541224,1.6698977512823086,-4.641907015305947,-7.2157,0.0,7.5938950253,3.872221095349836,-0.2072921707619528,-0.12684206456404593,-0.05904888515414282,0.0332764868536716,-0.04242790360671496,0.019081140452047302,-0.18851490702531584,0.0050440370197045335,-0.08074135426205303
3519.0,10.376238761543993,-0.7824298512127985,19.61600017633543,-0.062581372095746,-0.035668506437163607,-0.020339078763074815,1.6090555822868091,-4.678268175847897,-7.2157,0.0,7.5938950253,3.8958383246350987,-0.2077755069292224,-0.11842249152114179,-0.0675274807654547,0.03327319627852427,-0.04238160585617659,0.018211505025709958,-0.18898231903309679,0.0050589138001353555,-0.08019456213234585
3520.0,10.391590080099576,-0.7925716204363771,19.62928889954908,-0.06258806882303898,-0.03303579827199674,-0.02277289966592201,1.5483003888238926,-4.71202554293943,-7.2157,0.0,7.5938950253,3.919453922503053,-0.2074907645830687,-0.10951964441416671,-0.07549627991903005,0.03327121058197286,-0.04229787707944639,0.01737627958409129,-0.18943472463989847,0.005069240230403301,-0.07969084042147816
3521.0,10.406861611873223,-0.8000446718108586,19.644908413848025,-0.06236539387707383,-0.03026333216922934,-0.02504483853961971,1.4878519440176599,-4.74304143675475,-7.2157,0.0,7.5938950253,3.9429967649438917,-0.2064491581798279,-0.1001811912287252,-0.0829063285232441,0.033270526847345654,-0.04217705679396095,0.016580246104018162,-0.18986830218054396,0.005074962712447826,-0.07923315162288168
3522.0,10.422052076704308,-0.8047966575208312,19.662684881318036,-0.0619162829742922,-0.02736717164433609,-0.02714209965775549,1.4279256285366015,-4.771192886862975,-7.2157,0.0,7.5938950253,3.966396229342144,-0.20466372003956396,-0.09046194129606701,-0.08971796785584278,0.033271130605677,-0.04201978787622639,0.015828291352347725,-0.19027942609215343,0.005076051356520402,-0.07882379316403336
3523.0,10.437160255650225,-0.8067913619014597,19.682433287295492,-0.06124420661996533,-0.02436520445741186,-0.02905486918949976,1.3687321156226206,-4.796373523046168,-7.2157,0.0,7.5938950253,3.9895821611447086,-0.20214913504998813,-0.080422382429496,-0.09590158808152834,0.03327299598314403,-0.0418270049030422,0.015125263127638743,-0.1906647460385756,0.0050725016960211705,-0.07846435079610899
3524.0,10.452185001833584,-0.8060101868583867,19.703960594341133,-0.06035313124665995,-0.021276682719727488,-0.03077648944682838,1.3104771343708983,-4.81849503901381,-7.2157,0.0,7.5938950253,4.012484852155424,-0.19892160070671305,-0.07012712840100209,-0.10143812621545088,0.03327608623179928,-0.04159991584672967,0.014475831771802523,-0.19102125780990156,0.005064335892692026,-0.07815567007448272
3525.0,10.467125250000821,-0.8024531713263175,19.72706902684473,-0.05924748821264049,-0.018121748479305047,-0.032303553531807444,1.2533612953830862,-4.837488208992177,-7.2157,0.0,7.5938950253,4.0350350376658595,-0.19499871456351445,-0.05964333283505994,-0.10631929900434499,0.03328035459508085,-0.04133997807864994,0.013884361285559931,-0.19134636426700322,0.00505160340684853,-0.07789784648381733
3526.0,10.48198002452817,-0.7961395344762288,19.751559404851765,-0.057932150915613156,-0.014920961575487782,-0.033635920050475596,1.1975799614792861,-4.85330345306315,-7.2157,0.0,7.5938950253,4.057163918586921,-0.19039938965469547,-0.04903912477153306,-0.1105475724078232,0.03328574544561115,-0.04104886980106568,0.013354793899372067,-0.1916379250311812,0.005034381125814632,-0.07769023397665684
3527.0,10.496748445680975,-0.787107749113785,19.77723444710529,-0.05641241984460792,-0.011694845763106235,-0.0347766507449384,1.1433231456312847,-4.865910962562039,-7.2157,0.0,7.5938950253,4.078803213448254,-0.18514379702472375,-0.03838211791240774,-0.11413587973103079,0.03329219562369781,-0.040728458135558164,0.012890551317833687,-0.19189429408582312,0.0050127729618616515,-0.07753147096915591
3528.0,10.511429734007594,-0.7754151675150165,19.803901967747613,-0.0546940150016086,-0.00846346766105031,-0.0357318767159074,1.0907754186463032,-4.875300411171365,-7.2157,0.0,7.5938950253,4.099885243656348,-0.17925333322730036,-0.02773804023822556,-0.11710710950009769,0.03329963590104191,-0.04038076514598047,0.012494455109387508,-0.19211434493514926,0.004986908947993219,-0.07741952220642179
3529.0,10.52602321282499,-0.7611372361902795,19.83137789819139,-0.05278307479224362,-0.005246061094443231,-0.036510601244179215,1.040115810311442,-4.881480290017299,-7.2157,0.0,7.5938950253,4.120343053827019,-0.17275060959178465,-0.017169523670000113,-0.11949339151461043,0.03330799249528131,-0.04000793306780038,0.012168667897229445,-0.19229748343015535,0.004956943875208656,-0.07735173439930901
3530.0,10.540528308825106,-0.7443663482423495,19.859489074811577,-0.050686160224181764,-0.00206070700969661,-0.03712444898879315,0.991517689585242,-4.884476915655777,-7.2157,0.0,7.5938950253,4.140110567413428,-0.16565945923802505,-0.0067350852257197,-0.12133521491452454,0.03331718856658136,-0.039612189958883284,0.011914656164572969,-0.19244364880150328,0.004923055527890095,-0.07732490316181695
3531.0,10.554944550895588,-0.7252103917114658,19.88807574372776,-0.048410263070575256,0.001075923508395808,-0.03758737249727039,0.9451486118432147,-4.884333168024749,-7.2157,0.0,7.5938950253,4.159122776313283,-0.1580049572728272,0.003511677838335074,-0.12268041544766752,0.033327145636643477,-0.039195816886575016,0.011733174659066235,-0.19255330381449173,0.004885442584302856,-0.07733534855177832
3532.0,10.569271567302437,-0.7037910593424009,19.916993745415,-0.04596281655672932,0.004148758355564469,-0.03791532750155907,0.9011701239775618,-4.8811070210696315,-7.2157,0.0,7.5938950253,4.17731596172723,-0.1498134493277531,0.013522665629233542,-0.12358307042365865,0.03333778488214722,-0.03876111763102427,0.011624271603848466,-0.19262741526775354,0.004844322256626329,-0.07737899643685055
3533.0,10.583509081424019,-0.6802419894681392,19.946116353584276,-0.0433517071092793,0.007144443651398414,-0.038125928417702855,0.8597375211389316,-4.874869931781062,-7.2157,0.0,7.5938950253,4.194627942312923,-0.1411125835887434,0.023255621731611813,-0.12410233920384554,0.0333490282676132,-0.038310391724356685,0.011587313227266478,-0.1926674262851284,0.004799927749336923,-0.0774514629646176
3534.0,10.59765690625468,-0.6547068092128201,19.975335754136,-0.040585285762525486,0.010051393711208554,-0.03823809487238935,0.8209995519159037,-4.865705153894157,-7.2157,0.0,7.5938950253,4.210998344681337,-0.13193134170005208,0.03267425209309878,-0.12430128470910852,0.03336079949585767,-0.037845911468914875,0.01162102553333836,-0.19267522199436377,0.004752505616171477,-0.07754813959489273
3535.0,10.611714937912232,-0.6273371501180545,20.00456416050429,-0.03767237793677885,0.012859774734529645,-0.038271699023525854,0.7850980716171649,-4.853706040662655,-7.2157,0.0,7.5938950253,4.226368890544601,-0.12230006436427754,0.04174812857267599,-0.12424570760471841,0.03337302476662918,-0.037369903394096994,0.011723550766689145,-0.19265309024682617,0.004702313094453386,-0.07766427643384581
3536.0,10.625683148387884,-0.5982907028294907,20.033734570956575,-0.03462229047652555,0.015561427277919126,-0.038247222020544536,0.7521676459171713,-4.838974397193595,-7.2157,0.0,7.5938950253,4.240683694364104,-0.11225046806494189,0.0504523956001501,-0.12400301987243678,0.033385633344910175,-0.03688453442813583,0.011892515687218403,-0.19260367901359543,0.004649615491510404,-0.07779506196941141
3537.0,10.639561577771383,-0.5677293719522338,20.06280118107589,-0.03144481504803803,0.018149734307528226,-0.03818542627043477,0.7223351093436468,-4.821618937117837,-7.2157,0.0,7.5938950253,4.253889565165602,-0.10181565006100735,0.05876730373934423,-0.123641178764814,0.03339855794921226,-0.03639190288489191,0.012125108562212172,-0.19252995200323927,0.004594683691577998,-0.07793569771946873
3538.0,10.653350326170376,-0.535817584947007,20.09173947052682,-0.02815022723190172,0.02061944298089051,-0.03810704835014495,0.6957190848534232,-4.801753891219934,-7.2157,0.0,7.5938950253,4.265936306272927,-0.0910300795944655,0.06667759802723283,-0.12322769602700276,0.03341173497672713,-0.03589403420128557,0.012418161701492413,-0.19243514389625438,0.004537791843347189,-0.07808146674179739
3539.0,10.667049545523502,-0.5027208003671306,20.120545987199186,-0.024749280890803832,0.022966449288533936,-0.038032515547332155,0.6724294720254476,-4.779497807407939,-7.2157,0.0,7.5938950253,4.276777007040808,-0.07992957406352319,0.07417179179804448,-0.12282873113263408,0.03342510458638059,-0.035392881211661543,0.012768236393632375,-0.19232271639367465,0.004479215278595491,-0.07822779539183045
3540.0,10.6806594314839,-0.4686042512012193,20.14923785395651,-0.021253197632455686,0.02518755531513738,-0.03798168722641877,0.6525669121933884,-4.754972572409723,-7.2157,0.0,7.5938950253,4.286368321208504,-0.06855125969842625,0.08124135837986632,-0.12250827145495237,0.0334386106628312,-0.03489032861294756,0.013171707233359992,-0.19219631604688456,0.0044192287015576625,-0.07837030812673687
3541.0,10.694180215525536,-0.4336319489393591,20.177852023612886,-0.017673651408536818,0.02728020919291837,-0.037973620602726015,0.636222239172673,-4.7283026761507605,-7.2157,0.0,7.5938950253,4.294670727211401,-0.056933516992744335,0.08787987370286277,-0.12232739708881218,0.03345220068455238,-0.03438820115938895,0.013624843044594614,-0.19205973458666398,0.004358104677261567,-0.07850487552129144
3542.0,10.70761215740113,-0.39796596353824,20.206444306638527,-0.014022748481650558,0.029242237862377105,-0.038026359147995986,0.6234759241612703,-4.699614730174358,-7.2157,0.0,7.5938950253,4.301648766636118,-0.04511591175432639,0.09408214264303337,-0.12234362371287241,0.033465825517718685,-0.03388827502733308,0.014123881881691943,-0.19191687221587211,0.004296112435356294,-0.07862765596491536
3543.0,10.72095553805857,-0.3617659839968166,20.235088193744833,-0.010313003144187424,0.031071582576952868,-0.03815674081388725,0.6143975229836064,-4.669037241940067,-7.2157,0.0,7.5938950253,4.307271257943251,-0.03313911311879146,0.09984334101341355,-0.1226103136396791,0.033479439155095436,-0.03339229170774971,0.014665097915442148,-0.19177170408471345,0.004233516994335809,-0.07873513173691774
3544.0,10.734210653103935,-0.3251891539958171,20.263873492278773,-0.00655730967881153,0.03276604673618961,-0.038380222596372505,0.6090451331902428,-4.636700637565162,-7.2157,0.0,7.5938950253,4.311511483569345,-0.021044800194016645,0.1051582036668274,-0.12317614319062224,0.033492998415911884,-0.032901973715388826,0.015244858363959652,-0.191628249941401,0.004170578599803115,-0.07882414029944534
3545.0,10.747377806883868,-0.2883901671856132,20.292904791660927,-0.0027689111056519327,0.03432306514704199,-0.03871071770502967,0.6074648677177323,-4.6027375167022,-7.2157,0.0,7.5938950253,4.314347349516587,-0.008875559164637436,0.11002028732610772,-0.12408461383799965,0.03350646261914434,-0.03241904134732193,0.015859668998371584,-0.19149054675349012,0.004107552459767894,-0.0788919017005067
3546.0,10.76045730724861,-0.2515215973757932,20.322299769350984,0.0010386347355813125,0.03573950322371011,-0.039160441759473655,0.6096903509504694,-4.567283114885232,-7.2157,0.0,7.5938950253,4.315761517509438,0.003325227322511,0.11442133460512109,-0.12537359520074332,0.03351979323905806,-0.031945229679242265,0.016506207129164892,-0.1913626239333786,0.004044688750118052,-0.07893604294258555
3547.0,10.773449461049132,-0.21473443021081584,20.352187345442452,0.0048514912686200415,0.03701149395681571,-0.039739765003774144,0.615742242202412,-4.530475940920267,-7.2157,0.0,7.5938950253,4.315741510709451,0.015513496843162871,0.11835076327430376,-0.12707488992543164,0.033532953548501956,-0.031482304955313664,0.01718134135496411,-0.19124848068054312,0.003982232854507083,-0.07895462004990189
3548.0,10.786354570417362,-0.17817875502492173,20.382705691381425,0.008655581025209042,0.03813431971046975,-0.040457068482456726,0.625627790935135,-4.4924585498289495,-7.2157,0.0,7.5938950253,4.314279794804028,0.02764462862515688,0.12179530215228687,-0.1292138136310779,0.03354590825251343,-0.031032079507631524,0.017882137728810484,-0.19115206487601957,0.003920425795082221,-0.07894613836741016
3549.0,10.799172929876587,-0.1420045685780949,20.414000096842482,0.012436624986180976,0.039102345022511344,-0.04131860341304805,0.6393404275198673,-4.453378405573621,-7.2157,0.0,7.5938950253,4.311373836995526,0.03967356885161306,0.1247387920142242,-0.13180878728606232,0.03355862311242545,-0.03059642433673953,0.01860585236827659,-0.19107725293251218,0.0038595048038565405,-0.07890957135902854
3550.0,10.811904824329142,-0.10636263642626917,20.446220698792903,0.016180183326427795,0.039909005556948256,-0.042328354555162644,0.6568593930874512,-4.4133887824162175,-7.2157,0.0,7.5938950253,4.307026145989949,0.05155495952398227,0.12716216649846207,-0.13487094440047778,0.033571064559003466,-0.030177278498514398,0.019349910907805946,-0.19102783001556745,0.0037997039792147945,-0.07884437785686177
3551.0,10.82455052796919,-0.07140535294836119,20.4795200784716,0.019871697666802052,0.04054685714709586,-0.04348791013053776,0.6781494120231697,-4.372649649445225,-7.2157,0.0,7.5938950253,4.301244296496863,0.06324327119657003,0.12904362403854153,-0.13840376098074325,0.033583199292295904,-0.02977665447939605,0.020111875568382072,-0.19100747010501234,0.003741254968160974,-0.07875051736620253
3552.0,10.837110304168753,-0.03728753775366312,20.514050735543876,0.023496535141879393,0.041007687428657714,-0.04479634268891744,0.7031604109615716,-4.331328479736504,-7.2157,0.0,7.5938950253,4.294040941982841,0.07469294054581771,0.13035899721107608,-0.14240272197280893,0.033594993865977654,-0.029396638806276357,0.020889401004451705,-0.19101971545726965,0.0036843876126052837,-0.07862846267492025
3553.0,10.849584406383716,-0.004167104576831761,20.54996245409368,0.02704003479367074,0.04128269085427677,-0.04625010712013816,0.7318272887034667,-4.2896009240265425,-7.2157,0.0,7.5938950253,4.285433819449711,0.0858585143679661,0.13108232045211268,-0.1468550435306332,0.03360641425512194,-0.029039387234264556,0.02168018048237709,-0.19106795515269137,0.0036293304974067946,-0.0784792086752703
3554.0,10.861955931791218,0.02779460615720978,20.587384568541278,0.03048775516893106,0.04136273095736199,-0.04784272156139852,0.7640697965238213,-4.247651282333972,-7.2157,0.0,7.5938950253,4.2754458884911815,0.09669558338895527,0.1311868774306596,-0.15173894721541017,0.033662696198773344,-0.02871439982864925,0.02249159360383777,-0.19189126977879348,0.003581553541843536,-0.07821269114793034
3555.0,10.87419915694659,0.0584324729240525,20.626429980321088,0.03382540366919039,0.04123862137034177,-0.04956484736719925,0.7997926597235768,-4.20567270062325,-7.2157,0.0,7.5938950253,4.264105173547303,0.10716054944231994,0.13064598925436546,-0.15702388444019197,0.033723163447036325,-0.02841742714718836,0.02331249981036406,-0.1928351620045861,0.0035361661885853616,-0.07791248632884298
3556.0,10.886315808768467,0.08757740500559237,20.667224280261934,0.03703848568379376,0.04090142552529108,-0.05140479931514999,0.8388853063678673,-4.1638671154489515,-7.2157,0.0,7.5938950253,4.251444520454544,0.11720915084779651,0.12943351397277528,-0.16267168503237212,0.03378071485021343,-0.028149704804402122,0.0241388627852243,-0.19378785323304695,0.003492602224509622,-0.07759536941438695
3557.0,10.898308393669142,0.11505706050183226,20.709880009458164,0.04011269709819155,0.040342890892456164,-0.05334821979012431,0.881221780187571,-4.122444830184018,-7.2157,0.0,7.5938950253,4.23750189068585,0.12679788138821968,0.12752553341695314,-0.16863591168308217,0.03383502880317069,-0.02791354360816399,0.024967872866721363,-0.19474728779366118,0.003451115628766381,-0.07726495041964948
3558.0,10.910179678550515,0.1406966843706044,20.754493545398887,0.043034001557392676,0.03955587329944494,-0.055378190861693155,0.9266608637256454,-4.0816236867756786,-7.2157,0.0,7.5938950253,4.222320371146283,0.1358842289799154,0.12490168588560968,-0.17486225996222912,0.03388577699236109,-0.027711196182516072,0.025796421497126264,-0.19571099946535067,0.003411962649379779,-0.07692532559504733
3559.0,10.921932700978768,0.1643203570244145,20.80114261374946,0.04578870854331759,0.03853477806403625,-0.05747542639177698,0.9750462985310446,-4.041627823894504,-7.2157,0.0,7.5938950253,4.205948180918918,0.14442691165602317,0.12154653765510595,-0.18128919976033883,0.033932626088896196,-0.027544812515718865,0.026621041782919172,-0.19667610879875425,0.0033753997745992145,-0.07658102809047965
3560.0,10.933570778125226,0.1857526658771947,20.84988404197323,0.04836355894372461,0.03727600175913083,-0.05961854270574821,1.0262071121363303,-4.002686011656756,-7.2157,0.0,7.5938950253,4.188438677533951,0.15238613618752306,0.11745094870298642,-0.1878488590682723,0.03397524023228829,-0.027416391197087914,0.027437860146053584,-0.19763933453578902,0.003341681238727664,-0.07623696230593491
3561.0,10.94509751369147,0.2048207889036164,20.900751836072367,0.050745818087873165,0.03577835562926819,-0.06178441072537919,1.079958061213006,-3.9650295699928297,-7.2157,0.0,7.5938950253,4.169850358896446,0.15972387920165862,0.1126133732373281,-0.19446815771415085,0.03401328432850011,-0.0273277278811434,0.02824256278291247,-0.19859702040160737,0.003311056073605087,-0.0758983215790611
3562.0,10.956516802002621,0.22135695926783788,20.953755662567776,0.05292337574718048,0.034043450431804526,-0.06394858852814911,1.1361001993718431,-3.9288898961934455,-7.2157,0.0,7.5938950253,4.150246855461283,0.16640418916321317,0.10704103216099693,-0.2010701863198046,0.03404642815652135,-0.02728036283191996,0.02903038038985432,-0.1995451780201387,0.003283764741369417,-0.07557048972002232
3563.0,10.967832828446726,0.23520125940944706,21.00887981433945,0.054884852055323285,0.032076022213609355,-0.06608582875250663,1.1944215765164787,-3.8944956463912472,-7.2157,0.0,7.5938950253,4.129696905800694,0.17239350588950048,0.10075089423252417,-0.20757581156953825,0.034074351243821285,-0.02727552964370059,0.02979609412880984,-0.20047954605781784,0.003260035410260556,-0.07525892788079458
3564.0,10.979050065465572,0.24620467275478464,21.066082730619527,0.05661970772375965,0.029884179448093143,-0.06817065037523795,1.2546980744611462,-3.8620696347297043,-7.2157,0.0,7.5938950253,4.108274307484489,0.17766099247683922,0.0937704059866815,-0.21390547373620702,0.03409674843355748,-0.027314107378338094,0.030534065080551436,-0.2013956649556326,0.0032400799615611544,-0.07496904928141257
3565.0,10.99017326336696,0.25423230271999797,21.125297128089525,0.05811835635627863,0.02747955417005519,-0.07017795948263675,1.3166943807282847,-3.83182553158439,-7.2157,0.0,7.5938950253,4.086057834304388,0.18217887275240371,0.08613791779915746,-0.21998112734358918,0.03411333602674736,-0.027396578379146948,0.031238288473395135,-0.2022889658051895,0.0032240898404800045,-0.0747060853356893
3566.0,11.001207435333304,0.25916665322622623,21.186430781873394,0.05937227614662246,0.02487734328264257,-0.07208369913268918,1.380165099138131,-3.803964457209523,-7.2157,0.0,7.5938950253,4.063131110435749,0.18592276577586186,0.07790276486692492,-0.22572826207652597,0.03412385834271924,-0.0275229939000374,0.031902472810577315,-0.20315487110977892,0.0032122318849108827,-0.07447494763920251
3567.0,11.012157836146784,0.26091085385545043,21.24936797284466,0.06037411782518401,0.02209623097911597,-0.07386550467285442,1.4448559921250423,-3.778671578384438,-7.2157,0.0,7.5938950253,4.0395824322398886,0.18887200765053275,0.0691249770078576,-0.2310779298519597,0.03412809450359898,-0.02769294941974103,0.03252014270449764,-0.20398890440474532,0.003204644281573135,-0.07428009101520812
3568.0,11.023029934335236,0.2593917071707444,21.313971592097545,0.061117805450139465,0.01915818900209737,-0.07550333832881576,1.5105053458373596,-3.7561128219666715,-7.2157,0.0,7.5938950253,4.015504529137416,0.1910099501044566,0.0598746093455163,-0.23596869653103836,0.03412586521634626,-0.02790557110124969,0.033084762838181625,-0.20478680505502167,0.00320143280729089,-0.07412538327767454
3569.0,11.03382937765998,0.2545624364472728,21.380085866055552,0.061598626552849464,0.016088157912165377,-0.07698007583953748,1.576845445199196,-3.736431819909988,-7.2157,0.0,7.5938950253,3.990994256357261,0.19232422508201832,0.050230706049909764,-0.24034843406600567,0.03411703930213385,-0.028159514326528617,0.03358987911059082,-0.2055446440614042,0.0032026675127345403,-0.07401398749851079
3570.0,11.044561952108666,0.2464050195444204,21.447539638171,0.061813308271420155,0.012913619213085223,-0.07828201859907001,1.6436041424460828,-3.7197471948245764,-7.2157,0.0,7.5938950253,3.966152214368997,0.19280696501900277,0.0402799299618985,-0.24417587156755247,0.03410153971076119,-0.028452974619962695,0.03402927179103332,-0.20625893644199308,0.0032083799960713265,-0.07394826231693491
3571.0,11.055233534811052,0.23493200883930965,21.516150117316467,0.06176007644710596,0.009664074576559722,-0.07939930724647801,1.7105064994002404,-3.706150283527311,-7.2157,0.0,7.5938950253,3.9410822923666204,0.19245496957646716,0.030114910563775132,-0.2474218320244573,0.0340793487599106,-0.02878371061530522,0.03439711451791275,-0.20692674574670336,0.003218561394638306,-0.07392968519380744
3572.0,11.065850041549576,0.22018775745402686,21.585726980580098,0.061438695203256705,0.006370454005929898,-0.08032621682663192,1.7772764811128603,-3.695703378712841,-7.2157,0.0,7.5938950253,3.915891136166868,0.19126981133894044,0.019832379770217203,-0.2500700948672866,0.03405051235708338,-0.029149078071003236,0.03468813232604949,-0.20754577652564413,0.003233161194766784,-0.07395880252003895
3573.0,11.0764173697737,0.20224899734754476,21.65607670086139,0.060850485243567135,0.003064479099511548,-0.08106131926368923,1.8436386766216109,-3.6884385467983045,-7.2157,0.0,7.5938950253,3.890687544145849,0.18925787523693835,0.009531177948048895,-0.25211784238599416,0.034015142996425496,-0.029546073349606225,0.03489775164901567,-0.2081144510974548,0.003252086924857581,-0.07403520919934345
3574.0,11.086941338231776,0.181224743674352,21.727006958683543,0.05999831994604268,-0.0002219897582620583,-0.08160750553608007,1.909320021554782,-3.68435705448803,-7.2157,0.0,7.5938950253,3.865581798162382,0.18643032907674978,-0.0006897797091932295,-0.2535756688838346,0.03397342137229235,-0.029971384295704593,0.03502223545891065,-0.20863196771821824,0.0032752047570181546,-0.0741575588361352
3575.0,11.09742762449162,0.1572555302871702,21.798330993775362,0.05888659922943862,-0.003457592671655022,-0.08197186709996404,1.9740514972061847,-3.6834294092997912,-7.2157,0.0,7.5938950253,3.8406849395869616,0.18280302535850904,-0.010733484512720326,-0.25446715375385265,0.033925596513670414,-0.030421446110556326,0.03505879737609213,-0.20909833818077841,0.0033023410007878328,-0.07432360408541426
3576.0,11.107881701719608,0.13051201138210852,21.869871755452117,0.05752120206206234,-0.0066120675438917755,-0.0821654432089337,2.0375697814952782,-3.685595991975466,-7.2157,0.0,7.5938950253,3.8161080033575745,0.17839633732606966,-0.02050667562041179,-0.25482802162986323,0.033871984414411666,-0.03089249965311337,0.03500568966387936,-0.2095144039076388,0.0033332844316643364,-0.07453026518839553
3577.0,11.11830877611986,0.10119299208330998,21.941465721281773,0.05590941930218672,-0.00965678000778579,-0.08220284726340499,2.099618828846718,-3.6907682331440546,-7.2157,0.0,7.5938950253,3.7919612252273645,0.17323493471392046,-0.029921463593703134,-0.25470493266985816,0.03381296520853158,-0.03138064960302344,0.03486226143797491,-0.2098818306590904,0.003367789360178806,-0.07477372334608283
3578.0,11.128713726397446,0.069522974481215,22.01296627006505,0.054059869246792715,-0.012565165139347788,-0.08210179070731351,2.1599513583549084,-3.698830264425197,-7.2157,0.0,7.5938950253,3.768353238906412,0.1673475067594256,-0.0388966730291353,-0.2541539623899153,0.03374897901192083,-0.031881920091426104,0.03462898505706925,-0.21020308298275583,0.003405579316644809,-0.07504953447576648
3579.0,11.139101046504774,0.03574932387478775,22.084246516451543,0.051982398777172964,-0.015313065851078299,-0.08188252690790294,2.218330232486369,-3.7096409566635744,-7.2157,0.0,7.5938950253,3.7453902805383623,0.16076644160037706,-0.047358859244317326,-0.2532388421830848,0.03368052061615685,-0.03239230571573636,0.03430745039162126,-0.21048138041043332,0.0034463512043131977,-0.0753527581267889
3580.0,11.149474792766547,0.00013917179230393123,22.155201538933753,0.04968797330056315,-0.017878959266788785,-0.08156723969703274,2.2745297118354406,-3.7230362460707767,-7.2157,0.0,7.5938950253,3.7231754178630805,0.15352747210253653,-0.05524297405833601,-0.2520290381198779,0.03360813327179574,-0.03290781627031091,0.03390032836004862,-0.2107206381070181,0.003489779760615649,-0.07567809594093487
3581.0,11.159811546666722,-0.0370232857828531,22.22572497100917,0.047188809827208446,-0.02024400636498268,-0.08117897889390785,2.3283366486435435,-3.7388316280579543,-7.2157,0.0,7.5938950253,3.7018083422751014,0.14567042568320887,-0.06249263406978935,-0.25059704737849586,0.03359270497538845,-0.033446173925458296,0.033431441404057106,-0.2119897015455181,0.0035412957214470786,-0.07588627147266341
3582.0,11.17008577308584,-0.07544055413197648,22.295732577999342,0.04449803235418267,-0.022392114964418612,-0.08074139851803046,2.379551699314496,-3.756824698487771,-7.2157,0.0,7.5938950253,3.6813841443557944,0.13723772992820085,-0.06906020027016431,-0.24901699373233402,0.03357682456414003,-0.03398349294490145,0.032886552012822576,-0.2132752998337146,0.003595405975826224,-0.07609994658750249
3583.0,11.18029841901795,-0.11480560257530437,22.365189395252262,0.04162927582625204,-0.024309912588550787,-0.0802785757180104,2.427989952324769,-3.7767977686434393,-7.2157,0.0,7.5938950253,3.661992166068135,0.12827283301981426,-0.07490645216151007,-0.24736342714977208,0.03356041169541578,-0.03451565851317054,0.03227080268963207,-0.21457029843337225,0.003651735925883834,-0.07631520543154302
3584.0,11.190450318539728,-0.15480433415201178,22.434085174081673,0.03859680240873411,-0.025986502305430148,-0.07981400150452496,2.473481535743207,-3.7985203440961284,-7.2157,0.0,7.5938950253,3.6437160099441166,0.1188209415288661,-0.07999990875603032,-0.2457088207858365,0.0335436211704542,-0.03503871909727642,0.031590092386917595,-0.2158716314261646,0.003709916679081616,-0.07652783579660516
3585.0,11.200542160670835,-0.19511830748178616,22.502433412005107,0.03541538004085743,-0.027413210622236187,-0.07937003111798775,2.5158721493730845,-3.821751404800475,-7.2157,0.0,7.5938950253,3.6266330973186887,0.10892864156983499,-0.08431601724174703,-0.24412189452897992,0.033526614052505024,-0.035548819023556694,0.030850880282483915,-0.21717630801209364,0.003769566631387984,-0.07673393272822918
3586.0,11.210574478204713,-0.23542712601439397,22.570269864492158,0.03210016534375396,-0.02858328601967083,-0.07896739300053297,2.555023452427244,-3.8462414439862793,-7.2157,0.0,7.5938950253,3.6108143179718852,0.09864353501618389,-0.08783619477236206,-0.2426661268927243,0.03350955554972149,-0.0360422043242569,0.030060063058762333,-0.2184814020307412,0.00383029383877623,-0.0769299877645338
3587.0,11.220547638863378,-0.27541045328565084,22.637650585859923,0.02866659221868164,-0.02949156833333073,-0.07862476188073896,2.5908133118002397,-3.871734226657417,-7.2157,0.0,7.5938950253,3.596323773371766,0.08801389501819548,-0.09054678628735462,-0.24139847126622385,0.03349261305316623,-0.03651522293205371,0.029224856184357446,-0.2197840346932705,0.0038916981498556802,-0.07711296483115736
3588.0,11.230461838741487,-0.3147496345605729,22.7046495680772,0.025130266859125304,-0.030134148933837656,-0.07835839804227611,2.6231359172478803,-3.8979682473150015,-7.2157,0.0,7.5938950253,3.5832186127544285,0.07708834291305365,-0.09243799993955029,-0.24036828149348122,0.03347595437547682,-0.03696432027423738,0.02835268369668366,-0.22108135086502956,0.003953373075450909,-0.0772803626228459
3589.0,11.24031709795447,-0.35312892576648647,22.77135604666769,0.02150686953051962,-0.030508040440404068,-0.07818185176864248,2.6519017706362495,-3.9246778847510644,-7.2157,0.0,7.5938950253,3.571548958984578,0.06591554747696869,-0.09350287754454747,-0.2396164423083648,0.03345974621272237,-0.03738603145873637,0.027451080194790645,-0.22237048940906134,0.004014907387894466,-0.07743026386258738
3590.0,11.250113258375766,-0.39023634943100494,22.837871540530188,0.017812063188613465,-0.030610872773977813,-0.07810572965869976,2.677037556958207,-3.951594268617608,-7.2157,0.0,7.5938950253,3.5613579191866034,0.05454394660346078,-0.09373635116770243,-0.23917469317377188,0.03344415282998851,-0.03777697132169079,0.02652760786620097,-0.22364854827027789,0.004075886458925758,-0.0775613722316316
3591.0,11.25984998333817,-0.42576421382634483,22.90430668815714,0.014061408818654239,-0.03044062992524856,-0.07813751804089934,2.698485905130888,-3.978445887359333,-7.2157,0.0,7.5938950253,3.5526816735329882,0.04302149091856955,-0.093134429186588,-0.23906512968576354,0.03342933495183051,-0.03813382362693028,0.02558979044899293,-0.22491254514861594,0.00413589335977022,-0.07767303800224809
3592.0,11.269526759181796,-0.4594093452810768,22.970777937279582,0.010270287280498627,-0.029995439071570193,-0.07828145805330795,2.7162050467849315,-4.004958979587687,-7.2157,0.0,7.5938950253,3.54554963430661,0.03139540855386066,-0.09169354650794735,-0.2392998648092527,0.033415448823096654,-0.03845333067887571,0.02464506511947776,-0.22615937477685266,0.0041945097597402645,-0.07776527348755166
3593.0,11.27914289855246,-0.4908730944393123,23.0374041391879,0.006453827430101502,-0.029273420787465122,-0.0785384670177027,2.7301683814349897,-4.030857760817275,-7.2157,0.0,7.5938950253,3.5399846663779626,0.019711990260849577,-0.08941010457963063,-0.23988083253268255,0.03340264539448881,-0.03873228453971474,0.023700752434646623,-0.22738576398383048,0.004251316670231509,-0.07783875936820508
3594.0,11.28869754538546,-0.5198611850625229,23.104303093554602,0.0026268403408478197,-0.028272606182217316,-0.07890610139155319,2.740363956670579,-4.055864544570313,-7.2157,0.0,7.5938950253,3.53600335950779,0.008016394218941526,-0.08628021780737052,-0.24079971865755118,0.03339106958095634,-0.03896752093634823,0.022764043673883613,-0.2285882258843605,0.004305895089091635,-0.07789484279132741
3595.0,11.298189681545722,-0.5460834788283361,23.17158808505294,-0.0011962404493921297,-0.026990923955385344,-0.079378557676728,2.7467938723979026,-4.0796998211756375,-7.2157,0.0,7.5938950253,3.5336163423473015,-0.003647529793987386,-0.08229967423735204,-0.24203800688794563,0.033380859539653286,-0.03915591680875264,0.021842004232847493,-0.22976301468934146,0.004357826605927388,-0.07793552789444105
3596.0,11.307618135131824,-0.569253731603982,23.23936444979232,-0.005001412607808443,-0.025426257645113144,-0.07994670903073071,2.749473618744565,-4.102082359218069,-7.2157,0.0,7.5938950253,3.532828627614087,-0.015237396795677361,-0.0774641100721904,-0.24356713263527316,0.03337214591751318,-0.03929439229411781,0.0209415911321775,-0.23090608276836483,0.004406694031978104,-0.07796345912079633
3597.0,11.31698159048359,-0.5890894160204603,23.30772620777508,-0.008775152394182861,-0.02357657078813357,-0.08059817679770556,2.748431358030291,-4.122729393655347,-7.2157,0.0,7.5938950253,3.533639977634887,-0.026712423057558565,-0.07176938984633399,-0.2453487414891437,0.033365051026104695,-0.03937991776443196,0.020069682216956666,-0.232013041715359,0.0044520821187682275,-0.07798189739557666
3598.0,11.326278599956767,-0.6053116820250007,23.376752797249694,-0.012504455436864341,-0.021440095331006923,-0.08131743759514919,2.743707162198145,-4.141356961269366,-7.2157,0.0,7.5938950253,3.5360452792443655,-0.03803354173202316,-0.06521217694186049,-0.24733505364803426,0.03335968791277182,-0.03940952634236844,0.019233114238080874,-0.23307912925727434,0.004493578427938524,-0.07799468895664749
3599.0,11.33550759754011,-0.6176455216250347,23.44650594787181,-0.016176870463790377,-0.019015576437912282,-0.0820859678191293,2.7353522182523666,-4.157680438532255,-7.2157,0.0,7.5938950253,3.5400349169072203,-0.04916349644532154,-0.05779067259663227,-0.2494693393335709,0.033356159311462366,-0.039380332114268043,0.018438726720519952,-0.23409918389689272,0.004530774410551894,-0.07800622640616653
3600.0,11.344666914387028,-0.625820196435342,23.517026731735964,-0.019780525492533677,-0.01630256483893384,-0.08288242835050728,2.723428015491913,-4.1714153293373455,-7.2157,0.0,7.5938950253,3.5455951329020037,-0.060066911471292374,-0.04950549566061159,-0.2516865129864637,0.03335455647333028,-0.0392895540426239,0.017693408332490636,-0.23506762918332325,0.00456326674789701,-0.07802140139306378
3601.0,11.353754796313785,-0.6295699770796684,23.588332834253382,-0.023304145972685736,-0.013301746066800468,-0.08368289276932962,2.7080055295686223,-4.182278340577617,-7.2157,0.0,7.5938950253,3.5527083634979486,-0.07071033707894389,-0.040360670123865475,-0.25391385560302804,0.03335495789527691,-0.03913454535707719,0.017004142371297493,-0.23597846944735454,0.004590658997509054,-0.0780455482679811
3602.0,11.362769423277841,-0.6286352321644935,23.66041609009675,-0.026737064422081895,-0.010015294360233127,-0.08446112245585806,2.689164419520255,-4.18998877247752,-7.2157,0.0,7.5938950253,3.5613535403130263,-0.08106226880339285,-0.03036468292696383,-0.256071874752955,0.03335742798308143,-0.038912827976533726,0.016378047974952733,-0.23682529871395344,0.004612563577948087,-0.07808437808243324
3603.0,11.371708930793499,-0.622763891639144,23.7332403325393,-0.030069221208346826,-0.00644723769863584,-0.08518889154642356,2.666992254801944,-4.1942702381531705,-7.2157,0.0,7.5938950253,3.5715063465140267,-0.09109313973227645,-0.019531570854452604,-0.25807531054785005,0.033362015703564604,-0.03862213129049211,0.015822413753933513,-0.2376013243027397,0.004628604114002316,-0.07814390243712009
3604.0,11.380571433168502,-0.6117132951157985,23.80673960699724,-0.033291156297925444,-0.0026038194145674184,-0.08583636382158032,2.6415837898290597,-4.194852713379289,-7.2157,0.0,7.5938950253,3.5831394182634906,-0.10077528542380275,-0.0078819925131715,-0.25983429312126877,0.03336875329614446,-0.03826043441081748,0.015344720715729444,-0.23829940634343316,0.00463841815062718,-0.07823034691865702
3605.0,11.3893550483574,-0.595252420417669,23.88081680097041,-0.03639399202126858,0.0015061588480114138,-0.08637252226157457,2.613040303517001,-4.1914749033064025,-7.2157,0.0,7.5938950253,3.5962224828887335,-0.11008288176190668,0.004555760365155751,-0.26125565313203425,0.03337765512693318,-0.03782601080260287,0.014952651627433896,-0.23891211406445229,0.004641660229339925,-0.07835005419177155
3606.0,11.398057924128995,-0.5731644715741862,23.955342742436176,-0.03936940717676878,0.0058710283532205955,-0.08676565026322962,2.5814690206386217,-4.1838868982670885,-7.2157,0.0,7.5938950253,3.6107224266929023,-0.11899185688191062,0.017744858651778207,-0.2622443815836878,0.03338871677694837,-0.037317474021637626,0.014654084328990841,-0.23943179926029012,0.004638005305253061,-0.07850937722212742
3607.0,11.406678265141254,-0.5452497890612169,24.030155816718406,-0.042209603105949935,0.010475994053278467,-0.08698386144724018,2.546982630419985,-4.171853076243546,-7.2157,0.0,7.5938950253,3.6266032871823293,-0.12747977923106332,0.031639184234585234,-0.26270522909504684,0.03340191445890416,-0.03673382313386697,0.014457066970538482,-0.23985068681275537,0.00462715246678361,-0.07871456357559248
3608.0,11.415214360414002,-0.5113290287182315,24.10506214764231,-0.04490726270439397,0.015302939699722561,-0.08699567268660771,2.5096989155944143,-4.155155195483221,-7.2157,0.0,7.5938950253,3.64382616676499,-0.13552572481961386,0.04618277467338971,-0.2625444279387971,0.03341720485342628,-0.03607448627655673,0.014369773697749756,-0.24016098154334065,0.004608828903698658,-0.07897163225133737
3609.0,11.423664610594646,-0.471246539938958,24.179836382206943,-0.04745550367120027,0.020330310943475753,-0.08677061255900159,2.4697405021087975,-4.133595607613618,-7.2157,0.0,7.5938950253,3.66234906767466,-0.14311012772176876,0.06130950407570503,-0.26167151299989044,0.03343452544470958,-0.03533936074873303,0.014400439942132855,-0.24035499002470787,0.004582794052977545,-0.07928624503409465
3610.0,11.432027554332988,-0.42487385894669,24.254223108977094,-0.04984782762753049,0.025533088450935604,-0.08627985497992144,2.427234735848244,-4.107000509905245,-7.2157,0.0,7.5938950253,3.6821266509585553,-0.1502146188510145,0.07694303507878954,-0.26000121062791803,0.0334537954173264,-0.03452884799613003,0.014557277178309003,-0.24042525529958536,0.004548843836457213,-0.07966357486871277
3611.0,11.440301893025623,-0.37211321978250234,24.327938928943947,-0.052078067034625294,0.030882860914102743,-0.08549686542591986,2.3823136881916516,-4.075223145547377,-7.2157,0.0,7.5938950253,3.703109925764875,-0.15682185890886116,0.09299707022062383,-0.2574553575127707,0.03347491715033908,-0.03364388188849393,0.014848367772953949,-0.24036470177114108,0.004506814889891968,-0.08010817424027161
3612.0,11.448486513165918,-0.31290097462665495,24.400675183873012,-0.05414033209637063,0.03634800518073959,-0.08439804502556811,2.335114287062173,-4.038146853404662,-7.2157,0.0,7.5938950253,3.725245878778007,-0.1629153721389319,0.1093759229253967,-0.2539648055476278,0.03349777831290888,-0.03268594877835894,0.015281541352252143,-0.24016678687032528,0.0044565886704530265,-0.08062384695778702
3613.0,11.45658050554834,-0.24721080681666902,24.472101331409597,-0.05602896002454311,0.04189397761004504,-0.08296335599714545,2.2857785645768267,-3.9956878641520914,-7.2157,0.0,7.5938950253,3.7484770573354225,-0.1684793880609253,0.12597541892775924,-0.24947126349939316,0.03352225452871492,-0.03165709798228897,0.015864234934657093,-0.2398256555063597,0.004398095319401424,-0.08121352706190041
3614.0,11.464583180630342,-0.17505661498023975,24.541868938822677,-0.05773846916102726,0.04748371722466466,-0.08117691056019517,2.234454006660284,-3.947797738330689,-7.2157,0.0,7.5938950253,3.7727411233504493,-0.17349869866686474,0.14268412838187092,-0.24392902251549325,0.03354821253683077,-0.030559941538019733,0.016603339888430827,-0.23933629280220942,0.0043313171493003354,-0.0818791687813743
3615.0,11.472494079453103,-0.09649494558797596,24.60961624872788,-0.059263520477068996,0.053078157356836846,-0.07902750465233685,2.1812939843401824,-3.8944653440481494,-7.2157,0.0,7.5938950253,3.7979703984601736,-0.17795853859637398,0.15938491737536783,-0.23730651037326897,0.0335755137369513,-0.029397642361620558,0.01750503955077646,-0.23869467024372448,0.0042562916213112895,-0.08262165152645598
3616.0,11.480312979663292,-0.011626854402686918,24.674973251039297,-0.06059888889377587,0.05863683837413607,-0.07650907764501805,2.1264582411827395,-3.8357182780013606,-7.2157,0.0,7.5938950253,3.8240914235986736,-0.18184449553672424,0.1759567953911509,-0.22958761921734436,0.03360401797014994,-0.028173890252894098,0.018574642056668013,-0.23789788016388763,0.004173113678455754,-0.08344070380926857
3617.0,11.487986161784235,0.07940104655665225,24.737513629010515,-0.06173821860578948,0.06411863774821232,-0.07362020181828556,2.0701137517683,-3.7716236415812343,-7.2157,0.0,7.5938950253,3.8510246881378865,-0.18513964075311135,0.1922780058504915,-0.22077115317886406,0.033762912621269826,-0.026905594075966245,0.01983928150403,-0.2394746581284613,0.004111830566656179,-0.08402854273234893
3618.0,11.495422820992209,0.17639496527310983,24.796775088203276,-0.06267438360424323,0.06948232654917462,-0.07036472157520067,2.012436914155297,-3.7022881881296352,-7.2157,0.0,7.5938950253,3.8786831534027453,-0.18782541092993194,0.20822776046548763,-0.21087216155624922,0.03395139461411391,-0.02558274294921214,0.021281245359663668,-0.2414631681297126,0.004049689668528452,-0.08462195008741358
3619.0,11.502613140893581,0.27911408455878595,24.852383616844193,-0.06340221289185197,0.07468740677284504,-0.06675384559049485,1.953612931524582,-3.627857826547078,-7.2157,0.0,7.5938950253,3.906971911105864,-0.1898878287368552,0.22368666422216382,-0.19992587357535851,0.03415001081200399,-0.02420792232830865,0.022898449484634265,-0.24348583593307382,0.003982433653463745,-0.08526341474485266
3620.0,11.509549623885471,0.38727287534033317,24.903982634209743,-0.06391673692099675,0.07969518496202102,-0.0628048065490604,1.893835458686689,-3.5485161297358268,-7.2157,0.0,7.5938950253,3.9357890050761597,-0.19131344482487192,0.23854096916563625,-0.18798525192723567,0.03435818461631345,-0.022786342108296186,0.024690925501151813,-0.24553463071088089,0.003910180282107883,-0.08594952670005715
3621.0,11.516225489133655,0.5005435214288003,24.95123754051219,-0.06421320117965179,0.08446965751073546,-0.058540688175703834,1.8333068446882228,-3.464481960367057,-7.2157,0.0,7.5938950253,3.9650254817958572,-0.19208939445709136,0.2526851965507797,-0.17512046021987993,0.03457528463487867,-0.021323578756296035,0.026657169018387092,-0.24760124655452803,0.0038330685064753116,-0.08667591027831303
3622.0,11.522634717172089,0.6185593151723826,24.993841669562105,-0.0642871343183596,0.08897836811820779,-0.053990131117105815,1.7722382196676467,-3.376006278216463,-7.2157,0.0,7.5938950253,3.9945655933888458,-0.19220359159411268,0.26602464253284536,-0.16141794499589684,0.03480063140327028,-0.019825488597348992,0.028794063907286803,-0.24967722106597742,0.0037512570192008814,-0.08743727976796585
3623.0,11.528772085769845,0.7409190025597826,25.031521852537907,-0.06413443190328902,0.09319320891207679,-0.049186893440561166,1.710849396551038,-3.2833681734366325,-7.2157,0.0,7.5938950253,4.024287175996415,-0.191644969874584,0.27847770978002306,-0.14697909425400713,0.03503350468277795,-0.01829811001234231,0.031096838348975323,-0.25175406342082474,0.00366492247293863,-0.08822751898881218
3624.0,11.534633196630919,0.8671920105131101,25.06404344491913,-0.06375145376549789,0.09709113483730274,-0.044169275282860236,1.6493685643050904,-3.1868701985910937,-7.2157,0.0,7.5938950253,4.054062209104204,-0.1904037644528556,0.28997797659677976,-0.13191850209324205,0.03527315119972174,-0.016747557070998283,0.03355905667055073,-0.2538233889374218,0.003574257406529216,-0.08903978324560922
3625.0,11.540214492665974,0.9969244543473497,25.091214681589815,-0.06313513212659375,0.10065476262451001,-0.03897942346575572,1.588031756956625,-3.086833099565262,-7.2157,0.0,7.5938950253,4.083757553912612,-0.18847182633766574,0.3004759204968043,-0.11636188731575878,0.035518792703641826,-0.015179907686562917,0.03617264998745426,-0.2558770567739033,0.003479467924089015,-0.08986662106709199
3626.0,11.545513265731962,1.1296457908066728,25.11289024458614,-0.06228308696515699,0.10387282888121953,-0.0336625379097888,1.527082091091252,-2.983590070248666,-7.2157,0.0,7.5938950253,4.113235861055339,-0.1858429587810645,0.3099402228897919,-0.10044373119679606,0.03576963423850804,-0.013601089825797975,0.03892798744681483,-0.25790730712434806,0.003380771180475704,-0.09070011210232144
3627.0,11.550527654871463,1.2648759535488732,25.12897395348043,-0.06119374449692266,0.10674048653932702,-0.028266007015111245,1.4667687736186865,-2.877480676794682,-7.2157,0.0,7.5938950253,4.142356630343555,-0.18251326354167718,0.31835859548190804,-0.0843047149677093,0.03602487253804468,-0.012016769595556344,0.041813988448272416,-0.2599068942235184,0.003278392731358248,-0.09153201660937096
3628.0,11.555256635197818,1.4021327851756435,25.13942051905057,-0.05986645422280847,0.10925942487242522,-0.022838503420449657,1.407345890744546,-2.7688446130658844,-7.2157,0.0,7.5938950253,4.1709773982415275,-0.1784814836300211,0.32573808662888365,-0.0680890496570976,0.03628370447037574,-0.010432245122210866,0.04481827466535218,-0.2618692116087406,0.003172563808275988,-0.09235393120160704
3629.0,11.559699997667018,1.5409395643889017,25.144236335338196,-0.05830159979337739,0.11143780527723464,-0.01742907431797395,1.3490709978050197,-2.658015458543311,-7.2157,0.0,7.5938950253,4.198955022932212,-0.17374932855413247,0.33210484636932863,-0.05194179869506837,0.0365453354658086,-0.008852350023061013,0.04792735907844664,-0.2637884064225642,0.003063518578746539,-0.0931574449868597
3630.0,11.563858320057886,1.6808324196876225,25.143479321737267,-0.0565006989754084,0.1132900125965217,-0.012086261487707601,1.2922035374079397,-2.5453146128182174,-7.2157,0.0,7.5938950253,4.22614703250584,-0.16832176820487682,0.3375033510381712,-0.0360062962315369,0.036808987863009145,-0.007281369937649117,0.05112686765222084,-0.26565948004827034,0.0029514914490161746,-0.09393429000661863
3631.0,11.567732929554936,1.8213674227820638,25.137257863393973,-0.054466488299200325,0.11483622946738657,-0.006857285231587311,1.2370031197458562,-2.4310455765045753,-7.2157,0.0,7.5938950253,4.252412999286639,-0.16220728238922474,0.3419951108175937,-0.02042176091605807,0.03707390910266205,-0.005722975059022306,0.05440178784680642,-0.26747837301346783,0.0028367144629448783,-0.09467647999924969
3632.0,11.57132585740019,1.962127165567349,25.125728932826274,-0.05220298850860644,0.11610184848906668,-0.0017873233922851318,1.183727703660426,-2.31548873717964,-7.2157,0.0,7.5938950253,4.277615902746989,-0.15541805461915748,0.3456569048127204,-0.005321195826910789,0.03733937968489247,-0.004180170916354496,0.05773673694412989,-0.2692420328238232,0.002719414845390153,-0.09537643199073984
3633.0,11.57463978615727,2.1027266434124443,25.109095506211325,-0.049715547704456825,0.11711674340823752,0.0030810882442149686,1.132631719817903,-2.198896801420598,-7.2157,0.0,7.5938950253,4.301623444833043,-0.14797010101919958,0.34857860676053715,0.009170349313172437,0.0376047207894211,-0.00265526886251663,0.06111624228801649,-0.2709484641410143,0.002599812732938014,-0.09602706604641084
3634.0,11.57767799021706,2.2428182934402043,25.087603412374488,-0.04701086002236882,0.1179144255698292,0.007708514360427002,1.083964178111551,-2.0814909912364423,-7.2157,0.0,7.5938950253,4.324309284676646,-0.13988332799885056,0.3508606789991106,0.022937096708087967,0.037869301438705226,-0.0011498768749475807,0.06452502504812335,-0.2725967614366813,0.0024781191295213337,-0.09662187965443744
3635.0,11.58044427027041,2.382096067668319,25.06153776964726,-0.04409695875936059,0.11853111524247707,0.012058925222020973,1.0379668001832083,-1.9634580966290605,-7.2157,0.0,7.5938950253,4.345554164297379,-0.13118151547604653,0.3526114218766484,0.035873405562265356,0.03813254506767767,0.0003350895491787756,0.06794827906224117,-0.27418712488273417,0.002354534119852199,-0.09715499458613562
3636.0,11.582942882577825,2.520298455287339,25.03121917444162,-0.04098318399185099,0.11900475891515509,0.016099844751135878,0.994872214923816,-1.8449484473214988,-7.2157,0.0,7.5938950253,4.365246902608837,-0.12189222573504134,0.3539440698437328,0.04788417393569966,0.03839393535249128,0.0017993773705252264,0.07137193669242736,-0.27572086073340024,0.0022292453700094896,-0.09762117559695843
3637.0,11.58517846397419,2.6572104037692226,24.99699980518708,-0.037680125839043926,0.11937402326208645,0.019802346295550215,0.9549022502471248,-1.726074837613644,-7.2157,0.0,7.5938950253,4.3832852413828665,-0.11204664124869845,0.3549738240258532,0.05888479249612575,0.0386530211476121,0.0032433484428549125,0.07478291441386556,-0.27720036778542356,0.0021024269421226933,-0.09801582189220975
3638.0,11.587155953651866,2.7926641227934716,24.95925959635963,-0.034199545552474474,0.11967729434576684,0.023140908872980672,0.918266348683638,-1.6069124105403418,-7.2157,0.0,7.5938950253,4.399576533333813,-0.10167933779396715,0.35581490459807613,0.06880068878532124,0.038909420387318615,0.004667916443952418,0.07816933197284147,-0.278629111655459,0.0019742384488586244,-0.09833493377782998
3639.0,11.588880512860028,2.9265387862733876,24.918402620419492,-0.0305542774965566,0.11995170708461972,0.026093153781915766,0.8851601278076595,-1.4874994824645278,-7.2157,0.0,7.5938950253,4.414038268737915,-0.09082800177189888,0.35657769570404585,0.07756652135549164,0.039162822824518176,0.006074470612591289,0.08152070030578082,-0.28001158858950276,0.0018448245731726234,-0.09857505825384413
3640.0,11.590336361257965,3.058756721802669,24.874847160950633,-0.02676086243678037,0.12023204411455903,0.028639623213132022,0.8557636015271933,-1.3678393004110452,-7.2157,0.0,7.5938950253,4.426596022213714,-0.07954141124227249,0.35736615320256376,0.08512565890583983,0.039500008184572645,0.0076623017225462275,0.08473007712160971,-0.28189426350429597,0.0016004732901654618,-0.09868593592865274
3641.0,11.59139198958511,3.1892731252208057,24.828991914536566,-0.022851856473723647,0.12054880343186307,0.030764878465509928,0.8302296373528918,-1.247903388291428,-7.2157,0.0,7.5938950253,4.437176513512234,-0.06791647251918684,0.35827502701652036,0.09143423534370113,0.03994004662215729,0.00947700389234244,0.08776818478509403,-0.2843991899356288,0.001217588330362829,-0.09865546911183577
3642.0,11.592024872001344,3.3181010469264063,24.78128195206663,-0.01884645743544492,0.12092906890392738,0.03245636850728449,0.8086814862731027,-1.1276354748025894,-7.2157,0.0,7.5938950253,4.445736521728996,-0.0560092361619462,0.35938556634765434,0.0964561331969355,0.04037407870521113,0.011273865526301032,0.09075217530531399,-0.2868555494691095,0.0008391931369641606,-0.09854116187093284
3643.0,11.592243945673216,3.445292574019371,24.73218283773543,-0.014760242000700778,0.12139558110095165,0.03370298710799168,0.7912238406152972,-1.00695508233511,-7.2157,0.0,7.5938950253,4.452247656354481,-0.0438647029261263,0.3607651623384563,0.10015902971949447,0.04080217887500811,0.013055388983646388,0.09367860078294014,-0.28927163639427367,0.0004653019483563533,-0.0983412849252226
3644.0,11.592057904041747,3.5709296123242065,24.682169308091254,-0.010609137574486269,0.12196601157269933,0.03449470020361989,0.7779431676489357,-0.8857621576919046,-7.2157,0.0,7.5938950253,4.456691770016111,-0.03152889611719591,0.3624661931005793,0.10251349948833258,0.04122452943672351,0.014824134380115955,0.09654571875946462,-0.29165677811261465,9.583633074229019e-05,-0.09805422529291904
3645.0,11.591475091355141,3.6951184620670188,24.631724155765138,-0.006409311292556982,0.12265255118024553,0.03482221727410412,0.7689073161844474,-0.7639421822492639,-7.2157,0.0,7.5938950253,4.459060644316283,-0.019048548376147577,0.364524821462173,0.10349203838496455,0.0416414070362216,0.01658260425456337,0.09935345593815867,-0.29402119869346743,-0.0002693606481705132,-0.09767843447905573
3646.0,11.59050341270648,3.81798397674171,24.581337423695565,-0.0021770684437749438,0.1234615827392396,0.034676755889902273,0.764165230473698,-0.6413716318170348,-7.2157,0.0,7.5938950253,4.459355608558745,-0.006470815392351771,0.3669600339105232,0.10306836535654675,0.04205316755342317,0.01833312834477431,0.10210334580191481,-0.2963758720605748,-0.0006305091516277639,-0.09721239578175433
3647.0,11.58915026095091,3.9396633985664615,24.531505805526507,0.0020712373339866414,0.12439343587289017,0.034049917436247926,0.7637467540563492,-0.5179237074216501,-7.2157,0.0,7.5938950253,4.457587105988112,0.006156976529699864,0.36977291426277925,0.10121705468184107,0.04246022968156531,0.02007774975133128,0.10479844262799734,-0.2987323648580948,-0.0009878764933847397,-0.09665461415643364
3648.0,11.587422461599054,4.060299961483771,24.48273213154476,0.006319280332542619,0.12544222345540357,0.03293368715848321,0.7676625063870096,-0.39347425962948557,-7.2157,0.0,7.5938950253,4.453774221113257,0.01878754383708307,0.37294615022108135,0.09791353740400155,0.042863057465142504,0.021818113801232226,0.10744321407629936,-0.3011026687465023,-0.001341760502569195,-0.09600363117502977
3649.0,11.585326236509149,4.180036351891161,24.435524808498535,0.010550824413518314,0.12659576127907207,0.031320566449901895,0.7759038162926137,-0.26790782864585727,-7.2157,0.0,7.5938950253,4.447944180537018,0.0313738166388681,0.37644377784722116,0.09313449549645474,0.04326214206854232,0.02355536105834466,0.1100434140678205,-0.30349902171284376,-0.0016924725726009688,-0.09525806663447463
3650.0,11.582867186932184,4.299008118892211,24.390397076211535,0.014749769557736995,0.12783557530598116,0.029203839812173754,0.7884426984932134,-0.1411237196901208,-7.2157,0.0,7.5938950253,4.4401318385823325,0.04386906566944948,0.38021117726874926,0.0868586564356396,0.04365798304424613,0.02529002615754069,0.11260593714448094,-0.30593371797097824,-0.0020403206191992413,-0.09441668732062053
3651.0,11.580050296202185,4.417337130195844,24.347865944317082,0.018900183546534267,0.12913700373286963,0.026577973210858932,0.8052318624919731,-0.01304202776710145,-7.2157,0.0,7.5938950253,4.430379157962945,0.056226985766343794,0.3841753416266582,0.07906797930008784,0.044051069365676335,0.02702194444561947,0.11513865498370407,-0.308418906194998,-0.0023855921661220915,-0.0934785023283298
3652.0,11.576879952106273,4.535125176872076,24.308450678878362,0.022986319680252623,0.130469403745617,0.023439134657483256,0.8262047469971373,0.11639048204191066,-7.2157,0.0,7.5938950253,4.418734694830166,0.06840173831470285,0.38824544934654476,0.06974920637432949,0.04444186048674368,0.028750168767760494,0.11765023530385527,-0.3109663761862521,-0.002728537778925613,-0.09244288317858942
3653.0,11.573359988713474,4.65244783962982,24.272670721291348,0.02699262212375612,0.1317964749018122,0.01978582180787226,0.8512755775445942,0.24719474289516935,-7.2157,0.0,7.5938950253,4.405253096734651,0.08034795712483218,0.39231377618904884,0.05889573658349241,0.044830767688935576,0.03047289910781867,0.12014994310745006,-0.3135873346283652,-0.0030693550765351057,-0.09130970576144777
3654.0,11.569493747183587,4.769348740386541,24.241042940794642,0.030903721147312907,0.13307671219873893,0.015619575229908068,0.8803394499696873,0.37935411904447536,-7.2157,0.0,7.5938950253,4.3899946213420655,0.09202072422435062,0.3962569871618263,0.04650975906368622,0.045218135978121,0.03218742813155593,0.12264742412852137,-0.31629217133527354,-0.0034081735668287467,-0.09007950987552116
3655.0,11.565284154813746,4.88583431457803,24.21407814715921,0.034704421190723235,0.1342640017284622,0.01094574986542345,0.9132724476093936,0.5128096315002684,-7.2157,0.0,7.5938950253,4.373024683077762,0.10337552402660094,0.399937848273302,0.032604567066074876,0.045604226797616845,0.03389010594526318,0.12515247052928533,-0.319090218335691,-0.0037450405740741457,-0.08875367084628037
3656.0,11.560733821305988,5.0018692505332005,24.192276821580354,0.03837968529916507,0.13530837010418206,0.005774311261896439,0.9499318053271342,0.6474558163558864,-7.2157,0.0,7.5938950253,4.354413434177314,0.11436818622356909,0.403207393418084,0.017206954683596398,0.0459892018317908,0.035576327515422945,0.12767476936739935,-0.32198950524338815,-0.0040799085506346405,-0.08733457641630218
3657.0,11.555845150950068,5.117372750691143,24.176124061099692,0.04191462003222457,0.13615689534115355,0.00012061763663917448,0.9901561383166213,0.7831373648826895,-7.2157,0.0,7.5938950253,4.334235385808453,0.124954829460606,0.4059075717293685,0.00035958231768776634,0.04637310818578112,0.037240546143864614,0.13022363515115562,-0.32499651560160164,-0.004412624090032449,-0.08582580086027745
3658.0,11.550620469107614,5.23221577367567,24.166083774386966,0.04529446539485261,0.13675478146167058,-0.005993855889469755,1.0337657577881731,0.9196466997457899,-7.2157,0.0,7.5938950253,4.312569073929881,0.13509181926858224,0.4078743850994641,-0.01787681760858567,0.04675586524186913,0.038876316105186964,0.13280772891874332,-0.32811595020930506,-0.00474291897990428,-0.08423226715737772
3659.0,11.545062161053313,5.346219414412377,24.162592213339362,0.048504594633448445,0.13704659175936532,-0.012540898046048372,1.08056309867331,1.0567226411130852,-7.2157,0.0,7.5938950253,4.289496773299292,0.14473575471592323,0.40894150419016817,-0.03742153412944031,0.04713725351143562,0.040476366984011525,0.1354347676976409,-0.33135050476333927,-0.005070403647901303,-0.08256038714881589
3660.0,11.539172820873796,5.459154569789336,24.16605097414383,0.05153052882793194,0.13697762655061949,-0.019485096055419173,1.1303332860035546,1.1940503082965104,-7.2157,0.0,7.5938950253,4.2651042614928265,0.15384349863544444,0.4089443245128127,-0.05817241578139045,0.04751690582250328,0.04203271136698539,0.13811122986978439,-0.33470067038672,-0.00539456335716379,-0.08081816903607598
3661.0,11.532955407744987,5.570743018269594,24.176819651076652,0.05435797103462471,0.1364954206937028,-0.026783572493003643,1.1828448662669862,1.331262385333527,-7.2157,0.0,7.5938950253,4.239480632936067,0.16237226590551546,0.40772439298085217,-0.080004997831201,0.0478943012049124,0.04353678633676215,0.14084206380083136,-0.3381645666399692,-0.005714757496489399,-0.07901528146807396
3662.0,11.526413406507091,5.680660012223526,24.195208373701682,0.05697286424125515,0.13555132471354123,-0.03438596926293773,1.2378507275441157,1.4679418514303093,-7.2157,0.0,7.5938950253,4.212718160793217,0.17027978295513974,0.40513410127605276,-0.10277235418603466,0.04826876185512276,0.04497962769862384,0.14363040896212306,-0.34173781728984465,-0.006030222279637928,-0.07716306396103072
3663.0,11.51955098904069,5.788538441045306,24.22147050008346,0.05936147654186927,0.13410212179626588,-0.042234716827603866,1.295089227428554,1.6036262388685198,-7.2157,0.0,7.5938950253,4.184912202176786,0.17752452928182205,0.4010415076313737,-0.1263057905724952,0.04863945357564928,0.046352074095711814,0.1464773405167521,-0.34541347928803506,-0.006340077114702209,-0.0752744746192987
3664.0,11.512373172532058,5.8939745716572,24.25579577159649,0.061510515704102244,0.1321116221833021,-0.05026561646041271,1.3542855406829601,1.7378134320301657,-7.2157,0.0,7.5938950253,4.156161139627034,0.18406606824231847,0.3953351160535518,-0.15041646592840202,0.049005390083454066,0.04764499622600652,0.1493816497561209,-0.349182034943473,-0.006643334825294628,-0.07336396817258745
3665.0,11.504885970323036,5.99653531209433,24.29830425519848,0.0634072736933326,0.1295521677289557,-0.058408749299558714,1.4151532295184435,1.8699689627857103,-7.2157,0.0,7.5938950253,4.12656634930862,0.18986546971173282,0.3879284149165026,-0.1748979884338045,0.04936544155869897,0.04884954439326282,0.1523396736362497,-0.3530314560295731,-0.006938915799009331,-0.07144730025218135
3666.0,11.497020506001862,6.095763861646776,24.349039563992008,0.06503616909989421,0.12640546004207973,-0.06658971376282294,1.477394843902408,1.9995345184125106,-7.2157,0.0,7.5938950253,4.096229343234265,0.19487623113499147,0.37876492402325906,-0.19953131665127422,0.04988023783118771,0.05008713152599004,0.1551692396219405,-0.35702129804438426,-0.00730335417854224,-0.06958917018275249
3667.0,11.488706263430906,6.1911940435039865,24.407966461134144,0.06638224714601432,0.12266449362494374,-0.07473055136005245,1.5407000327357419,2.125937417038908,-7.2157,0.0,7.5938950253,4.065256626465079,0.19905360636292038,0.36782138114455987,-0.2240868062358299,0.05038314102597049,0.05122077091989352,0.1580370893005379,-0.36105948141212585,-0.007657786562627906,-0.0677602843041449
3668.0,11.479963747254208,6.282364497392144,24.47497093583386,0.06743592073422083,0.11833498274373387,-0.0827519097728831,1.6047515332220812,2.248602392026757,-7.2157,0.0,7.5938950253,4.033762105365387,0.20236714335004463,0.3551091488853079,-0.2483285970617879,0.05086552216164442,0.052238881439442234,0.16093891156199885,-0.3651247663703898,-0.007997860422584315,-0.0659764257924658
3669.0,11.470816472630839,6.368826036921219,24.549858483408514,0.06818911211165699,0.11343504373458263,-0.09057544161086152,1.6692289912482536,2.366963533740634,-7.2157,0.0,7.5938950253,4.001862503180585,0.20479055853186467,0.3406764693673202,-0.27202283036601765,0.05132472439884099,0.05313583807414888,0.16386163710914145,-0.36919721831983804,-0.008322028572742153,-0.06425486870894416
3670.0,11.46129031001935,6.450153438684241,24.63235653486292,0.06863546068047892,0.10799516838969771,-0.09812593182345695,1.7338113880271235,2.480476231019907,-7.2157,0.0,7.5938950253,3.969677207664334,0.20630239322840316,0.32460861302611965,-0.294943960049851,0.051758243612467295,0.053907484868975605,0.16679002200221815,-0.37325597170055935,-0.008628780552577067,-0.06261219503689612
3671.0,11.45141327130744,6.525957027688523,24.72211906438377,0.06877054336893795,0.10205775419854048,-0.10533342322849062,1.7981794837220835,2.5886289493163557,-7.2157,0.0,7.5938950253,3.937328078372167,0.20688671021908028,0.30702670044658176,-0.31688109967296635,0.052163805095388455,0.05455128739594075,0.16970697450933156,-0.37727974708210865,-0.008916681835531893,-0.06106381902829375
3672.0,11.441215226362283,6.595893599850054,24.81873329833963,0.06859207117195806,0.09567619199331837,-0.11213523312667281,1.862018219721931,2.6909544213836587,-7.2157,0.0,7.5938950253,3.9049391784663956,0.2065337296014898,0.2880852032723967,-0.337644096783776,0.05253943272648244,0.05506643367865974,0.17259396577507918,-0.3812474019750419,-0.009184413078886922,-0.05962353151887767
3673.0,11.430727560141111,6.6596762612947025,24.92172835144394,0.0681000503004583,0.08891354301387046,-0.11847775373091987,1.9250190233799156,2.7870398394557094,-7.2157,0.0,7.5938950253,3.872636421838993,0.20524036816619107,0.267968205935443,-0.3570690137225004,0.05288350736926287,0.05545387888229446,0.17543150993038548,-0.3851384938604633,-0.00943080800876288,-0.05830308844375376
3674.0,11.41998278318915,6.7170828069173,25.030585511521956,0.06729689773337681,0.08184086410595447,-0.12431793841126244,1.9868819648762928,2.8765356766707817,-7.2157,0.0,7.5938950253,3.840547130246518,0.20301064992213588,0.24688459010642919,-0.3750227175974768,0.053194811964367594,0.0557163323982925,0.17819969408307113,-0.3889338322230181,-0.009654888516893024,-0.057111866154211696
3675.0,11.409014110187803,6.767962327970352,25.14474980420757,0.06618750319008676,0.0745352629824275,-0.12962439310108742,2.0473177248150973,2.959162828433524,-7.2157,0.0,7.5938950253,3.808799499536828,0.19985596151225687,0.2250623747981639,-0.3914063300478252,0.05347256167258826,0.05585818942209063,0.18087873459649134,-0.3926159962446353,-0.009855895616957664,-0.05605660262772624
3676.0,11.397855022072237,6.812239826058295,25.263642400362947,0.06477923246326966,0.06707778281180868,-0.13437801628276808,2.10604934230066,3.0347178473938357,-7.2157,0.0,7.5938950253,3.777521978664459,0.19579513461418868,0.20274249965382335,-0.40615735609696374,0.05371641842452808,0.05588541241744394,0.18344953366159855,-0.3961697963625115,-0.010033315069789415,-0.05514123852842455
3677.0,11.386538827086607,6.849918712377441,25.386673387697915,0.06308187041438602,0.059551225038643546,-0.13857215959167551,2.1628137254288573,3.1030761426246807,-7.2157,0.0,7.5938950253,3.7468425697527605,0.19085434729349027,0.18017237140587553,-0.41925039473603265,0.05392649023657563,0.05580537067223267,0.18589420971528,-0.39958266102394735,-0.010186896731112931,-0.05436686577032105
3678.0,11.375098235059008,6.881081178510718,25.51325441705531,0.06110750542021648,0.05203802032325332,-0.14221231150665478,2.217362918193108,3.1641931168290562,-7.2157,0.0,7.5938950253,3.716888061681662,0.18506684674055804,0.1575995005133929,-0.4306964239046717,0.05410331656209903,0.05562664822331739,0.1881965768595033,-0.4028449344136395,-0.010316666986085424,-0.053731784364296806
3679.0,11.363564957315063,6.905886530147415,25.642810753303035,0.05887036033990118,0.04461824984748533,-0.14531533590056583,2.269465128674289,3.218103316846211,-7.2157,0.0,7.5938950253,3.6877832133012034,0.17847250588417307,0.13526553621329843,-0.4405407405667981,0.054247841680234214,0.055358831598692926,0.19034255195958955,-0.4059500762723992,-0.010422933987663141,-0.05323166156253334
3680.0,11.351969342227955,6.924567669733822,25.774792308036048,0.056386577848537865,0.0373679039788847,-0.14790832268551557,2.318905532225195,3.2649177645561114,-7.2157,0.0,7.5938950253,3.6596499051777105,0.1711172351088193,0.11340096623445653,-0.448859714372341,0.05436137862854579,0.05501228903958147,0.19232047319248832,-0.4088947606676824,-0.0105062857819044,-0.052859781294368094
3681.0,11.34034005367212,6.937425991529517,25.908683301185352,0.05367397002666811,0.03035744423821482,-0.15002712725302061,2.3654868696656832,3.3048197109139137,-7.2157,0.0,7.5938950253,3.6326062806156036,0.16305227697470756,0.09222068730362765,-0.45575657426542227,0.05444556643886833,0.0545979521789723,0.19412131995356385,-0.41167887619253085,-0.010567581752660043,-0.0526073671446169
3682.0,11.32870379685322,6.944825008058581,26.044010284266246,0.050751743272322,0.02365071001725951,-0.15171468755116008,2.4090298641160417,3.338059110583204,-7.2157,0.0,7.5938950253,3.6067658974753773,0.1543334159921408,0.07192058109250843,-0.4613564870139205,0.05450232344808564,0.05412710971585214,0.1957388305953375,-0.41430543508400663,-0.01060793812302398,-0.05246395900924124
3683.0,11.317085093343733,6.947183058053372,26.18034835165306,0.04764020988755511,0.017304186066116257,-0.1530192120603317,2.449373481175561,3.364946146041682,-7.2157,0.0,7.5938950253,3.5822369120116897,0.14502013699548538,0.052675154870782497,-0.46580120340165365,0.05453379926349149,0.05361122064991652,0.19716952083861458,-0.41678040279092127,-0.01062870848931919,-0.052417822211779055
3684.0,11.305506104827165,6.944965452627953,26.317325460314176,0.04436049715781078,0.011366622772328454,-0.15399232911404176,2.486375056111119,3.3858441379882955,-7.2157,0.0,7.5938950253,3.559121314639657,0.13517476466038708,0.0346362339620975,-0.4692435428179215,0.054542327618319404,0.05306175237313438,0.19841261131372967,-0.41911246234765265,-0.01063146052096586,-0.052456368206188264
3685.0,11.293986503151897,6.938676400666159,26.45462486615587,0.04093426354156139,0.0058789806142969005,-0.15468727916410138,2.5199103091193438,3.4011621653458124,-7.2157,0.0,7.5938950253,3.5375142353203466,0.12486161362183663,0.017932630086462953,-0.4718419634834959,0.054530381916156515,0.05249004659012564,0.19946987714080433,-0.4213127294398545,-0.01061795003077505,-0.052566567781863895
3686.0,11.282543382867061,6.928851020005173,26.591985761275822,0.037383429919907674,0.0008746542068254308,-0.1551572183773983,2.54987326618117,3.4113476866981842,-7.2157,0.0,7.5938950253,3.517503333306989,0.11414617405296033,0.0026706600101261166,-0.47375542833880824,0.05450053478978174,0.05190721386354243,0.20034543549621353,-0.42339443433176716,-0.010590093607981403,-0.0527353405593454
3687.0,11.271191211456422,6.916047692734304,26.72920225759843,0.03372993193835403,-0.003620079281764591,-0.15545368622652853,2.57617609912234,3.416879410219707,-7.2157,0.0,7.5938950253,3.4991682825145975,0.10309435209432026,-0.011064645157472701,-0.47513873112724037,0.05445542253769178,0.05132405570664096,0.20104548866629962,-0.4253725860277387,-0.010549940920771817,-0.052949908099962514
3688.0,11.259941811963058,6.900840966031114,26.86612090699252,0.02999549751102792,-0.00758544784772219,-0.15562527328199854,2.5987488947167914,3.418260606044507,-7.2157,0.0,7.5938950253,3.482580359986607,0.091771778798807,-0.02320781783049651,-0.47613839876763653,0.0543977148843916,0.05075101166729454,0.20157804024256804,-0.42726363240027393,-0.010499647651395327,-0.05319810173393888
3689.0,11.248804372544326,6.8838151395042075,27.00263697617111,0.026201451722572502,-0.011007469426622259,-0.15571650974624754,2.6175393593837994,3.4160129984549763,-7.2157,0.0,7.5938950253,3.4678021410492312,0.08024319580539188,-0.03371090021555467,-0.4768892393445426,0.05433009015879503,0.05019812780356974,0.2019526010673548,-0.4290851278051965,-0.010441449843140124,-0.05346861987739801
3690.0,11.237785477639118,6.865558620506872,27.13868970789158,0.022368549779513157,-0.013877191018097293,-0.15576698151944507,2.6325124634610857,3.4106713195417955,-7.2157,0.0,7.5938950253,3.4548873009650762,0.06857192117055064,-0.04254123123498942,-0.4775115634679504,0.05425521570676618,0.04967504233104462,0.20217989957081417,-0.43085541719145776,-0.010377640233058993,-0.053751232882085026
3691.0,11.226889155792964,6.846659073968877,27.27425680057517,0.018516837404960542,-0.016189932793285823,-0.15581066945327024,2.6436500272882713,3.4027785545802742,-7.2157,0.0,7.5938950253,3.443880519388603,0.05681939491419473,-0.04967922787773376,-0.47810907261834784,0.05417573314726701,0.04919098398223011,0.2022716085533609,-0.4325933431397736,-0.010310546934505699,-0.05403693616303738
3692.0,11.216116939703129,6.827699345612801,27.409348329295312,0.014665537164280245,-0.01794457916951028,-0.15587549922079633,2.6509502504114146,3.3928818647976215,-7.2157,0.0,7.5938950253,3.434817480815179,0.04504480097929748,-0.05511628986332516,-0.47876738242161787,0.054094247938744844,0.04875477869397898,0.20224009755781763,-0.4343179798252204,-0.010242514633852473,-0.05431805439496525
3693.0,11.205467934658454,6.809254098631635,27.54400031509391,0.010832958641531595,-0.019142949167130618,-0.15598308385251058,2.6544271850508587,3.381529137041609,-7.2157,0.0,7.5938950253,3.4277249615900263,0.0333047604416833,-0.05885292811091791,-0.4795531315652084,0.05401332263204231,0.04837486055641946,0.20209821700172054,-0.43604839573454435,-0.010175888287347569,-0.054588300955650024
3694.0,11.194938892212335,6.791887074766348,27.678268129521662,0.0070364301149815085,-0.019789268488379037,-0.15614863814953675,2.6541101554462774,3.3692660828137755,-7.2157,0.0,7.5938950253,3.4226209919525723,0.021653089828810052,-0.06089718809442585,-0.4805136174520453,0.053935473136271006,0.04805928344465291,0.20185911740976226,-0.4378034451658215,-0.010112999154508322,-0.05484279758405866
3695.0,11.18452428660884,6.776148871255405,27.812219899501752,0.003292249345230313,-0.019889756308784153,-0.15638104341474485,2.6500431256656336,3.3566337912028588,-7.2157,0.0,7.5938950253,3.419515080052546,0.010140618146717151,-0.061263410698477565,-0.48167689636010474,0.05386316730384107,0.047815730347629065,0.20153610454885543,-0.4396015871350841,-0.010056152887920191,-0.05507805951192671
3696.0,11.174216392158057,6.762575114791989,27.945930055901368,-0.0003843487754627982,-0.019452331193193097,-0.1566830416981035,2.6422840197913047,3.3441666309125724,-7.2157,0.0,7.5938950253,3.418408483879417,-0.0011849435208705695,-0.05997134708039072,-0.48305228725369365,0.05379882514134042,0.047651518053583225,0.20114252911817718,-0.4414607293120793,-0.010007619317130647,-0.05529195123958983
3697.0,11.164005360411487,6.751684911491687,28.079473148820703,-0.003979209725117144,-0.018486433116987135,-0.15705154049162054,2.630903999931096,3.3323903949184195,-7.2157,0.0,7.5938950253,3.419294516573267,-0.012279085382419858,-0.05704562120137976,-0.4846312228693617,0.05374481996785254,0.04757359550636135,0.20069170793049035,-0.443398093978173,-0.0099696235155333,-0.05548361778160929
3698.0,11.153879296610743,6.743979456785675,28.21291803430447,-0.007479263733773936,-0.017002952428002815,-0.15747801104089848,2.6159867091052407,3.3218205861843213,-7.2157,0.0,7.5938950253,3.4221588706013533,-0.023100540070108682,-0.052515514608687364,-0.4863883978023187,0.05370347986768631,0.04758853478122761,0.2001968722480159,-0.44543010269862743,-0.009944337721168647,-0.05565339571688446
3699.0,11.14382433546484,6.73994069984613,28.34632252121957,-0.010872518492890728,-0.015014251761985151,-0.15794896575916317,2.5976274876029475,3.31296075308985,-7.2157,0.0,7.5938950253,3.4269799467562803,-0.03361128556989782,-0.04641503290340703,-0.48828316981687225,0.05367708881858721,0.047702514221200004,0.19967113808795334,-0.44757227637526176,-0.009933873691646222,-0.055802707834959685
3700.0,11.133824716845863,6.74002997233976,28.479728553337758,-0.01414804139841859,-0.012534263389434629,-0.15844650233119895,2.5759325727639593,3.306300797513909,-7.2157,0.0,7.5938950253,3.4337291748258507,-0.04377651333400887,-0.03878320206646387,-0.49026117656144985,0.053667886919195856,0.04792129381195287,0.1991274928534762,-0.44983914753792,-0.00994027510581907,-0.055933944646411216
3701.0,11.12386286247241,6.744686509755286,28.613157989871087,-0.01729593235356933,-0.00957864214588516,-0.15894890377819348,2.55101829321316,3.302315195684637,-7.2157,0.0,7.5938950253,3.4423713140706487,-0.053564564481517696,-0.029664535243326514,-0.49225613465911666,0.05367806919184159,0.048250183346729245,0.19857879252967936,-0.45224418209091,-0.009965509676156855,-0.05605033556888615
3702.0,11.113919455066325,6.754325814106659,28.74660903733607,-0.02030728805009027,-0.006164952878424831,-0.15943128491574013,2.5230102692635965,3.3014610908121367,-7.2157,0.0,7.5938950253,3.4528647232945224,-0.0629468367261471,-0.01910960642826325,-0.4941917914335353,0.05370978250034844,0.0486940043382366,0.19803776386012512,-0.4547997082057377,-0.010011460701798203,-0.056155812238526184
3703.0,11.103973521811078,6.769337828422133,28.880053376112915,-0.023174158613332472,-0.0023128711153183896,-0.1598662762546328,2.4920426314246646,3.3041762361459446,-7.2157,0.0,7.5938950253,3.4651615922761883,-0.07189766462078986,-0.007175666419431703,-0.4959840012365082,0.0537651201991453,0.04925704697041184,0.19751700633724265,-0.45751685060283387,-0.010079917869066939,-0.05625486613786049
3704.0,11.094002524198364,6.790084915145017,29.01343401587744,-0.02588949752918384,0.0019556236837167656,-0.16022473651177851,2.45825726864633,3.310876786530546,-7.2157,0.0,7.5938950253,3.479208128614471,-0.08039417585627692,0.006072761905100677,-0.49754289858786727,0.053846114221048784,0.049943023649135276,0.19702898944931102,-0.46040546905802887,-0.01017256719014124,-0.05635240257020738
3705.0,11.083982456511087,6.816899651558848,29.146663904745598,-0.028447105856748242,0.006616081528264044,-0.16047648460807348,2.4218031170593344,3.3219549549736738,-7.2157,0.0,7.5938950253,3.4949446965851743,-0.08841612665935716,0.020563367863759695,-0.4987751393904962,0.05395472441733422,0.05075502090839926,0.19658604138113644,-0.4634741005756871,-0.010290980058172272,-0.056453592931501775
3706.0,11.073887955243771,6.850082474878678,29.279625307125535,-0.03084157185242146,0.01164145912552981,-0.16059104145253486,2.382835498525619,3.3377765675152693,-7.2157,0.0,7.5938950253,3.512305907363409,-0.09594571975173381,0.03621566955484639,-0.49958617970485336,0.0540928250847934,0.051695451558746344,0.19620032622090638,-0.46672990526579006,-0.010436601485300193,-0.05656372721154527
3707.0,11.06369242169463,6.889899227095923,29.412169954695113,-0.03306820726991223,0.017002055528377115,-0.16053837108195268,2.3415155163146584,3.3586785642290704,-7.2157,0.0,7.5938950253,3.5312206628668528,-0.10296740880238468,0.052940807700335234,-0.4998825593640422,0.05426218874876454,0.052766009030119375,0.19588380764131536,-0.47017861652631054,-0.01061073767573652,-0.056688068673765184
3708.0,11.053368159768286,6.936578664502962,29.544119963528885,-0.03512298173791468,0.02266551779655341,-0.16028960997742356,2.2980095127258133,3.384966506060234,-7.2157,0.0,7.5938950253,3.551612158442728,-0.10946769377276636,0.07064155258424266,-0.49957415548872847,0.054464467415524104,0.05396762586409245,0.1956481979613947,-0.47382449664653536,-0.010814543166539351,-0.05683171269193777
3709.0,11.04288653069951,6.990310008631601,29.675269498238038,-0.03700245673505506,0.028596924966475062,-0.15981777273745182,2.2524885905741745,3.416912156073641,-7.2157,0.0,7.5938950253,3.57339785255796,-0.11543491196607442,0.08921254984883566,-0.4985763690950881,0.05470117165737402,0.05530043825350698,0.19550489242236233,-0.4776702993942781,-0.011049007841177547,-0.056999451742837444
3710.0,11.03221812594639,7.051240623791829,29.805387151230388,-0.038703720765315947,0.03475895514124721,-0.15909842185809608,2.20512819726951,3.4547512093451043,-7.2157,0.0,7.5938950253,3.5964894144467245,-0.12085902990163683,0.10854082025442591,-0.49681220679646715,0.054973648043246545,0.05676375841371975,0.1954648893956376,-0.48171724151356227,-0.011314944182843612,-0.05719564854825417
3711.0,11.021332958912197,7.119473911267852,29.93421899211632,-0.04022432737439034,0.0411121369550093,-0.1581102892379099,2.1561077668939563,3.4986812480690315,-7.2157,0.0,7.5938950253,3.62079266319882,-0.1257314413069432,0.1285065176217905,-0.4942142193282948,0.05528305556949039,0.05835605640201847,0.19553869805715504,-0.4859649853232799,-0.011612975183245063,-0.05742411931569694
3712.0,11.010200675452444,7.195067511389604,30.06149222922842,-0.04156223762980676,0.047615183141984686,-0.15683583724917338,2.1056104123931387,3.5488599974846617,-7.2157,0.0,7.5938950253,3.6462075139049426,-0.1300447765261104,0.1489839384034629,-0.4907262594477641,0.055630341871651334,0.060074952783478526,0.19573623578658791,-0.49041163475658595,-0.011943523355983436,-0.0576880289364011
3713.0,10.998790782328172,7.278031902120683,30.186919412587777,-0.042715768610231186,0.05422540055302179,-0.15526174783337612,2.0538226569174034,3.605403954042037,-7.2157,0.0,7.5938950253,3.6726279480786466,-0.1337927284685537,0.1698427659932429,-0.4863050237716774,0.05601622010009019,0.06191722327610832,0.19606671816464755,-0.49505374720226125,-0.012306801319600423,-0.05798979985814929
3714.0,10.987072891907385,7.368329476557847,30.310203095868275,-0.04368354931059162,0.060899167806260715,-0.15337932910215435,2.000934190664803,3.668387450033641,-7.2157,0.0,7.5938950253,3.6999420265242056,-0.13696989985916322,0.19094952327757492,-0.48092134634522443,0.0564411474119534,0.06387881619954944,0.19653854493215517,-0.499886363393063,-0.012702804412309844,-0.05833103615846469
3715.0,10.975016980529604,7.465874171992178,30.43104086441823,-0.04446448517130633,0.06759246892123065,-0.1511848303490555,1.947137637453803,3.737842208986903,-7.2157,0.0,7.5938950253,3.728031963005275,-0.1395716760046038,0.2121691983226463,-0.4745612161479893,0.05690530606190829,0.06595488320466687,0.19715918563116996,-0.5049030573266997,-0.01313130577724971,-0.058712464103056354
3716.0,10.96259365707593,7.570531710207355,30.54913062762123,-0.04505773218656978,0.0742614688460141,-0.14867965817912876,1.8926283138366857,3.813757433799478,-7.2157,0.0,7.5938950253,3.756774276407877,-0.1415941265710801,0.23336700070917046,-0.46722649625574,0.057408588058246876,0.06813982338209983,0.197935068865078,-0.5100960078029925,-0.013591854313361532,-0.05913389018888536
3717.0,10.949774437474606,7.682120492856526,30.664176067208835,-0.04546268124559947,0.08086311481494882,-0.14587048860322624,1.8376039629658325,3.896080455321507,-7.2157,0.0,7.5938950253,3.7860400375350185,-0.1430339389961095,0.2544102000714339,-0.4589353288578004,0.057950584285629735,0.07042734044386781,0.198871479188752,-0.5154560926235047,-0.01408377582312248,-0.05959417734597764
3718.0,10.936532020167926,7.800413177536495,30.775892128923715,-0.0456789530215056,0.08735574603000994,-0.1427692723683966,1.7822644457131496,3.9847179533203336,-7.2157,0.0,7.5938950253,3.815695224216161,-0.1438883851561846,0.2751699940332305,-0.44972221761169795,0.05853057887973145,0.07281051225302676,0.19997246557239465,-0.5209730058428603,-0.014606177605628975,-0.06009123961315836
3719.0,10.922840557016526,7.92513894013364,30.884010443456155,-0.0457064033565529,0.09369969329241862,-0.13939313343742338,1.7268113727373238,4.079537745022749,-7.2157,0.0,7.5938950253,3.8456011951108913,-0.14415532181523769,0.29552335009140773,-0.4396377866959255,0.059147549474273024,0.07528187155390689,0.20124076517710726,-0.5266353977076137,-0.015157956644256954,-0.060622055217180275
3720.0,10.90867591376394,8.05598640780764,30.988284564042722,-0.0455451387133076,0.09985784996003,-0.1357641633085034,1.671447663261112,4.180371119272066,-7.2157,0.0,7.5938950253,3.875615288535575,-0.1438332242223582,0.3153547651720508,-0.4287482241613465,0.059800173732567366,0.07783349634356748,0.20267774584291703,-0.5324310361001445,-0.0157378114256075,-0.061182697580425466
3721.0,10.894015914061793,8.192607225341808,31.088494912631322,-0.045195540883178405,0.10579619599414891,-0.13190911668636598,1.6163770191757387,4.287015677339567,-7.2157,0.0,7.5938950253,3.905591548002241,-0.1429212510526781,0.33455788762837646,-0.4171344255133363,0.060486842332187485,0.08045710793958173,0.204283370230045,-0.5383469874592669,-0.016344257304933312,-0.06176838336926184
3722.0,10.878840561187639,8.334620196315695,31.184453334078718,-0.04465829978286584,0.11148425789265115,-0.12785901677301087,1.5618033065972803,4.399238625178347,-7.2157,0.0,7.5938950253,3.9353815711373485,-0.14141933773793383,0.3530369493697729,-0.40489086158179344,0.061205678304048106,0.08314417445718686,0.20605618398359363,-0.5443698143183613,-0.01697564520777795,-0.06237353628507966
3723.0,10.863132231983396,8.481615920471578,31.276007168328217,-0.04393445284142873,0.11689548896982296,-0.12364868102439397,1.5079298409851043,4.516780446980428,-7.2157,0.0,7.5938950253,3.96483547349115,-0.13932831416071942,0.3707079605598376,-0.3921242023317095,0.06195456234978015,0.0858860171275971,0.20799332962577827,-0.5504857858299737,-0.01763018333377072,-0.06299186490720125
3724.0,10.846875838197619,8.633161830572613,31.363042763657756,-0.0430254292020983,0.12200755669819324,-0.1193161804980444,1.454958576189092,4.639358876845488,-7.2157,0.0,7.5938950253,3.9938029537271245,-0.13665004173760156,0.38749962578636654,-0.3789517349947509,0.06273116348899492,0.08867391668539538,0.2100905871369776,-0.5566810969760388,-0.01830596141229946,-0.06361645253774495
3725.0,10.830058951309002,8.788807516765127,31.44548836949704,-0.04193309674867392,0.12680252660825805,-0.1149022477754017,1.4030892020975747,4.766673074691971,-7.2157,0.0,7.5938950253,4.022134442073156,-0.13338756413853242,0.40335394860676166,-0.3654996204230402,0.06353297413657513,0.09149921694066743,0.21234244138955155,-0.5629420916337081,-0.01900097695694177,-0.06423985669148156
3726.0,10.812671888005895,8.948090214650135,31.52331636446224,-0.040659809829445295,0.13126693545539028,-0.110449649769277,1.3525181596868363,4.898407904665305,-7.2157,0.0,7.5938950253,4.04968230998483,-0.12954526532689575,0.41822650065377903,-0.35190103555924335,0.06435734849449286,0.09435342264154101,0.2147421757724015,-0.569255484309217,-0.01971316288139989,-0.06485421563801881
3727.0,10.79462816603893,9.110532868839561,31.5965637959069,-0.039204558359995055,0.13539101082907543,-0.10600294682851302,1.3034383305743082,5.034238074278248,-7.2157,0.0,7.5938950253,4.0762947945613135,-0.1251175135194517,0.43208716885087267,-0.33829803695612576,0.06549519584212665,0.09762929806232522,0.2169338412922634,-0.5743233367076321,-0.02029603446231197,-0.06561187662833917
3728.0,10.77565297474396,9.275631553233765,31.66536409106508,-0.037557208593517064,0.13916661302675828,-0.10160964328880809,1.2560478443660628,5.17383014055087,-7.2157,0.0,7.5938950253,4.101801412682895,-0.12007122344039722,0.44491872836000834,-0.32484826854612153,0.06679248357646118,0.1011153572090264,0.21908409658105382,-0.5787783789295181,-0.020819981997691972,-0.06642271311513734
3729.0,10.755734237685935,9.4429018468938,31.729841347169142,-0.03572063679503999,0.1425913127625228,-0.0973174365768694,1.2105448557893324,5.316846272208524,-7.2157,0.0,7.5938950253,4.126055574685276,-0.11441115133520467,0.4567117982013073,-0.3117021689069226,0.06810688985801805,0.10461357597985077,0.22134824148967241,-0.5832181718500035,-0.021351239603561827,-0.06720165505942827
3730.0,10.734878044013799,9.61186775504713,31.790165148839716,-0.03369915565270502,0.145666680060135,-0.09317371579481529,1.1671200230793088,5.462948976150549,-7.2157,0.0,7.5938950253,4.148918778896582,-0.10814616686615018,0.4674684805450595,-0.2990098719306197,0.06943456369878721,0.108114776877704,0.22371752233960857,-0.5876390438044856,-0.02188838550460067,-0.06793901215916397
3731.0,10.713094198799112,9.782065208952229,31.846552945098626,-0.03149785013099906,0.14839768372564588,-0.08922498434584263,1.1259551455917296,5.611804553105534,-7.2157,0.0,7.5938950253,4.170260655846695,-0.10128735142966935,0.47720108770457426,-0.2869199741619781,0.07077174966060695,0.11161029783307172,0.22618267798874653,-0.5920385194701459,-0.02243004894897368,-0.0686251863475418
3732.0,10.690396017397937,9.953046130081379,31.899268467195178,-0.02912259326636629,0.15079210619838906,-0.08551628637047373,1.087221874484538,5.76308602130698,-7.2157,0.0,7.5938950253,4.189960108774399,-0.09384809846085734,0.48593036685267016,-0.2755778233723367,0.07211482191404495,0.11509202371484545,0.228734136987556,-0.5964153682789958,-0.022974925137678147,-0.06925078379216104
3733.0,10.66680009015494,10.124381764540614,31.948619580070233,-0.02658005012839866,0.1528598775026527,-0.08209069396639952,1.0510804679389767,5.916475432827337,-7.2157,0.0,7.5938950253,4.207906331713277,-0.08584418187123194,0.4936834604059684,-0.2651239718791229,0.07346031165057475,0.11855239479402702,0.23136222179641214,-0.6007696270206626,-0.023521787652301465,-0.06980671750254605
3734.0,10.642326025255926,10.295665202619796,31.994955639514355,-0.0238776697245688,0.15461234754465067,-0.07898885995864582,1.0176786121646961,6.0716655160586335,-7.2157,0.0,7.5938950253,4.223999686561163,-0.07729379085542662,0.5004916557031645,-0.2556928080494424,0.07480492706767301,0.12198439182675161,0.23405735490178103,-0.6051025956905178,-0.02406949806146596,-0.07028429966979441
3735.0,10.61699617794722,10.466513022038916,32.03866442985563,-0.02102366519651684,0.1560615176187379,-0.07624863672911483,0.987150327477625,6.2283605966807665,-7.2157,0.0,7.5938950253,4.238152425358149,-0.06821753101168027,0.5063879831785929,-0.24741136676436926,0.07614556538903333,0.1253814981406236,0.23681026159901186,-0.6094168060675621,-0.024617012471007227,-0.07067532368846817
3736.0,10.590835374463552,10.636566018381494,32.080168755241196,-0.018026983208301706,0.1572192528468282,-0.07390475741113527,0.9596149764048827,6.386276769456131,-7.2157,0.0,7.5938950253,4.2502892489253625,-0.058638393438104994,0.5114047257908183,-0.2403983069128361,0.07747931663613514,0.1287376397964264,0.239612164302606,-0.6137159628576913,-0.02516338487029394,-0.07097213665890674
3737.0,10.56387063884847,10.805489011412025,32.11992275147386,-0.014897263931518646,0.15809649743462098,-0.07198857186340347,0.9351763882697754,6.545141313661252,-7.2157,0.0,7.5938950253,4.260347697750773,-0.04858169509890559,0.5155709041526457,-0.23476303198697504,0.0788034591222027,0.13204710553533977,0.24245496347898443,-0.6180048575004778,-0.025707767212832376,-0.07116770398542244
3738.0,10.53613093043246,10.972969740610157,32.15840797541609,-0.011644793461453615,0.1587025141950534,-0.07052782650040426,0.9139221122467424,6.704691365319059,-7.2157,0.0,7.5938950253,4.268278375291098,-0.03807499521369475,0.5189098019110496,-0.23060491929927066,0.08011544688604703,0.1353044487969867,0.24533140064056874,-0.6222892549115697,-0.02624940624985514,-0.07125566841920286
3739.0,10.507646899082646,11.138716886644147,32.19612931589992,-0.008280450829674848,0.15904416890575424,-0.06954647448401965,0.8959228086320812,6.864671879151802,-7.2157,0.0,7.5938950253,4.274045007492345,-0.027147993629972743,0.521436594836621,-0.22801261490654445,0.08141288951455579,0.13850437460108467,0.24823519925603793,-0.6265757535299284,-0.026787637208340837,-0.0712304064936205
3740.0,10.478450664488886,11.302457277185527,32.23361075479828,-0.004815651994339386,0.15912527889285322,-0.06906450114295486,0.8812317861941865,7.024832931996985,-7.2157,0.0,7.5938950253,4.277624345188541,-0.015832418027907375,0.5231561452531004,-0.227063345580093,0.0826935250144024,0.1416416145277599,0.2511611798805538,-0.6308716190820364,-0.02732187446830397,-0.07108708571871095
3741.0,10.448575624741446,11.463932355193686,32.27139099048117,-0.0012622932786334295,0.1589460439256052,-0.06909774890460758,0.8698846920404026,7.184926437127702,-7.2157,0.0,7.5938950253,4.279005918065984,-0.004161907326961394,0.524061021319602,-0.2278221965611352,0.08395518658416873,0.14471079341711593,0.25410534625466563,-0.6351845924960695,-0.02785159944782131,-0.07082172610261556
3742.0,10.418056298322593,11.622894005539841,32.31001891944918,0.0023673033154184256,0.1585025762002698,-0.06965772657072791,0.8618993595030694,7.344702355442076,-7.2157,0.0,7.5938950253,4.2781916500977655,0.007828101219734786,0.5241297986629688,-0.23034130471611608,0.08519576430804439,0.1477062917493497,0.25706493953150167,-0.6395226724377654,-0.028376345948799748,-0.07043126952071449
3743.0,10.38692820241287,11.779099851733529,32.35004895669551,0.006060440666396065,0.15778654498314343,-0.07075138946932064,0.8572758190806755,7.503904504891041,-7.2157,0.0,7.5938950253,4.275195346842487,0.020100474065936513,0.5233257002206461,-0.23465892126335242,0.08641316294376183,0.15062210797509415,0.26003845814956883,-0.643893873041559,-0.028895683253556344,-0.06991366013633532
3744.0,10.35522776913343,11.93230814881808,32.392036162475044,0.009804091019231041,0.1567849504130387,-0.07238087985371129,0.8559964773851704,7.662266083922024,-7.2157,0.0,7.5938950253,4.270042064896057,0.032616466111857804,0.5215956290048057,-0.24079830657061663,0.08760525711348846,0.15345172535171048,0.2630256411679803,-0.6483059576235572,-0.02940919729421776,-0.0692679384768726
3745.0,10.322955721783474,12.082271041867017,32.43653819899983,0.013587821800406038,0.15547975432141184,-0.07454331829294222,0.8580270118020211,7.819504987322291,-7.2157,0.0,7.5938950253,4.262766054544726,0.045345584505046714,0.5188705328910629,-0.2487676383008053,0.08893334352371357,0.15625395558827163,0.2658714496396829,-0.6522180837651129,-0.029787140740003826,-0.06850695809263335
3746.0,10.289985946387652,12.228720264334337,32.48413029253485,0.017411219283980647,0.15384666732281221,-0.07723172233792482,0.8633255113908959,7.975318126097677,-7.2157,0.0,7.5938950253,4.25340213823666,0.058291285086128,0.5150655906514116,-0.2585652544526106,0.09035963515581173,0.15900681407660042,0.2686112326344493,-0.6557550240389297,-0.03005826993367032,-0.06762975917307415
3747.0,10.256343323458756,12.371369596016887,32.53534816392633,0.02126198397453596,0.15185724053391542,-0.08043414731775296,0.8718414079854689,8.129376247923727,-7.2157,0.0,7.5938950253,4.24199334809316,0.07141681248592902,0.5100728175145729,-0.2701700096913427,0.09174686236631847,0.16164707483197877,0.27137641876556146,-0.6593739528054655,-0.030329099713631666,-0.06662871740015527
3748.0,10.222079007106064,12.509911397866622,32.590703403545184,0.025125491694101224,0.14947891987270803,-0.08413213140966488,0.8835085363447204,8.281319987557271,-7.2157,0.0,7.5938950253,4.228591410309351,0.08467682437790476,0.5037672655469587,-0.28353840006989905,0.0930919339115135,0.16416470094749114,0.27417122325859117,-0.6630802775592958,-0.0305994404295992,-0.06550810006313562
3749.0,10.187245355029726,12.644011169396848,32.65068129474424,0.028986754561210425,0.14667545164967022,-0.08830012484523984,0.8982457549358858,8.43075592298581,-7.2157,0.0,7.5938950253,4.2132552464110375,0.09802391714661764,0.49600938558295826,-0.2986027326235569,0.09439147962025943,0.16654866102006471,0.27700050624785727,-0.6668777085451987,-0.030869028901626048,-0.06427399166873086
3750.0,10.151896029438548,12.773303062860645,32.71573351094532,0.03283041226075746,0.14340763963911526,-0.09290495793879111,0.9159581377054923,8.577253220438777,-7.2157,0.0,7.5938950253,4.196049842421868,0.11140851906908715,0.4866473387080926,-0.3152687726224046,0.09564181000540116,0.16878691506681548,0.27986952423516787,-0.6707679252440176,-0.0311375140276424,-0.06293447460005892
3751.0,10.116086121435261,12.897386148906904,32.78627034187193,0.036640719354037454,0.13963431757523476,-0.0979053416936515,0.9365383703354615,8.720341101926813,-7.2157,0.0,7.5938950253,4.177045046980091,0.12477876983193381,0.47552009568937337,-0.3334134348856017,0.09683888304703038,0.17086644040627783,0.2827836350468921,-0.6747502405480991,-0.03140444268785344,-0.061499805370304
3752.0,10.079872291815047,13.015821656468429,32.86265250017495,0.04040153242261242,0.13531353728161272,-0.10325144179829313,0.9598683442120804,8.859507345743147,-7.2157,0.0,7.5938950253,4.156314310725282,0.138080399400415,0.462461351136044,-0.3528826622971728,0.09797828010211064,0.17277330273397462,0.285747958013874,-0.6788212719868144,-0.03166924639518602,-0.059982575311152114
3753.0,10.043312920195294,13.128131411116897,32.945182603341955,0.04409630172994022,0.13040396477771687,-0.10888457408045575,0.9858209337471996,8.994198028233718,-7.2157,0.0,7.5938950253,4.133933382883178,0.15125662285616617,0.44730425331654317,-0.3734896649022025,0.09905519292361378,0.17449277682340428,0.2887669930628066,-0.6829746316401176,-0.03193122922449161,-0.058397842212535384
3754.0,10.006468253485037,13.233797690293581,33.03409647569528,0.047708072834430106,0.12486646665703177,-0.11473707515029948,1.014261933065331,9.123818704529988,-7.2157,0.0,7.5938950253,4.109978985763593,0.1642480710987822,0.42988691587929373,-0.3950137190063217,0.1000644237489479,0.1760095200594644,0.29184420491091545,-0.6872006486324486,-0.032189557635145166,-0.0567632174263944
3755.0,9.969400543947366,13.332264698453766,33.12955446944555,0.051219504108529955,0.11866585682521567,-0.12073240516810992,1.045052116566435,9.247737204656351,-7.2157,0.0,7.5938950253,4.084527493797415,0.17699277993300508,0.41005863387750185,-0.41719974432831314,0.10100040032438623,0.17730780030650142,0.2949815815867469,-0.6914861401330247,-0.03244325287408003,-0.05509889151601827
3756.0,9.932174166550462,13.422941837977168,33.231633059283254,0.05461290631206148,0.1117727596202942,-0.12678553947214058,1.0780493749271793,9.365288187403952,-7.2157,0.0,7.5938950253,4.057653650573217,0.18942626165243243,0.3876866740705249,-0.43975888476915503,0.10185720754978742,0.17837177740186952,0.29817917997631277,-0.6958142483554471,-0.03269118669916671,-0.05342758096583519
3757.0,9.894855704993255,13.505208910654915,33.34031701806572,0.057870310133042384,0.10416553004736102,-0.13280370125024132,1.113110864473867,9.475779545947292,-7.2157,0.0,7.5938950253,4.029429364707623,0.20148168336373626,0.36266345029374375,-0.46237031084365193,0.10262863713571307,0.17918583486650655,0.301434674844549,-0.7001643618647344,-0.03293208118449522,-0.05177437907500603
3758.0,9.857513995786578,13.578423328180257,33.45549252715438,0.06097356685367879,0.09583215637058325,-0.13868747770638593,1.150095094656384,9.578500695483507,-7.2157,0.0,7.5938950253,3.99992263269675,0.21309017456197105,0.3349138320653388,-0.4846844355511112,0.10330825624381897,0.17973495531334233,0.30474293153385895,-0.704512139260248,-0.033164513346985725,-0.05016649623845923
3759.0,9.820220120130259,13.641929337795636,33.57694160859372,0.0639044859564731,0.08677205603060084,-0.14433234670816608,1.1888638670092386,9.672732694475016,-7.2157,0.0,7.5938950253,3.96919664332062,0.22418128252417394,0.3044022734405416,-0.5063276874928511,0.10388949551565482,0.1800051296586468,0.30809562591706086,-0.7088296517187924,-0.03338692525563787,-0.048632878607483165
3760.0,9.783047334110035,13.695069181864103,33.70433828202384,0.066645011533207,0.07699766454797026,-0.14963061961038723,1.2292839711832537,9.75776005919662,-7.2157,0.0,7.5938950253,3.9373091226674823,0.2346835877318017,0.27113939584335867,-0.5269089139132506,0.10436575617657945,0.1799837868211943,0.3114809377135853,-0.7130856577201183,-0.03359764014055586,-0.047203699738111275
3761.0,9.746070928998138,13.737196010105396,33.83724684164095,0.06917743683920852,0.06653571069035583,-0.15447377937842455,1.2712285411441162,9.832884029888548,-7.2157,0.0,7.5938950253,3.904311980216848,0.24452548277890632,0.23518762073265395,-0.5460273928186741,0.10473053503364188,0.17966022741876134,0.3148833444418388,-0.7172460184106928,-0.03379488480278494,-0.04590972722137558
3762.0,9.70936801521555,13.767688254961497,33.97512261323389,0.0714846533671849,0.055428071668142995,-0.1587551626078936,1.3145779791089036,9.897436941526397,-7.2157,0.0,7.5938950253,3.8702513134350998,0.2536361073800383,0.19666543342215,-0.5632823210811749,0.10497756518806878,0.17902604238096687,0.31828354255630664,-0.7212742555233072,-0.033976818338521245,-0.04478157515630572
3763.0,9.673017225815828,13.78596507040464,34.11731548557771,0.07355042760565106,0.04373211112214942,-0.16237290171512211,1.3592203674732453,9.950797250514066,-7.2157,0.0,7.5938950253,3.8351678198905734,0.26194641980501343,0.15574987545119176,-0.578283521418435,0.10510096919325473,0.17807549574979392,0.3216585192660889,-0.7251322457948215,-0.03414156684134329,-0.0438488631223081
3764.0,9.63709833815906,13.791502330598854,34.26307641394631,0.07535969548357609,0.03152042118210197,-0.16523301237954155,1.4050513104166058,9.992404679376893,-7.2157,0.0,7.5938950253,3.7990976512219614,0.2693903723208378,0.11267691494064845,-0.5906629855519957,0.10509542026895098,0.1768058505648663,0.32498179288740187,-0.7287810368732173,-0.0342872633522868,-0.0431393122205843
3765.0,9.601691815695169,13.7838485965133,34.41156696895785,0.07689886173020227,0.018879917947412866,-0.1672524847091959,1.4519731766484507,10.021774874309605,-7.2157,0.0,7.5938950253,3.762073722203695,0.27590614627675036,0.06773943444270847,-0.6000867564623701,0.10495630611486684,0.17521761787946305,0.3282238313469276,-0.7321817604580667,-0.03441209191795079,-0.042677817764825786
3766.0,9.566878275353208,13.762640395550905,34.561871857505274,0.0781560893606293,0.005910276210521488,-0.1683622181664986,1.4998937513353898,10.038512934317051,-7.2157,0.0,7.5938950253,3.724127461233854,0.2814373927397204,0.02128270158689231,-0.6062665635433455,0.1046798889535743,0.17331471174135432,0.3313526479619425,-0.7352966097271492,-0.034514334227432025,-0.0424855451862562
3767.0,9.532737889769377,13.727616130414539,34.71301418352702,0.07912156356340326,-0.007278268343437004,-0.16850963324495935,1.5487243459550295,10.042325173089017,-7.2157,0.0,7.5938950253,3.685290957325522,0.2859344184512332,-0.026302657990890252,-0.6089705740801914,0.10426345478478596,0.1711044973403272,0.3343345615759562,-0.7380898409020467,-0.034592416970350065,-0.04257909960070033
3768.0,9.499349737265675,13.678627945677123,34.86397305685239,0.07978771465402064,-0.020567676479475445,-0.16766079949500146,1.598377456033972,10.033028520149491,-7.2157,0.0,7.5938950253,3.6455994255276316,0.289355255449538,-0.07458999555919946,-0.6080326235325408,0.1037054445593299,0.1685977252170949,0.3371350955545303,-0.7405287539964491,-0.034644957830809786,-0.04296981941229967
3769.0,9.46679111586273,13.615650937535639,35.01370301182677,0.08014938656246283,-0.033835306641924114,-0.1658019405766541,1.6487640942627073,10.010557056732221,-7.2157,0.0,7.5938950253,3.605093880803418,0.291666556627643,-0.12312792154684186,-0.603359341402897,0.10300556017135185,0.1658083510071631,0.3397199783051198,-0.742584606099376,-0.034670807939980265,-0.043663239839474746
3770.0,9.43513684041007,13.538789193587835,35.16115457737978,0.08020394046114826,-0.04695740844597437,-0.16294021161914293,1.6997909561442455,9.9749653102536,-7.2157,0.0,7.5938950253,3.5638238833342353,0.2928442687818475,-0.1714530216493934,-0.5949346983753454,0.10216483887585531,0.16275324707874855,0.3420561982085586,-0.7442334123989923,-0.03466908867534712,-0.044658763403146104
3771.0,9.404458543893886,13.44827829023,35.305295258414844,0.07995128734744164,-0.05981273172905015,-0.15910368953180007,1.7513575935399848,9.926428090721146,-7.2157,0.0,7.5938950253,3.5218501995088545,0.292874048650859,-0.2191033751117599,-0.5828216562163793,0.10118569097018501,0.1594518189685587,0.34411305934533154,-0.7454565955882686,-0.03463922092363557,-0.04594956184308783
3772.0,9.374824004929014,13.344484046177431,35.445130153326495,0.07939384825312475,-0.07228606333106624,-0.1543405687445373,1.803353775825342,9.865236830770792,-7.2157,0.0,7.5938950253,3.479247215406639,0.29175140470712846,-0.2656321740489131,-0.5671607904803084,0.10007189727848612,0.1559255450966805,0.34586318205428473,-0.7462414529255085,-0.03458094530443586,-0.04752271877344111
3773.0,9.346296523223621,13.227897518940201,35.57972144802021,0.07853644574624206,-0.08427150801997181,-0.14871760790458063,1.8556572080597846,9.791792573772257,-7.2157,0.0,7.5938950253,3.436104945167944,0.28948156622628324,-0.31062073026190545,-0.5481659585251125,0.09882856503493358,0.15219746233549167,0.34728339458737917,-0.7465814212781472,-0.03449433235242125,-0.04935960617497401
3774.0,9.318934363380928,13.099126422067485,35.70820609184609,0.07738613498292288,-0.09567534914475292,-0.14231792186366363,1.9081317515725662,9.706595926509353,-7.2157,0.0,7.5938950253,3.392530495558132,0.28607909941265863,-0.3536902020673679,-0.5261172809059735,0.09746204301307383,0.14829162228226556,0.3483554687794094,-0.7464761328996913,-0.03437978223325192,-0.05143647222794797
3775.0,9.292790284836082,12.958883319490253,35.829811069241515,0.07595198628370745,-0.10641835641837334,-0.13523825300242698,1.9606262572555386,9.610234440550789,-7.2157,0.0,7.5938950253,3.348648878939464,0.2815673061882592,-0.3945114724686407,-0.5013518731328811,0.09597979900303369,0.14423254342728098,0.34906666305420087,-0.7459312672831099,-0.03423801416902651,-0.053725204601768606
3776.0,9.26791117218316,12.807971105667466,35.9438658224021,0.07424483370558062,-0.11643744901953527,-0.12758588298686255,2.0129740794531066,9.503367998723236,-7.2157,0.0,7.5938950253,3.3046031069442297,0.27597745313248934,-0.43281274973399325,-0.4742528912113046,0.09439026479781101,0.14004468292859354,0.34941004912282425,-0.7449582160351986,-0.03407004631951131,-0.056194223401873945
3777.0,9.244337775876923,12.647266395764662,36.049811542069364,0.07227700518436397,-0.1256866674431917,-0.11947535858413988,2.0649932931035,9.386712853297569,-7.2157,0.0,7.5938950253,3.2605535424670933,0.26934788504795215,-0.4683846261780733,-0.4452375284213563,0.09270265553672097,0.13575194870083118,0.3493846130202908,-0.7435735873436483,-0.03387716735720541,-0.05880945231171962
3778.0,9.222104568603303,12.477701522074542,36.1472072116266,0.0700620495415992,-0.13413745258184268,-0.11102520316751735,2.116487593164047,9.261024988374997,-7.2157,0.0,7.5938950253,3.2166765336995446,0.2617230794503603,-0.5010825031389056,-0.4147446193727389,0.0909267714335823,0.1313772684279909,0.3489951352482573,-0.7417985835748447,-0.033660901350924796,-0.061535315282105804
3779.0,9.201239717830601,12.300245859099228,36.23573245086069,0.06761447415615313,-0.14177827124920367,-0.1023547706447683,2.1672478171966643,9.127083462656996,-7.2157,0.0,7.5938950253,3.1731623964422315,0.253152695301005,-0.5308264532082685,-0.383222474019363,0.08907279051303554,0.12694222740658795,0.3482518674604569,-0.739658289509542,-0.03342296781228944,-0.06433570910247748
3780.0,9.18176517049668,12.115887182213063,36.315187348730305,0.06494950468115097,-0.14861366062309384,-0.09358137360652706,2.217054002117596,8.985674336063354,-7.2157,0.0,7.5938950253,3.1302128461497087,0.24369066238541306,-0.5575987311150797,-0.351117487855602,0.08715106097836489,0.1224667822910539,0.34717003335989655,-0.7371809097072473,-0.0331652388564322,-0.06717490860297107
3781.0,9.163670254239202,11.925612294252842,36.38549430632654,0.062084465171223485,-0.15466299243430473,-0.08481775937251798,2.265678141771492,8.837575668225613,-7.2157,0.0,7.5938950253,3.088036626027229,0.23340100263420271,-0.5814417085661664,-0.31886479208824786,0.0853742880003473,0.11808315740769382,0.3455738469901159,-0.7338409127509918,-0.03276762307264458,-0.07003446242172398
3782.0,9.14673444914215,11.730375902484537,36.446725409606955,0.05904917388918099,-0.15996042929261572,-0.07616899318890208,2.3128943859680997,8.68354299664459,-7.2157,0.0,7.5938950253,3.0468329058399473,0.2224011259748633,-0.6024704029368035,-0.2868807255690885,0.0838825485101882,0.11388152526982886,0.34336204867501874,-0.7293232877053208,-0.03215453928173981,-0.07288895448260338
3783.0,9.130895932430915,11.53109855393021,36.49902999400372,0.055863704070423716,-0.16455023803299768,-0.06773007156803168,2.3584850471447756,8.524296634862887,-7.2157,0.0,7.5938950253,3.006801919067323,0.21076843055353245,-0.6208323632407866,-0.25553910402497576,0.08236847507542924,0.10969686766467192,0.3408671469724726,-0.7245344712705247,-0.031519089778077804,-0.0756824637223944
3784.0,9.116151631430077,11.328657311400146,36.54264002358293,0.052544318017564165,-0.16848426537307296,-0.059586329627635035,2.4022341747235147,8.36051325539172,-7.2157,0.0,7.5938950253,2.968144056008427,0.19856534082475788,-0.6367032029272893,-0.22517715135350447,0.08083780335842686,0.10553856597571626,0.33812018510942055,-0.7195142454542373,-0.03086473002463141,-0.07838856211417417
3785.0,9.102495587307928,11.12387371731115,36.577871075897896,0.04910712937426367,-0.1718200773666036,-0.0518130710301594,2.4439295835265,8.192819112794924,-7.2157,0.0,7.5938950253,2.931054604516227,0.1858545923715979,-0.6502833875067118,-0.19609570582795474,0.07929582620699138,0.10141424112817976,0.33515295444725485,-0.7143014499402066,-0.030194802336755547,-0.08098399706976264
3786.0,9.089919276810953,10.917506156812347,36.605112360901984,0.045568083481253026,-0.17461882558948752,-0.044475426100174714,2.483365563273573,8.021785276618647,-7.2157,0.0,7.5938950253,2.8957208801937,0.17269905574782093,-0.661790094979625,-0.16855797972372735,0.07774736864665052,0.09732990686385368,0.3319972049673745,-0.7089334688111368,-0.029512492964250223,-0.0834487604934901
3787.0,9.078411932509477,10.710244505747383,36.62481670210842,0.041942959626486594,-0.17694324708730907,-0.037628529603954186,2.520345418513006,7.847924859101585,-7.2157,0.0,7.5938950253,2.8623196466457976,0.15916164301359817,-0.6714494679768085,-0.14278960400708482,0.07619677448652382,0.09329014264049384,0.3286839386138369,-0.7034458305935715,-0.028820798122284906,-0.08576605311312291
3788.0,9.06796085607977,10.502706964719353,36.63749076968989,0.038247388521319425,-0.17885584340988966,-0.03131795169943725,2.5546837979715407,7.671692091855631,-7.2157,0.0,7.5938950253,2.8310148728637223,0.14530527375137836,-0.6794894578023636,-0.11897971916390045,0.0746479034794724,0.08929827811343714,0.32524279844303555,-0.6978719170245952,-0.028122498952295943,-0.08792216472951844
3789.0,9.058551719918043,10.295438921898333,36.64368579008073,0.03449687847317126,-0.18041726877230907,-0.025580314843626925,2.5862087879469238,7.493483068443899,-7.2157,0.0,7.5938950253,2.8019558534544338,0.13119287719996617,-0.6861334020469976,-0.09728286304589545,0.07310413792289873,0.08535658249825873,0.32170156047524995,-0.6922427721055219,-0.027420145047897533,-0.08990629148335119
3790.0,9.050168853118489,10.08891364498207,36.64398889191395,0.03070684419242558,-0.18168494416540637,-0.020444032373725267,2.6147637575624447,7.313637946191252,-7.2157,0.0,7.5938950253,2.775275698790817,0.11688740835642522,-0.6915944252621895,-0.07782141158970203,0.07156839756421071,0.081466453393377,0.3180857300364402,-0.686587000323963,-0.026716045911432413,-0.09171031045139252
3791.0,9.042795508544422,9.883534575441232,36.63901518703125,0.02689263287280943,-0.18271190346541788,-0.015930110105786665,2.6402089540960185,7.132444388481701,-7.2157,0.0,7.5938950253,2.751090186959531,0.10245185812206999,-0.6960707082711451,-0.060688344951050126,0.07004316167356878,0.07762860078040229,0.3144182403289833,-0.6809307412887154,-0.026012269513298106,-0.09332853017369477
3792.0,9.036414108377135,9.679638983753849,36.629400630221674,0.023069543037783847,-0.1835458693463456,-0.012052959757840109,2.6624228541326476,6.950142025863589,-7.2157,0.0,7.5938950253,2.7294969578902597,0.08794924049738832,-0.6997416367981383,-0.04595013671105016,0.06853049715859597,0.07384322287468081,0.31071924797420303,-0.6752977072872652,-0.025310647002878266,-0.09475743337037831
3793.0,9.031006466142625,9.47750274033822,36.615795653876546,0.019252832583407386,-0.18422855094461452,-0.00882118157348653,2.6813032811464175,6.7669277181723935,-7.2157,0.0,7.5938950253,2.710575022165827,0.07344254319659235,-0.7027648140698097,-0.03364959446612046,0.06703209161646892,0.07011017125586985,0.30700601824321,-0.669709270281355,-0.024612782557776228,-0.09599542538545547
3794.0,9.026553983794482,9.277345960858154,36.5988595348478,0.01545771341904338,-0.1847951514757189,-0.006238282612385692,2.6967683026300424,6.582961408480225,-7.2157,0.0,7.5938950253,2.6943845523779295,0.05899463164371287,-0.7052739040577218,-0.023808513900489204,0.06554929024543552,0.06642910327797338,0.3032928914982447,-0.6641845854397611,-0.023920067346380147,-0.0970425990007111
3795.0,9.023037822974796,9.079339294187946,36.57925542089338,0.01169933107310608,-0.1852740719749373,-0.004303306337616249,2.708756920480495,6.398372371204564,-7.2157,0.0,7.5938950253,2.680966922983382,0.044668099965431154,-0.7073772608250342,-0.016430043433199724,0.06408313556890471,0.06279962016523782,0.2995913218381974,-0.6587407393181153,-0.0232336966064684,-0.09790052335424468
3796.0,9.02036814890078,8.883604081168327,36.55766409580661,0.007995749992418467,-0.18568726194265228,-0.0030114909015657443,2.7172301398564684,6.213265583115118,-7.2157,0.0,7.5938950253,2.6703384980532094,0.03053684535839958,-0.7091646447605245,-0.011501289065633353,0.06303217992848777,0.059643424350819436,0.29554400637711126,-0.6518277296010523,-0.022383410190350585,-0.09875864545676341
3797.0,9.018238578576359,8.690199293470366,36.534819061813195,0.004374015601095681,-0.18605129329501738,-0.002353683645626605,2.722179739070828,6.02772688760234,-7.2157,0.0,7.5938950253,2.6624724058680256,0.01670889898784799,-0.7107227202038786,-0.008991157295889231,0.06226241747084834,0.056815937758213544,0.2912825130689568,-0.6439918170607907,-0.021428342761335293,-0.09955800747801417
3798.0,9.01660516466463,8.499171335485983,36.51137878320887,0.0008496135973391699,-0.1863744255866139,-0.0023155265889304275,2.723626024174894,5.841829572998678,-7.2157,0.0,7.5938950253,2.657341762487304,0.0032461428546342545,-0.7120860727738944,-0.008846998347145685,0.06150279419180589,0.05402880233176809,0.2870602382104907,-0.6363126381992711,-0.020486071620594924,-0.10017711620719935
3799.0,9.01545711983762,8.310547320472796,36.487978913186204,-0.002563755303963675,-0.18665843386958908,-0.002879621867059404,2.7216110148960455,5.655641440687449,-7.2157,0.0,7.5938950253,2.654905879785347,-0.009796660230040492,-0.7132620078307426,-0.011003654279704815,0.060753294159503146,0.05128211119397414,0.2828784060002413,-0.6288001964294525,-0.01955717883809463,-0.10062262670627661
3800.0,9.01478364850733,8.124338985308198,36.46523758808266,-0.00585283892431205,-0.18689937961558734,-0.004025808754119533,2.7161979038279993,5.469230484152384,-7.2157,0.0,7.5938950253,2.655108501155813,-0.022366626732737635,-0.7142360680861269,-0.015384630068452294,0.060013851225082196,0.048576381997795876,0.27873631138631094,-0.6214628301741525,-0.018642113524511675,-0.1009020129164429
3801.0,9.014573976255075,7.940548707326875,36.44375246465625,-0.00900492457272107,-0.18708827148858623,-0.0057312189889011985,2.707470594328689,5.282669944705462,-7.2157,0.0,7.5938950253,2.6578787626214133,-0.03441312394211617,-0.7149745478553743,-0.021902365512526306,0.05928435298815267,0.04591255639548947,0.27463165133338596,-0.614307435747351,-0.01774122088969742,-0.1010235129653294
3802.0,9.01481737736799,7.759174893439581,36.42409778158391,-0.01200793405295281,-0.18721181339623463,-0.007970285228988483,2.6955330832601745,5.096042686275785,-7.2157,0.0,7.5938950253,2.6631322071637955,-0.04588815400329301,-0.7154273571522195,-0.030458334833047936,0.05856464581484597,0.04329198258405062,0.2705608648307593,-0.6073396632975824,-0.016854768528978444,-0.10099608937538193
3803.0,9.015503200023028,7.580216650611515,36.40682141193275,-0.014850519069642206,-0.1872532242628904,-0.010714727509154039,2.680508689189424,4.909444812819903,-7.2157,0.0,7.5938950253,2.6707718377916123,-0.0567467362163287,-0.7155311725517548,-0.04094306823488386,0.057854540857397614,0.04071638167694103,0.2665194748154105,-0.60056408463214,-0.01598296953282516,-0.10082939741548122
3804.0,9.016620888702617,7.403677665032047,36.392441898708206,-0.01752215338679718,-0.18719311266055813,-0.013933542471817478,2.662539127453331,4.722988468597035,-7.2157,0.0,7.5938950253,2.6806891964350124,-0.06694727344381218,-0.7152128065222595,-0.053236189485968276,0.05715382098231389,0.038187798991189896,0.26250242529545303,-0.5939843329361141,-0.015126002129737734,-0.10053375496416618
3805.0,9.018160003480263,7.229569236485037,36.381445490258656,-0.020013218262356795,-0.18701038782583446,-0.0175930186787079,2.641783435111222,4.5368037795607075,-7.2157,0.0,7.5938950253,2.692765456924329,-0.07645188917385796,-0.7143927207006443,-0.06720655801711112,0.056462248477978566,0.035708541722410614,0.2585044070176635,-0.5876032153701202,-0.014284025678718844,-0.10012010775864007
3806.0,9.020110235876235,7.057912434660468,36.37428321487579,-0.022315078009417948,-0.1866831869275935,-0.021656798566476173,2.618416751267692,4.351039913554859,-7.2157,0.0,7.5938950253,2.706872521105608,-0.08522672310221159,-0.7129886022984786,-0.08271259342792595,0.055779573376550845,0.03328110487802263,0.25452016510324926,-0.5814228002742063,-0.013457192926852539,-0.09959998475795871
3807.0,9.022461421055912,6.888739365427655,36.37136805310921,-0.02442014300560282,-0.18618979700340463,-0.026086003724134044,2.592628961373937,4.165865257719264,-7.2157,0.0,7.5938950253,2.7228741077083916,-0.09324217497674395,-0.7109189175138221,-0.09960284520576493,0.05510554218614934,0.030908087718481456,0.25054478225543614,-0.5754444812349178,-0.012645658539865122,-0.09898543949704994
3808.0,9.025203546230605,6.722093557161208,36.3730722810251,-0.026321918065415093,-0.18550954902268646,-0.03083943536324092,2.5646232176879744,3.9814667331142775,-7.2157,0.0,7.5938950253,2.7406268240469305,-0.10047308880166728,-0.7081063525155266,-0.11771685179414829,0.05443990678700686,0.028592103284052317,0.24657393148908002,-0.5696690206052003,-0.011849583999225758,-0.09828897467934564
3809.0,9.028326755227027,6.558029499583099,36.37972506705398,-0.02801503477638723,-0.18462366129928867,-0.035873856402928325,2.5346143518309727,3.7980482884538183,-7.2157,0.0,7.5938950253,2.7599812111292805,-0.10689887220661091,-0.7044810521593221,-0.13688631200298246,0.05378243320143211,0.026335683829802226,0.24260409289762325,-0.5640965752258535,-0.011069139038045482,-0.09752344876368377
3810.0,9.031821349319939,6.396611389570222,36.391610408678666,-0.029495267141317227,-0.18351601014395671,-0.04114435583079042,2.5028271990300834,3.6158286361975516,-7.2157,0.0,7.5938950253,2.780782753372671,-0.11250354869949768,-0.6999835697520014,-0.1569365694414955,0.05313290990614077,0.024141185129255463,0.2386327297841788,-0.5587267071105297,-0.010304499859083611,-0.0967019648493876
3811.0,9.035677784572991,6.237911159153021,36.408965492856794,-0.030759530624201177,-0.18217380731571955,-0.04660479028430018,2.4694948568951336,3.4350383142006122,-7.2157,0.0,7.5938950253,2.8028728449524087,-0.11727574347692485,-0.6945674482485019,-0.17768838858279581,0.05249115532249009,0.022010692621499746,0.2346584205418476,-0.5535583817552426,-0.009555844440658106,-0.09583774365215937
3812.0,9.039886666101994,6.0820058796147425,36.43197955597227,-0.031805865423308974,-0.18058816650544535,-0.05220829248251358,2.434856904163641,3.2559161737281492,-7.2157,0.0,7.5938950253,2.8260897058865933,-0.12120860629168331,-0.6882013642318378,-0.19895998063415327,0.0518570241017071,0.019945932261748255,0.23068094394596625,-0.5485899565510087,-0.008823345289172353,-0.09494398369703225
3813.0,9.044435739323347,5.928973311673239,36.46079247279154,-0.03263471255881107,-0.17875469952529677,-0.057907898662199704,2.399157366271572,3.078705380351451,-7.2157,0.0,7.5938950253,2.8502679313217882,-0.124304697391233,-0.6808715962094046,-0.22056954866064746,0.05125013874061046,0.018069460464768858,0.2265458635524814,-0.5439021824585613,-0.008193461555884081,-0.09405832278895775
3814.0,9.04929722528346,5.778885450477082,36.495491535678525,-0.03325402903699257,-0.17667421118152374,-0.06365803057055022,2.3626382522253744,2.9036486454008044,-7.2157,0.0,7.5938950253,2.8752368050762778,-0.12659560978101364,-0.6725855526325517,-0.24234137729814276,0.050675100012241465,0.0163949672686117,0.22223860674524054,-0.5395000136934032,-0.007676228781131591,-0.09319745642872364
3815.0,9.054456878897907,5.631820052494671,36.53612125229462,-0.03366628499661756,-0.17435106820057047,-0.06941482038012978,2.325537588841903,2.730984142275345,-7.2157,0.0,7.5938950253,2.900835910219326,-0.1280920030484086,-0.6633632894655457,-0.26410646094838336,0.0501103748143956,0.014782262514775955,0.21794258913806439,-0.535283853915697,-0.007172146783155697,-0.0923451310387047
3816.0,9.05990407866329,5.487848598590873,36.58268233216312,-0.033873169322374254,-0.17179405055273383,-0.07513588447394937,2.288092919477985,2.560941893355565,-7.2157,0.0,7.5938950253,2.926906705235308,-0.12880165982154235,-0.6532414681386864,-0.2857018349922151,0.049556405629798926,0.01323091812090478,0.2136624944324445,-0.5312499946248808,-0.006681289159865021,-0.09151236781188782
3817.0,9.065628065841535,5.347030430990119,36.635132379783684,-0.03387722142761944,-0.1690164974450486,-0.08078084370254583,2.250540119174908,2.3937394777710206,-7.2157,0.0,7.5938950253,2.9532909532190987,-0.12873573344343398,-0.6422741253770406,-0.30697267142895696,0.04901360725006498,0.01173991712834882,0.20940388737489135,-0.5273940587531286,-0.006203678859073094,-0.09070947178349895
3818.0,9.071617979860873,5.209409115141846,36.693388161914726,-0.03368176903697604,-0.16603610277496705,-0.08631182359239353,2.2131119648275783,2.2295778508779356,-7.2157,0.0,7.5938950253,2.9798312642639107,-0.127908488419573,-0.6305318139824644,-0.3277741996366077,0.04848234821887689,0.010307641449987873,0.20517305270164832,-0.5237109680942148,-0.00573927873281652,-0.08994592814475968
3819.0,9.07786290358057,5.075009013047597,36.757328370394,-0.033290866570981896,-0.16287460418315616,-0.09169389178524912,2.176036821047134,2.0686374265626424,-7.2157,0.0,7.5938950253,3.006371586484955,-0.1263370427105666,-0.6181003363574238,-0.34797337275890006,0.04796293303735828,0.00893187133777755,0.2009768127773826,-0.5201949112427471,-0.005287982460634122,-0.08923031856818747
3820.0,9.08435191763978,4.943832165048774,36.826796807668366,-0.03270923627975641,-0.15955738038565337,-0.09689541855430986,2.1395374515700607,1.9110745137684906,-7.2157,0.0,7.5938950253,3.0327576512802836,-0.12404112038521431,-0.6050791299280576,-0.36745022643984476,0.04745558570104711,0.0076097958752314385,0.19682233080203584,-0.5168393130792387,-0.004849606099572712,-0.08857026019119105
3821.0,9.091074162837652,4.815855562936909,36.901605909157944,-0.03194221392029056,-0.1561129736210611,-0.10188834966290738,2.1038299613430755,1.7570181833679694,-7.2157,0.0,7.5938950253,3.0588373795689394,-0.12104282176601809,-0.5915793716907551,-0.38609889029785954,0.046960435048919585,0.006338033552092247,0.19271690652497475,-0.5136368068120336,-0.004423880491211932,-0.08797236891374086
3822.0,9.098018909276952,4.691028881362365,36.98154050728788,-0.030995700360276518,-0.1525725553066597,-0.10664838457610272,2.0691228697602075,1.6065676247798597,-7.2157,0.0,7.5938950253,3.0844612565825047,-0.11736641658578259,-0.577721873599859,-0.40382822736282115,0.04647750230307431,0.0051126618059790865,0.18866777117583874,-0.5105792095619625,-0.004010444724831223,-0.08744224764755541
3823.0,9.10517563085093,4.569272717694726,37.06636173670642,-0.02987612004705708,-0.14896935336108424,-0.11115505688130059,2.0356163111884364,1.4597900343989396,-7.2157,0.0,7.5938950253,3.109482683295786,-0.11303816393544172,-0.5636348414741934,-0.4205620918048054,0.04600669106961066,0.00392925431742594,0.1846818878306072,-0.5076575024425182,-0.003608840822206945,-0.08698449916675167
3824.0,9.112534083563519,4.4504773735217995,37.15581097887092,-0.028590386828521636,-0.14533805917810785,-0.11539171751938276,2.0035013550987175,1.316719060761487,-7.2157,0.0,7.5938950253,3.1337583127603126,-0.10808616101849502,-0.549451567782541,-0.4362392098717056,0.045547779963352866,0.002782924814451443,0.18076576272611247,-0.5048618160428868,-0.003218509774677845,-0.08660276230148557
3825.0,9.120084386143068,4.334502194593357,37.249613746629954,-0.027145877175882797,-0.1417142310282685,-0.11934542490464559,1.9729594349817787,1.1773538151308653,-7.2157,0.0,7.5938950253,3.157148379462492,-0.10254022102361852,-0.5353081235017494,-0.4508127023705966,0.045100417917149985,0.001668376171293999,0.17692527217160392,-0.5021814221622688,-0.0028387890282812384,-0.08629976942291195
3826.0,9.127817101433822,4.221175470850189,37.3474834153086,-0.025550410454565974,-0.13813370885732476,-0.12300674909136955,1.9441618728814551,1.0416584414568069,-7.2157,0.0,7.5938950253,3.1795170293933817,-0.09643177885559648,-0.5213411067786764,-0.46424927878233135,0.04466412214526438,0.0005799536618399589,0.17316550874076767,-0.49960473257383764,-0.002468911479104835,-0.08607742251328557
3827.0,9.135723317119208,4.110294884734001,37.44912471565172,-0.023812235532806623,-0.13463205319774768,-0.12636949973997288,1.917269484876308,0.9095622269059392,-7.2157,0.0,7.5938950253,3.200732657828062,-0.08979382207952699,-0.5076854969952116,-0.4765281428657413,0.04423827865336223,-0.0004882986606970438,0.16949064941996753,-0.497119305520373,-0.002108006009578013,-0.08593688461060067
3828.0,9.143794724437074,4.00162848461466,37.554236915261235,-0.021940022717335476,-0.13124401837507801,-0.12943038969882187,1.8924322521843349,0.7809602236980111,-7.2157,0.0,7.5938950253,3.2206682609166486,-0.0826608432702692,-0.4944726526873983,-0.48763965722107994,0.04382214512703537,-0.0015425793523607054,0.16590384739242348,-0.4947118605679091,-0.0017550995681505995,-0.08587868306374372
3829.0,9.152023693678906,3.89491615111861,37.66251662831156,-0.019942859766885597,-0.12800306753679624,-0.132188647536168,1.869789042711019,0.6557143449806014,-7.2157,0.0,7.5938950253,3.2392018061380083,-0.0750688090376914,-0.4818284812448982,-0.4975838197147874,0.043414855987536013,-0.002589269484574268,0.16240714820093521,-0.4923683023761122,-0.0014091207703955725,-0.08590282082434028
3830.0,9.160403345412494,3.789871517473103,37.773660207777816,-0.01783025055867219,-0.12494093440933529,-0.13464559334590165,1.8494673687257162,0.5336548919596494,-7.2157,0.0,7.5938950253,3.2562166255134533,-0.06705514032347418,-0.469871798009543,-0.5063686080034109,0.043015429377266746,-0.0036348716710531345,0.15900143019254367,-0.4900737538913985,-0.0010689049795136536,-0.08600889192212419
3831.0,9.168927616520428,3.6861843006376573,37.88736568962663,-0.015612114869053789,-0.1220872342349639,-0.13680419264713045,1.8315831678261605,0.4145824663672545,-7.2157,0.0,7.5938950253,3.271601834270403,-0.05865869813061194,-0.4587128828257269,-0.5140082497981562,0.04262277582734103,-0.00468594868128016,0.15568636843692046,-0.4878125994360279,-0.0007332008087376408,-0.08619619730521583
3832.0,9.177591320296488,3.5835229977983785,38.00333427390748,-0.01329878767374918,-0.11946912417004617,-0.13866860325032043,1.8162405963098474,0.29827022137067205,-7.2157,0.0,7.5938950253,3.2852527764277064,-0.049919768637710346,-0.44845223370930515,-0.5205214761970041,0.04223570836326575,-0.00574906198543447,0.15246042074648883,-0.485568538155611,-0.0004006779771670592,-0.08646385735755484
3833.0,9.186390199980721,3.481537902469565,38.1212713430073,-0.01090101637042599,-0.11711101163196473,-0.14024372962701248,1.803531826381726,0.18446640489141072,-7.2157,0.0,7.5938950253,3.2970714975781545,-0.040880041647040365,-0.4391795104381319,-0.5259298136128291,0.0418529538200071,-0.006830710478200129,0.14932083402127036,-0.4833246482969755,-6.993644373880811e-05,-0.08681091761609971
3834.0,9.19532097523611,3.3798643956135903,38.2408870321135,-0.00842995437181543,-0.1150343077311495,-0.14153479865060434,1.7935368411597052,0.07289715162220392,-7.2157,0.0,7.5938950253,3.3069672439913864,-0.03158257649636691,-0.43097265576815214,-0.5302559667731579,0.04147316516155142,-0.00793726956040889,0.14626366889743753,-0.4810634628121907,0.0002604832593185244,-0.08723644448575685
3835.0,9.204381381170837,3.2781264694251884,38.36189638084812,-0.005897149605465687,-0.11325722205864096,-0.1425469696215216,1.786323224071655,-0.03673051663587058,-7.2157,0.0,7.5938950253,3.314856986061059,-0.02207174990856914,-0.4238971787829012,-0.5335223411653932,0.04109493462955728,-0.009074930722269857,0.14328384058969532,-0.47876705681243437,0.0005920885730520689,-0.08773960807904943
3836.0,9.213570199588169,3.1759404442626575,38.484019107812884,-0.0033145265821471507,-0.11179459473355818,-0.14328499029138272,1.7819459418625487,-0.1447255188078055,-7.2157,0.0,7.5938950253,3.320665963070463,-0.012393180741171675,-0.41800558362742246,-0.5357497483178425,0.040716807577773344,-0.01024964177283062,0.14037517387077253,-0.47641714741289687,0.0009264224174360662,-0.08831974968268323
3837.0,9.222887282200256,3.0729188421657057,38.60697906118235,-0.0006943608550228548,-0.11065776173741708,-0.14375290918661443,1.7804471229575562,-0.2514094030704409,-7.2157,0.0,7.5938950253,3.3243282452361465,-0.0025936272149507077,-0.4133369274946372,-0.5369563315640378,0.04033729688059918,-0.0114670478984234,0.13753047030678492,-0.4739952064992432,0.0012650497348246764,-0.08897643177047514
3838.0,9.232329446681476,2.96867362214453,38.7305008995129,0.0019499746031962628,-0.10985447369141019,-0.14395383369539452,1.7818557672112338,-0.357112927396433,-7.2157,0.0,7.5938950253,3.325786549540963,0.007276237862618478,-0.4099167648344048,-0.5371569114216249,0.04000129116263301,-0.01261912144433111,0.13468937525785357,-0.4719301800406891,0.0015208151933600936,-0.08966760644856195
3839.0,9.24182983828213,2.8628133170665806,38.85427181294128,0.004592572235973833,-0.10938846406969245,-0.14389002819071378,1.7861812489727913,-0.4621725403099548,-7.2157,0.0,7.5938950253,3.3249858573765354,0.017119349338583733,-0.4077582744048208,-0.5363668838217324,0.03977124685718231,-0.013554674336951733,0.1317707947801018,-0.4708263437127804,0.0015723819328673787,-0.09033488864747138
3840.0,9.251366751687874,2.754973620868905,38.97800713571377,0.007215715832732941,-0.10925793909636093,-0.14356399051535804,1.7934085587426347,-0.5669256052991973,-7.2157,0.0,7.5938950253,3.321899226168102,0.026869695809248636,-0.40685188501287334,-0.5345998711327434,0.039538244680317594,-0.014540236127725176,0.1288856828090121,-0.4696324037819988,0.0016264349725448415,-0.09107483973270342
3841.0,9.26094250465137,2.644810959702348,39.10143801058921,0.009805973057666558,-0.10945704223063446,-0.14297738069601995,1.8035078227710126,-0.671705662528424,-7.2157,0.0,7.5938950253,3.316516622230772,0.03647747210037669,-0.4071718513479001,-0.5318649546203302,0.03930138908132551,-0.015577853923300439,0.12602290208701605,-0.4683363553769927,0.0016833922168105512,-0.09188709918287705
3842.0,9.270560101698848,2.53200125765547,39.22429634866408,0.012349859729629068,-0.10997622755909907,-0.14213090781479892,1.8164352134056398,-0.7768387860421883,-7.2157,0.0,7.5938950253,3.3088400436976584,0.04589287626836661,-0.4086787635103817,-0.5281676317833857,0.039059813144415347,-0.0166690522661761,0.12317089766928285,-0.46692659657837016,0.001743652977847301,-0.0927714815329004
3843.0,9.280223213365648,2.4162439323760774,39.34631401370551,0.01483393230629403,-0.11080234728963755,-0.14102454157635835,1.832132895999598,-0.8826400710853896,-7.2157,0.0,7.5938950253,3.298884003461467,0.05506645219651943,-0.4113199409503918,-0.5235106252949268,0.03881268906131833,-0.017814811543714122,0.12031783276308256,-0.46539205622888546,0.0018075930034596548,-0.09372790397704076
3844.0,9.289936149180557,2.2972657375430114,39.46722226462731,0.017244888956031455,-0.11191877775678552,-0.13965778961292333,1.85052904648883,-0.9894102177576052,-7.2157,0.0,7.5938950253,3.2866759553006166,0.06394946262226858,-0.4150299670317277,-0.5178949322046303,0.03855923870951033,-0.019015552523077427,0.11745173100373565,-0.46372232888533327,0.0018755594653213205,-0.09475629937668871
3845.0,9.299703824207057,2.1748243995058205,39.58675151852325,0.01956967778217232,-0.11330558893677059,-0.13803003070376052,1.871537952483608,-1.0974322490640465,-7.2157,0.0,7.5938950253,3.2722566485698668,0.07249428716653998,-0.4197313820587797,-0.5113210751257445,0.03829874424803515,-0.020271127980657548,0.11456062502330489,-0.46190781476440756,0.0019478660046345648,-0.09585651776144874
3846.0,9.309531718988815,2.048711989593807,39.70463148504306,0.021795610412494865,-0.11493976234182775,-0.13614089158602832,1.8950602100414011,-1.2069684063215853,-7.2157,0.0,7.5938950253,3.255680395915392,0.08065483865089673,-0.4253355520127127,-0.5037905081275239,0.03803055860230706,-0.021580822324211497,0.11163271089328031,-0.45993986192642855,0.002024787945089037,-0.09702822000664683
3847.0,9.319425832818728,1.9187579684755995,39.820591708811875,0.023910478842982894,-0.1167954613980486,-0.13399065279362404,1.9209830271606365,-1.31825726939558,-7.2157,0.0,7.5938950253,3.2370152378711796,0.08838698981218479,-0.4317437272791521,-0.49530712208524674,0.03775411566557413,-0.022943359960839585,0.10865650759773325,-0.4578109073604005,0.002106557793532238,-0.09827076787714403
3848.0,9.329392630357058,1.7848318352594847,39.93436254040076,0.025902673147567466,-0.11884435699071955,-0.13158066712549507,1.9491806434657484,-1.4315111527705926,-7.2157,0.0,7.5938950253,3.2163429880300773,0.0956490015255738,-0.43884830026427935,-0.4858787878348538,0.03746894000133266,-0.024356922943560348,0.10562102014038985,-0.4555146131260768,0.0021933611558102367,-0.09958311500682777
3849.0,9.339438981764241,1.6468453125109972,40.045676538557906,0.02776129745451648,-0.1210560088211999,-0.12891377306904625,1.9795148735485055,-1.5469138303857692,-7.2157,0.0,7.5938950253,3.1937591428967664,0.10240194289779825,-0.4465342631429177,-0.4755188711977338,0.03717465579189446,-0.025819178139350384,0.10251590424448684,-0.4530459933213881,0.002285333197691729,-0.10096370359494644
3850.0,9.34957209668509,1.504753999708471,40.15427028766696,0.02947628146464811,-0.12339830065423812,-0.1259946849327621,2.011835779008217,-1.6646186419414584,-7.2157,0.0,7.5938950253,3.1693726416499293,0.1086100931632112,-0.45468085743151065,-0.4642476523040658,0.03687099474783563,-0.02732731381491959,0.0993316299185712,-0.4504015274228548,0.0023825557776895835,-0.10241037160859212
3851.0,9.359799452616837,1.3585584324019468,40.2598865955074,0.03103848476327791,-0.12583792459600548,-0.12283034169363664,2.045982471432572,-1.7847470305679773,-7.2157,0.0,7.5938950253,3.1433054629699244,0.11424131526621259,-0.4631633962114825,-0.4520935830695312,0.036557802675460965,-0.028878085152692995,0.0960596404958333,-0.4475792555322166,0.002485055369250056,-0.10392027505830222
3852.0,9.370128718405073,1.2083044928232636,40.36227701825143,0.03243979126871555,-0.12834090643235635,-0.11943019771451065,2.081784045442941,-1.9073875560642883,-7.2157,0.0,7.5938950253,3.115692048887552,0.11926739138728433,-0.4718552284036554,-0.4390943214241368,0.036235044398490304,-0.030467867813509124,0.09269250317648559,-0.44457885128307584,0.002592801873878754,-0.10548982944781096
3853.0,9.380567673827265,1.0540831299911502,40.46120464319011,0.03367319137051366,-0.13087316101045648,-0.11580644055028967,2.1190606375793695,-2.0325954192920697,-7.2157,0.0,7.5938950253,3.08667854928322,0.12366431148413638,-0.4806298033955475,-0.4252974889876524,0.03590280674875845,-0.03209271828299584,0.08922404667957422,-0.44140166863007635,0.002705708404466683,-0.1071146737936986
3854.0,9.391124126429622,0.8960293632426191,40.55644704586728,0.0347328496377529,-0.13340106391692136,-0.11197412398747444,2.157624603332342,-2.1603925219071733,-7.2157,0.0,7.5938950253,3.0564218851497924,0.12741250716228136,-0.4893627844833046,-0.4107611101116462,0.035561299380287556,-0.03374843940490328,0.08564948140309703,-0.4380507594547288,0.0028236320900330973,-0.10878965968984053
3855.0,9.40180582696526,0.7343205620701136,40.647799327950516,0.035614156409839254,-0.13589202353581506,-0.10795120812297054,2.1972818011735464,-2.2907680718181562,-7.2157,0.0,7.5938950253,3.02508863388827,0.13049702481624076,-0.4979341519032339,-0.39555370407354373,0.03521085322139337,-0.03543064924418514,0.08196549754632831,-0.4345308598511897,0.0029463759204856983,-0.11050886679859388
3856.0,9.412620384925459,0.5691740163323903,40.73507713595332,0.036313762099420104,-0.13831503617135657,-0.103758502492048,2.237832969144801,-2.4236797291897676,-7.2157,0.0,7.5938950253,2.992853745522158,0.13290763391760113,-0.5062302314597137,-0.37975401797523584,0.034851916458371976,-0.03713485125752189,0.07817033699292827,-0.4308483440575492,0.0030736916144331033,-0.11226564494644796
3857.0,9.423575185748685,0.40084383327589335,40.81811955928029,0.03682959361154074,-0.14064120644860528,-0.09941951275258923,2.279075176588369,-2.5590552712443655,-7.2157,0.0,7.5938950253,2.9598991045202587,0.13463886846643508,-0.5141455834598426,-0.36345040463054246,0.03448504803775,-0.038856503693798235,0.07426383539069285,-0.4270111462124013,0.0032052834565255263,-0.11405268176024955
3858.0,9.434677311324002,0.2296172201295781,40.89679180915496,0.03716085288222826,-0.14284421574328257,-0.0949601959393393,2.3208033310944023,-2.696794737460611,-7.2157,0.0,7.5938950253,2.9264119575901892,0.1356900018462963,-0.5215846891180538,-0.346739866363395,0.034110908776403104,-0.040591086206904964,0.07024743177059514,-0.4230286513698398,0.003340813015383111,-0.11586209358158421
3859.0,9.445933465370294,0.05581023203145727,40.9709875876619,0.03730799812798466,-0.14490072293849873,-0.09040863352403054,2.3628117188375426,-2.836773000976381,-7.2157,0.0,7.5938950253,2.8925832330078385,0.1360649574995379,-0.5284633777626969,-0.329726801096069,0.033730250273217695,-0.04233416183322475,0.06612414417599437,-0.41891155842027455,0.003479904621029339,-0.11768553632113371
3860.0,9.45730909569704,-0.12023413058170376,41.040549585091895,0.03727310894709268,-0.14679050523830814,-0.08579359674543509,2.404895622398233,-2.9788426718328833,-7.2157,0.0,7.5938950253,2.8586085412511797,0.13577420281331123,-0.5347116028766109,-0.31251906625585457,0.033539740507028785,-0.044246430879757624,0.06202082055401979,-0.42100845193752146,0.00364169692475924,-0.1188136308838216
3861.0,9.468670492266133,-0.29814703706260104,41.1051524178655,0.03706036375604871,-0.14849641828709192,-0.08114250580817929,2.446853717566975,-3.122836957491334,-7.2157,0.0,7.5938950253,2.824689920428733,0.1348372543366771,-0.5402766538521692,-0.2952219456126374,0.03343840442697423,-0.04624073816874072,0.05788216598849001,-0.4260459905038819,0.0038157522015622837,-0.11960658111708991
3862.0,9.480014261085318,-0.47755462613141875,41.1647619060216,0.0366737324542001,-0.15000551284758798,-0.07648679044013114,2.4884891167064014,-3.2685731914109244,-7.2157,0.0,7.5938950253,2.7910185652795056,0.133270905322726,-0.5451141501772155,-0.2779499964972473,0.033335671855737214,-0.048236084722503014,0.05365841173688429,-0.4310760044889529,0.0039927242828411355,-0.12038414726483349
3863.0,9.491343689316484,-0.6580747720693076,41.21939175070774,0.036118156376388565,-0.15130853300872385,-0.07185835785087431,2.529610233702131,-3.4158565181642673,-7.2157,0.0,7.5938950253,2.7577817460949596,0.13109529355334007,-0.5491929417768159,-0.2608187532761122,0.03323189123741377,-0.050227653183049836,0.04935719907743048,-0.4360894586355575,0.004172313522120836,-0.12114003822999665
3864.0,9.50266181284662,-0.8393218337987138,41.269089799929056,0.03539953650191991,-0.15239982872804336,-0.06728891870340799,2.5700321456039457,-3.5644833729787813,-7.2157,0.0,7.5938950253,2.7251615391800676,0.12833394016426888,-0.5524951011708529,-0.2439425178952037,0.033127420755158926,-0.052210859033981,0.044987117679517886,-0.4410776283995073,0.004354204726096996,-0.12186807021111797
3865.0,9.513971396105951,-1.0209117037083746,41.31393751368625,0.03452464722074063,-0.15327720729225355,-0.06280950418119101,2.6095778632443283,-3.714244881951064,-7.2157,0.0,7.5938950253,2.6933331782426895,0.12501341944766864,-0.5550153107859239,-0.22743261766875442,0.03302262076768504,-0.05418139569997908,0.040557538066788135,-0.446032219663594,0.00453807096048463,-0.12256226350900609
3866.0,9.525274917103383,-1.2024665712762166,41.35404892431724,0.033501046395075985,-0.153941702437145,-0.058450015752012016,2.6480794920752717,-3.8649301010529085,-7.2157,0.0,7.5938950253,2.6624635297766917,0.12116301716794235,-0.5567599565485681,-0.21139579279136933,0.032917846641264674,-0.05613527023552763,0.03607843220282129,-0.4509454750900517,0.0047235773075348444,-0.12321693249644372
3867.0,9.536574557588983,-1.3836193023218428,41.38956913530341,0.032336983783940274,-0.15439727272732734,-0.05423882018391718,2.6853792716704428,-4.016329019664648,-7.2157,0.0,7.5938950253,2.632709717342806,0.1168143849376441,-0.5577459719248671,-0.1959327580414098,0.03281344222328174,-0.058068829294283766,0.03156018757864969,-0.45581026521130014,0.004910384495086639,-0.12382676610615528
3868.0,9.547872198080501,-1.564017351557324,41.420672413619336,0.031041309639977664,-0.15465044279228263,-0.05020239934206245,2.7213304856978917,-4.168235265844575,-7.2157,0.0,7.5938950253,2.604217914287251,0.11200119722090718,-0.557999483410054,-0.18113697182517208,0.03270973415875144,-0.05997877542684763,0.027013420199941008,-0.4606201629100137,0.005098152324321828,-0.12438689682598636
3869.0,9.559169417344274,-1.7433261449606499,41.447559939147844,0.029623384982721587,-0.15470990222714667,-0.0463650610683733,2.7557982374857573,-4.320448463643963,-7.2157,0.0,7.5938950253,2.577122318683313,0.10675881638870263,-0.5575543124128367,-0.16709363377401204,0.032607027198546,-0.061862174078352886,0.02244879165089957,-0.4653695004953693,0.005286542833226382,-0.12489295687154216
3870.0,9.57046749580613,-1.9212318883185355,41.47045727965599,0.028092994724102573,-0.15458607740626787,-0.0427487142352314,2.788660089427424,-4.472776206782797,-7.2157,0.0,7.5938950253,2.551544318464261,0.1011239700327528,-0.5564503895948248,-0.15387892034000117,0.03250560059153322,-0.06371645193514834,0.017876834983040574,-0.4700534091165987,0.005475223144504378,-0.12534112088907312
3871.0,9.581767422288335,-2.0974437780760087,41.48961166145671,0.026460264493705997,-0.15429069118745242,-0.03937270806031815,2.819806567277166,-4.62503562721567,-7.2157,0.0,7.5938950253,2.5275918491396614,0.09513444353572842,-0.5547321362699413,-0.14155945692470429,0.032405705596506296,-0.06553938749317453,0.01330779358176824,-0.47466784074602975,0.00566386795964401,-0.12572813518381526
3872.0,9.593069903424714,-2.271695609507556,41.50528910447367,0.02473558170249985,-0.15383632460568672,-0.036253733124632585,2.8491415327789693,-4.77705455091377,-7.2157,0.0,7.5938950253,2.5053589414062145,0.08882878976488086,-0.5524468638317683,-0.1301920155609126,0.032307564097199204,-0.06732909488530056,0.008751476449777928,-0.47920957339538167,0.005852161674289359,-0.12605133403748142
3873.0,9.604375375096174,-2.44374679446772,41.517771486430796,0.022929521109960115,-0.15323599329234325,-0.033405779358027785,2.8765824299923786,-4.928672246040206,-7.2157,0.0,7.5938950253,2.4849254515724857,0.0822460567593357,-0.5496432368323968,-0.1198234194248716,0.03221136825763515,-0.06908400211083908,0.004217132562745848,-0.48367620059077365,0.006039800103357081,-0.12630864414843698
3874.0,9.615684015249434,-2.6133828160529236,41.52735359484225,0.021052774931523306,-0.15250274964556076,-0.030840144609564312,2.9020604121083546,-5.079739780192619,-7.2157,0.0,7.5938950253,2.4663569641396954,0.07542553345563159,-0.5463698387923042,-0.1104906296956692,0.03211728111746853,-0.07080282486110226,-0.0002866538538937799,-0.4880661064188922,0.00622649181686772,-0.12649857858416844
3875.0,9.626995757507784,-2.780415160067786,41.53434021796464,0.01911608734725475,-0.15164931985444327,-0.02856548632411671,2.9255203564968437,-5.2301200132430115,-7.2157,0.0,7.5938950253,2.4497048531752252,0.06840651286247268,-0.5426738725745561,-0.1022209865521513,0.03202543799887948,-0.07248453713619345,-0.004752046067036792,-0.4923784276693208,0.006411959098762653,-0.12662022187213168
3876.0,9.638310305048758,-2.944680773077234,41.539043317474324,0.017130193150409048,-0.15068778286763643,-0.026587908285476775,2.946920776235962,-5.379687260353611,-7.2157,0.0,7.5938950253,2.435006487276377,0.06122807165924779,-0.5386000196601695,-0.09503257432528173,0.031935948578172293,-0.07412833980792388,-0.009172015274207468,-0.49661300474050957,0.00659593855070468,-0.12667320797436782
3877.0,9.64960440884891,-3.106033290580494,41.54175825068299,0.015111461011862198,-0.14962878624635473,-0.024910640946462056,2.9662347283644146,-5.528326569684141,-7.2157,0.0,7.5938950253,2.4222932791036467,0.053949344429214105,-0.5341889126003891,-0.08893334319681072,0.03195493776395789,-0.07623579246694989,-0.013185959523206378,-0.5023890155589528,0.007046832012189185,-0.12647131153334745
3878.0,9.660797422740794,-3.2643402674238544,41.54272689356906,0.013090294039832372,-0.14848081316401213,-0.02353172328793504,2.983464092394833,-5.675931714522487,-7.2157,0.0,7.5938950253,2.4115914470986324,0.04667944165879079,-0.5294763765007126,-0.08391314213473836,0.032028723330979794,-0.07855035335429103,-0.016969472353115952,-0.5088849505288607,0.0076272987910754216,-0.12611076252924003
3879.0,9.671885143559866,-3.4195277311825683,41.542256851624245,0.011077443376534338,-0.14725294809369466,-0.022446747849547977,2.998632555965868,-5.822405083923303,-7.2157,0.0,7.5938950253,2.4028773527407346,0.039456416061321054,-0.524495895736066,-0.07995240348070429,0.03210194892980038,-0.08080923415901037,-0.02070401458642361,-0.5152563244014402,0.008196596480677335,-0.12569080412674843
3880.0,9.68286866677331,-3.571543000424053,41.54065441087592,0.009081959513541488,-0.14595289482693208,-0.02164957365085013,3.0117749317261904,-5.967657380634331,-7.2157,0.0,7.5938950253,2.3961143802102782,0.0323120674263741,-0.5192755783254211,-0.07702550121650306,0.03217458403206298,-0.08301216625295342,-0.02438668432234875,-0.5215042705927594,0.008754411092695449,-0.12521362601216515
3881.0,9.69374897100139,-3.7203503398286815,41.538217755503695,0.007112523783063589,-0.1445868449349374,-0.02113245482762009,3.022936400953939,-6.111606273731228,-7.2157,0.0,7.5938950253,2.3912559339025465,0.02527674742347168,-0.513838023133174,-0.07510129166634552,0.03224660477040126,-0.0851590436374855,-0.028015285006352628,-0.5276305585640042,0.009300506385113061,-0.12468171619380591
3882.0,9.704526917809195,-3.865928788715722,41.53523535389018,0.005177419102115886,-0.14315951779601555,-0.020886207243528108,3.032171869361816,-6.254175047137363,-7.2157,0.0,7.5938950253,2.3882462584216415,0.018379266663743527,-0.5082004954844418,-0.07414373164539358,0.032317994506903064,-0.08724988687024704,-0.031588273085094876,-0.5336374773395485,0.00983471535746911,-0.12409783000913013
3883.0,9.715203251918494,-4.0082700227515735,41.531984528679956,0.0032845027537330975,-0.14167423629665246,-0.020900365842860653,3.039545289262554,-6.395291295224654,-7.2157,0.0,7.5938950253,2.3870212724730804,0.011646809328848668,-0.5023752271426616,-0.07411245906197231,0.032388744108975596,-0.08928481096561801,-0.035104697575828056,-0.5395277217556205,0.010356931764820025,-0.12346496099457471
3884.0,9.72577860195684,-4.1473762897921285,41.52873020043527,0.0014411812935267159,-0.14013303303225796,-0.021163332389095582,3.0451289529245193,-6.534885697631958,-7.2157,0.0,7.5938950253,2.387509407839829,0.005104855620711537,-0.4963698214341391,-0.0749633351367521,0.032458851934169426,-0.09126399761382253,-0.038564133556626676,-0.5453042833093351,0.010867101824304743,-0.1227863135703609
3885.0,9.736253481861684,-4.283258454611082,41.52572379431766,-0.0003456122646222769,-0.1385367816896728,-0.021662513981395428,3.0490027617653346,-6.672890900464197,-7.2157,0.0,7.5938950253,2.389632445853115,-0.0012228874832006542,-0.4901877439921226,-0.07664895003497552,0.0325283235367874,-0.09318767190738295,-0.04196661152259705,-0.550970347216224,0.011365216260877643,-0.12206527734138227
3886.0,9.74662829305043,-4.415934181117621,41.52320229976173,-0.002069438784514268,-0.13688534826656085,-0.022384453302457648,3.0512534759861016,-6.809240525940845,-7.2157,0.0,7.5938950253,2.3933063448232232,-0.007314546526551084,-0.48382887969016164,-0.07911909565890696,0.03259717111854258,-0.09505608362297935,-0.04531254446071871,-0.5565291970272743,0.011851302812143416,-0.12130540270574205
3887.0,9.756903327454069,-4.54542627467058,41.52138747415106,-0.0037243706413014875,-0.13517775685257633,-0.023314951926254577,3.0519739493136613,-6.943868327454439,-7.2157,0.0,7.5938950253,2.3984420527838592,-0.013150132197355243,-0.47729013676580134,-0.08232121062421702,0.032665412753114596,-0.09686949298212927,-0.048602654378757396,-0.5619841279061891,0.012325419286836344,-0.12051037739511461
3888.0,9.767078771493305,-4.671761201332717,41.52048518286722,-0.005305006424815427,-0.13341236484861083,-0.02443918821057942,3.051262353665675,-7.076707501973008,-7.2157,0.0,7.5938950253,2.404946300640291,-0.018711579542933225,-0.47056607984456184,-0.08620080308062643,0.03273307142023762,-0.09862816070562769,-0.05183789988704855,-0.5673383694254149,0.01278764724770963,-0.11968400354445988
3889.0,9.777154711053054,-4.794967795437665,41.520684869582624,-0.006806482499716615,-0.13158704272237495,-0.025741831332145255,3.049221398750479,-7.207690166856538,-7.2157,0.0,7.5938950253,2.412722371418873,-0.023982777100801576,-0.4636495745189624,-0.09070185709446446,0.032800173889034,-0.10033234208424824,-0.055019406280014616,-0.5725950185061626,0.013238086367668298,-0.11883017489945355
3890.0,9.787131137484971,-4.915076161708148,41.522159152149825,-0.00822448124214717,-0.12969935368316207,-0.02720715291245698,3.045957551825524,-7.3367470035293145,-7.2157,0.0,7.5938950253,2.4216708418211663,-0.028949584389116406,-0.45653242728830196,-0.09576722786969832,0.03286674949280329,-0.10198228471155613,-0.0581483994002496,-0.5777569829035664,0.013676849488012892,-0.11795285381351447
3891.0,9.797007954639394,-5.03211677340286,41.52506354076882,-0.009555235819581932,-0.12774672900018935,-0.028819137456447964,3.041580263029604,-7.463807066121834,-7.2157,0.0,7.5938950253,2.431690292718974,-0.033599837369603716,-0.4492060060002789,-0.10133903023978671,0.03293282883851707,-0.10357822946351719,-0.06122614439443806,-0.5828269354237711,0.014104058389703803,-0.11705604775655105
3892.0,9.80678498689877,-5.1461197636111065,41.52953627618599,-0.010795531438778478,-0.12572663508281032,-0.03056159251148788,3.0362012018421756,-7.58879774922651,-7.2157,0.0,7.5938950253,2.4426779856154033,-0.037923341702990436,-0.4416618274377515,-0.10735902371952609,0.03299844249398261,-0.10512041426359503,-0.06425389028946889,-0.5878072788558176,0.014519840272599222,-0.11614378514775173
3893.0,9.8164619881555,-5.257114402886607,41.535698286417855,-0.011942703052481863,-0.12363672888257354,-0.03241825908170393,3.0299335102791325,-7.711644905353311,-7.2157,0.0,7.5938950253,2.454530502466704,-0.04191185384860912,-0.4338921003457145,-0.11376899607131748,0.0330636196941492,-0.10660908014086276,-0.06723282113097293,-0.5927001214088675,0.014924324923625608,-0.11522009042773507
3894.0,9.826038651648988,-5.3651287529404135,41.54365326085544,-0.012994629585075444,-0.12147499866112559,-0.034372922431337556,3.0228910783855696,-7.832273099570931,-7.2157,0.0,7.5938950253,2.4671443466305174,-0.04555905030260824,-0.42589021397483395,-0.12051114591950618,0.0331283871054639,-0.10804447907190246,-0.0701640142373947,-0.5975072622660855,0.015317642542755043,-0.11428895839393283
3895.0,9.835514620550555,-5.4701894831216675,41.55348784057636,-0.013949724806973417,-0.11923988768737341,-0.03640952300926253,3.0151878474163274,-7.950605986214944,-7.2157,0.0,7.5938950253,2.4804165030932763,-0.04886048550994212,-0.4176511641035083,-0.1275284635384826,0.033192767683661945,-0.1094268830943758,-0.07304840593312041,-0.6022301867023021,0.01569992218543015,-0.11335432793029351
3896.0,9.844889499161754,-5.5723218339248355,41.56527192328333,-0.014806925053750697,-0.11693039897332239,-0.03851226685022329,3.006937145796106,-8.066566790466549,-7.2157,0.0,7.5938950253,2.4942449565417135,-0.051813539211907254,-0.40917191045912127,-0.13476510763306776,0.03325677965603461,-0.11075659419039534,-0.07588676493698307,-0.6068700700655333,0.016071290771635938,-0.11242005536197727
3897.0,9.854162864571865,-5.671549709789201,41.579059080536716,-0.015565674045722892,-0.11454617971987736,-0.04066573447841852,2.9982510625220877,-8.180078876073177,-7.2157,0.0,7.5938950253,2.5085291662839753,-0.054417354192821295,-0.40045166145335703,-0.14216677479709838,0.03332043565419288,-0.11203395446023703,-0.07867967340083325,-0.6114277897947663,0.01643187260511051,-0.11148988775228154
3898.0,9.86333427860502,-5.767895882010347,41.59488708390887,-0.01622590511436827,-0.1120875847092764,-0.04285498707278548,2.9892398621203804,-8.291066379502878,-7.2157,0.0,7.5938950253,2.523170497492531,-0.05667276555783977,-0.3914920841333075,-0.14968105743509913,0.03338374201779421,-0.11325935614029145,-0.08142751542021988,-0.6159039445402129,0.016781789341153975,-0.11056743652831039
3899.0,9.872403299876657,-5.86138228166496,41.61277853543091,-0.016788021181684598,-0.1095557184362015,-0.045065668462706925,2.9800114446070807,-8.3994548903922,-7.2157,0.0,7.5938950253,2.53807260872724,-0.058582222802451775,-0.38229743918325293,-0.157257785301341,0.033446698283787435,-0.11443325106196278,-0.08413047267908784,-0.6202988793693122,0.017121160338074395,-0.10965615187084733
3900.0,9.881369495773237,-5.952030362050538,41.632741596304584,-0.01725287286602582,-0.10695245630097465,-0.047284101414592494,2.9706708531552213,-8.505172158242996,-7.2157,0.0,7.5938950253,2.553141796192458,-0.060149706018869965,-0.37287464264387943,-0.16484934547073568,0.03350929686963754,-0.1155561591987693,-0.08678852674619537,-0.6246127159834278,0.017450103325430656,-0.10875929833079268
3901.0,9.890218701622981,-6.039860885433462,41.654770264099994,-0.01762074602803325,-0.10428036657116896,-0.04949735896896052,2.9613200115378544,-8.608148791149542,-7.2157,0.0,7.5938950253,2.5682879057160806,-0.06137727779125161,-0.3632334872217992,-0.1724111536786209,0.03364760953222781,-0.11668288213860184,-0.08933287946833804,-0.6288949610068262,0.01782406945703892,-0.1078802535107368
3902.0,9.898866252088123,-6.124894097833122,41.678842677515334,-0.017887261962059,-0.10154249573973717,-0.051692996538179124,2.9520609040442287,-8.708318717899225,-7.2157,0.0,7.5938950253,2.5834246200661024,-0.062251187045076456,-0.3533878415112467,-0.179901787274337,0.03387092879485368,-0.11782175260255781,-0.09175303390610985,-0.6331516764727153,0.018250583539314413,-0.1070221439610794
3903.0,9.907297563361551,-6.207158396671472,41.704926989803184,-0.018053486531948947,-0.09874326672608537,-0.05385913977969792,2.942995368752716,-8.805620090486398,-7.2157,0.0,7.5938950253,2.598461693814926,-0.06277621188301281,-0.3433535247082496,-0.18728087589417666,0.03408742837820171,-0.11890859824133337,-0.09413065396685097,-0.6373229796880532,0.01866325455661378,-0.10618733775414305
3904.0,9.915517056357174,-6.28668478135512,41.732980644424025,-0.01812222619544999,-0.0958879443198654,-0.05598497248633326,2.934220697027297,-8.899996393530367,-7.2157,0.0,7.5938950253,2.613311612175247,-0.06296299919457911,-0.3331485048176565,-0.194511520800384,0.03429716039883511,-0.11994443618331578,-0.09646510684252443,-0.6414087533228168,0.019062285613459146,-0.10537822926158952
3905.0,9.923529165708674,-6.363506017242169,41.762950860821306,-0.018096631903917467,-0.09298243175078096,-0.05806081282976289,2.9258291002520402,-8.991397074056938,-7.2157,0.0,7.5938950253,2.627891056814769,-0.0628233120172863,-0.322792901630541,-0.20156085285637299,0.03450017959895925,-0.12093037657236785,-0.09875564200388057,-0.6454088509752001,0.019447885185746066,-0.10459691039160088
3906.0,9.931338339541277,-6.437657041281468,41.79477586602733,-0.017980171090153145,-0.09003318690489734,-0.06007814574447534,2.9179075091230495,-9.079778067821604,-7.2157,0.0,7.5938950253,2.642121026540136,-0.06236993171298869,-0.3123086922257627,-0.20840012193087498,0.034696544914184085,-0.12186762158700248,-0.10100141981034687,-0.6493231370718541,0.019820268956216677,-0.10384516348819206
3907.0,9.938949037576663,-6.509175311435519,41.82838614505638,-0.017776600308979297,-0.0870471295974576,-0.062029640314860836,2.9105374201670444,-9.165102239312834,-7.2157,0.0,7.5938950253,2.6559269278773145,-0.06161656311235645,-0.3017193873612599,-0.2150047354874037,0.034886320884453446,-0.12275746253923571,-0.10320154113852875,-0.6531515242289364,0.020179661489385343,-0.10312445809227741
3908.0,9.946365727696811,-6.578101089490681,41.86370569493326,-0.017489938741611914,-0.0840315427514022,-0.06390915218587936,2.9037947856319137,-9.247339728730386,-7.2157,0.0,7.5938950253,2.6692386392397056,-0.060577743282726894,-0.29104968860381414,-0.22135424667451523,0.03506957886881323,-0.12360127515444452,-0.1053550771263913,-0.6568940072860443,0.020526297685191024,-0.10243595158622948
3909.0,9.953592881126982,-6.64447764952417,41.900653267516816,-0.017124442719604577,-0.08099397023038421,-0.06571171136948196,2.8977499424852944,-9.32646820191537,-7.2157,0.0,7.5938950253,2.6819905523912,-0.05926875438204409,-0.2803251356329148,-0.22743229341547488,0.03524639803457795,-0.12440051317457546,-0.10746109820791952,-0.6605506933653374,0.020860423961811002,-0.10178049364753015
3910.0,9.960634966424811,-6.708351406910459,41.93914358691696,-0.01668458136987409,-0.07794211390377104,-0.06743349614528645,2.8924675759935483,-9.40247300175072,-7.2157,0.0,7.5938950253,2.6941215948402606,-0.057705540874616615,-0.26957175250732857,-0.23322649108573318,0.035416866101082974,-0.1251567004593205,-0.1095187017070405,-0.6641218274521127,0.021182299129318634,-0.10115863434756946
3911.0,9.967496442481885,-6.769771965242925,41.979088528238364,-0.016175013431036424,-0.07488373229102974,-0.06907179404346842,2.8880067132344975,-9.475347201891763,-7.2157,0.0,7.5938950253,2.705575236648838,-0.055904631209525275,-0.2588157008444965,-0.23872828232532492,0.03558107982730438,-0.1258714217833169,-0.11152703736559613,-0.6676078131366469,0.02149219492693249,-0.1005706356517442
3912.0,9.974181750756161,-6.828792080862695,42.02039824557144,-0.015600565244576198,-0.07182654285723233,-0.07062495114193779,2.884420741916389,-9.545091565777584,-7.2157,0.0,7.5938950253,2.716299484914889,-0.05388306390495699,-0.24808294687873153,-0.24393274833349657,0.03573914524096593,-0.12654631254229995,-0.11348533029382835,-0.6710092282964198,0.021790396207238917,-0.10001648600904081
3913.0,9.980695306959054,-6.88546754677908,42.062982238543036,-0.014966209883468534,-0.06877812972384732,-0.07209231110315044,2.881757450021505,-9.61171441567914,-7.2157,0.0,7.5938950253,2.72624686890006,-0.051658317845450906,-0.23739894828113514,-0.2488383866173986,0.03589117761415974,-0.1271830475879939,-0.11539290094894762,-0.6743268356295343,0.022077200760757455,-0.09949591766476977
3914.0,9.987041492420156,-6.939856999600067,42.10675034828281,-0.014277047346611959,-0.06574585823294594,-0.07347414551574008,2.88005908205042,-9.675231418036672,-7.2157,0.0,7.5938950253,2.7353744184366047,-0.04924824648661729,-0.22678836548781822,-0.25344686060815247,0.03603730119686701,-0.12778332941115067,-0.11724918186391903,-0.677561588071426,0.022352918783376665,-0.09900842628982699
3915.0,9.993224645346443,-6.992021654643677,42.15161367530367,-0.013538285720292215,-0.06273679747112666,-0.07477157719252513,2.8793624079942073,-9.735665292516538,-7.2157,0.0,7.5938950253,2.743643637872861,-0.04667101557466269,-0.21627480113606382,-0.2577627268173146,0.036177648725011245,-0.12834887588549604,-0.11905373096104914,-0.680714629235612,0.022617871997371156,-0.09855329249388087
3916.0,9.999249052182078,-7.042024975659703,42.19748541348409,-0.012755223188023666,-0.059757651533322055,-0.07598649811154702,2.879698801587148,-9.793045453077367,-7.2157,0.0,7.5938950253,2.751020477417664,-0.043945043926226016,-0.20588057008878055,-0.26179314529340003,0.036312360723793305,-0.12888140777347942,-0.1208062413902283,-0.6837872891136176,0.022872392443814192,-0.09812960477772434
3917.0,10.005118939260434,-7.0899322865548084,42.24428159602832,-0.011933230757358856,-0.056814699996138404,-0.07712148367461716,2.8810943248712673,-9.847407589888729,-7.2157,0.0,7.5938950253,2.75747530333392,-0.04108894677681869,-0.19562650146882182,-0.2655475790662566,0.03644158463006964,-0.12938263617876242,-0.12250654792728857,-0.6867810753483671,0.0231168209701568,-0.09773628348070856
3918.0,10.010838464922605,-7.135810333189753,42.2919217509246,-0.011077735566228623,-0.053913747783690166,-0.07817970490371222,2.883569816615961,-9.898793201212316,-7.2157,0.0,7.5938950253,2.7629828680225623,-0.038121481191987903,-0.1855317731532776,-0.269037488055573,0.036565473759503815,-0.12985425011143034,-0.12415463005198718,-0.6896976604587777,0.023351505441525547,-0.09737210529133508
3919.0,10.01641171225721,-7.17972680372135,42.34032946498314,-0.010194204631497217,-0.051060084352387625,-0.07916484010567393,2.8871409826617436,-9.947249084362635,-7.2157,0.0,7.5938950253,2.767522280641285,-0.03506149304199658,-0.17561377831416602,-0.27227602259031775,0.036684186145234506,-0.1302979043110369,-0.1257506118963502,-0.6925388654411346,0.02357679870790523,-0.09703572791112408
3920.0,10.021842682595503,-7.221749816115552,42.389432856985685,-0.009288128907974761,-0.04825845189933197,-0.08008098741672288,2.891818486778952,-9.992826794643445,-7.2157,0.0,7.5938950253,2.7710769785278933,-0.03192786506571481,-0.16588802285024729,-0.2752777212614975,0.036797883274969356,-0.13071520745077245,-0.12729475931180853,-0.6953066402056214,0.02379305636185687,-0.09672571449204503
3921.0,10.027135289874385,-7.261947381388798,42.43916496179113,-0.008365007536323436,-0.04551302211461545,-0.08093257949707547,2.897608041134387,-10.035582080742751,-7.2157,0.0,7.5938950253,2.773634699353953,-0.02873946558967317,-0.1563680519431931,-0.2780582173344924,0.036906728752852155,-0.1311077108241559,-0.1287874743475703,-0.6980030413250109,0.024000634322845077,-0.0964405575042895
3922.0,10.032293355958414,-7.300386850872767,42.48946402840095,-0.0074303321722821135,-0.04282738085203348,-0.08172430148904287,2.9045104959280006,-10.075574304500218,-7.2157,0.0,7.5938950253,2.775187453627451,-0.025515097520856417,-0.14706540349283914,-0.28063395740171354,0.03701088691128849,-0.13147689759443423,-0.13022928746331144,-0.7006302075782674,0.02419988628469999,-0.09617870173222046
3923.0,10.037320606990964,-7.337134355375199,42.54027373598248,-0.006489571306573007,-0.040204519985163466,-0.08246101318552584,2.9125219281871084,-10.112865852273526,-7.2157,0.0,7.5938950253,2.7757314968983264,-0.02227344729386518,-0.13798958583869497,-0.2830219353821148,0.037110521396276436,-0.1318241726669428,-0.13162084781724265,-0.7031903337660774,0.024391161062326985,-0.09593856614027785
3924.0,10.042220670824587,-7.3722542435594995,42.59154333267187,-0.00554815450392633,-0.03764683564488808,-0.08314767618530836,2.921633730078953,-10.147521544360808,-7.2157,0.0,7.5938950253,2.7752673008013087,-0.019033033521714843,-0.12914807695217678,-0.2852394443896111,0.03720579374779732,-0.132150853226506,-0.13296291197695853,-0.7056856432597434,0.024574799872621574,-0.09571856439594378
3925.0,10.046997075561766,-7.405808526220756,42.64322770263198,-0.004611456510102511,-0.035156131997666706,-0.08378928664176327,2.9318326974181437,-10.179608048119137,-7.2157,0.0,7.5938950253,2.773799521898381,-0.015812155172161113,-0.12054634217676423,-0.28730384841356665,0.03729686199458924,-0.13245815996588273,-0.13425633139647497,-0.7081183597210835,0.024751133582775413,-0.09551712388224369
3926.0,10.051653249219914,-7.4378563324264615,42.69528736732684,-0.0036847811969114427,-0.032733629717833376,-0.08439081404648031,2.94310111930012,-10.209193299585184,-7.2157,0.0,7.5938950253,2.7713369671587227,-0.012628839165681605,-0.11218786758953071,-0.2892323751942869,0.037383879280256375,-0.13274720901749087,-0.13550203898995375,-0.710490678400665,0.024920479956901193,-0.09533270307655645
3927.0,10.056192520518785,-7.468453382745269,42.747688427301036,-0.0027733453364114724,-0.030379978328005222,-0.08495714633207066,2.9554168699841155,-10.236345937581575,-7.2157,0.0,7.5938950253,2.7678925548363065,-0.009500787365042049,-0.10407420614355818,-0.29104193114521304,0.03746699253525054,-0.13301900458928217,-0.1367010351123466,-0.7128047373864792,0.025083140929287855,-0.09516380721481868
3928.0,10.06061812077447,-7.497651484032001,42.80040245092969,-0.0018822622161875024,-0.028095271625052605,-0.08549304143137827,2.968753504279661,-10.261134753504777,-7.2157,0.0,7.5938950253,2.7634832694727756,-0.0064453229979737825,-0.09620503391182832,-0.2927489386789543,0.03754634120687585,-0.13327443229667393,-0.13785437323112698,-0.7150625891365608,0.02523939992974241,-0.09500900219983158
3929.0,10.064933186872032,-7.525498049494102,42.85340631664339,-0.0010165251274128959,-0.025879065470571238,-0.08600308529521314,2.9830803577616076,-10.283628159257104,-7.2157,0.0,7.5938950253,2.7581301097630018,-0.0034793366224279442,-0.0885782139740412,-0.2943691958417133,0.037622056057175786,-0.13351425317578652,-0.1389631455429687,-0.7172661725884543,0.025389519283493547,-0.09486692674879854
3930.0,10.069140765278428,-7.552035647052235,42.90668201504634,-0.00018099077592914539,-0.023730397299970493,-0.08649165624857619,2.9983626531532717,-10.303893675121843,-7.2157,0.0,7.5938950253,2.7518580280696083,-0.0006192318069740133,-0.08118986575329479,-0.2959177577532911,0.037694258036416135,-0.13373909835872524,-0.1400284687561441,-0.7194172860970501,0.025533737705122708,-0.09473630280810702
3931.0,10.073243817048644,-7.577301578340507,42.96021641714829,0.0006196373164616617,-0.021647806788856486,-0.08696289545671385,3.014561614179945,-10.321997438797661,-7.2157,0.0,7.5938950253,2.7446958604571536,0.002119129243747279,-0.07403443790508865,-0.29740883898922166,0.03776305723791461,-0.1339494643890625,-0.1410514702249095,-0.7215175614112345,0.025672267903035974,-0.09461594429252096
3932.0,10.077245223770948,-7.6013274900807195,43.01400101463489,0.001380825338131064,-0.019629357205314068,-0.08742068317736269,3.0316345881106703,-10.338003736313228,-7.2157,0.0,7.5938950253,2.7366762462325083,0.004720479837724389,-0.06710478317307644,-0.2988557357278615,0.037828551938215445,-0.1341457091547662,-0.1420332745874426,-0.7235684388598518,0.0258052943081633,-0.09450476423130458
3933.0,10.08114779439153,-7.624139019017516,43.068031637722086,0.0020982255456280033,-0.01767265706831349,-0.08786862039406547,3.0495351780803523,-10.351974555138696,-7.2157,0.0,7.5938950253,2.72783553612118,0.007170202393729272,-0.06039223394206242,-0.3002707662176737,0.0378908277250796,-0.13432804841630563,-0.14297499102504663,-0.7255711438793956,0.02593297093792503,-0.09440178042537561
3934.0,10.084954272854585,-7.645755471121414,43.1223081556892,0.0027676923468956693,-0.01577488182255934,-0.0883100153571084,3.0682133861227925,-10.363969159497271,-7.2157,0.0,7.5938950253,2.718213688375857,0.009454381127656565,-0.05388667752812183,-0.3016652278970875,0.03794995671446507,-0.1344965529092524,-0.14387770122821916,-0.7275266649801284,0.026055419404076696,-0.09430611973747124
3935.0,10.088667346490851,-7.666189535355525,43.176834164677814,0.003385297994135636,-0.013932795325932813,-0.08874787450298958,3.087615767653993,-10.374043687654517,-7.2157,0.0,7.5938950253,2.7078541522989914,0.011559853436790926,-0.04757663053934858,-0.3030493693194708,0.03800599685660544,-0.13465114600309974,-0.14474244812549794,-0.7294357332143702,0.026172727070856227,-0.09421702115163319
3936.0,10.092289655085672,-7.685447031958101,43.23161666678984,0.003947347764098726,-0.012142771025056953,-0.08918489717989046,3.1076855979301348,-10.382250770820017,-7.2157,0.0,7.5938950253,2.6968037388619157,0.01347425957049057,-0.04144931191133763,-0.30443237489710606,0.03805899133044752,-0.13479160190097333,-0.14557022540425146,-0.7312988031807346,0.02628494536792496,-0.09413383774922965
3937.0,10.09582380055656,-7.7035266949135295,43.28666574393111,0.004450394499224357,-0.01040081276579217,-0.08962347357491811,3.128363050771885,-10.388639173228235,-7.2157,0.0,7.5938950253,2.6851124783147053,0.015186090162332976,-0.03549071446371593,-0.30582236037892424,0.0381089680250679,-0.13491754436815667,-0.14636196782912475,-0.7331160355712761,0.026392088260914753,-0.09405603775638335
3938.0,10.099272357169992,-7.720419988064413,43.34199422923773,0.004891252381014171,-0.008702575247550323,-0.09006568521850492,3.149585389602011,-10.39325345296432,-7.2157,0.0,7.5938950253,2.672833464899907,0.016684731193164506,-0.029685675034326866,-0.3072263769156284,0.038155939106233036,-0.13502844598068942,-0.14711854234385138,-0.7348872812449019,0.02649413088096226,-0.0939832048222135
3939.0,10.102637882227507,-7.73611095415125,43.397617378301746,0.005267009807319843,-0.007043384182636309,-0.09051330743195517,3.1712871705923735,-10.396133643156665,-7.2157,0.0,7.5938950253,2.660022689005415,0.0179605059567038,-0.024017943424328766,-0.3086504215415207,0.03819990066597657,-0.13512362788854712,-0.1478407399256324,-0.7366120667900266,0.026591008313413468,-0.09391503768885973
3940.0,10.105922927152081,-7.750576095948093,43.453552541791495,0.00557504124784198,-0.00541825626432128,-0.09096781308544843,3.193400457464782,-10.397314953261613,-7.2157,0.0,7.5938950253,2.6467388573135207,0.019004713609297248,-0.01847025053044511,-0.31009945191387256,0.038240832452918386,-0.13520226009094702,-0.14852926814816042,-0.738289581522269,0.026682614544901805,-0.09385134941295052
3941.0,10.109130048907087,-7.7637842885865105,43.50981884045033,0.005813017957053131,-0.0038219190804049926,-0.09143037704563768,3.215855047243291,-10.396827490306856,-7.2157,0.0,7.5938950253,2.633043201720346,0.0198096639029914,-0.013024376151357013,-0.31157740319729543,0.03827869768101625,-0.13526336222406823,-0.14918474439942733,-0.7399186658490174,0.026768801567224193,-0.0937920662941101
3942.0,10.11226182168177,-7.775696722120891,43.566436842865315,0.005978917430928627,-0.00224883113340497,-0.09190188071413526,3.238578706018471,-10.394696000129828,-7.2157,0.0,7.5938950253,2.6189992780089373,0.020368707726085733,-0.00766121703649845,-0.31308720506164855,0.03831344291450196,-0.1353058048638959,-0.14980768969340713,-0.7414978009218923,0.026849378635846615,-0.09373722665935025
3943.0,10.115320848779145,-7.786266873381239,43.62342824583492,0.00607103150322872,-0.0006932021452943863,-0.09238291609047787,3.2614974135619668,-10.390939628837197,-7.2157,0.0,7.5938950253,2.604672755455958,0.020676263107509057,-0.0023608558010568565,-0.3146307968769059,0.03834499802688599,-0.13532831134900913,-0.1503985230102128,-0.7430250994905593,0.02692411168045309,-0.09368697964285344
3944.0,10.11830977464429,-7.795440506181808,43.6808155566411,0.006087972988530865,0.0008509861648019037,-0.09287378883537888,3.2845356154269534,-10.385571704914192,-7.2157,0.0,7.5938950253,2.590131198732384,0.020727836380386114,0.002897368634719054,-0.3162091393363455,0.038373276232099886,-0.1353294601299892,-0.15095755609701272,-0.7444982978670459,0.026992722864703663,-0.09364158408880283
3945.0,10.121231296973281,-7.803155699003263,43.73862177605555,0.006028680792640674,0.002389958635925589,-0.09337451986191238,3.3076164809914252,-10.37859954262187,-7.2157,0.0,7.5938950253,2.575443843618608,0.020520038245601564,0.008134788405859102,-0.31782222091938955,0.038398174186066995,-0.13530768765381992,-0.15148498866148474,-0.7459147489087902,0.027054890292288802,-0.0936014076906448
3946.0,10.124088178845378,-7.809342899341984,43.796870080491814,0.005892423426259976,0.003930124357383364,-0.09388484504332477,3.330662165750681,-10.370024267531905,-7.2157,0.0,7.5938950253,2.560681368189921,0.020050594527497197,0.01337333118006268,-0.3194690578160694,0.038419572157237486,-0.1352612917932958,-0.1519809038905372,-0.7472714159312809,0.02711024785646749,-0.09356692646359643
3947.0,10.126883260823407,-7.8139250040233454,43.85558350136151,0.005678800874674249,0.0054780533012070065,-0.09440421269590202,3.3535940760467593,-10.359840665258558,-7.2157,0.0,7.5938950253,2.5459156612352123,0.0193183514704228,0.018635441069677825,-0.3211476861746098,0.03843733426488384,-0.13518843583318219,-0.15244526422912097,-0.7485648674674855,0.027158385230568384,-0.09353872462845991
3948.0,10.129619472969729,-7.81681746490822,43.9147845994132,0.005387744794519844,0.007040451699164883,-0.09493177857306204,3.376333134339299,-10.348037054654222,-7.2157,0.0,7.5938950253,2.5312195897460024,0.018323275485963884,0.023943995298485093,-0.3228551457997854,0.038451308784221816,-0.13508715302681462,-0.15287790735696044,-0.7497912728015637,0.027198847997438862,-0.09351749496404307
3949.0,10.13229984672746,-7.817928419586348,43.97449513163205,0.005019517028152254,0.008624135968933872,-0.09546639819177534,3.3988000430772725,-10.334595186937031,-7.2157,0.0,7.5938950253,2.5166667673506833,0.01706644732545058,0.029322215945447972,-0.32458745471975803,0.0384613285176982,-0.13495535173910414,-0.15327854230477386,-0.7509463982188337,0.02723113791657042,-0.09350403966289636
3950.0,10.134927526618892,-7.817158846849896,44.034735708164256,0.004574706446480857,0.01023600499360712,-0.09600661640359111,3.4209155452267304,-10.319490172416357,-7.2157,0.0,7.5938950253,2.5023313255664608,0.015550050719883336,0.034793576086617185,-0.32633957434988226,0.03846721123206833,-0.13479082119463517,-0.15364674565596192,-0.7520256039328345,0.027254713328639303,-0.09349927170088003
3951.0,10.137505781715136,-7.814402746978955,44.09552543670705,0.004054224152057454,0.011883010557138736,-0.09655065421889067,3.4426006795479247,-10.302690436674714,-7.2157,0.0,7.5938950253,2.488287689695759,0.013777355598681519,0.04038169965158524,-0.32810536530989165,0.038468760161177264,-0.13459123785276486,-0.15398195778483698,-0.7530238416738241,0.027268989698506947,-0.09350421670552102
3952.0,10.140038016832891,-7.809547347151037,44.15688155187615,0.0034592970953809905,0.013572125735735824,-0.09709639299333853,3.463777028797203,-10.284157708252957,-7.2157,0.0,7.5938950253,2.47461036110192,0.011752696068598883,0.046110254302787645,-0.3298775342920529,0.03846576457465822,-0.13435417243537714,-0.1542834790883532,-0.7539356529512874,0.027273340299352945,-0.09352001528147766
3953.0,10.142527783415876,-7.80247333261104,44.21881902723196,0.0027914601784693287,0.015310311042154707,-0.09764135618861505,3.484366959155467,-10.263847040069754,-7.2157,0.0,7.5938950253,2.461373707458714,0.0094814434036365,0.05200283663650902,-0.33164757272815887,0.03845800041307485,-0.13407709763717476,-0.15455046617518042,-0.7547551680361265,0.027267097042584496,-0.09354792572400449
3954.0,10.144978790059758,-7.793055104607651,44.28135016791377,0.0020525469404012553,0.01710447811731807,-0.09818268902411167,3.5042938493555957,-10.241706866985565,-7.2157,0.0,7.5938950253,2.4486517623779136,0.006969974364668606,0.05808284899707875,-0.33340568835834145,0.03844523099035725,-0.1337573965530073,-0.15478192798411147,-0.7554761057461,0.027249551460495295,-0.09358932702341663
3955.0,10.147394912640316,-7.781161066515803,44.34448418219886,0.0012446789393958924,0.01896145076301515,-0.09871713644104133,3.523482308195188,-10.21767910209401,-7.2157,0.0,7.5938950253,2.4365180355782075,0.0042256352326226244,0.06437336719517758,-0.33514073116023,0.03842720776471577,-0.13339237186156494,-0.15497672181353428,-0.7560917741606459,0.027219955851334993,-0.09364572203553706
3956.0,10.149780204005035,-7.7666539400194115,44.408226730769925,0.0003702539647181271,0.020887923112397268,-0.09924101990404934,3.5418583793765497,-10.191699274486636,-7.2157,0.0,7.5938950253,2.4250453344672245,0.0012567020002567488,0.07089699843333956,-0.33684011544855363,0.03840367117955251,-0.13297925580957948,-0.15513354925539982,-0.7565950724381408,0.02717752459948622,-0.09371874066533183
3957.0,10.15213890318831,-7.74939111371838,44.47257945303747,-0.0005680667710706311,0.022890414743536286,-0.09975021366658307,3.559349732910545,-10.163696711385962,-7.2157,0.0,7.5938950253,2.414305597667582,-0.0019276627762881823,0.07767572877348741,-0.33848974029842877,0.038374351576220364,-0.13251522104516233,-0.15525095204114647,-0.7569784939594573,0.0271214356868012,-0.09381014288378609
3958.0,10.154475444109812,-7.729225027039765,44.5375394705208,-0.001567372293600509,0.024975222557672407,-0.10024012122366804,3.575885842651323,-10.133594767669663,-7.2157,0.0,7.5938950253,2.4043697406298987,-0.0053174559150525455,0.08473075954020792,-0.340073910775811,0.038338970180786296,-0.13199739235270172,-0.15532730782375914,-0.7572341310756532,0.027050832414775062,-0.09392182137195662
3959.0,10.156794463714453,-7.706003592863087,44.60309886803792,-0.002624516202776522,0.027148369270243715,-0.10070565276799401,3.5913981498907326,-10.101311105907424,-7.2157,0.0,7.5938950253,2.3953075130443375,-0.008901881741199042,0.09208233214732796,-0.3415752627713044,0.03829724016722086,-0.13142285934442316,-0.15536082593985126,-0.7573536817939117,0.026964825361059888,-0.09405580356150652
3960.0,10.159100809510662,-7.679570662798281,44.669244154285586,-0.0037361314935823236,0.02941554840166687,-0.10114120455093918,3.6058202133291513,-10.066758030090506,-7.2157,0.0,7.5938950253,2.387187367292225,-0.01266940178735274,0.09974954097204544,-0.34297469452394236,0.0382488677996355,-0.13078869016481157,-0.1553495432185896,-0.7573284587932243,0.026862494597756716,-0.09421425281836802
3961.0,10.161399546461306,-7.649766539562861,44.73595570429961,-0.004898645663812346,0.031782065708323835,-0.10154064112787116,3.6190878461472304,-10.029842876240123,-7.2157,0.0,7.5938950253,2.380076336677262,-0.0166077854085666,0.1077501340878827,-0.34425130818454647,0.03819355365629478,-0.13009194626311302,-0.15529131993055714,-0.7571494012184135,0.026742892202846882,-0.09439946849603584
3962.0,10.163695963178883,-7.616428541369916,44.80320718726458,-0.006108295906149144,0.03425277706428323,-0.10189728153515139,3.63113924132337,-9.990468463019669,-7.2157,0.0,7.5938950253,2.3740399216497527,-0.02070416064482727,0.11610030191177502,-0.34538236499825753,0.038130993938113054,-0.12932969828555702,-0.15518383599924684,-0.7568070897562089,0.026605045099894017,-0.09461388456795973
3963.0,10.165995577373199,-7.579391623634872,44.87096498418196,-0.007361144180640386,0.03683202289259848,-0.10220389050295704,3.6419150867661774,-9.948533605332056,-7.2157,0.0,7.5938950253,2.369141981697184,-0.024945064661201343,0.12481445412726419,-0.34634325787663245,0.038060881864173876,-0.12849904313226823,-0.15502458763061994,-0.7562917655482476,0.026447958264595194,-0.0948600665352577
3964.0,10.168304140496176,-7.538489063607695,44.939187600996036,-0.008653091965991755,0.03952355935279522,-0.10245267585132743,3.6513586722502405,-9.903933693639729,-7.2157,0.0,7.5938950253,2.3654446300320338,-0.029316493105395042,0.133904985619102,-0.34710750527432627,0.037982909156454706,-0.12759712221357788,-0.15481088455167327,-0.7555933535408341,0.02627061833969098,-0.09514070629725338
3965.0,10.170627641524481,-7.493553213706971,45.00782508390493,-0.009979894494462935,0.042330486619063454,-0.1026352932444973,3.659415990546586,-9.856561341383935,-7.2157,0.0,7.5938950253,2.3630081276769648,-0.03380394774561963,0.14338203259677618,-0.34764677037600716,0.03789676761537568,-0.12662114092616583,-0.15453984808665772,-0.7547014909075177,0.026071997701939603,-0.09545861466898131
3966.0,10.172972309816677,-7.444416329339354,45.07681844473458,-0.011337174285805256,0.0452551747317416,-0.10274285948807026,3.666035835514506,-9.806307102383785,-7.2157,0.0,7.5938950253,2.361890773044431,-0.03839248178913301,0.15325322059552457,-0.3479309096269234,0.037802150786997044,-0.12556838935079584,-0.15420841033866337,-0.7536055612052404,0.025851059026081535,-0.09581671123271207
3967.0,10.175344616977643,-7.39091147679719,45.1460991054099,-0.012720433810862684,0.048299187672218316,-0.10276597554209352,3.6711699002561704,-9.753060259447704,-7.2157,0.0,7.5938950253,2.3621487826505136,-0.04306674233451,0.16352340662071327,-0.34792805459562753,0.037698755721655874,-0.12443626415007054,-0.15381331478368074,-0.752294734934961,0.025606760390707594,-0.09621801122070195
3968.0,10.177751277659334,-7.3328735264025635,45.21558837169907,-0.014125067135396385,0.051463206496850405,-0.10269476038750927,3.6747728787159177,-9.696709684614634,-7.2157,0.0,7.5938950253,2.36383615821207,-0.04781100947932725,0.17419441833955165,-0.34760473102888806,0.03758628482255654,-0.12322229161647205,-0.15335111862265746,-0.7507580171700459,0.02533806096942337,-0.0966656091448156
3969.0,10.180199249223628,-7.270140235372141,45.28519694751016,-0.015546370419568816,0.05474695256644818,-0.1025188968204097,3.6768025743177684,-9.637144770446474,-7.2157,0.0,7.5938950253,2.367004535074333,-0.05260923169013515,0.1852647939143209,-0.3469260187350908,0.03746444778132475,-0.12192415178795613,-0.15281819727293355,-0.748984302887001,0.025043927347393455,-0.09716265891647477
3970.0,10.182695730190416,-7.2025534238793405,45.35482450205812,-0.016979551178465137,0.05814911212084956,-0.10222769015444176,3.6772200193625517,-9.574256430606999,-7.2157,0.0,7.5938950253,2.3717030067276585,-0.0574450571437418,0.19672952680142658,-0.3458557556010428,0.037332963595827856,-0.12053970351068154,-0.15221075141194815,-0.7469624405799182,0.02472334049796799,-0.0977123502386341
3971.0,10.18524815739214,-7.129960246457174,45.42435930316255,-0.018419736244090185,0.06166726366853715,-0.10181014068291626,3.6759896089348,-9.507938166580026,-7.2157,0.0,7.5938950253,2.3779779201228513,-0.06230186086809902,0.20857982059467584,-0.34435678859536983,0.03719156266369639,-0.11906701028643274,-0.15152481701121337,-0.7446813046590119,0.02437530344636868,-0.09831788110121095
3972.0,10.187864201755115,-7.052214559189259,45.49367793074837,-0.019861978409417908,0.06529780988342582,-0.10125503058502362,3.6730792529843,-9.438087195800575,-7.2157,0.0,7.5938950253,2.3858726366113165,-0.06716276764727279,0.22080285974919894,-0.3423912740271045,0.03703998894301241,-0.1175043666964916,-0.15075627881498888,-0.7421298770217093,0.023998849637089096,-0.09898242627353071
3973.0,10.190551762628012,-6.969178381057099,45.56264508526352,-0.021301261780122722,0.06903591591790748,-0.1005510257516036,3.6684605500336964,-9.364605634703043,-7.2157,0.0,7.5938950253,2.395427253645944,-0.07201067080748363,0.23338160276010247,-0.3399210285988899,0.036878002169628284,-0.11585032514493401,-0.14990088772341273,-0.7392973380392114,0.023593052008530426,-0.09970910176265668
3974.0,10.193318960579202,-6.880723445336471,45.63111350615638,-0.022732505909277275,0.07287545624475283,-0.09968679275215381,3.662108985609051,-9.287401728243406,-7.2157,0.0,7.5938950253,2.4066782829069346,-0.07682824716887925,0.24629460505855505,-0.33690793191038937,0.0367053801186301,-0.11410372261361995,-0.1489542825314852,-0.7361731670201134,0.02315703276228665,-0.10050092529545161
3975.0,10.196174128587014,-6.786732834063132,45.69892401572514,-0.02415056884406435,0.07680897232101452,-0.09865113086391775,3.654004157984269,-9.206391115350273,-7.2157,0.0,7.5938950253,2.419658281287141,-0.08159796862877956,0.25951587949446314,-0.33331438002157143,0.036521920895650366,-0.11226370706982786,-0.1479120164506253,-0.7327472519942495,0.0226899737953273,-0.10136077298500586
3976.0,10.199125801550604,-6.687102685330617,45.765905703511436,-0.025550249270714788,0.08082764351387065,-0.09743311873476476,3.6441300331652413,-9.121498117533609,-7.2157,0.0,7.5938950253,2.434395432202992,-0.0863021110340951,0.2730148027617726,-0.3291037884739432,0.036327445242157176,-0.1103297631171381,-0.14676958879592875,-0.7290100084041702,0.022191127741111864,-0.1022913324583353
3977.0,10.202182704053792,-6.581743959569539,45.83187626591054,-0.02692628800349259,0.0849212738294495,-0.09602227485443873,3.63247523021201,-9.032657035572573,-7.2157,0.0,7.5938950253,2.450913076003034,-0.09092276120008495,0.28675607644843354,-0.3242411417922371,0.03612179883758432,-0.10830173643263652,-0.1455224821573023,-0.7249525059997698,0.0216598295405429,-0.10329505285106595
3978.0,10.205353736319987,-6.470584247037302,45.89664251475868,-0.02827336912436612,0.08907829702816544,-0.09440873056582107,3.619033337008597,-8.939813436868556,-7.2157,0.0,7.5938950253,2.469229189831254,-0.09544182313524001,0.3006997515136481,-0.3186935849580195,0.03590485458028772,-0.10617985649086815,-0.1441662052841705,-0.720566602906418,0.021095508435908364,-0.10437409221453658
3979.0,10.208647958302956,-6.353569594590759,45.960001067285106,-0.02958612114048328,0.09328580268037627,-0.09258341386376424,3.603803255447856,-8.842925413751624,-7.2157,0.0,7.5938950253,2.489355819160865,-0.09984102473243515,0.31480132486351253,-0.3124310506772424,0.03567651482886091,-0.10396475703950055,-0.14269634179976273,-0.7158450854834069,0.020497700251035422,-0.10553026302885732
3980.0,10.212074571865688,-6.230666325518431,46.02173922793769,-0.030859118584828614,0.09752958560040796,-0.0905382417113831,3.586789573716995,-8.741964790845604,-7.2157,0.0,7.5938950253,2.5112984653271724,-0.1041019263780331,0.3290119162653373,-0.30542691448318676,0.035436713585322736,-0.10165749376577815,-0.14110860472105297,-0.7107818122147943,0.019866059789435085,-0.10676497666850357
3981.0,10.215642901007795,-6.101862821896919,46.08163607016953,-0.032086884539255844,0.10179422088171115,-0.08826631806344334,3.5680029619703473,-8.636918257617978,-7.2157,0.0,7.5938950253,2.535055435721059,-0.10820593310562124,0.34327853306510886,-0.2976586678637371,0.0351854186020666,-0.09925955857904811,-0.13939889659411395,-0.7053718594885342,0.019200373150130807,-0.10807918782048437
3982.0,10.219360023219718,-5.967171027775336,46.139463596502196,-0.03326364408037535,0.10606319116022044,-0.08576213492336576,3.5474605951630798,-8.527788400137371,-7.2157,0.0,7.5938950253,2.560617372362035,-0.11213349328776193,0.357544594491975,-0.2891086664328225,0.034969523020318666,-0.0968254162362413,-0.13749114322077166,-0.6996561406561468,0.0185510565080461,-0.10947292351421858
3983.0,10.22312943099299,-5.826623296999245,46.19498248199865,-0.034372391122422276,0.11031976383859844,-0.08302223445551309,3.52519141154736,-8.41459421573966,-7.2157,0.0,7.5938950253,2.5879709187404147,-0.11582841459265679,0.37175660250547815,-0.27976912512929203,0.034894393050573826,-0.09447786969473355,-0.135215735059446,-0.693734716263264,0.018033553071768564,-0.11094415647540826
3984.0,10.226916375182808,-5.680295166422993,46.24795313866429,-0.03540237718414439,0.1145450306823235,-0.08004607739183683,3.501242461437435,-8.297371878603691,-7.2157,0.0,7.5938950253,2.6170767121806984,-0.11925509598898754,0.38585201660412594,-0.26964015984725276,0.03481343075361848,-0.0920573634877726,-0.1327930079116008,-0.6874703566760398,0.017491536507435082,-0.11249240713206018
3985.0,10.230726849769761,-5.528296984853626,46.298138049759714,-0.03634717265223681,0.11871908720737831,-0.07683548495387224,3.4756706286843575,-8.17617644085087,-7.2157,0.0,7.5938950253,2.647879455997244,-0.12239209552327532,0.39976363501350093,-0.25872868033031965,0.03472653009047709,-0.08956740964031355,-0.13022066952330474,-0.6808654744634989,0.016925340187952217,-0.11411560011789698
3986.0,10.234566999482963,-5.37077010122767,46.34530209663572,-0.03720040266488865,0.12282181709860213,-0.0733947142100054,3.4485420415339303,-8.051082112876294,-7.2157,0.0,7.5938950253,2.680312011648624,-0.1252181818605669,0.4134236064174086,-0.24704981702327222,0.034633624601190155,-0.0870119012034131,-0.12749717314527353,-0.6739244596590462,0.01633543509900718,-0.11581090237094131
3987.0,10.238443084696945,-5.207887281194878,46.389215129700645,-0.03795577638030241,0.12683319136944773,-0.06973059275007203,3.419932401350336,-7.922182151931718,-7.2157,0.0,7.5938950253,2.7142948707368397,-0.12771243493610945,0.42676444128583124,-0.234627364763154,0.034534691518047625,-0.08439508468802727,-0.12462180409997121,-0.6666537545442054,0.015722433122985827,-0.11757470459776051
3988.0,10.24236144229486,-5.039852714321929,46.42965466877563,-0.038607121985071005,0.13073359048779523,-0.06585261706108832,3.389927250790085,-7.789588446023529,-7.2157,0.0,7.5938950253,2.7497357317016,-0.12985436609310858,0.4397200994788806,-0.2214941027550962,0.034429755274989475,-0.0817215265731515,-0.12159476030870948,-0.6590619017131103,0.015087088499088182,-0.11940261542716718
3989.0,10.246328442990926,-4.866901570363404,46.46640869362755,-0.03914842772710945,0.13450414349911183,-0.06177300902991672,3.3586221656415334,-7.653430777179141,-7.2157,0.0,7.5938950253,2.786529206815737,-0.1316240585789033,0.4522271337802075,-0.20769197209722082,0.0343188902435427,-0.07899607422579966,-0.11841722401890427,-0.6511595618295044,0.014430297243916184,-0.12128946951416103
3990.0,10.250350445748555,-4.689299070577899,46.499278479802456,-0.03957388907391199,0.13812707687281123,-0.05750672577597571,3.3261228547538915,-7.51385575476137,-7.2157,0.0,7.5938950253,2.824556684183471,-0.133002328633722,0.4642258646134365,-0.1932720947900907,0.03420222253557031,-0.07622381173806698,-0.11509142189514533,-0.6429594980182979,0.013753094350733254,-0.12322935053269554
3991.0,10.254433750065362,-4.507339049816531,46.5280814300953,-0.03987796188077054,0.14158606460545553,-0.053071419093925716,3.2925451532726893,-7.371025417241916,-7.2157,0.0,7.5938950253,2.8636863674253847,-0.13397090666111025,0.47566155719001585,-0.1782946218531167,0.034079930731985626,-0.07341001134904991,-0.11162067066605781,-0.6344765245456494,0.013056648630779287,-0.12521562959616034
3992.0,10.2585845470147,-4.3213419969416975,46.552653848405015,-0.040055421210580595,0.14486657011331333,-0.048487342152566476,3.2580148957986985,-7.225115509511086,-7.2157,0.0,7.5938950253,2.903773512569389,-0.13451263713628625,0.48648556899167444,-0.16282840283672537,0.033952245424585636,-0.07056008126897219,-0.10800940566609034,-0.625727418324012,0.012342255115840882,-0.12724101917692898
3993.0,10.26280887002823,-4.131652574788072,46.57285360064274,-0.04010142518467128,0.1479561697154868,-0.0437772027218479,3.222667658095113,-7.076313452168308,-7.2157,0.0,7.5938950253,2.944660877380236,-0.1346116950152386,0.49665643307303453,-0.14695047455984747,0.03381944749482469,-0.06767951085212268,-0.10426318988663975,-0.6167307928096183,0.011611325006447177,-0.1292976420762038
3994.0,10.267112546468402,-3.9386366359594724,46.58856260705072,-0.04001158297292177,0.15084484712198704,-0.03896596403240491,3.186648358553065,-6.924816029005968,-7.2157,0.0,7.5938950253,2.9861793930464957,-0.13425381548888207,0.5061408414325739,-0.13074537313590562,0.033681865097543916,-0.06477381416740695,-0.10038870155716396,-0.6075069350058052,0.010865373222585632,-0.13137711444367164
3995.0,10.271501151067756,-3.7426777667356377,46.59968911195446,-0.03978202576371574,0.1535252483628332,-0.03408059633627546,3.1501107137246347,-6.770826828707521,-7.2157,0.0,7.5938950253,3.028149061971883,-0.1334265330260456,0.5149144928586997,-0.11430428001876244,0.033539869367568156,-0.06184847308487908,-0.09639369880931141,-0.5980776075015792,0.010106003691019027,-0.13347064128923242
3996.0,10.27597996229953,-3.544173407598031,46.606169680726865,-0.03940947930425212,0.15599288707120734,-0.029149784237714915,3.113216545748795,-6.614553486223814,-7.2157,0.0,7.5938950253,3.070380078625783,-0.13211942481519526,0.5229627713676979,-0.09772401957511792,0.03339386892022525,-0.05890888102959984,-0.09228696062224516,-0.5884658187069068,0.009334892581851722,-0.13556912239620678
3997.0,10.280553922688611,-3.3435306146435657,46.6079708795988,-0.03889133638459236,0.15824629098895548,-0.02420359678722201,3.0761349433021192,-6.45620477793777,-7.2157,0.0,7.5938950253,3.112674163294204,-0.1303243529993387,0.5302812246855855,-0.08110593218908345,0.03324430327028537,-0.05596028854861078,-0.08807820398321745,-0.5786955656338526,0.008553769783229885,-0.13766326606900448
3998.0,10.285227603973834,-3.1411615406651547,46.60509060178952,-0.03822572746982693,0.16028708199048827,-0.019273129058345842,3.0390412816503494,-6.295987632144434,-7.2157,0.0,7.5938950253,3.154826091479279,-0.12803569955289518,0.536875817161194,-0.06455465271410084,0.03309163534431576,-0.05300775179295842,-0.08377797799388291,-0.5687915546527234,0.0077643989730499475,-0.13974370776012068
3999.0,10.289997890254684,-2.937476836583884,46.59755193425403,-0.03740954968531783,0.16212007733178851,-0.014390074341576384,3.002116411308927,-6.134104108805194,-7.2157,0.0,7.5938950253,3.19662727222131,-0.12524385334225777,0.5427636354881586,-0.04817669219707067,0.03299886565354964,-0.0502848690524054,-0.07927842621156993,-0.559849402071648,0.007144320956876091,-0.14168466851206246
4000.0,10.294756449631748,-2.732866698861652,46.58530862388888,-0.03641102112638937,0.1637543931756649,-0.009587300439333382,2.9655603822457812,-5.970747784324705,-7.2157,0.0,7.5938950253,3.237881085463053,-0.1218445219118305,0.5479817684374118,-0.032082594838545156,0.033046037984571584,-0.048085492242534306,-0.07444190411926209,-0.5532535033031216,0.006918711879169986,-0.14332991551820395
4001.0,10.299468932369326,-2.5277618548758656,46.56842167035251,-0.035219531974646966,0.16520118234281228,-0.004902624110647998,2.929602860832619,-5.806100317410795,-7.2157,0.0,7.5938950253,3.2783384625349297,-0.11780344059423979,0.5525703091179348,-0.016398457213751723,0.03309206887984427,-0.045895539651777714,-0.06955194472347552,-0.5466043327734854,0.00669122183165889,-0.14493359539628042
4002.0,10.304138505648686,-2.3225935289583868,46.54702856928062,-0.03383616996591105,0.16647447822550476,-0.00037449160028579526,2.8944784003420096,-5.640329319405126,-7.2157,0.0,7.5938950253,3.317735790446739,-0.11312503754550932,0.5565769299126474,-0.0012520440813924662,0.03313703468888984,-0.04371823872451457,-0.06462255473256348,-0.5399209038556799,0.006462449607176618,-0.14648627504086692
4003.0,10.308768165710426,-2.117774136757149,46.521306750552554,-0.032263326162814826,0.16759138380349559,0.003959295357311481,2.8604223122511563,-5.473585390107701,-7.2157,0.0,7.5938950253,3.3558112533505517,-0.10781807956512271,0.5600594638683043,0.013231234117095961,0.033181012244267984,-0.04155641528099137,-0.05966792552434354,-0.5332218866852398,0.006232982382816741,-0.1479789231632978
4004.0,10.31336072058977,-1.9136920716971646,46.491472732475096,-0.03050472404938348,0.16857161107540414,0.008061973227656203,2.8276687703538443,-5.305999461837507,-7.2157,0.0,7.5938950253,3.392307390140342,-0.10189576142752872,0.5630843484368675,0.02692962897518763,0.033224074586824665,-0.03941247842672749,-0.054702200110593416,-0.5265253847708151,0.00600338829952848,-0.14940300879459395
4005.0,10.31791877662965,-1.7107070515664238,46.4577808761037,-0.02856543050807907,0.16943693145284444,0.011898151397215631,2.7964488863584576,-5.137680648511565,-7.2157,0.0,7.5938950253,3.426973596945141,-0.09537573441964753,0.5657247759859941,0.03972616227242386,0.033266287251165046,-0.037288416651273526,-0.04973923521013764,-0.5198487338554701,0.0057742095977807535,-0.15075058187029095
4006.0,10.322444728420797,-1.5091461510645499,46.42052180451768,-0.026451847967869875,0.17021055184024117,0.015434079738196086,2.7669887882833786,-4.968714674088986,-7.2157,0.0,7.5938950253,3.459568523024436,-0.08828007186942134,0.5680586009583205,0.051509507773571696,0.033307705279202994,-0.03518580515723685,-0.04479236485582641,-0.5132083282607589,0.00554595649315062,-0.1520143342553646
4007.0,10.326940751671003,-1.3093006252817658,46.380020558890706,-0.02417168771325364,0.1709164334498318,0.0186378451793773,2.7395077314755363,-4.799162939328474,-7.2157,0.0,7.5938950253,3.4898623140467078,-0.08063517180408403,0.5701660611729525,0.0621746344701023,0.03334837108304542,-0.03310582413884587,-0.039874171927677636,-0.5066194787717553,0.005319101950539016,-0.15318764067780052
4008.0,10.331408798395707,-1.1114236048973307,46.33663456555588,-0.0217339250591431,0.17157857188039738,0.021479498110904167,2.7142162694187033,-4.6290622688163925,-7.2157,0.0,7.5938950253,3.5176386639190618,-0.07247159926570185,0.5721273755228378,0.07162321464189408,0.03338831322776802,-0.03104928743868779,-0.03499627370226719,-0.5000963048105314,0.005094077484448368,-0.15426458017994102
4009.0,10.335850593753051,-0.9157287176754694,46.29075148570509,-0.019148737782015732,0.17222025761350773,0.023931114123687296,2.691314507836795,-4.458425362439006,-7.2157,0.0,7.5938950253,3.5426966447635366,-0.0638238730916976,0.5740202822176258,0.0797638156707981,0.03342754615406369,-0.02901668076034944,-0.03016912696866622,-0.493651662274508,0.004871270077145188,-0.1552399397935662
4010.0,10.340267633819243,-0.7223896638879371,46.24278701200613,-0.016427429813737626,0.172863335924211,0.025966800953450234,2.67099046117822,-4.2872419576548655,-7.2157,0.0,7.5938950253,3.5648522937669282,-0.0547302040067442,0.5759175810026399,0.08651190902647368,0.033466070814113576,-0.027008208407389808,-0.025401857532806903,-0.48729710706058954,0.004651020268546038,-0.15610920312760007
4011.0,10.344661183612207,-0.5315407467908476,46.19318266471224,-0.013582342716075488,0.17352748440249777,0.027562664279630077,2.653418525675077,-4.115480691720316,-7.2157,0.0,7.5938950253,3.583939944929469,-0.04523219255455717,0.5778847399213329,0.0917897423201726,0.03350387615434068,-0.025023847354326847,-0.02070211807567976,-0.48104289302442865,0.004433621433268828,-0.15686852736579204
4012.0,10.349032274718779,-0.3432783342116799,46.14240362450134,-0.010626757833586627,0.1742295250237401,0.028696748979529074,2.6387580781114486,-3.94309163692067,-7.2157,0.0,7.5938950253,3.59981330270899,-0.035374496633986716,0.5799776228092736,0.09552612998993094,0.03354094134786611,-0.023063407327835458,-0.016075977411909817,-0.47489800199263565,0.004219320223272451,-0.15751471275866416
4013.0,10.353381701957186,-0.1576632043770269,46.09093662127415,-0.007574792251608724,0.174982786200725,0.029348974376717518,2.6271522045156614,-3.7700094671579074,-7.2157,0.0,7.5938950253,3.6123462627808807,-0.025204479133478744,0.5822403885172536,0.09765622444759157,0.03357723865820046,-0.021126595477777094,-0.011527843277972242,-0.4688702024952766,0.004008318120350779,-0.15804516902824228
4014.0,10.357707890639723,0.025276243164651158,46.03928361645459,-0.0044412577281850475,0.17579652767304016,0.029501137066782014,2.618726555161001,-3.596157200670062,-7.2157,0.0,7.5938950253,3.6214334438347136,-0.014771736213399342,0.5847037242486075,0.0981215325515296,0.03365390572703783,-0.019200609374455987,-0.007063048781772392,-0.46443768901298815,0.003807420929352998,-0.1583101116940101
4015.0,10.36186871044469,0.20553570222545875,45.98768076907742,-0.0012394002212170218,0.17667540105730764,0.02914025031241826,2.6135891453363493,-3.4214505377768227,-7.2157,0.0,7.5938950253,3.6269862400022816,-0.004120621368024842,0.5873909172666059,0.09688229520326809,0.03398217155804932,-0.017220109832607397,-0.002697213879528159,-0.4691415702807888,0.0036493894123230657,-0.15755072520254496
4016.0,10.365782587266763,0.38313399581281204,45.936497799155795,0.002015854433036644,0.17761917286372092,0.028253313289037862,2.611830649473822,-3.245802631623415,-7.2157,0.0,7.5938950253,3.6289366274362274,0.006699560272797877,0.5903056960380095,0.09389803756862317,0.034305241265749756,-0.015261836185275088,0.0015857468036176645,-0.4737988175765587,0.0034917448478559467,-0.15668737251237347
4017.0,10.36945374078447,0.5581111672866776,45.88629027729157,0.005307731782731806,0.1786223885831333,0.026827080364833392,2.6135216940861343,-3.0691288635376393,-7.2157,0.0,7.5938950253,3.627240030824317,0.017633654046397013,0.5934296483223827,0.08912648068755388,0.03462315845947076,-0.013325630420968747,0.005787950765917978,-0.4784190628411162,0.0033345759297938172,-0.15571790488547663
4018.0,10.372886070100598,0.7305214274787705,45.83762521192533,0.008619114514694978,0.17967410974320172,0.024850466451294125,2.6187117798847455,-2.891352071436656,-7.2157,0.0,7.5938950253,3.6218734989154266,0.028625446478885538,0.5967262186070911,0.0825323408992942,0.03493600218780964,-0.01141160287196892,0.009913080596343347,-0.48301256236480294,0.003177975815616963,-0.1546405943024346
4019.0,10.376083122686058,0.9004274604484523,45.791078510853374,0.011932629049789648,0.18075781607946229,0.022314802498403865,2.627428665220917,-2.7124079773161096,-7.2157,0.0,7.5938950253,3.612835437764562,0.03961794310094514,0.6001404085056582,0.07408816380713497,0.03524388155165191,-0.009520219216312638,0.013966274966039548,-0.4875899739340377,0.0030220454372289498,-0.1534542035447993
4020.0,10.379048069359289,1.0678945878485568,45.747232163923535,0.015230722552970574,0.18185143809952342,0.019214174632093642,2.639677839304497,-2.53225065530534,-7.2157,0.0,7.5938950253,3.600145243153897,0.05055361420849712,0.6035989043179483,0.06377543601804396,0.03554692982299109,-0.007652379071677262,0.01795398758267021,-0.49216211973771934,0.0028668970340757316,-0.15215807463673
4021.0,10.381783685836298,1.2329849433519364,45.70667106482769,0.01849573037653945,0.18292752992983002,0.01554584266088097,2.655442081047493,-2.3508579143187545,-7.2157,0.0,7.5938950253,3.5838428576706907,0.06137460871401856,0.6070106637532974,0.05158596016578516,0.03584529818450375,-0.00580948324919188,0.021883815359886486,-0.4967397381102668,0.0027126578163134555,-0.15075223438796795
4022.0,10.384292341325828,1.3957518149832593,45.66997939699456,0.021709934748084823,0.18395359166143208,0.011310727296582966,2.6746811033056215,-2.16823646016712,-7.2157,0.0,7.5938950253,3.563988275150379,0.07202293882801379,0.6102679917356049,0.037523457791783774,0.03613914920595146,-0.003993486668562085,0.0257642973189621,-0.5013332277446888,0.002559473642695281,-0.1492375143937127
4023.0,10.386575994577374,1.5562343181525051,45.63773652240654,0.024855616303049246,0.184892549097076,0.0065139488827921106,2.6973312869975334,-1.9844266935227717,-7.2157,0.0,7.5938950253,3.540661011675277,0.08244064088946072,0.6132481310221659,0.021605343197733877,0.03642865016991935,-0.0022069339206519586,0.02960468609879586,-0.5059523886794705,0.0024075125746682454,-0.14761568141429665
4024.0,10.388636197717005,1.7144525651408686,45.61051233273005,0.027915100812531766,0.1857033965712373,0.0011653939746634253,2.7233055147725405,-1.7995069930742844,-7.2157,0.0,7.5938950253,3.513959558215153,0.09256992012128175,0.6158153861702298,0.003864590275668508,0.03671396635288966,-0.00045297453572237106,0.033414694457080826,-0.5106061651296727,0.0022569681461848913,-0.14588957263619587
4025.0,10.390474108125538,1.8704034969568104,45.58886204918439,0.030870804131585,0.18634200512835988,-0.004719719915119479,2.7524931191999173,-1.6135973285180958,-7.2157,0.0,7.5938950253,3.484000825474906,0.10235328929807234,0.6178237883920858,-0.015648405393620522,0.036995254360579675,0.00126464478489495,0.037204219842083386,-0.5153023960622497,0.002108062169560069,-0.14406322897552357
4026.0,10.392090508521923,2.0240575398671283,45.57332049044193,0.033705278949441086,0.186762093630474,-0.011120316323508102,2.784759965434712,-1.4268620468810254,-7.2157,0.0,7.5938950253,3.450919586748154,0.1117337131403984,0.6191202934860637,-0.03686408399067553,0.03727265561168179,0.002941613347771238,0.04098305102680794,-0.5200475802571676,0.001961046883231018,-0.14214201840861698
4027.0,10.393485835306707,2.1753562403958373,45.564395865502355,0.03640126731450856,0.18691635425257694,-0.018009007532464053,2.8199486925047266,-1.23951167934456,-7.2157,0.0,7.5938950253,3.4148679197403973,0.12065477154208429,0.6195484850835182,-0.05969222639298268,0.03754629006460619,0.0045731168574808245,0.044760561927380635,-0.5248466633801188,0.0018162062396102367,-0.14013274039783558
4028.0,10.394660215089102,2.32421101803336,45.56256318940617,0.03894176308506529,0.18675771637635843,-0.025351759222591013,2.8578791402757324,-1.0518036255728052,-7.2157,0.0,7.5938950253,3.3760146436061653,0.12906085533542375,0.6189527311172814,-0.08402084215802084,0.03781625029023501,0.00615392601234916,0.048545399047448506,-0.5297028552325133,0.0016738561325642539,-0.13804370193144933
4029.0,10.395613509158967,2.4705031532859945,45.568257461856795,0.04131008837353483,0.18624072433783667,-0.03310771353442238,2.8983489903238686,-0.8640415897484737,-7.2157,0.0,7.5938950253,3.334544743034468,0.13689740804758047,0.6171827134382899,-0.10971557669549466,0.038082596011933034,0.007678513251749411,0.0523451704374006,-0.5346174857384584,0.0015343433765627823,-0.1358847556271927
4030.0,10.396345365464487,2.614085099268441,45.58186678984255,0.04348998766570659,0.18532299523494658,-0.04122920956515261,2.941134647978256,-0.6765736680472428,-7.2157,0.0,7.5938950253,3.2906587673156835,0.14411122586024772,0.6140982202315158,-0.13661976584942448,0.03834534926260929,0.009141196322405204,0.05616614553031398,-0.539589908266213,0.00139804327510543,-0.13366729086845808
4031.0,10.396855277411937,2.7547831674880228,45.603725672317324,0.04546574257552749,0.18396671366082393,-0.04966203494751993,2.985992389410521,-0.4897890216423466,-7.2157,0.0,7.5938950253,3.2445721891303694,0.15065082565204427,0.6095740602819087,-0.16455524851433162,0.03860449034601214,0.010536305864591589,0.06001297657694454,-0.5446174584529919,0.0012653556559843564,-0.1314041701417267
4032.0,10.397142648513737,2.892401593081153,45.63410869475742,0.047222309129466275,0.18214011157710097,-0.05834593361498011,3.0326597917226694,-0.30411311242519345,-7.2157,0.0,7.5938950253,3.1965147055063463,0.15646688753882435,0.6035049297633803,-0.1933240199722945,0.03885995483181273,0.011858372638618164,0.06388845347844753,-0.5496954757095563,0.0011366993057582266,-0.1291096046812968
4033.0,10.39720717400084,3.026727885600854,45.67322510841794,0.0487455488748403,0.1798188703269994,-0.06721540286794406,3.0808575596345316,-0.12000152560842783,-7.2157,0.0,7.5938950253,3.146729411209282,0.16151300350515768,0.5958100073504055,-0.22271082898020608,0.03915121704745099,0.013190059898538005,0.06774875891290148,-0.555267375008914,0.0009257942444963882,-0.12676172896423743
4034.0,10.39694028788682,3.1575294959174087,45.72114379100315,0.04999856557828003,0.1769871975497304,-0.0761984592820392,3.1302822108130686,0.062067318303484005,-7.2157,0.0,7.5938950253,3.095462177613925,0.16566898880611305,0.5864426251146118,-0.2524816772608194,0.03959264837417638,0.014781312335974774,0.07146288517195377,-0.5626284612132066,0.00038210846231269153,-0.12426752735523355
4035.0,10.396300260442326,3.2846066903692828,45.77789657477888,0.050959644854178976,0.17364169382555156,-0.08521711998684758,3.1805954664933997,0.24160170616877638,-7.2157,0.0,7.5938950253,3.0430049842005062,0.16886389592904785,0.5753928034429183,-0.28238216577076763,0.04002442685194202,0.01627562509005652,0.07520670100527463,-0.5699565912764987,-0.000144562169163139,-0.12179379915718835
4036.0,10.395292263851877,3.4077792820642587,45.843463797818934,0.051618808976971894,0.16979110463592043,-0.09419249036945516,3.231447149254641,0.4181085809515395,-7.2157,0.0,7.5938950253,2.9896707011127193,0.1710647400881985,0.5626877442443408,-0.312153926110525,0.04044609772006055,0.017670660657991735,0.07897462064025193,-0.5772393072664062,-0.0006535672737239156,-0.11935883496345434
4037.0,10.393921904063246,3.526886079617746,45.91774521639248,0.051968024457729946,0.1654562254172125,-0.10304671200254945,3.282480549079415,0.5911050138309514,-7.2157,0.0,7.5938950253,2.9357810657867947,0.17224474640981516,0.5483942460058998,-0.3415418415930237,0.04085720232743943,0.018965417667738467,0.0827587314921776,-0.584463630270128,-0.0011443322954874178,-0.11698059847521644
4038.0,10.392195247196188,3.6417949303044206,46.00056226342696,0.052001430413306904,0.1606698874522485,-0.11170489229461555,3.333335673528072,0.7601298678741464,-7.2157,0.0,7.5938950253,2.881665062430274,0.17238410510250524,0.5326187096247372,-0.3703003502159718,0.04125730377181963,0.02016039377212455,0.0865490074471818,-0.5916166750458438,-0.0016163982641690666,-0.11467624591587464
4039.0,10.390118822510065,3.752412502264323,46.091662252134796,0.05171554723812734,0.15547651475220883,-0.12009700432195818,3.3836525850826615,0.9247553574226794,-7.2157,0.0,7.5938950253,2.827657144841644,0.17147066677367262,0.5155057439390902,-0.3981996615792266,0.04164601480461366,0.021257704711982905,0.09033361640858874,-0.5986862978524798,-0.0020694613982268797,-0.11246164946671369
4040.0,10.387699599726453,3.8586934072766588,46.19072443650614,0.05110945396444719,0.14993126124228034,-0.12815965581717298,3.43307474978871,1.0845980953125456,-7.2157,0.0,7.5938950253,2.774095311964113,0.16950053976547147,0.4972353984834694,-0.42503155780687724,0.042023027097370484,0.022261153355743017,0.09409931217996323,-0.6056617513253775,-0.0025034109968039434,-0.1103509497247158
4041.0,10.384944939423319,3.96064828745256,46.29736773895715,0.050184923415565276,0.1440987629302287,-0.1358376291805993,3.481252319869955,1.2393292343556712,-7.2157,0.0,7.5938950253,2.721319053096889,0.16647855349748525,0.4780191336500281,-0.4506144570402997,0.042388140783248,0.02317624541047833,0.09783189513483326,-0.6125343186028835,-0.002918364091051689,-0.10835616180970836
4042.0,10.381862516306812,4.0583505341316,46.41115986127847,0.04894650586919918,0.13805156348779332,-0.14308510517773246,3.5278452760977195,1.388683347373009,-7.2157,0.0,7.5938950253,2.6696671867585913,0.16241855683846546,0.458094716115188,-0.47479745234830945,0.04274129305163917,0.02401015168636489,0.10151672128016012,-0.6192978990084128,-0.0033146954348675472,-0.1064868573952131
4043.0,10.37846021636648,4.151941372753865,46.53162741600384,0.047401554356262206,0.13186829143569453,-0.14986650104956886,3.572526363066179,1.5324657494046874,-7.2157,0.0,7.5938950253,2.6194756233491776,0.15734352818523822,0.4377202923412219,-0.4974630969838789,0.04308258450886403,0.0247716199839937,0.1051392357947854,-0.6259495195533358,-0.0036930616116322814,-0.1047499407221108
4044.0,10.374746010153963,4.241633128911106,46.658266658041235,0.04556018773154737,0.12563168085966916,-0.15615687759528057,3.6149837614209317,1.6705580423048245,-7.2157,0.0,7.5938950253,2.5710750866062817,0.15128548359792712,0.4171679385095014,-0.5185287840196082,0.043412302039599476,0.025470842554131824,0.10868550533755611,-0.6324897502502134,-0.004054418305864709,-0.10314953091664604
4045.0,10.370727805606611,4.327710581881662,46.79055436557801,0.043435191002010584,0.11942653390157736,-0.16194189719719523,3.6549234544597535,1.8029217497828012,-7.2157,0.0,7.5938950253,2.5247888320988605,0.14428518017899514,0.3967170067548299,-0.5379466574590183,0.043730937020165506,0.026119287377630904,0.11214272361124511,-0.6389230064199308,-0.004400030117401368,-0.10168695620114021
4046.0,10.366413284877178,4.41053040545101,46.927958417109394,0.04104185578065455,0.11333772161754314,-0.16721734314957878,3.6920712611491866,1.9296000030074332,-7.2157,0.0,7.5938950253,2.480930402443577,0.1363916229064662,0.37664758315398594,-0.5557020845297355,0.04403919794203844,0.026729503025610758,0.11549966685022942,-0.6452577273827544,-0.004731472655062805,-0.10036085850237725
4047.0,10.361809730448964,4.49051878426127,47.069947637464885,0.03839776684581857,0.10744831055036208,-0.1719882373736205,3.726174522247003,2.050717325790009,-7.2157,0.0,7.5938950253,2.439801458471261,0.12766139335209875,0.3572343436863696,-0.5718108063797176,0.04433801678625761,0.027314907480672675,0.11874707985125335,-0.6515064275784815,-0.005050627007641065,-0.09916740020433554
4048.0,10.356923846352545,4.568167370535539,47.21600053688158,0.03552254336456874,0.10183788675892273,-0.17626761630167487,3.7570034397970082,2.166477647314258,-7.2157,0.0,7.5938950253,2.401689723221281,0.11815782727227143,0.3387410442416675,-0.5863149591209225,0.04462854882093073,0.027889571030282216,0.12187797846351256,-0.6576856226682724,-0.0053596670232249075,-0.0981005589717059
4049.0,10.35176158052179,4.644027805414596,47.36561263837504,0.032437545195898684,0.09658112897456604,-0.1800750416414595,3.7843520819323024,2.2771607339061637,-7.2157,0.0,7.5938950253,2.366867071508432,0.10795007432371549,0.3214158157809976,-0.5992782133063368,0.04491216584268283,0.028468002285640767,0.12488786053181838,-0.6638156389782682,-0.00566104010750922,-0.09715249215966011
4050.0,10.346327954230349,4.7187050678934614,47.5183021734007,0.029165555728077334,0.0917466602756239,-0.18343493291320812,3.8080390741684584,2.383117275807364,-7.2157,0.0,7.5938950253,2.3355877920860975,0.09711207679449657,0.3054873632922998,-0.6107803142153643,0.04519044321492934,0.02906494471379515,0.12777482352058728,-0.6699203193112686,-0.005957442458202475,-0.09631394960074396
4051.0,10.340626904161141,4.792849931214855,47.67361401706315,0.025730452924010307,0.08739618550023304,-0.18637481194583783,3.827908005001102,2.484762888822643,-7.2157,0.0,7.5938950253,2.308087042392212,0.08572150522861006,0.291162094753797,-0.6209113171804327,0.04546514134094888,0.029695189024653956,0.13053959283912686,-0.6760266413927688,-0.006251789774544436,-0.09557471258664471
4052.0,10.334661142031363,4.867150802476359,47.83112182517103,0.022156879732665728,0.08358390162315976,-0.18892354652414664,3.843827577746606,2.5825712946330657,-7.2157,0.0,7.5938950253,2.284579507843293,0.07385868741123529,0.2786221407112214,-0.6297658034753493,0.045738182425013645,0.03037340456750117,0.13318546974323686,-0.6821642669229562,-0.006547184515842561,-0.09492403751012263
4053.0,10.328432035890918,4.942325198899134,47.990428420447124,0.018469923919307508,0.08035615210598769,-0.19110967226344502,3.855691542503525,2.67706692988442,-7.2157,0.0,7.5938950253,2.265258269014714,0.06160556382702268,0.2680241715714101,-0.637437336722309,0.04601162350748397,0.031113990784170514,0.13571821126003988,-0.6883650394375325,-0.006846880736945704,-0.09435108461729319
4054.0,10.32193951630722,5.019111077816893,48.15116454976834,0.01469481585238443,0.07775128479810327,-0.19295986004222046,3.863418442320923,2.7688172065954433,-7.2157,0.0,7.5938950253,2.2502938712214497,0.04904469797704792,0.25949888168429514,-0.6440133821703206,0.04628762680776928,0.03193094791694558,0.1381458567034683,-0.6946624481390871,-0.007154247414934142,-0.09384531526611013
4055.0,10.315182009715825,5.098258191897218,48.31298619559323,0.010856651046211734,0.07579966670465287,-0.19449758252064125,3.86695120663594,2.8584246094799246,-7.2157,0.0,7.5938950253,2.239833582417293,0.036258364436974,0.25315098807909747,-0.6495708666628446,0.046568428380191075,0.03283776470232502,0.140478516019489,-0.7010910728472062,-0.007472731018278068,-0.09339684458614649
4056.0,10.308156400316468,5.180519591545084,48.47557067145034,0.006980142463953693,0.07452380767326637,-0.19574201885828746,3.8662566232526556,2.946518774156736,-7.2157,0.0,7.5938950253,2.2340008173883485,0.023327731802344622,0.24905958685931534,-0.6541725103686803,0.046856305997344735,0.03384731976334304,0.14272813456998865,-0.7076860225807116,-0.007805817878215873,-0.09299674010504869
4057.0,10.300858021075054,5.266643347719655,48.63861176355292,0.003089405868523589,0.0739385481693566,-0.19670722288721362,3.861324717956712,3.0337486483755107,-7.2157,0.0,7.5938950253,2.2328946993441443,0.010332152132656034,0.24727871981372063,-0.6578640162401996,0.047153547043288564,0.03497179285740438,0.14490824728317558,-0.7144823773867632,-0.008156996723400065,-0.0926372604309536
4058.0,10.29328067368339,5.357364524712624,48.801814199320084,-0.0007922200387634514,0.07405127290233106,-0.19740156751063503,3.85216806855659,3.1207748001114948,-7.2157,0.0,7.5938950253,2.2365897246011293,-0.0026514365245259197,0.24783802485902887,-0.6606721623872581,0.04746241704582262,0.03622258201657166,0.14703373267558842,-0.7215146401962809,-0.008529721552643874,-0.09231203122825489
4059.0,10.285416676742326,5.453397397070855,48.96488773049105,-0.004642318281852848,0.07486212107843852,-0.1978274674318435,3.8388210778473804,3.208261904598506,-7.2157,0.0,7.5938950253,2.245135492472349,-0.015548992309807342,0.2507433730889984,-0.6626038076257653,0.047785129322795626,0.037610222877703985,0.14912057441096033,-0.7288162029848495,-0.008927374863560848,-0.09201615836054618
4060.0,10.277256940967414,5.555427880053884,49.12754111556115,-0.008439503766261052,0.07636417441840528,-0.19798137359632992,3.821339227723055,3.296871419006258,-7.2157,0.0,7.5938950253,2.258556461047626,-0.028289737856872672,0.2559774289798408,-0.6636457918265831,0.04812381607776359,0.039144307070067316,0.1511856351094002,-0.7364188295550746,-0.009353231139829828,-0.09174628014929664
4061.0,10.26879106985467,5.664106130025989,49.289476275362276,-0.012163500504967374,0.07854361479581738,-0.19785402582583067,3.799798334339464,3.38725443948139,-7.2157,0.0,7.5938950253,2.2768516905445995,-0.040806419134015594,0.2635001054466097,-0.6637656899758437,0.048480501166589,0.040833397332396756,0.15324644431785586,-0.744352155958575,-0.009810420435292249,-0.091500562228736
4062.0,10.260007483966115,5.780039270267628,49.4503828784436,-0.015795188196776014,0.08137985357181386,-0.1974309447470569,3.77429382170791,3.4800447307242686,-7.2157,0.0,7.5938950253,2.2999945395433596,-0.053035461643599985,0.27324891915821986,-0.6629133611418109,0.048857074674666975,0.04268493799694685,0.15532100010331662,-0.7526432090012058,-0.010301891883415277,-0.0912786395336675
4063.0,10.250893566775678,5.903784208294911,49.60993359081439,-0.01931662100514172,0.08484564374039966,-0.19669313990527945,3.7449400282021323,3.5758519224793646,-7.2157,0.0,7.5938950253,2.3279322858155465,-0.06491703277302154,0.28513928154813034,-0.661023219643888,0.04925526939540849,0.044705160538948525,0.15742758177551314,-0.7613159434183606,-0.010830377006180732,-0.09108151063199016
4064.0,10.241431367284482,6.035840245358719,49.76777995952244,-0.02271148622772835,0.08890716532001162,-0.19561800971409582,3.7118695072774948,3.6752548770536766,-7.2157,0.0,7.5938950253,2.360585368305043,-0.0763966161062795,0.29906482164772996,-0.6580174384781783,0.049733422556334866,0.04694849030879848,0.15951781143862173,-0.7704433806204914,-0.01145780303457447,-0.0909226658111783
4065.0,10.23148765486792,6.1766399441063315,49.92354331992596,-0.025976509662456945,0.09352422836079875,-0.1941800827862592,3.675227005573782,3.7787951209625454,-7.2157,0.0,7.5938950253,2.397844823143786,-0.08746438328993851,0.3149013883134192,-0.6538153666054525,0.05040611341641673,0.04951304873518075,0.1614818694992765,-0.7801445489692006,-0.012301795068379997,-0.09082606140089278
4066.0,10.220992583885659,6.326564344153704,50.07682124160401,-0.02910275796109658,0.09865293059833435,-0.1923512990735512,3.6351631619706297,3.8869718899619556,-7.2157,0.0,7.5938950253,2.4395924541917484,-0.09809125713880795,0.33251109725593736,-0.6483227728323699,0.05112605151857409,0.05226814882324853,0.16351675472843322,-0.7902926523882235,-0.013205852623705603,-0.09076502465045302
4067.0,10.209916203011677,6.485925580053529,50.22718558786536,-0.03207800534426412,0.10424398917206473,-0.19010288849044663,3.591843135491583,4.000237924252363,-7.2157,0.0,7.5938950253,2.485687655801166,-0.10823666542766776,0.35173701287757014,-0.6414395944370315,0.05189632580827913,0.05521490771553246,0.16563964719271257,-0.8008970554384126,-0.014172182601478641,-0.09074431586086858
4068.0,10.198227220846022,6.654956287578744,50.37418086751053,-0.0348909897993358,0.11024250011201703,-0.18740674144950095,3.5454471774738137,4.118994058062509,-7.2157,0.0,7.5938950253,2.535962229516235,-0.11786309253142958,0.3724033644882768,-0.6330671108933892,0.05271966594517921,0.05835271802631842,0.1678673199410992,-0.8119621765979386,-0.0152024704559194,-0.09076907373905713
4069.0,10.185893387876964,6.833803634439538,50.517326058561984,-0.03753133669424485,0.11658833191773696,-0.18423667606941888,3.4961702783461246,4.243584114388143,-7.2157,0.0,7.5938950253,2.590219520051395,-0.1269358022788244,0.3943167164253215,-0.6231121069994204,0.053598374788249595,0.06167916713649736,0.1702159485314767,-0.8234871757068521,-0.01629783211980187,-0.09084457427564349
4070.0,10.172881927771533,7.022523912259994,50.656117763884986,-0.03998948096834313,0.12321664922066314,-0.18056970231177974,3.4442218420357835,4.374290319334765,-7.2157,0.0,7.5938950253,2.648233592925229,-0.13542255077182494,0.41726755464090126,-0.6114910493219005,0.05453425869845746,0.06518997383330591,0.17270090607075514,-0.8354656936247702,-0.017458769310512785,-0.09097598442022817
4071.0,10.159160016283153,7.221077895560983,50.79003466856141,-0.042256592284316545,0.1300585796764683,-0.17638724662542107,3.3898253628944737,4.511329360608811,-7.2157,0.0,7.5938950253,2.7097485349521717,-0.1432933039603115,0.4410323356136666,-0.5981341603544236,0.055528557931600955,0.0688789475685481,0.17533654413582062,-0.8478856568872338,-0.018685129872627562,-0.09116811631290159
4072.0,10.144695303850996,7.429327193680812,50.91854322868007,-0.044324507449200384,0.1370420305674695,-0.17167629990350924,3.3332180741989834,4.654849221605373,-7.2157,0.0,7.5938950253,2.774477972075439,-0.15051997481336887,0.4653760228024949,-0.5829892721795996,0.056581879927452686,0.07273797559593187,0.17813596158975084,-0.8607291610733203,-0.019976074998374845,-0.09142518792960516
4073.0,10.12945647543653,7.647031831239621,51.04110448045028,-0.046185674205019726,0.14409265395323204,-0.16643045155549752,3.274650532505256,4.804926922857969,-7.2157,0.0,7.5938950253,2.8421049083816525,-0.15707619458371394,0.49005511211053604,-0.5660253410427732,0.05769413874129656,0.07675704295826266,0.1811107649768503,-0.8739724467612318,-0.02133005527279331,-0.09175059608919761
4074.0,10.113413838419945,7.87384928990375,51.157181818294276,-0.04783311012894043,0.15113495089815565,-0.16065077350136747,3.2143860988949595,4.961567295692832,-7.2157,0.0,7.5938950253,2.912281994210918,-0.16293713183988995,0.5148211218908163,-0.5472355067778747,0.05886450416121583,0.08092428969917817,0.18427082578595547,-0.8875859811993899,-0.022744797495669565,-0.09214670781868867
4075.0,10.096539926622361,8.109335227215318,51.26624955217202,-0.04926037985400882,0.1580934966787595,-0.1543465201383143,3.152700276913484,5.124702898385482,-7.2157,0.0,7.5938950253,2.9846323288298366,-0.16807937157718106,0.5394244959327612,-0.5266395871663458,0.060091364161245046,0.08522610875128027,0.1876240413305778,-0.9015346570477929,-0.024217304120675718,-0.09261467603742621
4076.0,10.07881010592135,8.352946056139189,51.36780201943775,-0.05046159311742656,0.1648942603286963,-0.14753561400940823,3.0898798681402564,5.2941951629154556,-7.2157,0.0,7.5938950253,3.058750893223733,-0.17248086476736232,0.5636188407782585,-0.5042859076825013,0.061372304215468826,0.08964728669782318,0.1911761072258617,-0.9157781166983936,-0.02574386691213155,-0.09315428535047912
4077.0,10.060203164702171,8.604043521596871,51.46136299681891,-0.05143142526697717,0.17146598386095663,-0.14024489216183342,3.026221910112404,5.469836830903097,-7.2157,0.0,7.5938950253,3.134206690693774,-0.17612095615166612,0.5871653929152862,-0.4802523821712695,0.06270410661220384,0.09417118803521224,0.19493031036851471,-0.9302712067918014,-0.027320096047652464,-0.0937638333808261
4078.0,10.040701870756815,8.861901348472003,51.546495135543765,-0.052165160823290986,0.17774157949744296,-0.1325100950747802,2.9620323678258513,5.651355701252819,-7.2157,0.0,7.5938950253,3.210545647219184,-0.17898049493893792,0.6098375882985336,-0.45464678008431847,0.06408277224915897,0.09877998172245205,0.19888735187417517,-0.94496456272879,-0.028940965396168552,-0.09444005246470275
4079.0,10.020233233380846,9.125704718231656,51.62283567332554,-0.052654068104730854,0.1836588710914094,-0.12437608385749714,2.8976254103965777,5.838419565680083,-7.2157,0.0,7.5938950253,3.287285152551573,-0.1810269884901625,0.6314272294602364,-0.4276104147572912,0.06582081614970486,0.10391096723564194,0.20264920630782884,-0.9574204967043966,-0.030352748330658194,-0.09543617898207975
4080.0,9.998436413641288,9.394506368705846,51.690214774948345,-0.05286676638574284,0.18915807440156845,-0.11590068478541389,2.833338026345561,6.030639950079996,-7.2157,0.0,7.5938950253,3.3638664186258502,-0.18215449162671266,0.6517514732846932,-0.39934029939021193,0.06795101258095451,0.10960692821357357,0.20615427005094566,-0.9672439093981391,-0.03151403951808316,-0.09678063154675376
4081.0,9.97524204355699,9.667313026067317,51.748417075058946,-0.05279405498745022,0.194188578680235,-0.10715133561468289,2.7695292110245,6.227577547704785,-7.2157,0.0,7.5938950253,3.4397354783625325,-0.1823269236351407,0.6706400211967826,-0.37005252562368424,0.07011454654925364,0.11534227502655924,0.20983179473328278,-0.9770135104584038,-0.032692474808204516,-0.09817824072110995
4082.0,9.950661680354113,9.943095820880194,51.79727457545257,-0.05243359529146584,0.19871051096190667,-0.09820230285136182,2.706560195060527,6.428752697470643,-7.2157,0.0,7.5938950253,3.5143431234095504,-0.18152937119320456,0.6879519495827209,-0.3399843590209392,0.07230283182695332,0.12109257277005205,0.21367371187143985,-0.9866918342937347,-0.033883216134589215,-0.09961578707694951
4083.0,9.924714588524113,10.220799527388746,51.836703896033626,-0.05178445704498396,0.20269507965439623,-0.08913344037459982,2.6447902421771343,6.633655905846904,-7.2157,0.0,7.5938950253,3.5871436215418413,-0.17975071517547683,0.7035814916197362,-0.3093939874558745,0.07450703874499819,0.1268337990865407,0.21766904083051286,-0.9962426524428525,-0.035081314071307525,-0.10107854464838228
4084.0,9.897427588849126,10.499360906151459,51.86671039153006,-0.05084727102666449,0.20612508002977148,-0.08002854068596787,2.5845733956280457,6.841758833461983,-7.2157,0.0,7.5938950253,3.6576020726894756,-0.176984218489471,0.7174600615442678,-0.2785555339387106,0.0767182617572911,0.13254279510175843,0.22180403834547652,-1.0056317141714282,-0.03628179968089455,-0.10255055404788099
4085.0,9.868834754792976,10.77772732683677,51.887390353268735,-0.049624371999176735,0.20899502986035903,-0.07097357037656522,2.5262551043586625,7.052525514935195,-7.2157,0.0,7.5938950253,3.7252018119015746,-0.17322811232008525,0.7295571318784742,-0.247753616330965,0.07892769013703409,0.13819769141078583,0.22606243281621735,-1.0148274443694143,-0.0374797774418315,-0.10401493472931456
4086.0,9.838976964294117,11.05487506828664,51.89893123595436,-0.04811992297639979,0.21131091948041092,-0.06205486579819226,2.470168808137729,7.2654234549761725,-7.2157,0.0,7.5938950253,3.789451613310467,-0.16848614978497456,0.7398798881751855,-0.21727768390004523,0.0811267755260302,0.14377829250025606,0.23042574063683235,-1.023801575329883,-0.03867051606416877,-0.10545422299936709
4087.0,9.807901320673263,11.329826694504133,51.90160993633659,-0.046340012329505,0.21308957971805104,-0.05335736711470265,2.4166325654046643,7.479934239925391,-7.2157,0.0,7.5938950253,3.8498924545787423,-0.16276809610497403,0.7484716435526841,-0.1874163734933791,0.08330739007592751,0.14926640464977609,0.23487365773941365,-1.0325296919157827,-0.03984953405071518,-0.1068507207443419
4088.0,9.775660461331372,11.601666941033784,51.895789234844194,-0.04429271632139552,0.2143576905716871,-0.044962965894178114,2.365945807211598,7.695563318452698,-7.2157,0.0,7.5938950253,3.906103622581086,-0.1560901264224414,0.7554090559308246,-0.1584521251716508,0.08546196933826931,0.1546460950048092,0.23938451561817653,-1.0409916737468683,-0.041012677099511896,-0.1081868391914112
4089.0,9.742311776917038,11.869556613234241,51.8819125879376,-0.04198812126318709,0.21515047168918064,-0.036949033220765023,2.3183862953986574,7.9118486368806265,-7.2157,0.0,7.5938950253,3.957707976353615,-0.14847510638532843,0.7607982498829231,-0.13065627785299266,0.08758363484175596,0.15990387294450403,0.24393578764380486,-1.0491720230139179,-0.04215618485059558,-0.10944542249495834
4090.0,9.707871160623053,12.132741195882623,51.8605135027479,-0.03943262744088477,0.21550977743475727,-0.02938744797502814,2.2742084031603285,8.128367802892992,-7.2157,0.0,7.5938950253,4.004373392989631,-0.1399332554853658,0.7647723903405095,-0.1042862607042205,0.08990832602935139,0.1651134815669893,0.24827466369956203,-1.055666537476624,-0.04297394188196204,-0.11064981964278872
4091.0,9.672170064835703,12.390531236643815,51.83226419642094,-0.036610563261573546,0.21548100143803156,-0.02234753966492143,2.2336589880841067,8.344742576880082,-7.2157,0.0,7.5938950253,4.045788659763733,-0.13039823492626243,0.7674927601333781,-0.0795966919828576,0.09241582418371784,0.17026063224085275,0.2523910621381331,-1.060556891196397,-0.04348251327583359,-0.1117778768504234
4092.0,9.635247874646893,12.642324273817355,51.79783635271166,-0.033533040830741184,0.21511442358739216,-0.015894734004318276,2.196973601413093,8.560642745060276,-7.2157,0.0,7.5938950253,4.081681528757079,-0.11989450314596804,0.7691231184706022,-0.056830254246970455,0.09486270512012598,0.17525518880399443,0.2564887047941804,-1.065220007726754,-0.043979262101278845,-0.11277353193438638
4093.0,9.597189673354563,12.887627454586966,51.757943581974125,-0.030218568445639544,0.21446279424134843,-0.01008656764364524,2.164356063710455,8.775789748033443,-7.2157,0.0,7.5938950253,4.111837706553523,-0.10847234642476383,0.7698340361165329,-0.03620666748812114,0.09724476034474666,0.18009293543122748,0.260546538905103,-1.0696647826408634,-0.044463632027561935,-0.11362242674649933
4094.0,9.558081353300492,13.126058792908958,51.71334673275625,-0.02668743385683743,0.21357889932058097,-0.004972281527407636,2.1359757260453205,8.989957558336178,-7.2157,0.0,7.5938950253,4.136101234572781,-0.09618898002480158,0.7697981226172869,-0.01792149410404875,0.09955879305743495,0.1847718977156528,0.26454521686875604,-1.0739035681383773,-0.0449352911822069,-0.11431168341210358
4095.0,9.518008667578723,13.357345428642805,51.664844424410525,-0.022961451186141887,0.21251345561279397,-0.0005928623156314459,2.1119662538941397,9.202971452268608,-7.2157,0.0,7.5938950253,4.154373976374197,-0.08310792950389437,0.7691827987926342,-0.0021458382196135337,0.10180259185805428,0.18929207721729105,0.26846760913049816,-1.0779518990756192,-0.04539412341192031,-0.11482993691804042
4096.0,9.477056360076148,13.581319021225179,51.61326390682714,-0.01906368206083478,0.21131315574374995,0.003018682554265293,2.0924248488945763,9.414704841507287,-7.2157,0.0,7.5938950253,4.166614179717891,-0.06929829496028041,0.7681433916589786,0.010973197799322126,0.10397488121045224,0.19365514008415124,0.27229924486435614,-1.0818281685262128,-0.045840214689084266,-0.11516731889817214
4097.0,9.435307389215543,13.797908600810121,51.559452462390254,-0.015018141745946696,0.21001892264339148,0.005836880041731449,2.0774118831403285,9.62507433846667,-7.2157,0.0,7.5938950253,4.172834262343452,-0.05483392981337501,0.7668167645851728,0.02131149618585626,0.10607525132981249,0.1978640728939632,0.2760286699001886,-1.0855532625544706,-0.0462738353994881,-0.11531540576350668
4098.0,9.39284225677585,14.007131254547259,51.5042694908055,-0.010849501252642486,0.20866441844417585,0.007843247056826203,2.0669509139363664,9.834033277859321,-7.2157,0.0,7.5938950253,4.173097976687938,-0.03979256841920295,0.7653156540786357,0.028766570727060247,0.10810407054190899,0.20192281861452344,0.27964771537162453,-1.0891501626089342,-0.04669541926137364,-0.11526714646502415
4099.0,9.349738449203901,14.209081054548438,51.44857934004561,-0.006582795901212047,0.2072748380079621,0.009025716906875004,2.061029044540216,10.04156395113481,-7.2157,0.0,7.5938950253,4.167517103413628,-0.024254937186618773,0.7637238419201229,0.033256111829344175,0.11006238337345264,0.20583590478172215,0.28315167424447074,-1.092643522330633,-0.04710553959297423,-0.11501678598185841
4100.0,9.306069995102996,14.40391664117867,51.39324487293757,-0.0022431497373318846,0.20586600405252506,0.00937810219101801,2.0595975976640686,10.247668831560953,-7.2157,0.0,7.5938950253,4.156247809617717,-0.008303882142703372,0.7620922519754803,0.034716654898424154,0.11195179770004698,0.2096080748729176,0.2865393859582846,-1.0960592238986506,-0.047504883581138704,-0.11455980013643119
4101.0,9.261907139203092,14.59184786525708,51.339121693829284,0.0021444763285648942,0.20444376998018138,0.008899650284339469,2.0625730727906038,10.452361077519708,-7.2157,0.0,7.5938950253,4.139486787737372,0.007976457592233765,0.7604360279111205,0.03310257247103801,0.11377436423011202,0.2132439325967994,0.2898132317279918,-1.0994239175301321,-0.047894225121975956,-0.11389285567705275
4102.0,9.217316130160006,14.773121870868826,51.28705290723306,0.006555506620076489,0.20300372839698336,0.007594734781002905,2.069838364828681,10.655654602610884,-7.2157,0.0,7.5938950253,4.117467268257942,0.02450140581841091,0.758732622871933,0.028385552747772387,0.1155324514711711,0.21674760758593706,0.2929790445732541,-1.1027645465983296,-0.04827439671970893,-0.11301380693517603
4103.0,9.172359117031068,14.94800897193173,51.23786424300636,0.010965938982902703,0.2015312179129451,0.00547271129730165,2.08124422938214,10.857553996050877,-7.2157,0.0,7.5938950253,4.090454975880853,0.041186415963538704,0.7569209151667196,0.020554679748852583,0.11722861913990328,0.22012244987322968,0.29604593894070985,-1.10610786016307,-0.04864626085394231,-0.11192173699416665
4104.0,9.127053716614101,15.116788662317989,51.19239166805866,0.01534475722583402,0.2000012910381873,0.002548009310265408,2.0966094874137795,11.058044505621849,-7.2157,0.0,7.5938950253,4.0587441566961395,0.057918678123666044,0.7549034650386149,0.009617443203917836,0.11907098189031826,0.22345693045469675,0.29879492497237903,-1.1068813145193694,-0.04940466011303121,-0.11077645916215537
4105.0,9.081326114760472,15.279755684884142,51.151510340499875,0.019644671857337054,0.19837890994117718,-0.0011563671210076698,2.1157040368528013,11.257081615836125,-7.2157,0.0,7.5938950253,4.022674069048017,0.07452203972559482,0.7525501629509328,-0.004386677321714589,0.12093806927746967,0.2267010524088904,0.30137991319989765,-1.106687475904533,-0.05030804922612267,-0.10948673231016494
4106.0,9.03523295320748,15.437203529500641,51.11594904501851,0.023844853031698372,0.19662193478952295,-0.005609250729242816,2.138261930734296,11.454582571765478,-7.2157,0.0,7.5938950253,3.982620957735163,0.09091687964175788,0.7496902059503016,-0.02138723911416317,0.12274166624654795,0.22981719945250953,0.3039206760148376,-1.1066984762837877,-0.0511825486435413,-0.1079882989919424
4107.0,8.988831966084932,15.589393025181376,51.08639033742249,0.02792657978468747,0.19468149113388797,-0.010773893789979238,2.163996361471148,11.650419375802102,-7.2157,0.0,7.5938950253,3.9389736493792746,0.10702955369645334,0.7461233444864989,-0.041291309311953135,0.12448466831493998,0.23280448379732502,0.30643587947949663,-1.1069266128826842,-0.052030287192597544,-0.10628914932272573
4108.0,8.942176896097862,15.736542133852318,51.06346983758544,0.03187222200620522,0.1925033969420743,-0.016607527602832954,2.192602471527316,11.84441263198319,-7.2157,0.0,7.5938950253,3.892129501869128,0.1227886744885251,0.74162500940329,-0.06398098948000659,0.12616949583365455,0.23566044806791112,0.3089452983063103,-1.1073823156027232,-0.05285315974102958,-0.10439907105932848
4109.0,8.895317917921673,15.8788175242551,51.04777071317162,0.03566524856422042,0.19002980184541055,-0.023060899304046475,2.22376039662878,12.036326850307576,-7.2157,0.0,7.5938950253,3.8424906739475233,0.13812522771805133,0.7359519619175053,-0.08931080241930445,0.12779800392931934,0.23838107637257636,0.3114692656797988,-1.1080739296355773,-0.05365277269836478,-0.1023298429905838
4110.0,8.84830209756932,16.01632781638702,51.03981777440533,0.039290226685020906,0.18720096785833418,-0.030077880795766017,2.257138563113419,12.225867366544959,-7.2157,0.0,7.5938950253,3.79046044984206,0.1529726601073892,0.728848684369763,-0.11710529116075104,0.12937140992981,0.24096085826498637,0.3140280970501774,-1.1090074997862176,-0.05443039797509233,-0.10009540886189504
4111.0,8.801173872721971,16.149118621234678,51.0400712774123,0.042732818524309886,0.18395715763024142,-0.037595211019581756,2.2923972299591786,12.412679005106368,-7.2157,0.0,7.5938950253,3.73643961612831,0.1672669600046408,0.7200544122873748,-0.1471570768120769,0.13089023945823927,0.24339290466104407,0.31664149749575043,-1.1101865665727713,-0.05518693586720662,-0.09771201363406459
4112.0,8.753975539670321,16.27716947687031,51.048920594223034,0.04597978047565981,0.18024058889499578,-0.04554242934463225,2.329192252803817,12.596346580541189,-7.2157,0.0,7.5938950253,3.6808228963291203,0.18094675158826576,0.7093106736812346,-0.1792256196984608,0.1323542921179986,0.24566911327392846,0.31932796440889943,-1.1116119852647746,-0.05592288730324983,-0.09519828432475633
4113.0,8.706747733267592,16.400392752056952,51.06667796084204,0.049018970104445864,0.1759974058259119,-0.05384205073100888,2.367179031322101,12.776397293057714,-7.2157,0.0,7.5938950253,3.6239954589992376,0.19395342231471768,0.696369162912133,-0.21303691165830277,0.13376262739080763,0.24778037944814574,0.32210419955000796,-1.1132817795016865,-0.05663833584819313,-0.09257523918020384
4114.0,8.659529887236204,16.51863455172611,51.09357255900811,0.0518393645997015,0.1711796102931803,-0.06241002268748579,2.4060165838926224,12.952305025567533,-7.2157,0.0,7.5938950253,3.566329526158576,0.2062313005111295,0.6809997368670329,-0.24828429598157933,0.13511357102930235,0.2497168464994251,0.3249845466974569,-1.1151910409555312,-0.05733293979319332,-0.08986621149310571
4115.0,8.61236066327433,16.631677614626035,51.12974521862437,0.05443109335189717,0.1657468895340275,-0.07115649004834931,2.4453716756240937,13.12349649427583,-7.2157,0.0,7.5938950253,3.508181120350205,0.21772789590304323,0.6629982844072362,-0.2846305650689807,0.13640474184194507,0.25146818790985126,0.32798047291193055,-1.117331885585523,-0.0580059345613664,-0.0870966780188053
4116.0,8.5652783386792,16.739246142661507,51.17524404339888,0.056785485740071986,0.15966827251604548,-0.07998687669486615,2.4849229089480707,13.289359143129975,-7.2157,0.0,7.5938950253,3.4498869995315324,0.22839421048483327,0.6421941903905457,-0.3217114252661935,0.1376330983426686,0.2530239121177899,0.331100112533789,-1.1196934753524304,-0.05865614552000304,-0.08429398656597159
4117.0,8.518321143639936,16.841012445422123,51.23002125967702,0.05889513352378217,0.15292354629178245,-0.08880327427488825,2.524364671726555,13.449250606827462,-7.2157,0.0,7.5938950253,3.391761838594661,0.23818512071585476,0.6184570974628413,-0.3591403455191468,0.13879500427621988,0.2543736793202589,0.33434789316363467,-1.1222621118409413,-0.059282011105578375,-0.08148698278242188
4118.0,8.471527540948347,16.936605224461793,51.29393156636897,0.06075396548764396,0.14550436673740005,-0.09750610776695053,2.5634108278382017,13.602509500853515,-7.2157,0.0,7.5938950253,3.3340957236082787,0.247059824917365,0.5917026663578895,-0.39651472492237355,0.13988631154225362,0.2555076188075615,0.33772426180826803,-1.1250214051657865,-0.0598816159402967,-0.07870554215547397
4119.0,8.424936442618923,17.025619263136434,51.36673222208186,0.062357330306263545,0.13741500578379398,-0.10599602771229989,2.60179803106226,13.748467234235576,-7.2157,0.0,7.5938950253,3.2771520289008578,0.25498234244043744,0.5618970518643032,-0.4334232287162073,0.14090245854068115,0.2564166349927392,0.34122552696029296,-1.1279525179643728,-0.060452733353383026,-0.07598001943677776
4120.0,8.378587359778221,17.107626232869226,51.44808504528195,0.06370208212804304,0.1286726897283808,-0.11417596062534535,2.639288546042394,13.886460485926149,-7.2157,0.0,7.5938950253,3.2211657469430772,0.2619220442632195,0.5290598487308789,-0.46945405885787206,0.14183858146582948,0.2570926905632733,0.34484382858799967,-1.1310344804205112,-0.06099287642749137,-0.07334063364175801
4121.0,8.332520484147382,17.18218627949572,51.53756042728913,0.06478666226308767,0.11930750011735267,-0.12195323409423729,2.675672470951667,14.015843943606377,-7.2157,0.0,7.5938950253,3.166342335889343,0.2678541888027231,0.49326531952274777,-0.5042038507483331,0.1426896356102002,0.2575290561026942,0.3485672429494764,-1.1342445683868216,-0.06149935638582116,-0.07081681197497079
4122.0,8.286776701457024,17.248860017657982,51.63464337038388,0.06561116973388866,0.10936182914818554,-0.12924168290959367,2.7107692752928543,14.136002878494345,-7.2157,0.0,7.5938950253,3.112857139163637,0.2727604325255978,0.4546417925672558,-0.5372868289612127,0.14345052332652625,0.257720517081221,0.3523800230658246,-1.1375587330732313,-0.061969346838199,-0.06843652000792398
4123.0,8.241397539147334,17.307220540402483,51.73874146979167,0.06617741340484593,0.09888940420779374,-0.13596363843333928,2.7444285923718414,14.246365124788916,-7.2157,0.0,7.5938950253,3.0608554156135668,0.2766292829544556,0.41336920816841954,-0.5683438181181522,0.1441162249686486,0.25766353121296454,0.35626296898663823,-1.1409520677422471,-0.06239995213655018,-0.06622560775814096
4124.0,8.196425052654023,17.356865047664247,51.84919466517004,0.06648893899445948,0.08795391929721916,-0.14205170608691858,2.7765302378948173,14.346412049643735,-7.2157,0.0,7.5938950253,3.0104529980205115,0.2794564622557545,0.36967488878679794,-0.5970506950600079,0.14468192891740966,0.25735633168305905,0.3601939151597646,-1.1443992946621926,-0.06278827787466079,-0.06420720168001287
4125.0,8.151901656391413,17.397425712474682,51.96528650113499,0.06655102547533263,0.07662733275639497,-0.14745024542060817,2.8069834616746583,14.435688139265126,-7.2157,0.0,7.5938950253,2.9617375732095557,0.2812451528813103,0.3238277060651351,-0.6231258875353699,0.14514315672499292,0.25679897447904876,0.3641483158401729,-1.147875254416082,-0.06313150142516744,-0.06240117084290915
4126.0,8.107869907142826,17.42857943739076,52.08625656366084,0.06637064709741365,0.0649879089682081,-0.15211648314805434,2.8357254758951242,14.513808887161076,-7.2157,0.0,7.5938950253,2.914770550229683,0.2820061025512484,0.2761309060943879,-0.64633657230166,0.14549587950184115,0.25599333081105613,0.36809990409952353,-1.1513553796529639,-0.06342694035553031,-0.060823691807421046
4127.0,8.064372248883068,17.450056204205634,52.21131370520631,0.06595639938220087,0.053118094926783946,-0.1560212105429296,2.8627193378627807,14.580466748168071,-7.2157,0.0,7.5938950253,2.8695894560375628,0.2817575737567824,0.22691392631102247,-0.6665032983749435,0.14573662193684866,0.25494302816812525,0.37202139611647517,-1.154816136499051,-0.06367211661528142,-0.05948693119343464
4128.0,8.021450729024203,17.461645784479487,52.33964963992894,0.06531838973597828,0.0411023295181128,-0.1591490408975948,2.887951294883346,14.635435011504173,-7.2157,0.0,7.5938950253,2.8262107729753136,0.28052513222607395,0.17652358653473116,-0.6835028530542506,0.14586255078363114,0.2536533457499498,0.3758852103901502,-1.1582354190068958,-0.06386481454203925,-0.05839885812612557
4129.0,7.979146696645294,17.46320265271387,52.470452483155846,0.0644680956008999,0.02902488353729701,-0.16149822819611143,2.911427721486938,14.6785695415236,-7.2157,0.0,7.5938950253,2.7846331111902707,0.2783412785711478,0.12531505884962327,-0.6972692911756057,0.14587154524835982,0.2521310716931697,0.37966417149578985,-1.1615928850049992,-0.06400313098778285,-0.05756319124289012
4130.0,7.937500493411217,17.454649023245313,52.60291982606669,0.06341819509024796,0.01696782201607665,-0.163080072537797,2.933171793070791,14.709808429435723,-7.2157,0.0,7.5938950253,2.74484059380959,0.27524493669922556,0.0736430150699277,-0.7077931527173577,0.14576224744813474,0.25038433059556053,0.38333216995940544,-1.164870225240256,-0.06408551620524955,-0.05697947740082422
4131.0,7.896551147602034,17.435976011063673,52.73627097498079,0.06218237665596622,0.005009168186212668,-0.16391795913975368,2.95322004439328,14.729169686622642,-7.2157,0.0,7.5938950253,2.7068063244410308,0.2712808206717636,0.021853318086520586,-0.7151189914193548,0.14553409193054984,0.24842239030777902,0.3868647535382434,-1.1680513614695067,-0.06411080453537188,-0.05664329227532901
4132.0,7.856336080986168,17.407242990916924,52.86975804070828,0.060775135383349,-0.006778668273049479,-0.1640460943551161,2.971618956437527,14.736747184877002,-7.2157,0.0,7.5938950253,2.6704958060399218,0.26649870784213714,-0.029724431286962113,-0.7193414197505104,0.14518731410337998,0.24625545684769293,0.3902396302660704,-1.1711225728448003,-0.06407823437366532,-0.05654654722482652
4133.0,7.816890837226307,17.368575294075924,53.002675631950375,0.059211563936847636,-0.01833015545375418,-0.16350801306793095,2.9884217020140342,14.73270510682696,-7.2157,0.0,7.5938950253,2.6358701872489636,0.260952649857933,-0.08078325110727777,-0.7205999376842961,0.14472293826292354,0.24389446568146944,0.3934370695607397,-1.1740725532778222,-0.06398745733743313,-0.05667788250034169
4134.0,7.778248839176727,17.320160434844286,53.13436898199281,0.05750714599910306,-0.02958757295678969,-0.16235493672351797,3.003685160798776,14.717271208663846,-7.2157,0.0,7.5938950253,2.602889226180441,0.25470015431889786,-0.131043877540602,-0.7190728511993952,0.1441427466773499,0.24135087662552152,0.39644019395997326,-1.176892405253483,-0.06383853697828248,-0.05702312430281993
4135.0,7.740441180899426,17.262243097361626,53.26424041427618,0.05567755932157786,-0.04050161170193646,-0.16064406040990803,3.0174672904215583,14.690729216455395,-7.2157,0.0,7.5938950253,2.571513880906231,0.24780136865602778,-0.18025852668123782,-0.7149706007427175,0.14344923183196828,0.23863647838573457,0.39923516013793714,-1.1795755776601493,-0.06363193776086853,-0.057565782348118495
4136.0,7.703496458586778,17.19511913676503,53.39175412479916,0.053738494355861324,-0.051031653652183935,-0.15843684162182717,3.0298249139760043,14.653410677852692,-7.2157,0.0,7.5938950253,2.5417084589123373,0.24031829449286798,-0.2282133155728422,-0.7085288119770559,0.14264553444311753,0.2357632073947596,0.401811233326404,-1.1821177565641217,-0.06336850533962614,-0.05828756533609494
4137.0,7.667440642922392,17.119128857799407,53.51643932366412,0.05170549300389996,-0.06114575936531942,-0.1557973537651002,3.0408119580414317,14.605686575231937,-7.2157,0.0,7.5938950253,2.5134422825674694,0.23231405588103007,-0.2747294055780766,-0.7000013547104584,0.14173537017728657,0.2327429842490581,0.40416076380112675,-1.1845167185011425,-0.06304943939791063,-0.05916889375730586
4138.0,7.632296993823978,17.034649829910016,53.63789183158043,0.04959381046449133,-0.0708204015890106,-0.1527907554154411,3.0504781507915,14.547958977501729,-7.2157,0.0,7.5938950253,2.4866908524082874,0.22385223896347886,-0.3196629843827698,-0.6896536558157083,0.14072294816799655,0.22958756977546393,0.4062790775083878,-1.1867721558676518,-0.06267626046301267,-0.060189392454875534
4139.0,7.598086017063378,16.942089482802867,53.755774268241645,0.04741830160321186,-0.0800399895310587,-0.14948191314643403,3.0588681683713506,14.480652969657514,-7.2157,0.0,7.5938950253,2.461436513145353,0.21499631440892947,-0.3629042410355187,-0.6777564634474837,0.1396128844144953,0.22630844163534963,0.4081642951384144,-1.1888854834869984,-0.062250772177209895,-0.06132834891247885
4140.0,7.564825461003276,16.841877702910313,53.86981499781636,0.045193331850415755,-0.08879623120539373,-0.14593420256024753,3.0660212003141605,14.404209055428183,-7.2157,0.0,7.5938950253,2.4376686474821305,0.20580914791394794,-0.40437551147678613,-0.6645802079792823,0.138410112994023,0.22291669143892195,0.40981709505152997,-1.1908596345370521,-0.061775020496292535,-0.0625651270044303
4141.0,7.532530350662586,16.73445962176488,53.97980601295008,0.042932711422170776,-0.09708738087951983,-0.1422084999310074,3.0719708917202557,14.31907618249737,-7.2157,0.0,7.5938950253,2.4153834392675115,0.1963525986143133,-0.4440287812455016,-0.6503900541459173,0.13711979775143565,0.21942294160496262,0.41124043556262774,-1.192698852893255,-0.061251251213935376,-0.06387952961513113
4142.0,7.501213055539411,16.620288754475208,54.085599944014845,0.04064965071302438,-0.1049174157870258,-0.1383623662677712,3.0767456112046383,14.225705494733294,-7.2157,0.0,7.5938950253,2.394583259741914,0.1866872006827686,-0.4818427295827725,-0.6354416922479953,0.13574724677826738,0.21583728065642055,0.41243925137515697,-1.1944084876905159,-0.06068186708652455,-0.06525210687829605
4143.0,7.47088338708175,16.499820612552274,54.18710637667624,0.038356734046412766,-0.112295181629884,-0.1344494170067906,3.0803689888820323,14.12454487391242,-7.2157,0.0,7.5938950253,2.3752757386398535,0.1768719198835034,-0.5178194875640577,-0.6199778762298668,0.13429783159025357,0.21216921527116367,0.41342013763550256,-1.1959947946437297,-0.0600693856732143,-0.0666644096446309
4144.0,7.441548721387672,16.37350688211124,54.28428765020092,0.03606590858075286,-0.1192335406631372,-0.130518864088648,3.0828606673405776,14.016034296172677,-7.2157,0.0,7.5938950253,2.357472585938563,0.16696397445278635,-0.5519812648729266,-0.6042256842222833,0.13277691248797552,0.20842763718452867,0.41419103335881347,-1.1974647474704847,-0.05941639882439508,-0.0680991900767697
4145.0,7.413214142614625,16.241790227407066,54.37715429333912,0.033788485029412584,-0.12574854992935106,-0.12661521280390794,3.0842372099830095,13.900601996830595,-7.2157,0.0,7.5938950253,2.3411882305764706,0.1570187083321889,-0.5843669779028188,-0.5883944530915977,0.1311897711654247,0.20462080293835166,0.4147609140445079,-1.1988258616863672,-0.058725534561370946,-0.06954055297201489
4146.0,7.385882602651042,16.10509975175794,54.465760235971544,0.031535146920875175,-0.13185869097642297,-0.12277809329843278,3.0845131145881877,13.77866141163167,-7.2157,0.0,7.5938950253,2.32643834012627,0.14708950437882798,-0.6150289882088438,-0.5726743223095404,0.12954155123640232,0.20075632446314545,0.4151395013093607,-1.2000860321258036,-0.05799942190185327,-0.07097406255500428
4147.0,7.359555092818618,15.963847123786747,54.55019791464791,0.029315965355521913,-0.13758416650790922,-0.11904220572728176,3.08370188480478,13.650608842916906,-7.2157,0.0,7.5938950253,2.3132382808698413,0.13722772555683627,-0.6440300366556803,-0.5572353132197593,0.12783720699359696,0.19684116854231748,0.4153369954378912,-1.2012533847933264,-0.05724065900853735,-0.07238681012542059
4148.0,7.334230823696092,15.818423356852577,54.630593369997406,0.027140416560920505,-0.14294627411634472,-0.11543735840617551,3.0818171179519602,13.516821785199602,-7.2157,0.0,7.5938950253,2.3016015716529754,0.12748267309816189,-0.6714404361801053,-0.5422268664144152,0.12608146040937074,0.19288166332014756,0.4153638349675557,-1.2023361430702824,-0.05645178487781661,-0.07376744817110546
4149.0,7.3099074095522925,15.669196213571714,54.70710141477778,0.025017399964921586,-0.14796686266752718,-0.11198857960227226,3.078873573491996,13.377657835665005,-7.2157,0.0,7.5938950253,2.2915383779067096,0.11790155203133197,-0.6973355657330431,-0.5277777612144297,0.12427876613544189,0.18888351016328286,0.4152304858416087,-1.2033425078788271,-0.05563525464664806,-0.07510619645288116
4150.0,7.28658105431803,15.516508195264619,54.77990093376179,0.022955254957523107,-0.15266787308300486,-0.1087162855262341,3.0748881924899565,13.233454110431147,-7.2157,0.0,7.5938950253,2.2830540848334717,0.10852943615003606,-0.7217936901412482,-0.5139963459487372,0.12243328406164272,0.1848517993572782,0.41494726130027365,-1.2042805511202983,-0.05479341847980201,-0.0763948252212413
4151.0,7.2642467364874825,15.360675067701777,54.84919036118186,0.020961774967559882,-0.15707096219228883,-0.10563648937007714,3.0698810440257858,13.084527086308768,-7.2157,0.0,7.5938950253,2.2761479813930094,0.09940922628704853,-0.7448941154965235,-0.5009710147261363,0.12054885884967037,0.1807910283069404,0.41452417254547275,-1.2051581215370817,-0.05392850390768963,-0.07762662021688066
4152.0,7.242898390798982,15.20198486926641,54.915183368283635,0.019044217915180746,-0.1611972059376521,-0.1027610386623037,3.0638761797067495,12.93117278956146,-7.2157,0.0,7.5938950253,2.2708120797049496,0.09058159755650026,-0.7667156771944613,-0.4887708747113659,0.11862900576212682,0.17670512110609266,0.4139708092959158,-1.2059827620730694,-0.05304260141590809,-0.07879633350612777
4153.0,7.222529084985738,15.040697345176305,54.97810478271263,0.017209312498916534,-0.16506687643169096,-0.10009787061402312,3.056902382054463,12.773667257142828,-7.2157,0.0,7.5938950253,2.2670300880334775,0.08208493293853525,-0.7873355477228906,-0.47744655674999004,0.11667690205476042,0.17259744854463646,0.4132962486291324,-1.2067616378055612,-0.052137653039925076,-0.07990012356579881
4154.0,7.2031015864529,14.877041482469874,55.03821948721095,0.015457240979706565,-0.16869951701600644,-0.09765171447998632,3.0489923524286207,12.61226714368935,-7.2157,0.0,7.5938950253,2.2647743387805246,0.07392675854417831,-0.8068327638376872,-0.4670351408291257,0.11491169402155349,0.16868932832663938,0.41213808688231246,-1.204522365739165,-0.05166044260935883,-0.08115941066746069
4155.0,7.184531754798821,14.71123045871357,55.095847266396056,0.013778332130062382,-0.17211301145093885,-0.09542643001197415,3.040170668606956,12.447210485707352,-7.2157,0.0,7.5938950253,2.264019973006219,0.06606742903789149,-0.8252859680833682,-0.4575719930135605,0.11319504575965283,0.1648441610001108,0.41074317121701864,-1.2012089463201658,-0.05132505353001141,-0.0824243946896083
4156.0,7.166809352959265,14.54347167304555,55.151228296576015,0.01217770768413464,-0.1753228000362173,-0.09342342926223458,3.030460874534765,12.278719073337903,-7.2157,0.0,7.5938950253,2.2647525997076468,0.05853679218426712,-0.8427558434708116,-0.44907531086410846,0.11145753904901483,0.16099222804594363,0.4092418624170454,-1.1978183376589482,-0.050985286057541275,-0.08361918388375313
4157.0,7.1499262120794675,14.373947899524076,55.20460105360552,0.010660615804376487,-0.178343356775871,-0.09164135481683133,3.0198928903362687,12.106999812560304,-7.2157,0.0,7.5938950253,2.2669480869637724,0.05136531532875183,-0.8592995869732019,-0.4415492663555268,0.10970110885276871,0.15713528678911975,0.40764151345294625,-1.1943608920280882,-0.050641813662417434,-0.08474340851645376
4158.0,7.133873868450558,14.202817276116173,55.256202348346704,0.009231905842021155,-0.181188221351342,-0.09007629362589765,3.0085033319807217,11.932245510654226,-7.2157,0.0,7.5938950253,2.2705717654619466,0.04458155023796423,-0.8749712064799162,-0.43498502673781625,0.10792743611790132,0.15327471302938078,0.40594882522599296,-1.190845820148202,-0.05029523616368841,-0.08579774980987104
4159.0,7.1186436715691155,14.030213799360887,55.306264797637944,0.007896004467575244,-0.18387003146042638,-0.08872197279544526,2.99633571262826,11.75463565769449,-7.2157,0.0,7.5938950253,2.275578141666397,0.03821196374730303,-0.8898215553491043,-0.4293615615303542,0.10613795224536905,0.1494115096451717,0.40416985744991635,-1.187281173206327,-0.04994607867287641,-0.08678387053497652
4160.0,7.10422688684407,13.856247946371045,55.35501447539119,0.0066568901696840025,-0.18640057927971657,-0.08756995491690629,2.983440526455416,11.574337177171929,-7.2157,0.0,7.5938950253,2.2819107691991167,0.032280763269300614,-0.9038984900774862,-0.4246464808822536,0.10433384488337978,0.14554631375733057,0.4023100509005649,-1.1836738347298927,-0.04959479111175887,-0.08770434326874758
4161.0,7.090614793022641,13.681007398884866,55.402668744465515,0.00551806688227508,-0.1887908860690999,-0.0866098327758505,2.9698752170993523,11.391505124915561,-7.2157,0.0,7.5938950253,2.2895022739693047,0.026809720968263225,-0.9172471238291573,-0.4207969021338039,0.10251606475464417,0.14167940282840225,0.4003742585652917,-1.1800295213851053,-0.04924174824661382,-0.08856257667412312
4162.0,7.0777987744815745,13.504557848564998,55.44943427008267,0.004482537502622864,-0.19105128904934646,-0.08582942349200122,2.9557040340593788,11.206283321297578,-7.2157,0.0,7.5938950253,2.29827452726742,0.02181800046677206,-0.9299101482624554,-0.4177603423765067,0.10068533328695498,0.13781070017120012,0.39836678327635944,-1.1763527919193384,-0.048887250190876794,-0.08936274006805023
4163.0,7.065770408576858,13.32694386735373,55.49550521576645,0.0035527780432429196,-0.19319153489835197,-0.08521496221391124,2.940997781476209,11.018804907332031,-7.2157,0.0,7.5938950253,2.308138960021699,0.017321989891031606,-0.9419281964171157,-0.41547563514174857,0.09884215087641234,0.1339397804204105,0.39629141951417496,-1.1726470636070891,-0.04853152333772864,-0.09010968649750906
4164.0,7.054521548266693,13.14818983128829,55.54106162298653,0.0027307131226347262,-0.19522087452570233,-0.08475129545154418,2.9258334646862196,10.829192820632178,-7.2157,0.0,7.5938950253,2.318997010656112,0.013335144904033957,-0.9533402203673015,-0.4138738691673665,0.09698680567187154,0.1300658755810447,0.39415149721392767,-1.168914635685089,-0.048174721693578185,-0.09080887453722059
4165.0,7.0440444002213205,12.96830089061381,55.58626797577672,0.002017693448178377,-0.19714815419663,-0.08442207400793986,2.9102938408313763,10.63756019217258,-7.2157,0.0,7.5938950253,2.330740698441229,0.009867845138449316,-0.9641838589007915,-0.41287934662679715,0.09511938282567269,0.1261878823048194,0.39194992560011405,-1.1651567193719483,-0.04781692859241,-0.09146628904620739
4166.0,7.034331598612265,12.787263983166701,55.63127195151487,0.001414475883218563,-0.19898189858125456,-0.08420994529719274,2.894466880601337,10.444010669317539,-7.2157,0.0,7.5938950253,2.3432533138491625,0.006927267145963478,-0.974495772629849,-0.4124105573954754,0.09323977420753199,0.12230437105806807,0.3896892353036281,-1.1613734741602748,-0.0474581587792618,-0.092088361163285
4167.0,7.025376274735767,12.605048891712515,55.676203358764404,0.000921206623573594,-0.20073038189672923,-0.08409674463933398,2.8784451488936047,10.248638674541699,-7.2157,0.0,7.5938950253,2.356410217170817,0.00451727664697987,-0.9843119266380377,-0.4123811650122641,0.09134768862396449,0.11841359783127374,0.38737161728070124,-1.1575640501444617,-0.04709836085844962,-0.09268188787376615
4168.0,7.017172122574154,12.42160934909814,55.72117326257932,0.0005374079400533398,-0.20240168397882471,-0.08406368493019795,2.862325112798382,10.051529612605487,-7.2157,0.0,7.5938950253,2.370079736492654,0.0026383425134006914,-0.9936678039632664,-0.4127009991003276,0.08944266262334465,0.11451351900037912,0.3849989573459038,-1.1537266362059486,-0.04673742010837089,-0.09325395153170854
4169.0,7.0097134603381,12.236884197622913,55.76627329698509,0.0002619688762050798,-0.2040037288524055,-0.08409154391901882,2.846206385843136,9.852760041593521,-7.2157,0.0,7.5938950253,2.384124156029392,0.0012874745645922172,-1.0025985368346841,-0.41327704825618794,0.08752407199555387,0.11060180988422286,0.38257286544536456,-1.1498585139207402,-0.046375161669622314,-0.09381183976575036
4170.0,7.0029952879657005,12.050798610870004,55.81157516350679,9.314022693800766e-05,-0.2055443041507705,-0.08416084820641502,2.8301909178637668,9.652397825129633,-7.2157,0.0,7.5938950253,2.398400785740371,0.00045818691660814374,-1.0111389465251237,-0.41401444688865796,0.0855911440942671,0.1066758874522967,0.38009469912295923,-1.145956117082556,-0.04601135411663256,-0.09436296622555607
4171.0,6.9969600309829145,11.86325904099111,55.85714736201815,3.2676211566570324e-05,-0.2070315067457596,-0.0842519135762561,2.814383151626515,9.450502180006966,-7.2157,0.0,7.5938950253,2.4127568609841443,0.00016088350990768957,-1.0193334499281828,-0.4148199232023182,0.08405487068619265,0.10298235664660543,0.3771669274344494,-1.1404560950492453,-0.04532195435135631,-0.0949753297740126
4172.0,6.991464202272859,11.67413810303358,55.90306719041517,8.829697903990662e-05,-0.2084746368096379,-0.08434343167987464,2.7988976027969734,9.247122678147727,-7.2157,0.0,7.5938950253,2.4270154248858518,0.00043507780915704515,-1.0272456570337931,-0.4155969532715462,0.08266140655364805,0.09936425019582802,0.37403680808953815,-1.134312445251073,-0.044506056384263276,-0.09561938970028042
4173.0,6.986497587631688,11.483301157000822,55.94934872783068,0.0002566062099723657,-0.20988230139601688,-0.08441323846715915,2.7838537544150785,9.042299038975356,-7.2157,0.0,7.5938950253,2.441002118025466,0.001265309809767593,-1.0349170227859175,-0.41623660907602356,0.0812568812983343,0.09572523345961925,0.37085292507311035,-1.1280955576063345,-0.04368320563405596,-0.09628115353767636
4174.0,6.982058078801737,11.290604425912798,55.995980504595074,0.0005329248789438362,-0.21126277803594704,-0.0844396052236934,2.769369939117761,8.83606170617098,-7.2157,0.0,7.5938950253,2.454542719741818,0.0026294914583073732,-1.042386445543207,-0.41663136672954626,0.07984014663945906,0.09206145725342288,0.3676154112874458,-1.1217962444272782,-0.04285265274914954,-0.09696896300866084
4175.0,6.978144236010877,11.09589629736464,56.04292822225942,0.0009118951011092995,-0.21262397101690883,-0.08440142900316526,2.755562219341176,8.628432222707069,-7.2157,0.0,7.5938950253,2.4674640746575704,0.004501882616741945,-1.049691086024306,-0.4166765734296741,0.07841001086460082,0.08836900892564392,0.36432409470341914,-1.1154046881611752,-0.042013586137737195,-0.09769088136135382
4176.0,6.974755308514124,10.89901934579829,56.09013532039121,0.0013875071125487716,-0.21397330389887076,-0.08427839545593464,2.7425433254452924,8.419423703193083,-7.2157,0.0,7.5938950253,2.479595642605208,0.006853232538345241,-1.0568657957531231,-0.416271337850772,0.07696525416468315,0.08464396554997553,0.3609784963881773,-1.1089105695520907,-0.04116514320141571,-0.09845462128987528
4177.0,6.971891249992678,10.699812491177902,56.13752371336421,0.001953132079095291,-0.2153175990384502,-0.0840511320736225,2.730421609483969,8.209041421914263,-7.2157,0.0,7.5938950253,2.490771069263639,0.009650953767373155,-1.0639424828782864,-0.41531937262207524,0.07550464481655626,0.08088245100616556,0.3575778270640226,-1.1023032028521729,-0.040306422430685565,-0.09926747668608366
4178.0,6.969552728558245,10.49811329198231,56.18499468892606,0.0026015607724617753,-0.2166629489896204,-0.08370135219974284,2.719300025176598,7.997283525767217,-7.2157,0.0,7.5938950253,2.5008297662150936,0.012859328582746538,-1.070949440142405,-0.4137297894979321,0.07402695612009445,0.07708069606259431,0.3541209840722717,-1.0955716778087965,-0.03943649634315234,-0.10013625817346417
4179.0,6.96774113111313,10.29376036520385,56.23242996142166,0.0033250481419405025,-0.21801458505428908,-0.0832119903334902,2.7092751442693586,7.784141876763844,-7.2157,0.0,7.5938950253,2.5096184884400063,0.016439748023697135,-1.0779106619766747,-0.4114178487757303,0.07253098396444382,0.07323510043105178,0.35060655065763446,-1.088705007987681,-0.03855442522163302,-0.10106723233815068
4180.0,6.966458561864656,10.08659591986375,56.27969287290474,0.004115363757481362,-0.21937674850831299,-0.08256732938723456,2.7004362191543914,7.56960302352719,-7.2157,0.0,7.5938950253,2.5169928963365606,0.020350983241517386,-1.084845179081711,-0.40830566522868705,0.0710155648621134,0.06934229563351087,0.3470327994472255,-1.0816922847589214,-0.037659271579518934,-0.10206606455680303
4181.0,6.9657078348407,9.876468384217493,56.326629736042875,0.004963848043258771,-0.22075257010567462,-0.08175312057689427,2.692864301277369,7.353649295928791,-7.2157,0.0,7.5938950253,2.522819088288702,0.024549488601135882,-1.0917664393132573,-0.4043228729443856,0.06947959425580053,0.06539920741984519,0.34339770188133867,-1.0745228360148233,-0.03675011524949014,-0.10313776535010669
4182.0,6.965492460312381,9.663235100354852,56.373071313293174,0.0058614741471302995,-0.22214396336546832,-0.08075669652543822,2.686631424533093,7.136260011742375,-7.2157,0.0,7.5938950253,2.5269750886124767,0.028989735545501258,-1.098681763212644,-0.39940725098087027,0.06792204487114298,0.06140311640459512,0.3396989451609201,-1.067186388399187,-0.03582606895870087,-0.10428664026289608
4183.0,6.965816625097985,9.446765053524407,56.41883442720008,0.006798915200750994,-0.22355153687117527,-0.07956707793667472,2.681799862519106,6.917412779093037,-7.2157,0.0,7.5938950253,2.5293522744313703,0.03362457573487689,-1.1055919010936721,-0.3935053106397108,0.06634198486034176,0.05735171555383139,0.3359339580133806,-1.0596732315153279,-0.03488629421990521,-0.10551624338704937
4184.0,6.966685166797786,9.226941597454491,56.463723696711,0.007766616617795471,-0.22497453036093004,-0.07817507385471374,2.67842146817799,6.697084873727949,-7.2157,0.0,7.5938950253,2.5298567237265424,0.03840563138380445,-1.1124907162263045,-0.38657284344209536,0.06473859545800606,0.0532431631528461,0.3320999462496847,-1.0519743822544392,-0.03393001733474528,-0.10682933479633636
4185.0,6.968103542091335,9.003665131440961,56.50753339400069,0.008754872955531038,-0.22641077876575727,-0.07657337508076777,2.6765371039915498,6.475254665885726,-7.2157,0.0,7.5938950253,2.5284104655552353,0.043283710050543184,-1.119365015368209,-0.3785754266706436,0.06311118785279277,0.04907612992421245,0.3281939386991987,-1.0440817470599077,-0.032956545273826535,-0.10822784234398472
4186.0,6.969934800050591,8.776830059819542,56.55011730066506,0.009762053277243232,-0.22785776445366615,-0.0747566651345686,2.6761788505236668,6.251902739718082,-7.2157,0.0,7.5938950253,2.52492732010146,0.048250485126286734,-1.1262228716073244,-0.36949658608961383,0.06228382335335374,0.04565836931876158,0.32351192637367643,-1.0313514776525143,-0.03148815461156827,-0.11020407497244203
4187.0,6.97203164047966,8.546332493390281,56.59132991974501,0.010786876051531126,-0.22931243752515748,-0.07271932230245519,2.6773781382266644,6.027011853704391,-7.2157,0.0,7.5938950253,2.5193206396858905,0.05329979827080669,-1.1330719480495912,-0.3593186007324589,0.06146010011119879,0.04220461364931355,0.3187317823722593,-1.0182554143951077,-0.029985189492945215,-0.11228391102954313
4188.0,6.974396567296552,8.31210860475635,56.63094887741817,0.011819410768576939,-0.23076961345164332,-0.07045655079591018,2.6801573660168754,5.80056859749648,-7.2157,0.0,7.5938950253,2.51154000725987,0.05838192552553806,-1.1398854519812218,-0.3480198109612168,0.06062634023678189,0.038701501172192246,0.3138615916389853,-1.004862328882218,-0.028454859647501475,-0.11446013702618399
4189.0,6.977032745753861,8.074119480847703,56.66874595647399,0.012849775076094873,-0.23222269665118023,-0.06796570985840565,2.684526670523542,5.572565107074359,-7.2157,0.0,7.5938950253,2.5015543737733434,0.0634474234968834,-1.1466295474250008,-0.3355894676067035,0.059782459774618976,0.03514951199481473,0.3088979793358253,-0.9911668360619241,-0.02689673154219696,-0.11673262728863289
4190.0,6.979943547163547,7.832353216918679,56.70448958929026,0.013868247727031912,-0.23366377894701468,-0.06524637749127728,2.6904837417248992,5.343000472428015,-7.2157,0.0,7.5938950253,2.489352744490664,0.06844770748760542,-1.1532639383589047,-0.3220280636063195,0.05892843656510696,0.031549673719943584,0.30383774465548047,-0.9771656857082016,-0.025310578500454473,-0.1191002518231501
4191.0,6.983132528975341,7.58682676348229,56.737947223264825,0.014865356947227138,-0.2350837717003276,-0.062300396163464014,2.6980137621543268,5.111882036130569,-7.2157,0.0,7.5938950253,2.474944727351721,0.07333550447554212,-1.1597425512794366,-0.30734754623742794,0.058064306911913444,0.02790356086634066,0.2986779590875199,-0.9628579272563985,-0.0236963970610613,-0.12156086397148666
4192.0,6.986603414887044,7.3375874060744835,56.76888774424107,0.015831967979057417,-0.2364725723767279,-0.05913189901549806,2.7070894739071245,4.879226548384125,-7.2157,0.0,7.5938950253,2.4583608576903586,0.07806530076064808,-1.1660143899136695,-0.2915714260728284,0.057190161705536695,0.024213284570325136,0.2934160682207186,-0.9482450460558327,-0.02205442049973118,-0.12411129893327584
4193.0,6.9903600751167225,7.084713826818243,56.79708393501679,0.016759368488678237,-0.23781926236159273,-0.05574731311876251,2.717671376340253,4.645061146428,-7.2157,0.0,7.5938950253,2.4396526803902434,0.08259377746364872,-1.1720245452763844,-0.27473476563498783,0.0563061422387494,0.020481472619708375,0.28804999441945117,-0.9333310665814122,-0.020385129075627766,-0.12674738453360304
4194.0,6.994406506896843,6.828316703277254,56.822314942034396,0.017639350480731432,-0.23911233155562042,-0.052155336454490386,2.7297080557787967,4.409424129762887,-7.2157,0.0,7.5938950253,2.418892573514367,0.08688022685870468,-1.1777153378158114,-0.2568840314164619,0.0554124359611402,0.016711240145006905,0.2825782374023314,-0.9181226185902968,-0.018689256611565112,-0.12946396545725725
4195.0,6.998746815180484,6.568538808741389,56.84436871959276,0.018464287361444204,-0.24033992410578778,-0.04836688562597304,2.743136646737552,4.172365507382107,-7.2157,0.0,7.5938950253,2.3961733013592816,0.09088694253406127,-1.1830275625181152,-0.2380767948628532,0.05450927241601301,0.012906151563976877,0.2769999695477334,-0.902628962856232,-0.01696779308164892,-0.13225494191159548
4196.0,7.003385193485124,6.305554588717738,56.86304441767345,0.0192272048324309,-0.24149009861828197,-0.04439501191443174,2.757883422159689,3.9339472989880795,-7.2157,0.0,7.5938950253,2.371607289729659,0.09457957661580842,-1.187901802850834,-0.21838127108514613,0.05359691958240354,0.009070174632923166,0.271315122672219,-0.8868619739553267,-0.01522198296296635,-0.13511332332293774
4197.0,7.008325904745422,6.039569200739441,56.878154677006926,0.01992184438439509,-0.24255109541638148,-0.040254784117536836,2.77386450801035,3.694243578828401,-7.2157,0.0,7.5938950253,2.3453256219110403,0.09792745776529939,-1.1922797756075345,-0.19787568838802722,0.052675680808069114,0.005207627690356376,0.26552446308812694,-0.8708360785921047,-0.013453319206654343,-0.1380312972302428
4198.0,7.013587564555519,5.770809767291615,56.88952226340997,0.02053616258175603,-0.2435121210356762,-0.03596358086301961,2.790984803301935,3.453340108335395,-7.2157,0.0,7.5938950253,2.31746965895622,0.10087145764270938,-1.1961057721834676,-0.17664930384447877,0.05165208559201939,0.0017538365319338181,0.2590884218642681,-0.8549951790406389,-0.01209800343185393,-0.14101390687239204
4199.0,7.019199498575516,5.499540302891056,56.89698411300609,0.021054491452609042,-0.24436319695056546,-0.031543044485183996,2.8091293169031673,3.211333281878626,-7.2157,0.0,7.5938950253,2.28820702101243,0.10333475073469278,-1.1993265238657773,-0.15481222363534705,0.05060092181103473,-0.0016374747997441874,0.25245076206384637,-0.8390135975980846,-0.010803145130259633,-0.14403605250545026
4200.0,7.0251675835874865,5.226073104221362,56.90040893352129,0.02147310436120148,-0.24509444608554828,-0.027017251071145946,2.828171235790407,2.968330244688967,-7.2157,0.0,7.5938950253,2.257742859532395,0.10529975782664955,-1.201893558720682,-0.1324871312074355,0.04953946804885652,-0.005035984159133214,0.24570981708685494,-0.8228407050117265,-0.009495360327773955,-0.14708369604758653
4201.0,7.031496848754677,4.950742523144137,56.899690826288264,0.02178952317790299,-0.2456974511926932,-0.02241142551738444,2.847977806716226,2.7244481061421877,-7.2157,0.0,7.5938950253,2.226294417001949,0.10675523144289012,-1.2037660509066943,-0.10980216953530075,0.04846913380351455,-0.008437042440922526,0.23887171417452685,-0.8065012081007686,-0.008176427644794385,-0.15014514741968124
4202.0,7.038191944270265,4.673900564374081,56.89475028596733,0.022002284328428736,-0.246165462681456,-0.017751626054458527,2.8684117217014946,2.479812473327568,-7.2157,0.0,7.5938950253,2.1940880910465133,0.10769508719230574,-1.20491175241107,-0.08688929236633693,0.04739142928307668,-0.01183607009027731,0.23194368061261794,-0.7900212994702956,-0.006848239919910088,-0.1532085712755159
4203.0,7.045257095188175,4.395912540757298,56.88553504985211,0.02211093441903538,-0.24649353645354863,-0.013064410521968214,2.889332548755393,2.2345558158103396,-7.2157,0.0,7.5938950253,2.161356724946958,0.10811836678834838,-1.2053076582009308,-0.06388254344744873,0.046307944907164555,-0.015228613929101152,0.22493396631445067,-0.7734283176179904,-0.0055127799860916335,-0.15626214440751784
4204.0,7.052696061988117,4.117152517244222,56.87202058034125,0.022116013734834034,-0.24667861926224066,-0.008376492858439895,2.910598186766359,1.9888157091497658,-7.2157,0.0,7.5938950253,2.128336808094456,0.10802913757639769,-1.204940402775365,-0.040916293065365414,0.045220329052734654,-0.018610397848797262,0.21785174080075276,-0.756750389849529,-0.004172094996902389,-0.15929421232871704
4205.0,7.060512108570527,3.837998648229026,56.854210172035515,0.02201902831988488,-0.24671957976712675,-0.0037143981128253643,2.9320663230143054,1.742733007825621,-7.2157,0.0,7.5938950253,2.095265640403405,0.1074363323730085,-1.2038063800868302,-0.01812347504248397,0.0441302646712808,-0.021977366576267116,0.21070696736087652,-0.7400160666093296,-0.002828269912211275,-0.16229344116528682
4206.0,7.068707978168802,3.558828514933924,56.8321346842293,0.02182241155901178,-0.24661718553562176,0.0008958756770666085,2.9535958718943345,1.4964499992856093,-7.2157,0.0,7.5938950253,2.062378515648315,0.10635353455394975,-1.201911589492923,0.004366132703495826,0.04303944544018017,-0.02532572201393619,0.20351025800903433,-0.7232539559568475,-0.0014834007709496923,-0.16524896118602123
4207.0,7.07728587744556,3.280014567634603,56.80585190876725,0.021529476346243782,-0.2463740282581606,0.005429180751694189,2.9750483741589093,1.2501085899435405,-7.2157,0.0,7.5938950253,2.0299059776910626,0.10479871422062725,-1.1992712207009364,0.026427543006553297,0.0419495521163651,-0.028651951942526094,0.1962727135095254,-0.7064923666995431,-0.0001395683726480568,-0.16815049865323795
4208.0,7.086247468816517,3.0019197719209796,56.77544559189776,0.021144359040272554,-0.24599440129359623,0.009861520775382264,2.9962893372382857,1.0038485712287282,-7.2157,0.0,7.5938950253,1.9980712006922514,0.1027939219090022,-1.1959090000535544,0.04794207261416142,0.04086222973626271,-0.031952851142756526,0.18900575320601895,-0.6897589681534058,0.0012011870393910397,-0.1709884931772705
4209.0,7.095519824061986,2.724874324094121,56.740938265738244,0.020652239995991854,-0.24548480642598944,0.014169383583593674,3.0171829401610597,0.7578058052079295,-7.2157,0.0,7.5938950253,1.9670685188861916,0.10027026708448022,-1.1918720250342376,0.06879485598778277,0.04018647958832404,-0.03415912728955463,0.1812629734575441,-0.6788268009958166,0.0014360913956342485,-0.17332625193153425
4210.0,7.105028103412753,2.449229927741425,56.70237675917218,0.020039219384185347,-0.24485364369448975,0.018324993995632324,3.037573439022912,0.5121100682852029,-7.2157,0.0,7.5938950253,1.937119859456222,0.09716374062666823,-1.1872167009759604,0.08885201211889698,0.03951719415840295,-0.03633429545033946,0.17351530215781094,-0.667976868074925,0.001663375087842801,-0.17558446995438287
4211.0,7.114772932577074,2.1753554898078504,56.65992573262096,0.01931273784060367,-0.24411043815978467,0.022300675783553835,3.057306774935221,0.2668840068002231,-7.2157,0.0,7.5938950253,1.9084714830076273,0.09351300806276142,-1.1819919868557915,0.10798071674581967,0.03885261902426268,-0.038484562371064804,0.16577966467669442,-0.6571886276073502,0.0018901713614741314,-0.1777566819519286
4212.0,7.124754564016721,1.9035929743406328,56.613778264288165,0.018481046142755742,-0.243266069356514,0.02607123587851147,3.0762388200018957,0.02224178427714918,-7.2157,0.0,7.5938950253,1.8813511900634836,0.08936055746164524,-1.17625330304813,0.1260610548678842,0.03819375985851094,-0.04060897351811001,0.15806942576246785,-0.6464804142599362,0.0021159558328001896,-0.1798345716108319
4213.0,7.134972797840284,1.6342540030258714,56.564153004513905,0.017553079418768568,-0.24233240808722487,0.02961415581524455,3.094236573603276,-0.2217121699249907,-7.2157,0.0,7.5938950253,1.855966172950862,0.08475205205542166,-1.170060726949358,0.14298690362827815,0.03754152701885662,-0.042706835789303864,0.15039736840739823,-0.6358691273196698,0.0023402392807282692,-0.18181101899184848
4214.0,7.145427002918418,1.3676172252788308,56.511291249862865,0.016538354518618358,-0.2413219403895053,0.03290972725417379,3.1111791945419682,-0.4648840663683632,-7.2157,0.0,7.5938950253,1.832501291647194,0.07973579646586552,-1.1634771222241787,0.15866652943809126,0.03689672650252053,-0.04477768927413207,0.14277549323575037,-0.625370094856531,0.002562572405789637,-0.1836801259792808
4215.0,7.156116142588551,1.1039264366828074,56.455453887749464,0.01544686649630683,-0.2402473926890087,0.03594113433260413,3.126958863520708,-0.7071913079166771,-7.2157,0.0,7.5938950253,1.8111177445994846,0.0743622015342641,-1.1565662872462157,0.17302291537576048,0.036260053976456826,-0.046821278281289375,0.13521484312838727,-0.6149969756911198,0.002782549495277996,-0.18543721997199275
4216.0,7.167038803935452,0.8433894389985717,56.39691826916183,0.014288985332846933,-0.23912137041815368,0.038694486641899166,3.1414814736633443,-0.9485626932257392,-7.2157,0.0,7.5938950253,1.7919521322243108,0.06868325373741206,-1.1493911832013552,0.18599383947544088,0.03563209181555869,-0.04883752275382785,0.12772535667723983,-0.6047616981450982,0.0029998110083755978,-0.18707883794713231
4217.0,7.178193229637869,0.5861776145454376,56.335975062345604,0.013075353854590738,-0.2379560209929273,0.04115880796458417,3.154667149674858,-1.1889382870561762,-7.2157,0.0,7.5938950253,1.7751159016016138,0.06275199425265059,-1.1420122948710179,0.19753173103859967,0.03501330897554245,-0.05082649098048359,0.12031575285933263,-0.5946744335537889,0.003214045125607821,-0.18860269345637426
4218.0,7.189577351412337,0.33242617023794263,56.27292513430728,0.01181678764558584,-0.2367627303591205,0.04332598679597947,3.1664505987069576,-1.4282689829510855,-7.2157,0.0,7.5938950253,1.7606951531890283,0.056622011905952,-1.134486168268212,0.2076033363530454,0.0344040634413178,-0.05278837429706005,0.11299344814197955,-0.5847436017200063,0.003424988331936798,-0.1900076293606968
4219.0,7.2011888241569295,0.0822349923217563,56.20807650018881,0.01052417762251291,-0.23555186045419282,0.04519069511900016,3.1767812980326138,-1.6665157920093707,-7.2157,0.0,7.5938950253,1.748750784331127,0.050346953530692316,-1.1268641596267224,0.21618922720469258,0.03380460692723453,-0.054723464266686575,0.10576450612790014,-0.574975904895935,0.003632425121899832,-0.1912935591830051
4220.0,7.21299282441312,-0.1643232943432646,56.1416280968515,0.009208830144581005,-0.23433230466368943,0.04675125162110851,3.185623604033413,-1.9036488646157281,-7.2157,0.0,7.5938950253,1.7393255702724635,0.04398232553442585,-1.119195331560715,0.22328881472001633,0.03348275038398327,-0.057017721573964876,0.09889700870976136,-0.5770039233566816,0.0038729542677001464,-0.19134005012971514
4221.0,7.224874961625311,-0.40719275704539915,56.07349929994265,0.007883005922201234,-0.23311092868356034,0.04801113347740007,3.192957654119455,-2.1396458922125263,-7.2157,0.0,7.5938950253,1.7324531351671273,0.03758813203858411,-1.1115308618908017,0.228929020513367,0.03329889373591576,-0.05946519101468449,0.0922553314978624,-0.584717425580743,0.00412895991714254,-0.19074078426457922
4222.0,7.236827573901065,-0.6463704075182163,56.00398176281488,0.006557321401942149,-0.23189377950092468,0.048973231329229636,3.19877861155528,-2.3744909671418593,-7.2157,0.0,7.5938950253,1.728120559623643,0.031215297033135494,-1.1039009320351219,0.23313085769466554,0.03311906234245339,-0.06187250516310655,0.08570928533940245,-0.592292377195531,0.004382253906782855,-0.1900597451180174
4223.0,7.248849612032079,-0.8818818195889078,55.933386646202784,0.005242009757525533,-0.23068537750882692,0.04964249123700357,3.2030955618070123,-2.6081735011946225,-7.2157,0.0,7.5938950253,1.7262916816057148,0.024912537273087447,-1.0963272354261553,0.23592485906675545,0.032943194122888035,-0.06424043696562336,0.07925963340662232,-0.5997335119544128,0.004632721528560666,-0.18929891098848386
4224.0,7.26093986673567,-1.1137769101253947,55.86201841199372,0.003946935217379443,-0.2294886611116212,0.05002595795215652,3.2059309769889466,-2.8406868281643214,-7.2157,0.0,7.5938950253,1.7269099180389267,0.018726490059729865,-1.088823832781531,0.23735140120731857,0.032771205350287186,-0.06656986374449649,0.072906026977696,-0.6070462622198766,0.0048802628133978315,-0.18846083410153475
4225.0,7.273096981489574,-1.3421270175437323,55.79017260830414,0.0026815218784983328,-0.22830502352921475,0.050132617350795904,3.2073200787931544,-3.072026807872827,-7.2157,0.0,7.5938950253,1.7298997903290947,0.012701388273712791,-1.0813973855427166,0.23745987055176115,0.03260299619785287,-0.06886173738844,0.06664709451064704,-0.614236621373082,0.00512479200156123,-0.1875485978849611
4226.0,7.285319464589749,-1.5670219171248656,55.71813383972238,0.001454688577965523,-0.22713439093025584,0.04997323817608187,3.2073101023483397,-3.3021904765859187,-7.2157,0.0,7.5938950253,1.735168559461053,0.006878767877577801,-1.074047583716762,0.2363078329692665,0.032438455933062105,-0.07111705834705381,0.06048054495189809,-0.6213110074002668,0.00536623690901793,-0.18656577381495187
4227.0,7.2976057004579395,-1.788566838999961,55.646173923101294,0.00027479021254269223,-0.22597533665308747,0.0495602140519868,3.2059594718902593,-3.531174780855961,-7.2157,0.0,7.5938950253,1.7426079418559999,0.0012972094150690693,-1.066767740988027,0.2339602116326737,0.03227746763683409,-0.07333685363954057,0.05440328184986644,-0.6282761301005421,0.005604538221385298,-0.18551637803551446
4228.0,7.309953960268592,-2.006879547015897,55.5745502281785,-0.0008504341284450061,-0.2248252256030046,0.04890740604908861,3.2033368992951345,-3.758975426558862,-7.2157,0.0,7.5938950253,1.7520958795429649,-0.00400788512269289,-1.059545527115594,0.23048847469474285,0.03211991235843155,-0.07552215891845412,0.04841152485213977,-0.6351388640678033,0.005839648744916604,-0.18440482776887562
4229.0,7.322362411996078,-2.2220875284400674,55.503504201878314,-0.0019139058901183749,-0.22368038246224003,0.04802998557954806,3.1995204166970392,-3.9855858690508006,-7.2157,0.0,7.5938950253,1.7634983406107332,-0.009004478910598522,-1.0523638058667966,0.22596983188167238,0.031965672648784076,-0.07767400447779428,0.04250093525877147,-0.6419061292912841,0.006071532640967271,-0.18323589740295132
4230.0,7.334829130003122,-2.4343253359048727,55.43326007521406,-0.002909244365665439,-0.22253627710741072,0.04694427708674729,3.194596354581119,-4.2109964641708375,-7.2157,0.0,7.5938950253,1.7766711282659648,-0.013664049512375175,-1.0452015460034358,0.2204864376489921,0.03181463544448504,-0.07979340496434324,0.036666742473032934,-0.6485847809011703,0.006300164666753063,-0.1820146740673995
4231.0,7.347352104300636,-2.6437321143859016,55.36402375206189,-0.0038307963922044265,-0.2213877205880541,0.04566759987317967,3.1886582769057767,-4.435193793464667,-7.2157,0.0,7.5938950253,1.7914616790787656,-0.01796170019321597,-1.0380347730707304,0.21412459799090994,0.03166669430121241,-0.08188135244362778,0.030903868423837307,-0.6551815092634097,0.006525529441134484,-0.180746512491681
4232.0,7.359929249608715,-2.850449337575694,55.295981879524554,-0.004673658307585319,-0.22022906516762397,0.044218108462449286,3.181805884938717,-4.658160170698008,-7.2157,0.0,7.5938950253,1.8077108331223144,-0.02187623321309428,-1.030837530867297,0.20697397826376712,0.03152175099834112,-0.08393881238838807,0.025207047320679767,-0.6617027513067523,0.00674762074983126,-0.17943698897211852
4233.0,7.3725555496419295,-3.0546168137743512,55.22929650396086,-0.005432720125150079,-0.21905431835452766,0.04261468853793583,3.174143986853261,-4.879873323576158,-7.2157,0.0,7.5938950253,1.8252565098018065,-0.025385662685242175,-1.0235828291154745,0.19912715614644522,0.031434334790681695,-0.08625213963309178,0.019789102557301125,-0.6692626240440801,0.007153234492670623,-0.17798363915457546
4234.0,7.385172960083423,-3.2563464307880126,55.16402297797935,-0.00608585754987166,-0.21785559208921296,0.04087927412737167,3.165790041651385,-5.100305474267129,-7.2157,0.0,7.5938950253,1.8439590434791167,-0.028389015900679788,-1.0162422990007547,0.19069167388491956,0.03149688435259801,-0.08930343349888555,0.01501223711874032,-0.6797349045029096,0.008057079385577683,-0.17620950191771906
4235.0,7.397758437422065,-3.4557929828580796,55.10024678541859,-0.006624005031273689,-0.21662556555732415,0.03903685533125174,3.156879806647656,-5.319422405965481,-7.2157,0.0,7.5938950253,1.8636294231074015,-0.03084677274308237,-1.0087854039270847,0.18178745325864665,0.03155992626113625,-0.09231180356600147,0.0102724667215702,-0.6900899754483274,0.008947457303411326,-0.17441785723492337
4236.0,7.410310368449001,-3.6531218406516284,55.03806110583362,-0.0070462992514321926,-0.21535793042179685,0.037112385459582384,3.1475510149273456,-5.537184763088966,-7.2157,0.0,7.5938950253,1.8840629224373378,-0.032757738494379185,-1.0011835313429303,0.17253281111223032,0.03162354751935998,-0.09527920155549853,0.005564354256947943,-0.70033681423487,0.009825189926272978,-0.17261572962333419
4237.0,7.4228270658091695,-3.848489843523945,54.977532718935514,-0.007352721403043718,-0.21404700973870477,0.035130526333933335,3.137940367395078,-5.75354870409608,-7.2157,0.0,7.5938950253,1.9050588605721352,-0.034124633389562,-0.9934111922752362,0.16304389439147918,0.03168783734700227,-0.09820748133548035,0.0008828167874656706,-0.710483543115087,0.010691072245382236,-0.170810072569599
4238.0,7.435306783229004,-4.042044474659668,54.91870251546592,-0.007544063127980762,-0.2126878724277959,0.033115461521401525,3.12818235859448,-5.968466539394552,-7.2157,0.0,7.5938950253,1.9264220647348846,-0.034953900670937885,-0.9854465214084359,0.15343383705236224,0.03175288504565553,-0.10109840242190922,-0.0037768187304624556,-0.7205373945205856,0.011545866894123371,-0.169007713848496
4239.0,7.4477477311629094,-4.233923249401512,54.86158620242276,-0.007621886442520782,-0.21127641072571404,0.031090714992404556,3.1184081709199494,-6.18188745272674,-7.2157,0.0,7.5938950253,1.9479642033252285,-0.03525548896429149,-0.9772716010568165,0.14381195096159585,0.03181877801589993,-0.10395363333039365,-0.008418775385042723,-0.7305046919777108,0.012390299466467065,-0.16721530186967137
4240.0,7.4601480926817105,-4.424253283978502,54.806175193731924,-0.00758847845952245,-0.2098093812285466,0.029078977969271596,3.108744646316958,-6.393758271258412,-7.2157,0.0,7.5938950253,1.96950498727991,-0.03504261305308408,-0.9688726139919287,0.1342829630988329,0.03188559998844743,-0.10677475406186755,-0.013046801191057542,-0.7403908443922276,0.013225054688191327,-0.16543925406048626
4241.0,7.472506039409346,-4.61315101183008,54.75243767484475,-0.007446801747238403,-0.20828441126487118,0.027101946730920885,3.0993133432068793,-6.604024250831316,-7.2157,0.0,7.5938950253,1.9908732390012354,-0.0343314972031312,-0.9602398352349786,0.12494631117809368,0.03195342951766262,-0.1095632571523479,-0.017664157828796392,-0.7502003514156504,0.014050773307781417,-0.16368570828394735
4242.0,7.484819747303986,-4.8007220158127435,54.700319827173864,-0.00720044116931466,-0.20669997333931295,0.025180173968335,3.0902296848972695,-6.812629845080916,-7.2157,0.0,7.5938950253,2.0119078292681722,-0.03314110515116132,-0.9513674773670043,0.11589550884262734,0.03202233877155899,-0.11232054687253742,-0.02227362184740289,-0.7599368176596458,0.014868049579659029,-0.16196047822543258
4243.0,7.497087412076685,-4.987060946654065,54.649747195960956,-0.006853548031810965,-0.20505533122120032,0.023332935968643626,3.081602204204392,-7.019519430225947,-7.2157,0.0,7.5938950253,2.032458483571882,-0.03149286072289332,-0.9422534075287763,0.10721758997033166,0.03209239263808209,-0.11504793632070326,-0.02687749670418546,-0.7696029736479391,0.0156774292218892,-0.16026901356778447
4244.0,7.509307264044505,-5.172251500926329,54.600626183228684,-0.0064107823243323364,-0.20335046190280212,0.021578117473018178,3.0735318874722477,-7.2246379611344285,-7.2157,0.0,7.5938950253,2.0523864602080995,-0.029410362808126547,-0.9328987569991136,0.0989926395081482,0.03216364815367804,-0.11774664230590387,-0.03147763384924955,-0.7792007015774463,0.016479407743055265,-0.1586163656213424
4245.0,7.521477582225255,-5.356366435372333,54.55284564600206,-0.005877253787922933,-0.2015859581057256,0.01993211554100205,3.066111619670117,-7.427931538576527,-7.2157,0.0,7.5938950253,2.071565103204194,-0.02691909811343787,-0.9233074460201547,0.09129341580572385,0.03223615424726093,-0.12041777806281238,-0.03607546097668783,-0.7887310641903474,0.017274429047865233,-0.1570071588953894
4246.0,7.533596707496995,-5.539467598442571,54.506278579050935,-0.005258462476973353,-0.199762916270629,0.018409763198996374,3.059425730832131,-7.629347872198909,-7.2157,0.0,7.5938950253,2.0898802737563376,-0.024046154760508767,-0.9134856473900138,0.08418506681865384,0.03230995178112878,-0.12306234396951227,-0.04067201554676167,-0.7981943353237457,0.018062884247536166,-0.15544556890277977
4247.0,7.545663054666278,-5.721605964206896,54.46078386102662,-0.004560239410791404,-0.19788281503151592,0.01702427309001793,3.053549642803672,-7.828836628512811,-7.2157,0.0,7.5938950253,2.1072306643059147,-0.020819939422634604,-0.9034412123159961,0.07772493996911664,0.03238507386045059,-0.1256812165521144,-0.04526798173248385,-0.8075900309901728,0.018845110618383176,-0.15393530629245078
4248.0,7.557675123313854,-5.9028216582005015,54.416208043029556,-0.0037886878371445262,-0.19594738906624057,0.015787200808643063,3.0485496141072295,-8.026349657905762,-7.2157,0.0,7.5938950253,2.12352799970526,-0.017269900314582327,-0.893183081197609,0.0719624830366194,0.03246154637488244,-0.12827513615230873,-0.0498637290509152,-0.8169169401373282,0.019621390669631304,-0.15247960721629428
4249.0,7.569611570585402,-6.083142972256928,54.37238594312065,-0.0029485436595049785,-0.19395841341103956,0.014708494782631762,3.044482867603825,-8.22184108362118,-7.2157,0.0,7.5938950253,2.1386981113642527,-0.013419093981607164,-0.882722617891682,0.06693971553714448,0.03272688426720596,-0.13094340262974466,-0.05434499101029881,-0.8263184130476131,0.02054261457887119,-0.1510612273222295
4250.0,7.581348746864732,-6.262588157103812,54.32913664229688,-0.0020366507196371312,-0.19191714506724747,0.013797588846527858,3.0414031713507903,-8.415266967169163,-7.2157,0.0,7.5938950253,2.1526788100653516,-0.009254635241587447,-0.8720803999817159,0.06269688305256453,0.03320889059651913,-0.133703285863382,-0.05869090283309725,-0.8358138044879474,0.02163229074133166,-0.14968024434960744
4251.0,7.592860440858412,-6.4411793630882,54.28627572438585,-0.0010578467838551675,-0.18982507185897218,0.013063290566249493,3.0393610394547603,-8.606585117713765,-7.2157,0.0,7.5938950253,2.1654057546255645,-0.00479961695433065,-0.8612661560788902,0.05927020040900644,0.03368775160214604,-0.13644035493928208,-0.06303409047064394,-0.8452303331619428,0.02271435345801371,-0.14836259097557236
4252.0,7.604147098166142,-6.618929048342242,54.24361288705537,-1.9199637880174588e-05,-0.18768359860066952,0.012512682012609343,3.0383973766981973,-8.795755193057836,-7.2157,0.0,7.5938950253,2.1768261447155943,-8.698247369932232e-05,-0.8502860200261472,0.05668773759496962,0.034163466710626623,-0.1391549192792,-0.06737442200959899,-0.8545648301397095,0.023788960547597167,-0.14711005382789688
4253.0,7.615209339620688,-6.795837449293247,54.200952286790944,0.0010721629383647119,-0.18549382932367078,0.012151092059691525,3.0385431514381476,-8.982738399176476,-7.2157,0.0,7.5938950253,2.1869009498832295,0.004850295189456223,-0.8391446820710455,0.05496961446331346,0.03463600814324026,-0.14184704781466426,-0.07171161659182455,-0.8638134153388659,0.02485617896858183,-0.14592393849457874
4254.0,7.626047974721161,-6.971892467617269,54.158094394774835,0.0022091060817211396,-0.1832564712723779,0.011982140952611702,3.0398195839584075,-9.167497068224723,-7.2157,0.0,7.5938950253,2.195604600607454,0.009979442139304915,-0.8278449671783312,0.054128266329529114,0.03510532111662172,-0.14451655505258215,-0.07604527194062086,-0.8729715190829983,0.02591598392067225,-0.1448050879851803
4255.0,7.636664014025167,-7.147069565536331,54.11483779365099,0.0033845381813793754,-0.1809717568834739,0.012007795406666081,3.0422384090524694,-9.349994154228309,-7.2157,0.0,7.5938950253,2.202924588691978,0.01526809875809409,-0.8163874976279831,0.0541687510410201,0.035571323799020116,-0.14716298918183546,-0.08037488643360866,-0.8820339039668765,0.026968258227259075,-0.14375390391646037
4256.0,7.647058680623799,-7.321331683140461,54.0709809050242,0.004591458450038048,-0.17863938521996892,0.012228432280246782,3.0458022068573274,-9.530192664783508,-7.2157,0.0,7.5938950253,2.2088609816430465,0.020684520703966636,-0.8047704454552342,0.055089088451997746,0.036033907084985606,-0.14978562271316193,-0.08469987553667056,-0.8909946878221133,0.02801279207961924,-0.14277036971382664
4257.0,7.657233420800856,-7.4946291923668475,54.0263236394613,0.0058230015533878455,-0.1762584836426791,0.012642909025988771,3.0505047959515985,-9.708055048126976,-7.2157,0.0,7.5938950253,2.2134258557601285,0.026197765235845542,-0.7929893772071043,0.05688062411185579,0.03649293426048704,-0.15238344608242307,-0.08901958264393628,-0.899847368626478,0.029049283228182794,-0.1418540751774404
4258.0,7.667189913950295,-7.6668999024619895,53.9806689624842,0.0070724791270757575,-0.17382758985671182,0.013248639337482136,3.0563316827484734,-9.883542555343316,-7.2157,0.0,7.5938950253,2.216642652881327,0.03177786238012043,-0.7810371906489526,0.05952841005618248,0.03694824063577254,-0.1549551645741547,-0.09333328457046478,-0.9085848521967239,0.030077337706254183,-0.14100424183876809
4259.0,7.676930081795337,-7.838069131250059,53.933824371540254,0.008333418013689765,-0.17134465388225192,0.014041672654535143,3.0632605612463952,-10.056614597304886,-7.2157,0.0,7.5938950253,2.2185454660548274,0.03739597046121254,-0.7689041405028841,0.06301159679646433,0.03739963322489121,-0.1574991988408274,-0.09764019211463834,-0.9171994834533813,0.031096471167239167,-0.14021974862392636
4260.0,7.686456096920745,-8.008049855391887,53.88560328018652,0.009599595055091805,-0.16880705897733034,0.015016776448567092,3.0712618572296906,-10.22722811524395,-7.2157,0.0,7.5938950253,2.219178259852063,0.043024515521580375,-0.75657794807398,0.06730383184786315,0.03784689054894679,-0.16001368920597683,-0.10193944624469767,-0.9256830819517786,0.03210611090802236,-0.13949915743762564
4261.0,7.695770390598042,-8.176742951120684,53.8358263067306,0.010865068279879854,-0.1662116600919513,0.0161675204631713,3.0802993110247785,-10.395336982707652,-7.2157,0.0,7.5938950253,2.218594031586969,0.04863731416664236,-0.7440439877420449,0.07237366133437473,0.03828976263518489,-0.1624965038486917,-0.10623011056799936,-0.9340269822430673,0.03310559863908674,-0.13884073837968952
4262.0,7.704875659853687,-8.344037534772387,53.78432246534799,0.012124204333831282,-0.16355483806179072,0.017486362317823804,3.09033059290814,-10.56089145511178,-7.2157,0.0,7.5938950253,2.2168539203393927,0.05420967939519212,-0.7312855417754642,0.078184932300448,0.03872797127631988,-0.16494525087519576,-0.11051116081323505,-0.942222079469526,0.03409419404679421,-0.1382424943995672
4263.0,7.713774873703563,-8.509811409889807,53.73093025827345,0.01337170201440331,-0.1608325674571614,0.018964734083045866,3.101307945228713,-10.723837681262554,-7.2157,0.0,7.5938950253,2.214026271372747,0.05971850902293999,-0.718284113759597,0.08469719428656967,0.039161210604534855,-0.16735729419268383,-0.11478147209665043,-0.9502588804178856,0.03507107917556703,-0.1377021852785152
4264.0,7.722471278454945,-8.673931624876374,53.67549866807954,0.01460261178978669,-0.1580404957886615,0.02059312959466069,3.1131788452537785,-10.8841172891295,-7.2157,0.0,7.5938950253,2.2101856642531263,0.06514235638035291,-0.7050197901168088,0.09186609945903211,0.03958914802281915,-0.1697297730133272,-0.1190398047555409,-0.9581275600610146,0.03603536363820771,-0.13721735090085008
4265.0,7.730968401960149,-8.836255142216269,53.617888049352786,0.015812351209143913,-0.15517403163290955,0.02236119238849785,3.1258866826821277,-11.04166705589818,-7.2157,0.0,7.5938950253,2.205411913681912,0.0704614830681358,-0.6914716387145428,0.09964380110367989,0.04001142552325101,-0.17205962473453074,-0.12328478951875653,-0.965818023420255,0.03698609064199722,-0.1367853338326945
4266.0,7.739270056695113,-8.996629617271914,53.55797091930203,0.016996716143500026,-0.1522284391767359,0.024257804204014112,3.139371445702992,-11.196418669978375,-7.2157,0.0,7.5938950253,2.1997890527064605,0.07565789368430655,-0.6776181333925442,0.10797935059849116,0.04042766140800397,-0.174343610867035,-0.12751491274774301,-0.9733199723859365,0.037922243797271105,-0.1364033012679139
4267.0,7.747283107419531,-9.154878292103566,53.495682872549644,0.018146044337470253,-0.14919824681416743,0.02627023409645819,3.1535685383457204,-11.348298343765263,-7.2157,0.0,7.5938950253,2.193420051661697,0.0806903812288937,-0.66344285234983,0.11681637963588318,0.041290538124050064,-0.17706874496506245,-0.13124029204407667,-0.9775541997807424,0.038566580446278996,-0.1365128293291054
4268.0,7.754909725540198,-9.310805356799204,53.430979225058714,0.019250892328386667,-0.14607821629484247,0.028384055732490893,3.1684037306670696,-11.497226064911068,-7.2157,0.0,7.5938950253,2.1864207081118643,0.08551914389522097,-0.648930126779364,0.1260918249975111,0.04214799464189654,-0.17974554638132606,-0.13494232649551124,-0.9815655419822409,0.039192906014888784,-0.13666835867260851
4269.0,7.762158136467578,-9.464221357939168,53.36377773554694,0.020308656885939642,-0.1428641980507985,0.030584928432502576,3.1838000209693345,-11.643116600698542,-7.2157,0.0,7.5938950253,2.178895242759374,0.09013385419625211,-0.6340596952962588,0.1357419890158553,0.0429891062472291,-0.1823589613855028,-0.13862986165580354,-0.9854139150032002,0.03980636169354791,-0.13685607099815633
4270.0,7.769037593605762,-9.614933352659566,53.294011507456304,0.021317194200377417,-0.13955239401357986,0.0328582950847596,3.199680518583813,-11.78588005851607,-7.2157,0.0,7.5938950253,2.1709467058565046,0.09452616638223309,-0.6188128086450069,0.14570250845505303,0.043812807894161296,-0.18490457247386036,-0.14230096361145333,-0.9890926255972562,0.04040606140349388,-0.13707177984921903
4271.0,7.775557975848062,-9.762746190282808,53.22162926079369,0.02227478149774746,-0.13613944456153934,0.03518948010765624,3.2159691068377514,-11.925422247296067,-7.2157,0.0,7.5938950253,2.1626760570132593,0.09868953777734582,-0.6031726442929009,0.1559087583777597,0.04461802592205178,-0.18737797940430756,-0.14595351857585454,-0.9925952840080808,0.04099111633563128,-0.13731127510513508
4272.0,7.781729772800855,-9.907463871248032,53.14659529772385,0.02318009871725479,-0.1326225079594336,0.0375637882468611,3.232591067172264,-12.061645127123471,-7.2157,0.0,7.5938950253,2.1541812558754394,0.10261913791976952,-0.5871246538490422,0.1662962532607443,0.04540368711565081,-0.18977483832943104,-0.1495852294450864,-0.9959158511930407,0.041560642318305266,-0.1375703480888241
4273.0,7.787564065516543,-10.048890909630869,53.06888936516942,0.024032206929562018,-0.12899932818574686,0.039966600830187424,3.249473659184316,-12.194447336516426,-7.2157,0.0,7.5938950253,2.145556426885557,0.10631174546472216,-0.5706568599129991,0.17680103650083184,0.04616872790100148,-0.19209089960007814,-0.15319361593991807,-0.9990486833198793,0.04211376710616886,-0.1378448161653127
4274.0,7.793072502809665,-10.186833679305026,52.98850641896982,0.0248305239007202,-0.12526829038315648,0.042383468740721984,3.266546651940756,-12.32372478588925,-7.2157,0.0,7.5938950253,2.1368911065842227,0.1097656345518929,-0.5537600993887664,0.18736005568939,0.046912103504840375,-0.1943220436898569,-0.15677601827010093,-1.0019885728402664,0.04264963748336613,-0.13813054669387695
4275.0,7.798267273314736,-10.32110172456206,52.905456294956004,0.025574797237992174,-0.1214284635343918,0.04480020133717691,3.2837428025660045,-12.449371305066672,-7.2157,0.0,7.5938950253,2.128269580504611,0.11298045244791029,-0.5364282118252763,0.1979115208511852,0.04763279690917064,-0.19646431475166534,-0.16032960416046932,-1.004730785518665,0.04316742607949159,-0.1384234801727462
4276.0,7.80316107352489,-10.451509017256294,52.81976329307893,0.02626507557555096,-0.1174796303117674,0.047202950554720804,3.3009982788229917,-12.571279332415436,-7.2157,0.0,7.5938950253,2.1197703151591423,0.11595709034479723,-0.5186581727720474,0.20839524281094476,0.04832982744168099,-0.19851395138726746,-0.16385137899478946,-1.007271092885095,0.043666337804603605,-0.13871965240119705
4277.0,7.807767072124159,-10.577875144209129,52.731465681449656,0.026901678269540256,-0.11342230436481184,0.04957828945957291,3.3182530231723057,-12.689340633173634,-7.2157,0.0,7.5938950253,2.1114654889645053,0.1186975492256238,-0.5004501734328419,0.21875294896798464,0.04900225885612828,-0.2004674142873139,-0.1673381987642445,-1.0096057996817973,0.04414561581957845,-0.13901521548003457
4278.0,7.812098870991298,-10.70002641061004,52.64061512777466,0.02748516407335555,-0.10925773558917314,0.05191328460393826,3.335451056588458,-12.803447034860197,-7.2157,0.0,7.5938950253,2.103420624250157,0.1212048026994503,-0.48180764903317197,0.22892857401569683,0.04964920677391825,-0.20232141047927735,-0.1707867854539009,-1.0117317659821587,0.04460454696984502,-0.13930645747772596
4279.0,7.816170463307678,-10.817796847402937,52.54727606617272,0.02801629925573104,-0.10498790415569638,0.05419556162999832,3.352540721215109,-12.913491168201205,-7.2157,0.0,7.5938950253,2.095694320798268,0.12348265866139944,-0.4627372592681602,0.23886852352032023,0.05026984537804585,-0.2040729140017729,-0.174193744462873,-1.0136464237713882,0.045042466623548785,-0.13958982060500566
4280.0,7.819996189244781,-10.931029113056207,52.45152500771725,0.02849602560713972,-0.10061550426753953,0.05641336369674409,3.3694748617337202,-13.019367202775651,-7.2157,0.0,7.5938950253,2.0883380897194446,0.12553562155389877,-0.44324882495262274,0.24852190874795327,0.05086341327237781,-0.20571918290306135,-0.17755558363200813,-1.0153477878882513,0.04545876286895481,-0.1398619177642863
4281.0,7.823590689737616,-11.039575282594233,52.35344980324545,0.02892542875524161,-0.09614391875373564,0.05855560244457173,3.3862109460841467,-13.120971567517586,-7.2157,0.0,7.5938950253,2.0813962849233523,0.12736875689639293,-0.4233552255501847,0.2578407516719346,0.05142921844206067,-0.2072577725368341,-0.18086873344604476,-1.0168344613322893,0.045852880039921086,-0.1401195473699831
4282.0,7.826968858868704,-11.143297519234219,52.25314886700631,0.029305707178958588,-0.09157718569997762,0.06061190136243156,3.4027111268949355,-13.218203647269569,-7.2157,0.0,7.5938950253,2.07490612803535,0.12898755961845573,-0.4030722626153675,0.26678015967442786,0.051966642273744236,-0.20868654519765967,-0.18412956798416097,-1.0181056350382478,0.04622432155209158,-0.14035970636996015
4283.0,7.830145795393539,-11.242068626349642,52.1507303695841,0.029638142274633357,-0.0869199583636345,0.06257263157363727,3.4189422456417757,-13.31096644772006,-7.2157,0.0,7.5938950253,2.0688978213704186,0.13039782758091065,-0.38241849435151065,0.27529847004636304,0.05247514261652511,-0.21000367620013183,-0.1873344262120415,-1.0191610823066044,0.04657265204565869,-0.14057960143471362
4284.0,7.833136753933193,-11.335772479706202,52.04631140824052,0.029924069788100804,-0.0821774596236889,0.06442894020237058,3.4348757821438305,-13.399167222232784,-7.2157,0.0,7.5938950253,2.0633947425265813,0.13160554150703965,-0.36141504648371775,0.2833573649607442,0.052954255885352824,-0.21120765655865492,-0.1904796332381584,-1.0200011481544147,0.046897498842775644,-0.14077665831763975
4285.0,7.835957096344175,-11.424304341935411,51.94001716238183,0.03016485288478528,-0.07735543218224528,0.06617277161741647,3.450487752521956,-13.482718055250885,-7.2157,0.0,7.5938950253,2.058413713315474,0.13261675237676793,-0.3400854044902368,0.29092195812092403,0.05340359822754476,-0.2122972924682313,-0.19356152119478895,-1.0206267339130486,0.047198552738678394,-0.1409485294249588
4286.0,7.838622243750958,-11.507571062985992,51.83198004129629,0.030361857087462158,-0.07246008566824931,0.06779688196773961,3.4657585591756135,-13.56153639809889,-7.2157,0.0,7.5938950253,2.0539653351128973,0.13343747716595575,-0.3184551919517781,0.29796085474722295,0.05382286578960825,-0.21327170182031763,-0.1965764494481894,-1.0210392774484225,0.04747556815510131,-0.14109309966598793
4287.0,7.841147629694252,-11.585491171797914,51.72233883064562,0.030516427269274074,-0.06749804170241427,0.069294847522363,3.4806727966852224,-13.635545554082503,-7.2157,0.0,7.5938950253,2.050054382284589,0.13407360364511905,-0.29655193939242824,0.30444618694655157,0.0542118341354996,-0.21413030801193045,-0.19952082389011042,-1.0212407294150805,0.047728362692509754,-0.14120849068217556
4288.0,7.843548654809723,-11.657994865665264,51.61123784345774,0.030629866848982713,-0.06247627787165496,0.0706610674020907,3.49521901781525,-13.704675110777504,-7.2157,0.0,7.5938950253,2.04668024511224,0.1345308047908135,-0.2744048475250679,0.3103536267999447,0.054570356878624694,-0.21487283132119475,-0.20239111511236718,-1.0212335259786451,0.0479568161239739,-0.14129306357565968
4289.0,7.845840643408959,-11.725023904690671,51.49882608058401,0.030703419297084915,-0.057402071438124626,0.0718907613416266,3.509389463984274,-13.768861318287543,-7.2157,0.0,7.5938950253,2.043837413596872,0.1348144632115544,-0.2520445483053023,0.3156623796966333,0.0548983635983006,-0.2154992781292204,-0.20518387531551177,-1.0210205584526721,0.04816086887817934,-0.14134542027447622
4290.0,7.848038802288623,-11.786531419394729,51.385256404778886,0.030738252025944417,-0.05228294347846639,0.07297996314743756,3.523179764687476,-13.828047413025821,-7.2157,0.0,7.5938950253,2.0415159936310925,0.13492960585069766,-0.22950286666624556,0.3203551605397328,0.05519585711715352,-0.2160099282675493,-0.20789575385007336,-1.0206051402971965,0.04834052006218376,-0.1413644036816334
4291.0,7.850158182046386,-11.842481639946328,51.27068473175926,0.030735442704906957,-0.04712660401884658,0.07392551052017787,3.536588610411733,-13.882183887232177,-7.2157,0.0,7.5938950253,2.039702247285849,0.13488084910258794,-0.2068125852753258,0.3244181554512629,0.05546291021921933,-0.2164053207635938,-0.21052351133285668,-1.0199909719186884,0.04849582507619818,-0.14134909675911414
4292.0,7.852213641134585,-11.892849555648485,51.15526924082859,0.030695968012709587,-0.041940898605776475,0.07472503189238557,3.5496174035820465,-13.931228704974997,-7.2157,0.0,7.5938950253,2.038379149326511,0.13467235436618205,-0.18400721414403948,0.32784097152006675,0.055699661889599364,-0.21668623824470357,-0.21306403232024074,-1.0191821036964523,0.04862689287305109,-0.1412988206957784
4293.0,7.8542198128358205,-11.937620513278585,51.039169606927146,0.030620694814430433,-0.03673375663591651,0.0753769308949181,3.562269892029089,-13.975147465811137,-7.2157,0.0,7.5938950253,2.037526952532552,0.13430779396232045,-0.16112076644954687,0.3306165769751177,0.05590631315571092,-0.21685369024600915,-0.21551433655441748,-1.0181828976402696,0.04873388291426144,-0.14121313230064025
4294.0,7.856191075299784,-11.976789762674546,50.9225462553126,0.03051037372867167,-0.031513141663422124,0.07588036901215757,3.574551789380065,-14.013913517594924,-7.2157,0.0,7.5938950253,2.037123754920378,0.13379032725634551,-0.1381875415069975,0.3327412339406572,0.056083122607790935,-0.216908895649209,-0.2178715888264553,-1.0169979880599698,0.048817001872993454,-0.14109182075081433
4295.0,7.85813967651731,-12.010361916507877,50.805560253559634,0.030365496004789307,-0.026286995357453026,0.07623524266917507,3.5864703646748017,-14.047508018746406,-7.2157,0.0,7.5938950253,2.0371461022385287,0.13312200857043233,-0.11524190550728523,0.3342144856245476,0.056254181217525165,-0.21685478868533334,-0.22011487598044238,-1.0155268086172833,0.048858494227346005,-0.14094164231061446
4296.0,7.860057538403087,-12.038349265108529,50.68837881094047,0.030184928868827534,-0.021063151402724817,0.07644211043132766,3.5980332259587815,-14.075919914110177,-7.2157,0.0,7.5938950253,2.0375706490016476,0.13229811543369152,-0.09231809847174402,0.3350396217193936,0.05643680434333587,-0.2166942896840266,-0.22222887663221202,-1.0137015077978055,0.04884620812031444,-0.14076756714984712
4297.0,7.861955870522949,-12.060771240121683,50.57116168231013,0.02996889995408377,-0.015849527585012534,0.07650226417072066,3.6092476318004394,-14.099145968843224,-7.2157,0.0,7.5938950253,2.038374728721541,0.1313195622591955,-0.06945043120260644,0.335222309064681,0.0565782101465274,-0.21642573431747542,-0.22425197137216657,-1.0117633759209688,0.048820796834294335,-0.14055499735396604
4298.0,7.8638535304744455,-12.077655603444711,50.454063937454876,0.029718121842597006,-0.010653919166561889,0.07641772739397343,3.620121555615058,-14.117190826974113,-7.2157,0.0,7.5938950253,2.039535223529402,0.13018926325497052,-0.04667273034342915,0.3347710761041545,0.05667876540221118,-0.21605084597633079,-0.22618186975450094,-1.009716964233188,0.04878249024617206,-0.14030465320281116
4299.0,7.865769018713507,-12.089037897200182,50.337237885538634,0.029433193959327426,-0.005483905096616467,0.0761912127020134,3.630663425625679,-14.130066878701172,-7.2157,0.0,7.5938950253,2.0410289815009897,0.12890965009098007,-0.024018062331728166,0.3336974771747952,0.056738892133595266,-0.21557147628658557,-0.22801646156453914,-1.0075668422135775,0.048731534505287416,-0.14001746984553692
4300.0,7.867720457177952,-12.094960772523915,50.22083244038307,0.029114607044047,-0.0003468093828119046,0.07582609113560979,3.64088174510584,-14.137794074637387,-7.2157,0.0,7.5938950253,2.042833302113472,0.12748269567106374,-0.001518557160602978,0.33201597004359285,0.05675906160685935,-0.21498958555305225,-0.22975382091689167,-1.0053175667233207,0.04866818956369141,-0.13969458873936347
4301.0,7.86972557192369,-12.095473311029078,50.10499251633374,0.028762749527498948,0.004750334493886421,0.07532636150401302,3.650784726891943,-14.140399700877168,-7.2157,0.0,7.5938950253,2.04492638984809,0.1259099459271395,0.020794756032945703,0.3297437922195455,0.056739788348733666,-0.21430722349017028,-0.23139220924564094,-1.0029736521598471,0.04859272670403713,-0.13933734891277838
4302.0,7.871801679670342,-12.090630344633912,49.989858453789196,0.028377915669657656,0.009800816197555202,0.07469661979916652,3.660379945431857,-14.137918117828002,-7.2157,0.0,7.5938950253,2.047287773194091,0.12419255903569046,0.04289210167448178,0.3269008362757752,0.0566816242365643,-0.21352651035630846,-0.23293007726868906,-1.0005395417572014,0.04850542608359782,-0.13894727806499602
4303.0,7.873965678129192,-12.080491778870588,49.875565473469614,0.027960315313495226,0.01479827825484082,0.07394202872819103,3.66967400937355,-14.130390465710178,-7.2157,0.0,7.5938950253,2.0498986868395903,0.12233135143392815,0.06474509881282489,0.32350952414760914,0.05658515270491109,-0.21264961859683407,-0.2343660659981212,-0.9980195801603932,0.04840657431145625,-0.13852608349559709
4304.0,7.876234039966508,-12.06512192428332,49.762243158572446,0.027510085104019012,0.019736742915910262,0.07306828733689948,3.6786722574374777,-14.117864339596924,-7.2157,0.0,7.5938950253,2.0527424153136042,0.120326849992574,0.08632689049143591,0.3195946801457529,0.05645098310753777,-0.21167875509285217,-0.23569900685600018,-0.9954179873900486,0.048296462074614833,-0.1380756428433523
4305.0,7.87862281023883,-12.044588840083753,49.65001496409408,0.02702730101920115,0.024610636173591667,0.07208160064810148,3.687378480059152,-14.100393436854846,-7.2157,0.0,7.5938950253,2.055804596771093,0.11817934968297523,0.107612261254392,0.31518340224385244,0.05627974526907179,-0.21061614410649349,-0.2369279209413678,-0.9927388343042051,0.04817538182765145,-0.13759799460160368
4306.0,7.881147607123449,-12.018963693865064,49.5389977527749,0.026511992056561132,0.02941480892079225,0.07098864920103135,3.695794669032912,-14.078037179857194,-7.2157,0.0,7.5938950253,2.05907348599213,0.11588897605762413,0.1285777424604224,0.3103049310693139,0.05607208425665137,-0.2094640110096691,-0.2380520174803105,-0.9899860196563202,0.048043625559597306,-0.1370953283694311
4307.0,7.883821156310491,-11.988320079004517,49.42930212455077,0.025963981211568267,0.03414456621620646,0.06979655453952911,3.7039207682673294,-14.050860314950855,-7.2157,0.0,7.5938950253,2.0625402359463383,0.11345502834276877,0.1492017998412833,0.3049905948160858,0.055856488891728166,-0.2082273116426391,-0.23905014687386195,-0.9870475076006271,0.04788179914872444,-0.13657752439239873
4308.0,7.886631888980178,-11.952732082792464,49.32103882138905,0.02538139518662148,0.038795736656371066,0.06851284019991256,3.711753554465442,-14.018932446212547,-7.2157,0.0,7.5938950253,2.0662003634200836,0.11086977007268149,0.1694656409258133,0.2992744403583663,0.055663068361992515,-0.20691136859144846,-0.2399004153907569,-0.9838066501160743,0.04766981396485383,-0.13605506367296455
4309.0,7.889582020436885,-11.912273471851313,49.21430674941176,0.024763358360611627,0.043364454117154824,0.06714551421836464,3.719285834670646,-13.982327646660238,-7.2157,0.0,7.5938950253,2.0700541748089254,0.10812964404365624,0.18935165899362294,0.29319208024338034,0.05544731086791484,-0.20551399351178393,-0.2406360346244468,-0.9804560031266396,0.047440191549003044,-0.13551834164765164
4310.0,7.8926802707316375,-11.867018467355031,49.10919449213395,0.024109505895283052,0.04784728166388056,0.06570300318805167,3.72650743039501,-13.941124148743622,-7.2157,0.0,7.5938950253,2.074105681388591,0.10523326038842679,0.2088439917467843,0.28678071101169295,0.05520975351721569,-0.2040372726286231,-0.24125699831687802,-0.9769994886662372,0.047193388232245954,-0.13497009428632029
4311.0,7.89593504471502,-11.817041300445608,49.00578199235093,0.023419522684796232,0.05224126399511686,0.06419410695680888,3.733405198744847,-13.895403906759324,-7.2157,0.0,7.5938950253,2.078362606313716,0.10217948247069823,0.22792886902436912,0.28007917645450736,0.0549509183675455,-0.2024832144969023,-0.24176346611860866,-0.9734407357046668,0.046929847467337645,-0.1344131717818344
4312.0,7.899354448208503,-11.762415747440071,48.904140186647794,0.02269316209737144,0.056543933848030824,0.06262796735217241,3.739962986412002,-13.84525214018502,-7.2157,0.0,7.5938950253,2.082836392744948,0.0989675092287758,0.24659464692161467,0.27312782195406454,0.05467131023387419,-0.20085374006436132,-0.24215575776162918,-0.9697830632970903,0.0466499974215913,-0.13385052660075233
4313.0,7.90294630531031,-11.70321469940072,48.80433066638831,0.021930264733545254,0.06075331419625585,0.06101403495481121,3.7461616213655358,-13.790756870788496,-7.2157,0.0,7.5938950253,2.087542171387776,0.09559695724656316,0.2648318226146463,0.265968339273781,0.054371414829936765,-0.19915067414417403,-0.24243434628346777,-0.9660294664270601,0.04635424880200044,-0.13328520073633174
4314.0,7.906718176650331,-11.63950976979636,48.706405367245715,0.02113077702082461,0.0648679159061689,0.059362033884596856,3.751978942678624,-13.732008457744406,-7.2157,0.0,7.5938950253,2.092498687948046,0.09206794173051011,0.28263302839943205,0.25864360176180357,0.05405169724984231,-0.19737573840211659,-0.2425998502731249,-0.9621826046639513,0.046042992928623856,-0.13272031217396743
4315.0,7.910677378407958,-11.57137094410955,48.610406289434025,0.020294769461754788,0.06888673054896549,0.05768192460674415,3.7573898686184797,-13.669099135286174,-7.2157,0.0,7.5938950253,2.097728191176625,0.0883811555589136,0.29999300361930104,0.25119749013228665,0.05371260079405845,-0.1955305459579992,-0.24265302512606482,-0.9582447937508044,0.0457166000723251,-0.13215904059377762
4316.0,7.914831001906756,-11.498866275333471,48.51636525084994,0.01942245435115033,0.0728092181135014,0.05598386480613824,3.762366502810693,-13.602122557677124,-7.2157,0.0,7.5938950253,2.1032562823436525,0.08453794556522251,0.3169085433922538,0.2436747091765869,0.053354546141967885,-0.19361659769324657,-0.2425947533165665,-0.9542180002324248,0.045375418072867754,-0.13160461234859738
4317.0,7.919185933600602,-11.422061629336763,48.42430367534501,0.018514202778726934,0.07663528942838177,0.05427816841405596,3.7668782779673844,-13.531173356488285,-7.2157,0.0,7.5938950253,2.1091117271515216,0.08054038522077597,0.33337842335612256,0.23612059592267354,0.05297793087104021,-0.19163528034565547,-0.24242603372076194,-0.9501038392260536,0.04501977125305284,-0.13106028476751413
4318.0,7.923748875267421,-11.341020484040392,48.33423241832052,0.01757056073582761,0.08036528318056439,0.05257526290117801,3.770892136345394,-13.456346715305392,-7.2157,0.0,7.5938950253,2.1153262312649996,0.07639134289561046,0.3494033000228072,0.22858091989752202,0.05258312932036789,-0.1895878664583739,-0.24214797005207855,-0.9459035754278355,0.044649959643988574,-0.1305293298447719
4319.0,7.9285263642289685,-11.255803786234269,48.246151631779554,0.016592264149509338,0.0839999375106517,0.05088564497263269,3.7743727457812306,-13.377737967040236,-7.2157,0.0,7.5938950253,2.121934180805967,0.07209454489922529,0.36498558676652226,0.22110167624796348,0.05217049279388526,-0.18747551623302128,-0.24176175850184062,-0.9416181274375498,0.0442662585356559,-0.13001501738099844
4320.0,7.933524793418304,-11.166469869650593,48.1600506708903,0.015580252674024178,0.0875403562704564,0.04921983481384337,3.7772827498386077,-13.295442218978938,-7.2157,0.0,7.5938950253,2.128972349328345,0.067654632536778,0.38012930595731154,0.21372887253640432,0.05174035009604064,-0.18529928131668438,-0.24126867471059465,-0.9372480754715232,0.043868918365633655,-0.12952059764805712
4321.0,7.938750431120734,-11.073074437595759,48.075908044019535,0.014535682078687905,0.09098797014428579,0.04758832903976285,3.7795830503070884,-13.209554010550718,-7.2157,0.0,7.5938950253,2.1364795729549595,0.06307721246000997,0.3948399182802041,0.2065083100475284,0.051293008390048606,-0.1830601105294503,-0.24067006022936138,-0.9327936725191134,0.04345816495713732,-0.129049283650365
4322.0,7.944209440219127,-10.97567061301495,47.993691408094804,0.013459935082185527,0.09434449295926808,0.04600155249488279,3.7812331200111378,-13.120167008536486,-7.2157,0.0,7.5938950253,2.1444963955215357,0.05836889964579046,0.40912413084078203,0.199485360421842,0.05082875436614471,-0.1807588575134345,-0.23996730866343147,-0.9282548589814658,0.043034200115379326,-0.12860423305443536
4323.0,7.949907896780583,-10.874309058317154,47.913357611055815,0.01235463049633176,0.09761187363918666,0.04446980903808485,3.7821913436317582,-13.027373744050635,-7.2157,0.0,7.5938950253,2.153064685733481,0.053537352397628184,0.42298968623671235,0.19270473837595278,0.050347855704535815,-0.1783962902562718,-0.23916185172340482,-0.9236312808121488,0.04259720258865403,-0.12818852985507884
4324.0,7.955851807828609,-10.769038166619705,47.83485278306721,0.011221630556914053,0.10079224438768655,0.04300323142649783,3.782415384010949,-12.93126539511833,-7.2157,0.0,7.5938950253,2.162227228498626,0.048591298835567405,0.43644513535798185,0.1862102711849262,0.049850562815028684,-0.17597310241215958,-0.23825514543780474,-0.9189223111574579,0.04214732939747488,-0.127805165841729
4325.0,7.962047128153033,-10.659904325279177,47.758112478091796,0.010063046335142444,0.10388786581716863,0.04161173038822645,3.7818625712046154,-12.831931618033726,-7.2157,0.0,7.5938950253,2.1720272927545494,0.04354055441594393,0.4494995972514007,0.18004466549885115,0.049337110832672726,-0.17348992631225874,-0.23724865680762963,-0.9141270754693077,0.04168471753153948,-0.12745702192252706
4326.0,7.9684997760190095,-10.54695225166092,47.68306186736783,0.008881241139996441,0.10690106986586223,0.0403049429478743,3.7804903113731227,-12.729460429925043,-7.2157,0.0,7.5938950253,2.182508178264122,0.03839603010263641,0.46216250993217933,0.17424927195617673,0.04880772184621749,-0.17094734752407675,-0.23614385120452885,-0.9092444800353039,0.04120948601027323,-0.12714684935803117
4327.0,7.975215647646487,-10.430225400066444,47.609615986297136,0.007678831838926629,0.10983420146405816,0.039092180044407725,3.778256512450131,-12.62393814407614,-7.2157,0.0,7.5938950253,2.193712744009696,0.03316973089362013,0.4744433765315691,0.16886384795466558,0.048262607333808175,-0.1683459207869599,-0.23494218082982446,-0.904273243838412,0.04072173829821404,-0.1268772509517567
4328.0,7.9822006303423745,-10.309766437592968,47.53768003622806,0.006458688041446361,0.11268956001785994,0.03798237346162109,3.7751200234079954,-12.515449358571184,-7.2157,0.0,7.5938950253,2.205682920978216,0.02787474448863653,0.48635151161926643,0.16392631886236145,0.04770197077817214,-0.1656861871186016,-0.23364507456034744,-0.8992119336221877,0.04022156506157132,-0.12665066224229465
4329.0,7.989460614179306,-10.185617785452234,47.46714974260319,0.005223929106645186,0.11546934187164216,0.036984022080922566,3.7710410838390755,-12.404076997752036,-7.2157,0.0,7.5938950253,2.218459212299802,0.02252521996347722,0.49789579291726604,0.15947253791157975,0.047126010431628666,-0.16296869185618065,-0.23225392950807716,-0.8940590019964776,0.039709047246950104,-0.1264693327425745
4330.0,7.997001502127232,-10.057822220938707,47.397911770924665,0.003977918951110366,0.11817558498530227,0.03610513746793653,3.76598178049288,-12.289902404824012,-7.2157,0.0,7.5938950253,2.232080183885305,0.017136336391746228,0.5090844239132284,0.1555360450338233,0.04653492219962541,-0.16019400336603912,-0.23077010461304864,-0.8888128283725518,0.03918425945751935,-0.12633530727693398
4331.0,8.00482921855696,-9.926423533826693,47.32984420195656,0.0027242586477560045,0.12081011711602217,0.03535318882178002,3.7599065073444518,-12.17300548273431,-7.2157,0.0,7.5938950253,2.2465819489076164,0.011724261424294688,0.519924713071797,0.15214782497631812,0.04592890261020345,-0.1573627321283998,-0.2291949165722033,-0.8834717624656855,0.03864727359587636,-0.12625040747685692
4332.0,8.012949716048139,-9.791467229511357,47.26281706751698,0.0014667768183199337,0.12337450882336908,0.03473504735152777,3.752782425714624,-12.053464879202146,-7.2157,0.0,7.5938950253,2.261997649690789,0.006306099898508105,0.5304228754178708,0.14933606520250162,0.04530815183584611,-0.15447554987923223,-0.22752963838023857,-0.8780341700473611,0.03809816273658904,-0.12621621351212886
4333.0,8.02136898044787,-9.653001269713917,47.19669294809238,0.00020951783260440924,0.12587003261802437,0.03425693020025108,3.744579920912572,-11.931358210526728,-7.2157,0.0,7.5938950253,2.2783569408128113,0.0008998326034889485,0.540583862213608,0.147125914326504,0.04467287673359406,-0.1515332084707559,-0.2257755007216305,-0.8724984805688522,0.03753700518497204,-0.12623404615601247
4334.0,8.030093034140064,-9.511076840074551,47.13132763331298,-0.0010432721641433279,0.12829762954525847,0.03392434411399031,3.735273051820548,-11.80676231756773,-7.2157,0.0,7.5938950253,2.295685477493178,-0.004475754627242188,0.5504112242589321,0.14553924216796085,0.04402329386911601,-0.14853655809599423,-0.22393369640563934,-0.8668632362137044,0.03696388867218383,-0.1263049493107487
4335.0,8.03912793749973,-9.365749132490693,47.066570846038125,-0.0022871613678823793,0.13065788443172258,0.03374202915075853,3.724839989785819,-11.679753546115016,-7.2157,0.0,7.5938950253,2.314004413624323,-0.00980115128607513,0.5599070140029097,0.1445944029353458,0.04335963249060313,-0.14548656451204606,-0.22200538797823186,-0.8611271418695831,0.036378914630350194,-0.12642967315269907
4336.0,8.048479788520442,-9.21707812866106,47.00226703039498,-0.003517550543809202,0.13295101092579417,0.033713902841434266,3.7132634431227998,-11.550408042773888,-7.2157,0.0,7.5938950253,2.333329914112829,-0.015056211783878202,0.569071731151801,0.14430600354416986,0.04268213741888206,-0.14238432489211122,-0.21999171857672362,-0.8552891154416566,0.03578220248528556,-0.12660865809374602
4337.0,8.058154720617347,-9.065129370009517,46.93825620357356,-0.004729693329448129,0.135176847325652,0.03384300534693368,3.7005310634581714,-11.41880205652501,-7.2157,0.0,7.5938950253,2.353672686515493,-0.020220253997183753,0.5779043157925298,0.14468467963501014,0.041991071820972295,-0.13923108193854794,-0.2178938260150905,-0.849348337862079,0.03517389389867889,-0.12684201979566334
4338.0,8.068127311932765,-8.90996950542729,46.87439078150462,-0.005920674608576713,0.13733513225635516,0.034131257623705336,3.686635466652027,-11.285012181288684,-7.2157,0.0,7.5938950253,2.375042675861394,-0.025280617469161663,0.5864056333412085,0.14573664738750564,0.0415125955833219,-0.13635068013487783,-0.21542962073064892,-0.8417390602391814,0.034413499110138364,-0.12737010937925142
4339.0,8.078266631973055,-8.751649159267533,46.81057509486131,-0.007094082972206012,0.13942601455792955,0.03457960764602379,3.6715689181940085,-11.149114879310131,-7.2157,0.0,7.5938950253,2.3974657200425984,-0.03025292052446237,0.5945862423641645,0.14746572967653604,0.04119167823404046,-0.13366649622390653,-0.2126692410180626,-0.8328453481715714,0.0335357492575594,-0.1281341049321878
4340.0,8.088558376220895,-8.590238318762832,46.74665401920855,-0.008246271109433266,0.141448137752889,0.035189558167516635,3.6553244732231223,-11.011187152447752,-7.2157,0.0,7.5938950253,2.4209488336849194,-0.035121714711874856,0.6024421310863702,0.14987593863881402,0.04086483472386586,-0.13094643171701045,-0.20981893872844604,-0.8238023699233598,0.03264286721810704,-0.12895924987316026
4341.0,8.099005419355349,-8.425817350768174,46.682461837957604,-0.009372432754187136,0.1433996681850226,0.03596180069036427,3.637900702544635,-10.871307551899035,-7.2157,0.0,7.5938950253,2.445490201130861,-0.039866661603919135,0.6099660777072605,0.1529674286699835,0.04053219508369783,-0.12819184875583475,-0.20687995679050789,-0.8146118563508491,0.031735219204300835,-0.12984456726533905
4342.0,8.10961066692457,-8.258475221804588,46.6178317566351,-0.010467682762682099,0.14527849183000982,0.03689601408851981,3.6193021883906167,-10.729556429872439,-7.2157,0.0,7.5938950253,2.471081208067851,-0.04446719897974511,0.6171497312388042,0.1567359689083,0.04019390137004511,-0.12540426097844612,-0.20385364889094432,-0.8052761602084151,0.030813226145450318,-0.13078870740040888
4343.0,8.12037704924277,-8.088309991641355,46.5525969714296,-0.011527083989364145,0.14708226714038952,0.03799082047499633,3.5995398055837295,-10.586016114777397,-7.2157,0.0,7.5938950253,2.4977061231360427,-0.04890266068010049,0.6239838461021855,0.16117278267093135,0.03985010859298045,-0.1225853333467413,-0.2007415072126806,-0.7957983034535564,0.02987736743159613,-0.13178993875031128
4344.0,8.131307514255012,-7.915429199455367,46.486591787771275,-0.012545675961864584,0.14880848986963463,0.0392437475194649,3.5786309655093507,-10.440771027854863,-7.2157,0.0,7.5938950253,2.5253418283994957,-0.053152403365454674,0.6304585661065849,0.16626441684507254,0.039500985567605826,-0.11973687917376147,-0.19754519121733086,-0.7861820174669152,0.028928183954262388,-0.13284614210950832
4345.0,8.142405019389622,-7.739950125531864,46.41965278174806,-0.013518505301348372,0.15045456921640438,0.04065119860169581,3.556599818734532,-10.293907730679887,-7.2157,0.0,7.5938950253,2.553957605148023,-0.05719593983871396,0.6365637544635032,0.17199264695056907,0.0391467156786133,-0.11686085426969639,-0.1942665568180573,-0.7764317749753391,0.027966280334955223,-0.13395480838468932
4346.0,8.153672522427524,-7.56199991247428,46.351619995626095,-0.01444065781568197,0.15201791426106084,0.04220843220785941,3.5334774121423957,-10.145514893874676,-7.2157,0.0,7.5938950253,2.5835149814003957,-0.06101307850933081,0.642289364932009,0.17833442360619184,0.03878749754650714,-0.11395934818141051,-0.19090768520266393,-0.766552812520743,0.026992326239119867,-0.13511304046864422
4347.0,8.165112971428648,-7.381715531409394,46.28233815719958,-0.015307292168212906,0.15349602928766987,0.04390955194528339,3.5093017965511533,-9.995683178629173,-7.2157,0.0,7.5938950253,2.6139676472197797,-0.06458406846790593,0.6476258476108994,0.18526186591761742,0.03842354558272219,-0.1110345725608736,-0.18747091049248094,-0.7565511424104059,0.026007056683413014,-0.13631755959503375
4348.0,8.17672929376769,-7.199243580727981,46.21165791120543,-0.016113674994331778,0.15488661620785651,0.04574750845968852,3.484118080972402,-9.844505024235717,-7.2157,0.0,7.5938950253,2.645261443507736,-0.06788974950874793,0.6525645813452138,0.19274230683379717,0.038055090419265594,-0.10808884676154402,-0.1839588453646573,-0.7464335532176549,0.0250112712577897,-0.13756471650958743
4349.0,8.188524384345026,-7.014739907493995,46.13943704966631,-0.01685521730140035,0.15618768194179336,0.04771411438219,3.4579784299465395,-9.692074336791713,-7.2157,0.0,7.5938950253,2.6773344292977175,-0.07091170628292481,0.6570983232560971,0.20073839477220096,0.037682379196691956,-0.10512458082687783,-0.1803744037281436,-0.7362075980764488,0.024005832201051583,-0.13885050771040197
4350.0,8.200501093053628,-6.828369044769341,46.06554172684376,-0.01752751194550023,0.1573976482814455,0.04980007320937971,3.4309420007844773,-9.53848607648283,-7.2157,0.0,7.5938950253,2.710117031713489,-0.07363242558847546,0.661221664599117,0.20920825478779212,0.03730567569231046,-0.10214425609983563,-0.17672081953095234,-0.7258815702281843,0.022991661289017595,-0.14017059690615474
4351.0,8.212662211599138,-6.64030346169583,45.9898476435613,-0.018126371931656195,0.15851546147801707,0.05199502273003816,3.403074818051221,-9.383835743387822,-7.2157,0.0,7.5938950253,2.7435322816919916,-0.07603545561189771,0.6649314810738296,0.21810571126619285,0.036925260268671926,-0.09915040374448357,-0.1730016607917775,-0.7154644655311823,0.021969735518056997,-0.14152034171812147
4352.0,8.225010459787912,-6.450722627185192,45.91224118506623,-0.018647869234054166,0.15954069857547168,0.054287593261882566,3.3744495832506622,-9.22821876448868,-7.2157,0.0,7.5938950253,2.7774961373034888,-0.07810556573197736,0.6682273649128858,0.22738057258593192,0.03654142962079314,-0.0961455815283987,-0.16922083799551796,-0.7049659319276468,0.020941081592895677,-0.1428948255131407
4353.0,8.237548471416218,-6.259811892401274,45.832620496398846,-0.019088373781105505,0.16047366737035254,0.056665480560881276,3.3451454184092086,-9.071729787456706,-7.2157,0.0,7.5938950253,2.8119178950554318,-0.07982890529153142,0.6711120256337871,0.23697897646321783,0.03615449629947369,-0.09313234926548122,-0.16538260607142102,-0.6943962061722446,0.019906769255724224,-0.1442888941046723
4354.0,8.250278779912808,-6.067761201761079,45.75089647947993,-0.019444592199226115,0.16131549682839535,0.05911553282790461,3.3152475430998085,-8.914461889733465,-7.2157,0.0,7.5938950253,2.846700687972386,-0.08119315954441228,0.6735916462930664,0.24684379282791177,0.035764787987698284,-0.09011324336095584,-0.16149155928487136,-0.6837660384515346,0.01886790352289503,-0.14569719690362473
4355.0,8.263180085366722,-5.874760807038516,45.66699156658626,-0.01971065058625922,0.16206857894418933,0.06162379298126445,3.284847452791873,-8.756505646722127,-7.2157,0.0,7.5938950253,2.881744839683611,-0.08217561588656755,0.6756796399142664,0.2569155756346249,0.03552496534274398,-0.08730431007869723,-0.15725065134988625,-0.6732769495659315,0.018016207384978132,-0.14709069617178244
4356.0,8.276168152438709,-5.68100112556962,45.58083695421434,-0.01987313908530099,0.16273766521440206,0.06417449518231115,3.2540503921695576,-8.597947070949143,-7.2157,0.0,7.5938950253,2.9169459453795232,-0.08272302216175753,0.6774043812756704,0.2671298260631845,0.035366056536079854,-0.08461093386093774,-0.1528024795073844,-0.6628540745855601,0.017265417045527552,-0.14847359130668963
4357.0,8.289238232856597,-5.486688170407082,45.49238742535555,-0.01992893541860975,0.16332785038586187,0.06675042938509133,3.222972300101218,-8.438866323411535,-7.2157,0.0,7.5938950253,2.9521781530044526,-0.08282447745919226,0.67878908625044,0.2774141878564318,0.03520583932733272,-0.08191949468472484,-0.14831714485681297,-0.6524065369040591,0.01651303595810075,-0.1498522359706351
4358.0,8.30239186317975,-5.292026213468278,45.40161629512721,-0.019876278266288676,0.1638453268699203,0.06933394405859612,3.1917338989068336,-8.279337053958828,-7.2157,0.0,7.5938950253,2.987310840490551,-0.0824747611962748,0.6798608887279102,0.2876947284807922,0.03504459814465871,-0.07923184332134711,-0.14380157057723003,-0.641946654594185,0.01575991676454089,-0.1512203829809194
4359.0,8.31563043203694,-5.097214656995438,45.308515305732286,-0.019714005965884514,0.16429746284338173,0.0719071209204147,3.160459859329119,-8.11942527679058,-7.2157,0.0,7.5938950253,3.0222106197951417,-0.08167119872333747,0.6806516524770636,0.2978968745610173,0.03488261488905047,-0.07654967262661119,-0.1392628597987498,-0.6314867038223729,0.015006900739739995,-0.15257187173721098
4360.0,8.328955172644186,-4.902445887327322,45.21309491328915,-0.019441586015172846,0.1646927668105513,0.07445192838556017,3.1292780112080956,-7.95918826564636,-7.2157,0.0,7.5938950253,3.056742378319038,-0.08041376431253809,0.6811977851985821,0.30794606042624206,0.034720165064352077,-0.0738744998370857,-0.1347082253838705,-0.6210387888893363,0.014254808683083806,-0.15390068491509423
4361.0,8.3423671573252,-4.707903153680034,45.11538441249304,-0.01905913962035668,0.16504082187309482,0.07695037168612164,3.098318508354889,-7.798673507484677,-7.2157,0.0,7.5938950253,3.0907703538046434,-0.0787051621606892,0.6815399282127856,0.3177683569416115,0.03455751385210309,-0.07120765175126154,-0.13014491240758314,-0.6106147137734297,0.013504431890000161,-0.15520100208446197
4362.0,8.355867294132503,-4.513758515859422,45.015431903087155,-0.018567460728132982,0.1653521900171582,0.07938463608177172,3.067712956591291,-7.637917743003927,-7.2157,0.0,7.5938950253,3.1241592271445047,-0.0765508832976971,0.6817225244937896,0.32729106587623946,0.03439491223898622,-0.0685502530633437,-0.12558011482078407,-0.600225857950945,0.012756523391531334,-0.15646724908449375
4363.0,8.36945632560864,-4.320170904278589,44.91330410582812,-0.017968029071041617,0.16563828760656132,0.08173721986490029,3.037593514558369,-7.476946121448929,-7.2157,0.0,7.5938950253,3.15677521717034,-0.07395923670733405,0.6817932713964036,0.33644326641982236,0.03423259330424437,-0.06590321804423174,-0.12102088799058817,-0.58988305916241,0.012011789645515393,-0.15769414213596178
4364.0,8.383134829667075,-4.1272843338392855,44.80908603898548,-0.01726301686766934,0.16591123411669856,0.08399105432076379,3.00809197728406,-7.315771495442103,-7.2157,0.0,7.5938950253,3.1884871616028176,-0.07094135346440886,0.6818024678659803,0.3451563025218842,0.034070768769816046,-0.06326724568983662,-0.11647405896604356,-0.5795965055985,0.011270882853007634,-0.1588767258692499
4365.0,8.396903222513643,-3.9352263102146763,44.702880569240214,-0.016455288948958636,0.16618367692063765,0.08612960841554021,2.97933885261701,-7.154393879134604,-7.2157,0.0,7.5938950253,3.2191675689199277,-0.06751116325500844,0.681802269027719,0.3533642024073643,0.033909625907438616,-0.060642818383542685,-0.11194613641214611,-0.5693756397011345,0.01053439405838444,-0.1600104046840567
4366.0,8.410761763474012,-3.744106462954895,44.59480785298833,-0.01554839622422317,0.16646859561607594,0.08813697672629961,2.9514624404752006,-6.992800089875233,-7.2157,0.0,7.5938950253,3.2486936269203386,-0.06368534325281432,0.6818458636979721,0.36100402479678484,0.03374932488513571,-0.05803020404926726,-0.10744322218590142,-0.5592290754265934,0.009802847171770473,-0.16109096712296983
4367.0,8.424710561542561,-3.5540154347824977,44.48500468538911,-0.01454656254975008,0.16677908993540091,0.08999794996060664,2.924587924429224,-6.830963589952787,-7.2157,0.0,7.5938950253,3.276948155170289,-0.05948323994968603,0.6819865924536351,0.3680161298710791,0.03358999662106563,-0.05542946170561579,-0.10297092649593494,-0.5491645304131797,0.009076694028837633,-0.16211460322276292
4368.0,8.438749583424979,-3.3650240506433726,44.37362377494136,-0.013454665212749167,0.16712815569563222,0.09169806829714665,2.8988364844606442,-6.66884454090656,-7.2157,0.0,7.5938950253,3.303820490263188,-0.05492676515601567,0.6822770253810218,0.37434437668839804,0.03343174119650461,-0.05284045027095946,-0.09853428849563685,-0.539188774053513,0.008356310576604548,-0.16307791509010608
4369.0,8.452878662812092,-3.1771827837423943,44.26083296088935,-0.012278209387365365,0.16752845351425058,0.09322365866588478,2.874324438836928,-6.506390078553862,-7.2157,0.0,7.5938950253,3.3292072948114675,-0.05004026796878438,0.6827680194862665,0.37993625238804923,0.033274626862658745,-0.050262840414240985,-0.09413770401589207,-0.5293075920095792,0.007641994245663869,-0.16397792121798105
4370.0,8.467096863734216,-2.990521311248818,44.146813668460645,-0.011023125529434437,0.16799208295606385,0.09456186548609026,2.851162421967818,-6.343534812386085,-7.2157,0.0,7.5938950253,3.3530135011372666,-0.04484969058468264,0.68350786001095,0.3847430020493584,0.033128168248448074,-0.0477294809099233,-0.08976858342451008,-0.5196795471524384,0.00695931553345764,-0.16479631222789642
4371.0,8.481351695974377,-2.8050361447970213,44.031703300977576,-0.009682167708705315,0.16853142275465066,0.0957004586763705,2.829459736812886,-6.180201196356324,-7.2157,0.0,7.5938950253,3.375165051559303,-0.039327537581446595,0.684549788998074,0.38872115195574414,0.03315889441761541,-0.04582517519705419,-0.08514438238293723,-0.5130009135843355,0.006752527646048272,-0.16525509644516123
4372.0,8.495598778586631,-2.620720995327902,43.9156621083581,-0.008250522304022435,0.16915927617251136,0.0966252885517008,2.809335620389739,-6.016298772612286,-7.2157,0.0,7.5938950253,3.3955777772843843,-0.0334562048869331,0.6859477731965721,0.39181949116950626,0.033189615926815436,-0.04392507726815165,-0.0805729210088878,-0.5063920377944979,0.006546617065830234,-0.1656466524427615
4373.0,8.509837914294375,-2.4375663991594236,43.798915261181826,-0.006735636368121108,0.16988709558911486,0.09732184201780093,2.7909058546824017,-5.851724765416805,-7.2157,0.0,7.5938950253,3.414158366257382,-0.027267578444943024,0.6877464062169859,0.3939837034829408,0.03322030652339073,-0.04202818243408242,-0.07605685849917201,-0.4998563061506203,0.006341721294196523,-0.165968244364185
4374.0,8.524068801875408,-2.255541930877441,43.681703098899106,-0.005145503843376139,0.17072492473181683,0.09777633572298894,2.774278228400514,-5.686365447813047,-7.2157,0.0,7.5938950253,3.4308235169356065,-0.020795539257649806,0.6899843013605297,0.3951627848095123,0.0332509287603512,-0.04013341352550028,-0.07159793509453646,-0.4933965038019368,0.006137953481188346,-0.16621747604386364
4375.0,8.538291035927084,-2.0745972990916863,43.564280329792894,-0.00348861292348933,0.1716811493902657,0.09797570435541662,2.759551807714292,-5.520097675043544,-7.2157,0.0,7.5938950253,3.445500375951858,-0.014075734208228243,0.6926931363206301,0.3953089676659889,0.03328143502982835,-0.038239650859595055,-0.06719693770287943,-0.48701484084661445,0.005935402688999921,-0.1663922789507779
4376.0,8.552504106445914,-1.8946637676840024,43.446915233482,-0.0017738913533552946,0.17276226731450176,0.09790759415669724,2.74681626248908,-5.352790646386053,-7.2157,0.0,7.5938950253,3.4581268787020507,-0.00714534086888443,0.6958967847205002,0.3943776672560842,0.0333117688623995,-0.036345763366805284,-0.06285367940027356,-0.4807129865826304,0.005734134568542672,-0.1664909010754842
4377.0,8.56670739807456,-1.7156558765886598,43.32988885903652,-1.0650679524407082e-05,0.17397268185037482,0.09756036713760306,2.736151247083162,-5.18430787484613,-7.2157,0.0,7.5938950253,3.4686519982574704,-4.2830447284599856e-05,0.6996105517847466,0.39232747095410647,0.03334186646615712,-0.03445064028120071,-0.05856699327749269,-0.4744921102785245,0.005534192417827874,-0.16651189825715332
4378.0,8.58090018888832,-1.5374734306549371,43.213494206233584,0.0017914695951840862,0.17531452356200122,0.09692312115601674,2.727625833695638,-5.014509340165965,-7.2157,0.0,7.5938950253,3.477035909511028,0.0071922672674843546,0.7038405299867948,0.3891201913930378,0.03337165847828489,-0.03255322277513209,-0.054334740866222045,-0.46835292679511054,0.005335598583049249,-0.16645412930816858
4379.0,8.595081648615437,-1.360003720276044,43.09803537240952,0.003622557092857368,0.1767875038156862,0.09598573042459538,2.7212979954758927,-4.843253796871116,-7.2157,0.0,7.5938950253,3.4832500765950716,0.014519593524633896,0.7085830891939773,0.38472100072021786,0.03340107190146193,-0.030652534898326034,-0.050153835170245034,-0.462295745341934,0.005138356156636432,-0.16631675608653376
4380.0,8.609250836210148,-1.1831239332190862,42.983826643009614,0.005472480142720321,0.1783888040568729,0.09473891017185403,2.717214136175299,-4.670401205565518,-7.2157,0.0,7.5938950253,3.4872772723464323,0.021898181909601085,0.7138245146617846,0.3790986599778407,0.03343003219705175,-0.028747713164123355,-0.046020278143337624,-0.4563205196603463,0.0049424509212318245,-0.1660992493982895
4381.0,8.623406696724235,-1.006703713420612,42.87119150055135,0.007330939281915141,0.1801130042941412,0.09317430811169433,2.715408663064658,-4.495815252367289,-7.2157,0.0,7.5938950253,3.489111538946677,0.0292866690791602,0.7195408051774029,0.3722258531152421,0.033458465506157206,-0.026838034111874347,-0.0419292122944233,-0.45042689798403424,0.0047478534844925535,-0.16580140129331192
4382.0,8.637548057451566,-0.8306078193845452,42.760461524523336,0.009187516265667635,0.18195205409368356,0.09128462411611636,2.7159036001709733,-4.3193659182332045,-7.2157,0.0,7.5938950253,3.4887580988486593,0.03664349341352708,0.7256976426452197,0.36407962999259325,0.0334863009677249,-0.02492293916633414,-0.03787498595594096,-0.4446142712320769,0.004554521546783276,-0.16542334395980268
4383.0,8.651673623350815,-0.654698832210157,42.651975153923615,0.011031720365729877,0.18389528915571687,0.08906375807339374,2.718708239600931,-4.140932056950868,-7.2157,0.0,7.5938950253,3.4862332247407113,0.04392708083366219,0.7322505433302291,0.3546419570598729,0.03351347309958002,-0.023002056114768604,-0.03385123161538923,-0.4388818180327257,0.004362402242140001,-0.1649655750382055
4384.0,8.66578197178438,-0.478839861186639,42.54607628483815,0.012853031931844703,0.18592949625493316,0.08650698439413443,2.723818829794296,-3.9604039378180107,-7.2157,0.0,7.5938950253,3.4815640766313716,0.05109601781971389,0.7391451996874474,0.3439003683777521,0.03353992420336414,-0.021075216533558552,-0.029850956573407555,-0.4332285453512877,0.004171434492287987,-0.16442898877785378
4385.0,8.679871546646586,-0.30289719334830545,42.44311267776438,0.014640943387367038,0.18803902893962257,0.08361115005004745,2.7312183009480604,-3.7776857065483975,-7.2157,0.0,7.5938950253,3.474788513200092,0.058109212444469725,0.7463180200486621,0.33184870349112033,0.0335656067478511,-0.01914246852198044,-0.025866645045044264,-0.42765332369567544,0.0039815513139413615,-0.1638149120637623
4386.0,8.693940651991664,-0.12674283245621012,42.34343415333212,0.016384998019543177,0.19020597585663218,0.08037489144925414,2.7408760295125187,-3.5926977158532685,-7.2157,0.0,7.5938950253,3.465954883397058,0.06492604497408798,0.7536968712524933,0.31848791258915304,0.033590485677295286,-0.017204084145288814,-0.021890370655333752,-0.42215491609123584,0.0037926820210726457,-0.16312514396163635
4387.0,8.707981890282237,0.04974287719839349,42.24737845983302,0.018074896413985058,0.19241037707547742,0.07679898585191397,2.7527476535170714,-3.405378677031278,-7.2157,0.0,7.5938950253,3.4551215542296716,0.0715068300907552,0.7612024891378544,0.30382757979216296,0.033695559750186135,-0.015221375186402965,-0.017927890248273164,-0.419368551338526,0.0036149739818757075,-0.16210621608593354
4388.0,8.721880305649965,0.22666404486783193,42.15504660583282,0.01970176150605657,0.19463043788938356,0.07288875261028799,2.7667754954118795,-3.215687674371568,-7.2157,0.0,7.5938950253,3.4423517192394,0.0778187340456823,0.7687583812570561,0.28789864563926704,0.03400694732821101,-0.013131069589181265,-0.013995004957769282,-0.4233753442979415,0.0034633041786099185,-0.16036057649420674
4389.0,8.735593032052549,0.40411480076410455,42.06669043732945,0.021255870028131858,0.19684311373703617,0.06865022440675507,2.782888915365399,-3.023605796878554,-7.2157,0.0,7.5938950253,3.427720597642659,0.08382541629198205,0.7762776085560786,0.2707315029597965,0.03431837978238544,-0.01103220301707817,-0.01004915544176314,-0.42745192610026544,0.0033111244454141716,-0.15854066709868805
4390.0,8.749117105017893,0.5821775595162715,41.98264143968261,0.02272717777412647,0.19902433415419557,0.0640912481259008,2.8010032649815946,-2.8291372062128004,-7.2157,0.0,7.5938950253,3.411314765729072,0.08948917529856926,0.7836663093330508,0.2523618636526145,0.034630022550471574,-0.008925928300138313,-0.006082118707954692,-0.4316053737449285,0.0031585034381881893,-0.15664885059851794
4391.0,8.762449343485768,0.7609201720477028,41.90322064123262,0.02410587325591948,0.20114936755147456,0.059222586543811975,2.8210198333572953,-2.6323100708539524,-7.2157,0.0,7.5938950253,3.393230242901655,0.09477342477121449,0.790828618860997,0.2328365079737749,0.03494203763437832,-0.006813688126168744,-0.002085839151105752,-0.43584214676247174,0.0030055275352970697,-0.15468822608704075
4392.0,8.77558635892602,0.9403951035653586,41.8287354953589,0.025382419902701212,0.20319328735411968,0.05405807854797875,2.8428259843793486,-2.4331771032022886,-7.2157,0.0,7.5938950253,3.3735722067676472,0.09964284207158908,0.7976684933684709,0.21221383162432708,0.03525458260743029,-0.004697187528037938,0.0019474336954670261,-0.440168008229833,0.002852301111698857,-0.15266266656650285
4393.0,8.788524566644156,1.1206390468889382,41.759476628407604,0.02654760160829868,0.205131472705028,0.04861475438918679,2.866295396404648,-2.2318156399581235,-7.2157,0.0,7.5938950253,3.3524546868470617,0.10406352835116561,0.8040916516874027,0.19056421541607965,0.035567809721392056,-0.0025783564810727792,0.00602500864658528,-0.4445879560960805,0.0026989463765392015,-0.15057684423743492
4394.0,8.80126019926579,1.3016729957607458,41.69571450498331,0.027592572338342627,0.20694013411655154,0.04291289608064468,2.891288416925136,-2.0283272358002487,-7.2157,0.0,7.5938950253,3.3300002315609945,0.10800318312770717,0.810007596515544,0.1679701811453699,0.03588186508862432,-0.0004593028686601455,0.010153620475691266,-0.449106166721821,0.002545602728709252,-0.14843624107894723
4395.0,8.813789322372473,1.4835027922331678,41.63769607168563,0.028508910316896077,0.20859685248545318,0.036976034292391116,2.917652544126712,-1.8228367500290343,-7.2157,0.0,7.5938950253,3.306339542262202,0.11143129526866229,0.8153316701004955,0.1445263024542081,0.036196887917194914,0.0016577435767565554,0.014339304798201363,-0.45372595242457225,0.002392425595492458,-0.14624714256300347
4396.0,8.826107852236275,1.6661201501677627,41.58564144840136,0.029288677059977876,0.2100811180831604,0.03083087487623268,2.9452230458006023,-1.615490917297731,-7.2157,0.0,7.5938950253,3.2816110674654935,0.11431935136172039,0.8199870927399964,0.12033884666581603,0.036513009783124016,0.0037704953733835866,0.01858728357473731,-0.4584497346234022,0.0022395847329828296,-0.14401661281382275
4397.0,8.83821157556818,1.8495041435342676,41.53974074216774,0.029924481217444825,0.21137485463460576,0.02450715047490879,2.973823723845371,-1.4064564066311762,-7.2157,0.0,7.5938950253,3.255960550165444,0.11664106127428855,0.8239069273122761,0.09552513273097703,0.036830353933844595,0.0058766780585136486,0.022901864684451954,-0.46327903388060104,0.0020872619832380842,-0.14175245012797705
4398.0,8.85009617115509,2.0336231339211186,41.50015106188086,0.03040954683533386,0.21246291254136346,0.01803739545861012,3.003267829641193,-1.195917387302517,-7.2157,0.0,7.5938950253,3.229540521223636,0.11837259937261456,0.8270359096103099,0.07021260125674054,0.03714903462958611,0.00797410587459163,0.027286358998530297,-0.4682144777424455,0.0019356485017340713,-0.13946312249714934
4399.0,8.861757233212378,2.2184370969261105,41.46699381229428,0.030737785272775858,0.2133335148190499,0.011456645591804693,3.033359131969568,-0.9840726353571833,-7.2157,0.0,7.5938950253,3.2025097322832936,0.11949285844555597,0.8293320830288804,0.04453760470423089,0.03746915654348888,0.010060760274927492,0.03174301821505379,-0.4732558267879745,0.0017849414889989509,-0.13715768359907587
4400.0,8.873190296224422,2.4039002924514956,41.44035234252465,0.030903869619878954,0.21397863951582236,0.004802067222554442,3.0638931350257006,-0.7711322300742854,-7.2157,0.0,7.5938950253,3.175032522525781,0.11998371193028938,0.8307681775355038,0.018643938684307512,0.037790814255228025,0.012134868861230073,0.036272996379623425,-0.4784020187144087,0.0016353404815067458,-0.13484567060740532
4401.0,8.884390860986851,2.5899642100233677,41.42027001750779,0.03090331008789807,0.21439432333641198,-0.0018874757723600886,3.094658439607866,-0.5573139047791917,-7.2157,0.0,7.5938950253,3.1472781148025595,0.11983027865230976,0.8313326771081514,-0.007318851835226713,0.038114091884958755,0.014194982156593594,0.0408763375015922,-0.48365122963890655,0.0014870432779963611,-0.13253698607269881
4402.0,8.89535442150435,2.776580707773644,41.40674877058468,0.0307325285051942,0.2145808729479801,-0.008571905765698697,3.1254382359858672,-0.34283913044601794,-7.2157,0.0,7.5938950253,3.1194198382196623,0.11902118306207866,0.8310305270341047,-0.03319734544971393,0.038439062922665794,0.016240045511779523,0.04555199098562446,-0.48900095110549546,0.001340241597213032,-0.13024176699136372
4403.0,8.906076492341294,2.963705253345552,41.39974818191994,0.030388929777215554,0.2145429729696441,-0.01521045144739617,3.156011912491174,-0.12792902271593076,-7.2157,0.0,7.5938950253,3.091634276061483,0.11754880296900072,0.8298834425192815,-0.05883623982046501,0.038765790310894166,0.01826946345585325,0.050297855748709354,-0.49444808058729883,0.0011951165804338026,-0.12797024494918785
4404.0,8.9165006973493,3.1512927507128774,41.39914980578111,0.029860541592142093,0.21428933019562732,-0.021761315851919733,3.1861539505163754,0.08719971701403623,-7.2157,0.0,7.5938950253,3.0640930336988412,0.1153698847525584,0.8279332527203149,-0.08407752733328437,0.03931838191222229,0.02076806329726065,0.05485827748556353,-0.5022983029382858,0.0006019230984492547,-0.12554405158339083
4405.0,8.92651701728633,3.339315386411293,41.404752336913766,0.029125198859970454,0.21383309331114442,-0.028178655317118332,3.2156180022512078,0.30233838297981247,-7.2157,0.0,7.5938950253,3.0369770034314807,0.11240253043633425,0.8252434908602644,-0.10874954630062836,0.03992719716314497,0.02336967255288941,0.059419613172918925,-0.5107976826270945,-9.860994546345096e-05,-0.12311430348272633
4406.0,8.936118183610809,3.527786643431995,41.416374685687764,0.02818214971937072,0.2131930859498262,-0.03441623104591933,3.244149452053231,0.5172913030915581,-7.2157,0.0,7.5938950253,3.010495340340437,0.1086461747577314,0.821889511761563,-0.13267944035324306,0.04053857693548991,0.025959681978847307,0.06403792482792345,-0.5193891733011309,-0.0007988209932423289,-0.12073716855386933
4407.0,8.945299909325508,3.7167382695125895,41.4337901783694,0.027032538706472296,0.21239254918930173,-0.04042917725979232,3.2714963667537424,0.7318806659748803,-7.2157,0.0,7.5938950253,2.984857603537709,0.10410729297819488,0.8179628848378271,-0.15570021918972912,0.041152636873040827,0.028540516842387384,0.06870803963697332,-0.5280699402310405,-0.0014990664358999033,-0.11842341697871502
4408.0,8.95405807245204,3.906222480515259,41.45672640505033,0.025678871766053005,0.21145859550793317,-0.04617448476781825,3.297411569420557,0.9459505726898555,-7.2157,0.0,7.5938950253,2.960271907825404,0.09879734140458517,0.8135695074013958,-0.17765252217263403,0.04176951767339218,0.031115330942468628,0.07342420732184622,-0.536837288516746,-0.00219978196648888,-0.11618324797571206
4409.0,8.962388721328644,4.096314110283692,41.48486744631823,0.02412502480151002,0.21042156553562175,-0.05161141671707431,3.321654676863664,1.159370556119475,-7.2157,0.0,7.5938950253,2.936943554164217,0.09273276692787896,0.808827106042721,-0.19838609562558962,0.042389390968962895,0.0336879853041923,0.07818030946483889,-0.5456887893424368,-0.002901488234466725,-0.114026179987535
4410.0,8.97028807515823,4.287112076074448,41.51785648258612,0.022376231727460158,0.20931428378373834,-0.05670182509475117,3.343994069879527,1.3720384575134763,-7.2157,0.0,7.5938950253,2.9150736185609714,0.08593494172676333,0.8038623749798126,-0.21776088550865424,0.043012464451872436,0.03626300482092342,0.08297008084352123,-0.5546223786416855,-0.0036047939824184892,-0.11196096913584931
4411.0,8.977752520202777,4.478740080599939,41.5552986783513,0.02043905143744415,0.20817123511707528,-0.061410358663445415,3.364208768080951,1.5838825682879771,-7.2157,0.0,7.5938950253,2.894857512311962,0.0784300213706545,0.7988078345493604,-0.23564771374516688,0.043638985992244264,0.03884551354070052,0.08778733554251372,-0.5636364220112382,-0.0043103963657545605,-0.1099955589320428
4412.0,8.984778602232074,4.671346492730393,41.596764228752534,0.01832131389770768,0.20702768567195898,-0.06570455922744553,3.3820901853639698,1.7948629660552056,-7.2157,0.0,7.5938950253,2.8764835266751874,0.07024872751112969,0.7937984993450111,-0.2519285299721437,0.044269246511302277,0.04144114989889655,0.09262619051946548,-0.5727297407360128,-0.005019078219877022,-0.10813706257665717
4413.0,8.99136301604227,4.865103371316431,41.64179145584176,0.016032046414727146,0.2059187725864562,-0.06955484957644346,3.397443746953541,2.004971996701159,-7.2157,0.0,7.5938950253,2.860131374615272,0.06142605943080453,0.7889684470470797,-0.2664962546427358,0.044903581396813955,0.044055963689307906,0.09748127958613614,-0.5819015950299185,-0.00573170211044351,-0.10639177742714236
4414.0,8.997502593041803,5.0602046188468925,41.6898898490746,0.013581381905250108,0.20487858631276037,-0.07293442273072581,3.4100903543200953,2.2142338775340695,-7.2157,0.0,7.5938950253,2.845970741312823,0.05200094157213125,0.7844473758677141,-0.2792542527319315,0.04554237028739054,0.04669629691140815,0.10234795138816272,-0.5911516220042514,-0.006449201075563373,-0.10476522947814551
4415.0,9.003194288050288,5.2568632728607785,41.74054295770818,0.01098045168762864,0.20393926760141354,-0.07581904781168572,3.4198676896971536,2.422703419074044,-7.2157,0.0,7.5938950253,2.8341598537867343,0.04201581666863322,0.7803572314543674,-0.2901154982936856,0.046186035102627566,0.04936865083034681,0.10722244586749628,-0.6004797273750972,-0.007172566041721812,-0.10326224408945597
4416.0,9.008435166559778,5.455307962386344,41.79321106133829,0.008241265873012951,0.20313013873532468,-0.07818681264293433,3.4266313571282314,2.630463883976826,-7.2157,0.0,7.5938950253,2.824844078409518,0.03151619610686713,0.7768089740389763,-0.29900150755902255,0.04683503625532981,0.052079541649164236,0.11210204478640058,-0.6098859314464111,-0.007902829965586416,-0.10188703780765963
4417.0,9.013222393760671,5.655778573673285,41.84733356760367,0.005376584837872102,0.20247688556202484,-0.08001782679357018,3.4302558616324816,2.8376240201694487,-7.2157,0.0,7.5938950253,2.818154553503836,0.020550180565045557,0.7738995447888172,-0.3058411312414455,0.04748986704658331,0.05483534714438925,0.11698519308587343,-0.6193701713978348,-0.008641048820103966,-0.10064332502986906
4418.0,9.017553226632053,5.858521183915868,41.9023311118136,0.0023997854911514617,0.2020008036622498,-0.0812939110474998,3.430635431957698,3.044314321098569,-7.2157,0.0,7.5938950253,2.814206862817299,0.009167964756338354,0.7717090779805224,-0.31056930468846805,0.04815104631019932,0.057642146491963774,0.12187158904687963,-0.6289320633212997,-0.009388279604881207,-0.09953443249645902
4419.0,9.021411978915372,6.0637817788625625,41.957606852687924,-0.0006760925732006817,0.20171805465075188,-0.08199829642827958,3.4276846088015653,3.250682571992475,-7.2157,0.0,7.5938950253,2.8130992068700875,-0.0025817897687412526,0.770299261242018,-0.3131262953688827,0.048960234913647864,0.06058365861664557,0.12665339896786243,-0.6386549298405607,-0.010234748370907302,-0.09858279561401917
4420.0,9.024603298683296,6.271796881259216,42.0125408579972,-0.0038490971320204554,0.20163860185321641,-0.08211440101977568,3.4213328276538557,3.456888391896132,-7.2157,0.0,7.5938950253,2.814908489363084,-0.014693321336069307,0.7697235661158429,-0.31345877724553334,0.05009573641933847,0.06376375735661277,0.13119461390699697,-0.6486434938569858,-0.011294294568480658,-0.09781541001731964
4421.0,9.027058194534378,6.482805450710494,42.066501000544946,-0.007109397688440428,0.20176764696992971,-0.08162453733026145,3.411520695443873,3.6630978652705077,-7.2157,0.0,7.5938950253,2.819707585439986,-0.02713162417797018,0.7700067162879979,-0.31150406371923806,0.05124601819375775,0.06701401530738374,0.1357394975685206,-0.6587086430703243,-0.012370527784884988,-0.0971922583186307
4422.0,9.028771568574529,6.697031844433021,42.11884112238458,-0.01044299928085376,0.20210414792018414,-0.0805115071552462,3.398209206770349,3.869478494283285,-7.2157,0.0,7.5938950253,2.8275533501497363,-0.03984609893970454,0.7711445397604172,-0.3071980944951666,0.05241285571328946,0.07033812541652208,0.14029283761780176,-0.6688466775577417,-0.01346458450479826,-0.09671660092032217
4423.0,9.029737964621397,6.91467426288678,42.1688995953485,-0.013835844334036528,0.20263996873957416,-0.07875881388233477,3.3813809807552735,4.076192722434467,-7.2157,0.0,7.5938950253,2.838481540452313,-0.05278612061336194,0.7731062573941514,-0.30047839138598914,0.05359792418835335,0.07373862649679615,0.1448607521620662,-0.6790519130822357,-0.014577406655662596,-0.09639178179351496
4424.0,9.02995166982967,7.135896701619173,42.21600040218077,-0.017273904485386328,0.20335953718307087,-0.07635075959370025,3.3610404747561713,4.283390993658713,-7.2157,0.0,7.5938950253,2.85250570796046,-0.06590135044795695,0.7758331729907187,-0.29128435723428275,0.05480272772805346,0.07721672317471381,0.1494506283465947,-0.689316299963653,-0.0157096939702821,-0.09622125036273621
4425.0,9.029406860889392,7.360820706882292,42.259454412269726,-0.020743256371737715,0.20423960066719712,-0.07327267779800639,3.337214106968034,4.491204533696214,-7.2157,0.0,7.5938950253,2.8696161731860776,-0.07914198496267297,0.7792377009237896,-0.27955809158129835,0.056028523445218206,0.08077211006575152,0.15407103494917035,-0.6996290491517018,-0.016861855274711568,-0.09620854704559394
4426.0,9.028097796778042,7.589517062653537,42.29856099398532,-0.024230139962024957,0.20524908866674985,-0.06951131018456103,3.3099502880224394,4.699737958531225,-7.2157,0.0,7.5938950253,2.8897791041223124,-0.09245893658680333,0.7832027591784594,-0.26524575716412135,0.057276241414932656,0.0844028030992395,0.15873160957426766,-0.7099762771326275,-0.018033959598621644,-0.0963572487104059
4427.0,9.02601905911372,7.821997552603419,42.332610109825424,-0.027720998648662974,0.2063490918269424,-0.06505533016613926,3.279319356837019,4.909061823313415,-7.2157,0.0,7.5938950253,2.9129357292900036,-0.1058039427118395,0.7875815646833105,-0.24829951161698088,0.058546401684513645,0.08810498155724947,0.1634429206076947,-0.7203406823387117,-0.019225688153874414,-0.09667087150314334
4428.0,9.023165840017693,8.05820695878806,42.360885038483936,-0.03120250095944931,0.2074929703300964,-0.05989600992425109,3.2454134106589656,5.119205235535024,-7.2157,0.0,7.5938950253,2.9390017232530363,-0.11912960230496228,0.7921978776196144,-0.2286799975169695,0.05983902989450175,0.09187284513423355,0.1682163036032813,-0.7307012666984879,-0.020436288387221904,-0.09715272980771636
4429.0,9.019534276017842,8.298015478884803,42.382665859201516,-0.0346615444165262,0.20862660616067794,-0.05402802123035391,3.2083460137442925,5.330148668345277,-7.2157,0.0,7.5938950253,2.967866810539526,-0.13238934168966016,0.7968467508733196,-0.2063593611850487,0.061153573503944514,0.09569849112649131,0.17306367130469372,-0.7410331167861501,-0.021664531478338175,-0.09780575155580332
4430.0,9.015121824887627,8.541211764671903,42.39723381801719,-0.03808524274588153,0.20968881551571045,-0.047450353522919056,3.1682517637569863,5.541817123473031,-7.2157,0.0,7.5938950253,2.9993946411988723,-0.14553731364711459,0.8012958487786458,-0.18132474642237434,0.06248882110477086,0.0995718176673478,0.17799729612803092,-0.7513072595892837,-0.02290867481490795,-0.09863225171683364
4431.0,9.009927680411367,8.787496804757343,42.40387667254751,-0.041460898327391575,0.21061193836891345,-0.04016732561752086,3.125285690159793,5.754073807726408,-7.2157,0.0,7.5938950253,3.033422997030934,-0.1585282366343507,0.8052874045352826,-0.15358218363195728,0.06384282783420867,0.10348045966503028,0.18302956371597426,-0.7614906080730308,-0.024166431118896367,-0.09963366760096355
4432.0,9.003950390254106,9.03647855014654,42.40189625536743,-0.04477576934041418,0.21132259666284245,-0.03218966874260158,3.0796224252722917,5.966714505456717,-7.2157,0.0,7.5938950253,3.0697640446898236,-0.17131649852790184,0.8085410447079848,-0.12316083942254248,0.06530061861727221,0.10754213606552673,0.18805785325240476,-0.770977259772623,-0.025374154388586128,-0.1008751303736691
4433.0,8.996971016275532,9.28763320414036,42.390709357575496,-0.048001890828968205,0.21174054980860105,-0.023538007657428403,3.0314612832849157,6.179462012528157,-7.2157,0.0,7.5938950253,3.108171191612202,-0.1838024304031293,0.8107686384351596,-0.09012859576089749,0.06728674798128284,0.1123863711425154,0.19253137095204043,-0.7769495543674737,-0.026231575075781763,-0.10267169339878024
4434.0,8.988870308398415,9.540335014444903,42.36972988803619,-0.05111746995830979,0.2117829659198842,-0.01424433331052047,2.981034574126921,6.39196120986961,-7.2157,0.0,7.5938950253,3.148373804575293,-0.19590858246318796,0.8116618580116055,-0.054591652311297326,0.06928389777673266,0.11722027190578715,0.19713059009175726,-0.7826888504015329,-0.027090057523699296,-0.10463999893095327
4435.0,8.979662130273988,9.793874872086995,42.338362047938254,-0.05410961729619082,0.21136700942015116,-0.004350158089361374,2.9285927658190594,6.603778972807988,-7.2157,0.0,7.5938950253,3.190095899279007,-0.20758869195860236,0.8108983800153327,-0.016689151997518054,0.07128572319843446,0.12201983785746724,0.20186679293006016,-0.7881611832462875,-0.02794636965780386,-0.10677230311157355
4436.0,8.969365363272027,10.047449164947178,42.29606364348483,-0.05696559342747532,0.21041056174595105,0.006092612772521638,2.8743998459802858,6.814404624768826,-7.2157,0.0,7.5938950253,3.2330445401783523,-0.218796382363068,0.8081557120897243,0.023400820628049688,0.07328502134559739,0.12675904294489204,0.20674975246759608,-0.7933318891995209,-0.028796933359722634,-0.10905821039091741
4437.0,8.958004267467105,10.300165438261063,42.24235683897777,-0.059672801085477574,0.2088341997739409,0.01702122338837612,2.8187308282374484,7.023251904024248,-7.2157,0.0,7.5938950253,3.276913534236815,-0.22948504332159286,0.8031184142588581,0.06545890448602766,0.07527379077139747,0.13141017510335584,0.2117872945493633,-0.7981662157567557,-0.029637862449587188,-0.11148444212092194
4438.0,8.945608768993601,10.551050575821126,42.17683908712152,-0.0622187962989917,0.20656330448451662,0.028361914102991097,2.7618689335628352,7.229662891010184,-7.2157,0.0,7.5938950253,3.321387684810942,-0.23960778834075988,0.7954859220041851,0.10922319163282226,0.0772433181452661,0.13594425499915747,0.21698484936937446,-0.802630001041163,-0.03046501208904981,-0.11403467435622723
4439.0,8.932214657846655,10.799061518190658,42.09919388674103,-0.06459132316931308,0.20353024557663274,0.040030128450553246,2.7041024719930844,7.432913986877456,-7.2157,0.0,7.5938950253,3.366147531313202,-0.2491175109890688,0.7849807946515844,0.15438925036470325,0.07918429225555589,0.14033152954021755,0.22234500500927257,-0.8066904034838385,-0.03127403916813519,-0.11668946445689546
4440.0,8.917863681789028,11.043098438118363,42.00920097236221,-0.06677837605602112,0.19967657366549765,0.05193112575257873,2.6457214708513024,7.632223975487372,-7.2157,0.0,7.5938950253,3.410874462630991,-0.25796705771896455,0.7713571555061509,0.20061164265491863,0.08108694432950135,0.14454203131107446,0.2278670789058692,-0.8103166577929157,-0.03206047269429564,-0.11942628479328465
4441.0,8.902603524515719,11.282020185755073,41.9067455080996,-0.06876829172846818,0.19495513894713093,0.06396103049902269,2.5870141175859604,7.826764129978008,-7.2157,0.0,7.5938950253,3.455256055777065,-0.26610953116376157,0.7544090353157682,0.24750709100135904,0.08294121222989884,0.14854619037129227,0.23354672618669092,-0.8134808288976313,-0.03281979262728141,-0.12221967907254386
4442.0,8.88648765961799,11.514661702547018,41.79182584436355,-0.0705498724282022,0.1893320451891639,0.07600833061827958,2.5282631070313952,8.01567024317139,-7.2157,0.0,7.5938950253,3.4989914593756275,-0.2734987318100935,0.7339782832767794,0.2946593851357798,0.08473692458635182,0.15231548016025914,0.23937560628288357,-0.8161585324008711,-0.03354751503661563,-0.12504155237333683
4443.0,8.86957507609234,11.73985298964801,41.66455940397213,-0.07211253882265967,0.18278834208941036,0.08795581354927466,2.4697420023203076,8.198056371658502,-7.2157,0.0,7.5938950253,3.541796617989508,-0.2800897383615271,0.7099616758365019,0.34162603628442034,0.08646399944250238,0.15582307498330353,0.24534113072053015,-0.818329588601957,-0.034239280943918295,-0.12786159986273907
4444.0,8.851929875993585,11.95643911236043,41.5251862973578,-0.0734465095981396,0.175321358859953,0.09968290269515592,2.4117117336764693,8.373029990993022,-7.2157,0.0,7.5938950253,3.583409121367408,-0.2858396181512795,0.6823168390776979,0.3879465885920909,0.08811265067857894,0.15904449316840355,0.25142631508879526,-0.8199785777590357,-0.03489094579737148,-0.1306478715337102
4445.0,8.83355135020328,12.163296648430117,41.37409077076969,-0.07453573368398347,0.16694531892883327,0.11106801885778873,2.354419277304001,8.539708088075814,-7.2157,0.0,7.5938950253,3.623588560354303,-0.29068218699539694,0.6510706746461554,0.43315458278994107,0.08998371858228672,0.16207479230951613,0.2573143857706478,-0.8197525997545959,-0.03517504362438676,-0.13337031416182168
4446.0,8.814369261036804,12.35934333442451,41.21180415551496,-0.07535764054952657,0.1576931625177781,0.12198970400944892,2.2981071600418397,8.697233994094868,-7.2157,0.0,7.5938950253,3.6621093403296427,-0.2945271113620016,0.6163265104800529,0.4767834406146929,0.0918288805827516,0.1648111324043801,0.2632058379426058,-0.8187378524732497,-0.035348508402204507,-0.13598798984871072
4447.0,8.79446654383968,12.543574939103902,41.0389354111313,-0.07590693163226475,0.14761745024424575,0.13233157244086546,2.243002248693355,8.844796436717873,-7.2157,0.0,7.5938950253,3.6987785023860287,-0.2973453570715171,0.5782523744406629,0.5183739852624905,0.09355711452615428,0.1672089980037863,0.2691490234254469,-0.8173028258429772,-0.035497034005990816,-0.13846744134986727
4448.0,8.773933616693101,12.715085633098264,40.85620290580981,-0.07618073136659358,0.1367877820166597,0.14198666319579303,2.189306974624843,8.981646930799055,-7.2157,0.0,7.5938950253,3.7334387022992086,-0.29911625848022955,0.5370839689860806,0.5574968720744272,0.09516013741289304,0.16925815127908844,0.2751110833086229,-0.8154600572420858,-0.03562006650013242,-0.14077863259434753
4449.0,8.752863268655535,12.873083680720137,40.66442360362235,-0.07617831123242122,0.12528906082249497,0.15086040844971435,2.1371982199180652,9.107115155074046,-7.2157,0.0,7.5938950253,3.765968525646091,-0.2998267814093271,0.49311956703259846,0.5937646815190061,0.09663070870033609,0.17095259617381534,0.2810563780476317,-0.8132259958700281,-0.035717315426244046,-0.1428944130848666
4450.0,8.731349768837413,13.016904107147012,40.46449834214,-0.07590121613648393,0.11321920633796675,0.15887322439136956,2.0868269957093006,9.220622346003774,-7.2157,0.0,7.5938950253,3.796281761143238,-0.29947224256600063,0.4467123367642042,0.6268426675354045,0.09796273709665401,0.1722905814386575,0.28694727539865256,-0.810620520615145,-0.03578875203669725,-0.14479131826181024
4451.0,8.709487967649823,13.146017784684895,40.257394909828044,-0.07535333739886978,0.10068639186414563,0.1659625865716506,2.038318901965827,9.321692203250398,-7.2157,0.0,7.5938950253,3.824325581434497,-0.29805684134741967,0.39826063398946293,0.6564577766947827,0.09915135947750582,0.17327446833897428,0.2927450307728018,-0.8076663624838674,-0.03583459959812266,-0.14645024868472029
4452.0,8.687372412260059,13.260036696164123,40.04412951691933,-0.07454092503278763,0.08780593780694987,0.17208448204472648,1.9917753126416957,9.409958916110336,-7.2157,0.0,7.5938950253,3.8500777800537875,-0.2955939662210791,0.34819671747702574,0.6824054645193403,0.10019298972506438,0.17391047285946334,0.29841072179772943,-0.8043884614150885,-0.03585531650628132,-0.14785699074808106
4453.0,8.665096497223118,13.358715322595984,39.82574733110982,-0.07347253574443043,0.07469701647310704,0.17721416961009626,1.9472751888411617,9.485172060825775,-7.2157,0.0,7.5938950253,3.873543261770209,-0.29210625146607117,0.2969744443496043,0.704553970636597,0.1010853365031781,0.17420829919474645,0.3039061944194696,-0.8008132898844753,-0.0358515733089735,-0.14900255156639633
4454.0,8.642751669361646,13.441948289013155,39.603302785124505,-0.07215891720749756,0.06147933248349142,0.1813462238922022,1.904877389242872,9.547198274443502,-7.2157,0.0,7.5938950253,3.8947500145696523,-0.28762537591015824,0.24505656127601225,0.7228458773417237,0.1018273902631269,0.17418068685828225,0.309194976608555,-0.7969681757072146,-0.03582422499270178,-0.14988329288338248
4455.0,8.620426703350928,13.509764572898618,39.377840354711815,-0.07061283326821764,0.048269939721194054,0.18449388452401266,1.8646233245584856,9.5960197695602,-7.2157,0.0,7.5938950253,3.9137448033384175,-0.2821916118310587,0.1929022170966008,0.7372969506696935,0.10241938104296736,0.17384289740502074,0.31424311784940934,-0.792880654024928,-0.035774280036281546,-0.15050086215885755
4456.0,8.598207061285295,13.562318721827348,39.150376454899586,-0.06884883839781308,0.035180340055907366,0.18668777391023691,1.8265397928729867,9.631729903484372,-7.2157,0.0,7.5938950253,3.930588818342976,-0.27585314774335157,0.14095528361756382,0.7479924320694681,0.10286270979764779,0.17321216831001784,0.3190199178930446,-0.788577874029558,-0.035702867767961374,-0.1508619320221558
4457.0,8.57617434594347,13.599879632241102,38.92188301522968,-0.06688301257766263,0.022313983134876952,0.18797408204855853,1.7906418355255045,9.654526143929376,-7.2157,0.0,7.5938950253,3.945353488311726,-0.26866522185271646,0.08963398923438562,0.7550810962274632,0.10315985699904277,0.1723071609856492,0.3234985161734411,-0.7840860801393431,-0.03561120549125778,-0.15097777078385805
4458.0,8.554405853735194,13.622817504983939,38.693273180075956,-0.06473266963451627,0.00976425337792731,0.18841234184342284,1.756935467515375,9.664700872711032,-7.2157,0.0,7.5938950253,3.9581166322729064,-0.26068911237539205,0.0393222550602646,0.7587675038438554,0.10331427300978858,0.171147427491057,0.3276563229795167,-0.7794301807944063,-0.03550056668738383,-0.15086367564801145
4459.0,8.53297422960394,13.631589614816155,38.46538944878876,-0.06241605273253418,-0.0023870063933486858,0.18807293177477968,1.7254201598995387,9.662630533770805,-7.2157,0.0,7.5938950253,3.96895908104535,-0.25199103604179124,-0.00963701143800115,0.7593029493939875,0.10333025521754663,0.16975291660170272,0.3314752839369371,-0.7746334114637913,-0.035372251383445456,-0.1505383060171769
4460.0,8.51194722266993,13.626725513809761,38.23899443355507,-0.059952030309745045,-0.01407042183933604,0.18703444463280341,1.6960909812068226,9.648763660541693,-7.2157,0.0,7.5938950253,3.9779618532680683,-0.24264100682744633,-0.056946550499532275,0.7569756307275372,0.10321281709749541,0.16814353508046345,0.334941979579231,-0.7697170924341247,-0.03522755952208671,-0.1500229566116234
4461.0,8.4913875382859,13.6088122384533,38.01476428101019,-0.05735980437436574,-0.025229484852842043,0.18538105252234047,1.6689403372097722,9.623608312023796,-7.2157,0.0,7.5938950253,3.985203926429504,-0.23271170368650856,-0.102357329619166,0.7521005525421826,0.10296755425757127,0.16633877476584927,0.3380475708928433,-0.7647004769070777,-0.03506776790515818,-0.14934080921873394
4462.0,8.471352779567846,13.578480015481441,37.793284685497916,-0.05465864099289973,-0.035820469923071044,0.18319998164659065,1.643959280340205,9.587719411568438,-7.2157,0.0,7.5938950253,3.990760603913003,-0.2222773895979166,-0.14566920077111334,0.7450096262012839,0.1026005121449148,0.16435741096400586,0.34078760904609434,-0.7596006811113257,-0.0348941110324522,-0.14851619826501877
4463.0,8.451895469432788,13.536388870692951,37.575049323730894,-0.051867630291187405,-0.04581193697492812,0.1805791881943959,1.621138389025747,9.54168642384178,-7.2157,0.0,7.5938950253,3.9947024468511714,-0.21141291559907593,-0.18672985657407679,0.7360423535520171,0.10211805950414513,0.16221727299913252,0.3431617326723606,-0.7544326856030951,-0.03470776593232869,-0.1475739197894103
4464.0,8.433063142758117,13.483216446901972,37.360460466050924,-0.049005480635770315,-0.05518390090538769,0.17760530178075554,1.6004682414237081,9.48612173125215,-7.2157,0.0,7.5938950253,3.9970947156498227,-0.20019283376907482,-0.2254323671017643,0.7255373928512898,0.1015267709415521,0.1599350839170351,0.34517327896610217,-0.7492093956116713,-0.03450984089398734,-0.14653860660628987
4465.0,8.414898497462104,13.41964723925191,37.14983146956231,-0.04609034911548777,-0.06392675302281547,0.1743618778768236,1.5819395264100453,9.421649988799263,-7.2157,0.0,7.5938950253,3.997997250452647,-0.1886906333460149,-0.26171161093626855,0.7138252106865207,0.10083332113127928,0.15752636339397771,0.34682883560136024,-0.7439417480053753,-0.03430136786560058,-0.14543418526368346
4466.0,8.397439593047133,13.346363364474495,36.943390831964585,-0.043139708194046576,-0.07204001821799053,0.17092797756826994,1.5655428469746355,9.348898652632583,-7.2157,0.0,7.5938950253,3.9974647118419124,-0.17697810514950413,-0.2955399202471934,0.7012219334215161,0.10004439236410141,0.1550053859061522,0.3481377594103046,-0.7386388529772485,-0.0340832981783792,-0.14428342349347725
4467.0,8.380720085373762,13.264036899635897,36.7412874791772,-0.04017024657774455,-0.0795310253515374,0.1673770732338524,1.551268277724197,9.268489798157956,-7.2157,0.0,7.5938950253,3.995547101477941,-0.16512483181707202,-0.3269222448011486,0.6880244315723448,0.09916659634159462,0.15238518510046037,0.34911168528533965,-0.7333081596313638,-0.03385650119051355,-0.14310757071577665
4468.0,8.364769487055945,13.173323758099574,36.54359697104558,-0.037197800996639614,-0.08641355856329605,0.163776263140226,1.5391047397769584,9.181033272397714,-7.2157,0.0,7.5938950253,3.9922904857018597,-0.1531977953866195,-0.35589110938588603,0.6745066046245073,0.09820641040094658,0.14967759494968624,0.34976404535025696,-0.7279556360603042,-0.03362176541141159,-0.1419260891135225
4469.0,8.349613443789622,13.074859016947135,36.35032833332075,-0.03423731473340103,-0.09270654546642743,0.16018576674190785,1.5290392539673643,9.08712116507607,-7.2157,0.0,7.5938950253,3.9877378518710653,-0.14126108957091307,-0.3825015987648991,0.660916783921688,0.09717012774694886,0.14689331851701448,0.3501096145218493,-0.7225859560483541,-0.03337980165941718,-0.1407564689774777
4470.0,8.335274018053596,12.969253570795116,36.1614312565224,-0.031302818310113466,-0.09843282575747113,0.15665866545121307,1.5210561280597807,8.987323534788725,-7.2157,0.0,7.5938950253,3.981930036006391,-0.12937572159568023,-0.40682655903095666,0.6474761373297407,0.09606382078287733,0.14404201583128973,0.35016409453114583,-0.7172026860653751,-0.03313124781883709,-0.13961411943297952
4471.0,8.321769972865953,12.85709196078862,35.97680343941696,-0.02840742769007162,-0.10361803165617482,0.1532408502919628,1.5151361266402181,8.882185290717938,-7.2157,0.0,7.5938950253,3.9749066700706823,-0.1175994875025286,-0.4289521582781585,0.6343779400021101,0.09489331627421066,0.14113240333134816,0.34994374458888633,-0.711808467631751,-0.03287667478874566,-0.1385123241901744
4472.0,8.30911704956545,12.738931212929643,35.796297893459325,-0.025563355586281422,-0.10828960049562995,0.14997113749221563,1.511255664420074,8.772224105929746,-7.2157,0.0,7.5938950253,3.9667071069998965,-0.10598690506994986,-0.4489739059903548,0.6217875684970676,0.09366418084244667,0.13817235844341347,0.34946506337064265,-0.706405191375565,-0.03261659325163268,-0.13746225143465035
4473.0,8.297328234853865,12.615300514905723,35.61973006214792,-0.02278193190618634,-0.11247593014883077,0.14688151496626523,1.509386055569494,8.657929224044892,-7.2157,0.0,7.5938950253,3.9573712908608307,-0.09458918967087751,-0.4669931915373316,0.609843078080538,0.092381715158201,0.13516902400576625,0.3487445239878504,-0.7009941601436328,-0.03235146093046624,-0.13647300719050712
4474.0,8.286414013534902,12.486701563255535,35.446884644029524,-0.020073629924557267,-0.11620568000418569,0.14399748607152235,1.509492843930372,8.539761015418604,-7.2157,0.0,7.5938950253,3.946940547836931,-0.08345426016265331,-0.48311436884583514,0.5986562326069144,0.09105095516712203,0.13212890837370098,0.347798361156449,-0.6955762393677757,-0.0320816900451022,-0.135551722234949
4475.0,8.27638260448464,12.353609421170322,35.27752203891281,-0.017448095396343795,-0.11950721391245155,0.14133848136924484,1.51153523188922,8.418151140212192,-7.2157,0.0,7.5938950253,3.93545828095813,-0.07262676402590895,-0.497442387094708,0.5883138704259648,0.08967667872124403,0.12905797807486052,0.3466424078753206,-0.6901519935431609,-0.03180765472102927,-0.13470366373075252
4476.0,8.26724017836643,12.21647373980965,35.11138436312024,-0.014914176445073805,-0.12240817681902212,0.13891831384709116,1.5154656195121539,8.293503182262295,-7.2157,0.0,7.5938950253,3.9229705575473552,-0.0621481132092035,-0.5100809460514022,0.5788795061930729,0.08826341608476246,0.12596174081138117,0.34529197754514107,-0.6847218081728541,-0.03152969814379129,-0.13393236400666106
4477.0,8.258991056448577,12.07572021128279,34.94820100118008,-0.012479952650551249,-0.12493519349069017,0.13674565777331535,1.5212292603302962,8.166193627973696,-7.2157,0.0,7.5938950253,3.909526583309095,-0.052056524322762164,-0.5211311389414476,0.5703950855610236,0.08681546292078487,0.12284531740829285,0.3437617865347976,-0.6792859969021611,-0.031248139290272238,-0.13323976022521222
4478.0,8.251614421481742,11.93175080606947,34.78769797728482,-0.01015130578400058,-0.12711380288964141,0.13482457310868898,1.5287643037937106,8.03657305192572,-7.2157,0.0,7.5938950253,3.8951777541437504,-0.04238109858216353,-0.5306925755216999,0.5628845831068638,0.08552027124176856,0.1198158872723159,0.3418889822524446,-0.6733764943259832,-0.030848640933319342,-0.13262013975495662
4479.0,8.244971135217588,11.78493705861886,34.629620365884996,-0.007926222354884487,-0.1289683808247861,0.13315563490677718,1.5380068998791954,7.904967152374192,-7.2157,0.0,7.5938950253,3.8799699062446686,-0.03311817053663517,-0.5388691660103223,0.5563647885854504,0.08441046836590917,0.11689407895697543,0.33965965103929135,-0.6669292568354367,-0.0303160655262249,-0.1320728345478484
4480.0,8.23903040538135,11.635632951499758,34.473694719915045,-0.005808938108090397,-0.1305205738219921,0.1317364279347084,1.5488916464377318,7.771678861355147,-7.2157,0.0,7.5938950253,3.8639540901446114,-0.024289013145649584,-0.5457479274783071,0.5508317992595934,0.08328535956731348,0.11396997026793919,0.33728347226499483,-0.6604691745225519,-0.02977912304917507,-0.13160347047185758
4481.0,8.233789559101783,11.484177080718647,34.319645524659144,-0.0038048917982279277,-0.13179054765297574,0.13056136063153534,1.5613461915837705,7.636990557467063,-7.2157,0.0,7.5938950253,3.847186523251584,-0.01591958617694516,-0.5514088420715357,0.5462659497757505,0.0821471428350384,0.11104680915649251,0.3347733281432629,-0.6539992519265412,-0.0292385974718852,-0.13120941988153195
4482.0,8.229245237581415,11.330892809743709,34.167203497038194,-0.0019189368625860614,-0.13279730273195567,0.12962202719739724,1.5752909948301663,7.5011653705185735,-7.2157,0.0,7.5938950253,3.8297274392251355,-0.00803322455553881,-0.5559279067566629,0.5426352852576726,0.08099791780430543,0.10812770934877472,0.3321414928187635,-0.6475226125444166,-0.028695233885294276,-0.1308871806884414
4483.0,8.225393454650888,11.176089322508998,34.0161083847083,-0.00015535058646534467,-0.13355878640909757,0.12890758798508797,1.590639548001458,7.364448341510524,-7.2157,0.0,7.5938950253,3.811640980998474,-0.0006506470156397246,-0.5593775200129557,0.5398971405526236,0.07983969384378688,0.10521565908736732,0.32939967972098455,-0.6410425344559377,-0.02814974467118636,-0.13063250346688787
4484.0,8.222229647799288,11.020062464361501,33.86611139421121,0.0014821579730977693,-0.1340920315360195,0.12840513154123817,1.6072986815173131,7.227067453803777,-7.2157,0.0,7.5938950253,3.792995010557725,0.006210036007311551,-0.561826984199145,0.5379996632397196,0.07867439620734126,0.10231352207930816,0.3265590937375702,-0.6345624726187155,-0.027602814412953973,-0.13044051337519036
4485.0,8.219748723059775,10.863095358762948,33.71697726526252,0.0029904408960189843,-0.13441331096593007,0.1281000179226664,1.625168947408226,7.089234515114624,-7.2157,0.0,7.5938950253,3.7738608436483236,0.012533313649703018,-0.563343080036708,0.5368832754042042,0.07750387030981051,0.09942403195010846,0.3236304845777141,-0.6280860686306009,-0.027055103570045744,-0.13030582648073014
4486.0,8.217945095055546,10.705458797644747,33.56848600825544,0.0043669047378838925,-0.13453829869601008,0.1279762032548362,1.6441450702781044,6.951145879658572,-7.2157,0.0,7.5938950253,3.7543129179861747,0.018306263485577994,-0.5639906736376437,0.5364820707772455,0.0763298842314344,0.09654978151412388,0.3206241982348948,-0.6216171489196685,-0.026507250970119564,-0.1302226602035147
4487.0,8.216812723408951,10.547411412109733,33.42043432211294,0.005609503937228673,-0.13448222949016841,0.12801654558503783,1.6641164572607785,6.812983008154506,-7.2157,0.0,7.5938950253,3.734428403955227,0.02351853658377579,-0.5638333210074942,0.5367251443908879,0.07515412959142051,0.09369320814587125,0.3175502240072685,-0.6151597124794284,-0.02595987519961914,-0.13018493764225703
4488.0,8.216345146607821,10.389199637759338,33.27263670965312,0.00671673398804148,-0.13426004998439076,0.128203092009885,1.6849677580413625,6.674912870737919,-7.2157,0.0,7.5938950253,3.7142867670214192,0.02816233760378977,-0.562933839734305,0.5375378517982492,0.0739782209600715,0.09085657648522336,0.31441823507552596,-0.6087179094071307,-0.025413574995607393,-0.1301863855489792
4489.0,8.216535514306576,10.231057495248757,33.1249263078424,0.007687624143639662,-0.133886555457167,0.12851734688238178,1.706579466148105,6.537088204024611,-7.2157,0.0,7.5938950253,3.693969291224146,0.03223239907954528,-0.56135482253662,0.538842994396976,0.07280369400099138,0.08804195963509164,0.3112376211627515,-0.602296011622632,-0.02486892875929809,-0.13022062569157106
4490.0,8.21737661891846,10.073206211733934,32.97715545075763,0.008521729491603293,-0.13337650762237202,0.12894052068637427,1.7288285529608354,6.399647638624548,-7.2157,0.0,7.5938950253,3.6735585731093865,0.03572594936318892,-0.5591590723750313,0.5405619267125953,0.07163200255084559,0.08525121991754696,0.30801751229953556,-0.5958983772388059,-0.0243264933248937,-0.13028125930693177
4491.0,8.218860927231695,9.915853712684832,32.829195983773666,0.009219122310908455,-0.13274472995193093,0.1294537589541922,1.751589126219609,6.262715717348363,-7.2157,0.0,7.5938950253,3.6531379953364693,0.03864267401806141,-0.5564099438271348,0.542615580852035,0.07046451485441146,0.0824859901472684,0.30476679318227856,-0.5895294101171435,-0.023786802126133474,-0.1303619443153121
4492.0,8.220980612658503,9.75919401613043,32.68093934840585,0.009780382686835358,-0.1320061781416368,0.13003835043547038,1.774733105244168,6.126402827212262,-7.2157,0.0,7.5938950253,3.6327911889181674,0.040984670738995976,-0.5531715802829001,0.544925402889774,0.06930250917766421,0.07974765626357744,0.301494108036226,-0.5831935161703378,-0.02325036290748837,-0.13045646495084268
4493.0,8.223727588603342,9.603406562823915,32.53229645830026,0.010206588412833844,-0.1311759843770888,0.13067591363008094,1.7981309055833676,5.99080507018302,-7.2157,0.0,7.5938950253,3.612601492640895,0.04275639812162625,-0.5495090411376559,0.5474141958197863,0.06814716902181973,0.0770373420378897,0.2982078562712056,-0.5768950579649327,-0.022717655127372637,-0.13055879347203642
4494.0,8.227093543317158,9.448655516144846,32.38319738798854,0.0104993042487043,-0.1302694750202136,0.13134856079425217,1.821652126394075,5.856004098481627,-7.2157,0.0,7.5938950253,3.5926514176632196,0.04396461878832917,-0.5454883174498206,0.5500068639717359,0.0669995781570232,0.07435589644589144,0.29491617954233323,-0.5706383091308165,-0.022189127197320396,-0.13066314365388804
4495.0,8.231069976488996,9.295089064882879,32.233590897103674,0.010660570629735097,-0.1293021622040984,0.13203903862514144,1.8451662344890967,5.7220669402650035,-7.2157,0.0,7.5938950253,3.573022124617875,0.04461833749966846,-0.541176238405795,0.5526310544836861,0.06586071568616746,0.07170388416666434,0.29162694109648307,-0.5644274100013843,-0.02166519369412387,-0.13076401583147085
4496.0,8.235648237716502,9.14283876048911,32.08344381367984,0.010692891931435366,-0.12828971058116867,0.13273084502550678,1.8685432396787471,5.589045840726613,-7.2157,0.0,7.5938950253,3.553792919762496,0.04472873493442046,-0.5366402743236491,0.5552176925415342,0.0647314513376076,0.06908157954762331,0.28834769849599473,-0.5582663257911263,-0.02114623267186421,-0.13085623336224453
4497.0,8.240817868502665,8.992018762755865,31.932740727730025,0.010599291610522909,-0.1272478924997701,0.13340831633947126,1.8916543567437119,5.456978142205906,-7.2157,0.0,7.5938950253,3.5350406205499594,0.044309387952637794,-0.5319484020356811,0.5577015013838488,0.06363887577612763,0.06651791871969054,0.2850605567898108,-0.5520650074233897,-0.020622068107902052,-0.13094666459366278
4498.0,8.246438883746194,8.842712203383755,31.781515762121455,0.010388337649919026,-0.12619314412155636,0.13405652965355583,1.9143745662021157,5.325885960101049,-7.2157,0.0,7.5938950253,3.516826243282706,0.04339791236979779,-0.5271795348603493,0.560029306185438,0.06302301628680672,0.06449588978131628,0.2813531817428777,-0.5442686053309985,-0.01991814723911333,-0.13122605231894818
4499.0,8.252394959207995,8.694982007668495,31.629813765926308,0.010068007460472381,-0.12514093797542183,0.13466232459836427,1.93658750741167,5.19577599524677,-7.2157,0.0,7.5938950253,3.499206012421725,0.04202935738385466,-0.5224065661621012,0.562154029871939,0.06241229524913944,0.06249589728919936,0.2776819193395053,-0.536567501541582,-0.0192237291257454,-0.13148123689849264
4500.0,8.258681400117624,8.548883071751439,31.477665390674385,0.009642224270970811,-0.12410565615541204,0.13521396947439002,1.9581811179499249,5.066640929731832,-7.2157,0.0,7.5938950253,3.482242142019606,0.04022126657291968,-0.5176903730047091,0.564027236639301,0.061806928701965275,0.06051694346522749,0.27405241622877824,-0.5289648355104919,-0.018539058125320862,-0.13170877588870408
4501.0,8.26529348843642,8.404453110380379,31.32511383691022,0.009115277746452136,-0.12310139413767236,0.13570063735144275,1.9790467426092975,4.938459917960245,-7.2157,0.0,7.5938950253,3.465993192420134,0.03799276078999596,-0.5130904345956954,0.5656044716739479,0.06120709784762922,0.05855784677566822,0.27046980699602075,-0.5214632345815025,-0.017864312063094474,-0.1319056020137555
4502.0,8.272226494928015,8.261712702409795,31.172213977500324,0.008491812629485744,-0.12214184426559149,0.1361123901949466,1.9990796362130978,4.8111989089078255,-7.2157,0.0,7.5938950253,3.45051379350197,0.03536447475962512,-0.5086643284645996,0.5668451951951438,0.060612946938789075,0.05661725583485543,0.26693868027828477,-0.5140648086265648,-0.017199602301618815,-0.13206901366130208
4503.0,8.279475692550683,8.120665485916607,31.019031497127735,0.007776816867266256,-0.12124017497019876,0.13644014840497645,2.0181794423060073,4.684811082493241,-7.2157,0.0,7.5938950253,3.435854403423366,0.03235849116851339,-0.504467213000128,0.5677126532034523,0.060024581397267476,0.054693665618678555,0.26346304751924143,-0.506771152583044,-0.016544974539419985,-0.1321966605431426
4504.0,8.287036371044051,7.981298506028338,30.865642062059102,0.00697560907438079,-0.12040890830219034,0.136675648134697,2.0362506472116837,4.559237403435806,-7.2157,0.0,7.5938950253,3.422061102592532,0.028998271740678094,-0.5005513075222399,0.568173695326392,0.05944206622233318,0.05278543573462567,0.26004631521187915,-0.4995833566460527,-0.01590041033235189,-0.13228652536062285
4505.0,8.29490385255156,7.843582715629229,30.71213053171798,0.006093825148303855,-0.11965979819373417,0.1368113890366389,2.0532030092041875,4.434407293514495,-7.2157,0.0,7.5938950253,3.4091754221147346,0.02530858465520266,-0.49696538031674775,0.5681985513144215,0.058865424742375154,0.05089081048042283,0.25669126135147885,-0.49250202368354296,-0.015265829314604388,-0.13233690238878693
4506.0,8.303073508092043,7.707473626415032,30.558590220786453,0.005137403828615323,-0.1190037116810499,0.13684057530031205,2.0689519627103556,4.31023942082034,-7.2157,0.0,7.5938950253,3.3972342055946925,0.021315427561048633,-0.49375425418270585,0.5677605785979623,0.058294637758092,0.04900794041354174,0.2534000166936708,-0.48552729327524674,-0.01464109208180403,-0.1323463739431894
4507.0,8.31154077466983,7.5729121053444794,30.405122217550854,0.004112570972773978,-0.11845051511778262,0.13675705298296492,2.083418997547583,4.186642602443228,-7.2157,0.0,7.5938950253,3.3862695029012517,0.01704594537319004,-0.490958338103047,0.5668359938293505,0.057729643117342085,0.0471349051476797,0.25017405128849707,-0.4786588716360549,-0.014026003686337433,-0.13231378571661745
4508.0,8.320301172793872,7.439825309390266,30.25183476109038,0.00302582231223408,-0.11800896720829362,0.1365552466898783,2.0965320132090732,4.063516815063974,-7.2157,0.0,7.5938950253,3.3763084943262918,0.012528342002488051,-0.48861319270737325,0.5654036014764406,0.0571703357520492,0.04526973708827178,0.24701416664558515,-0.4718960665715114,-0.01342031768497386,-0.1322382219685605
4509.0,8.329350324163327,7.308127749614856,30.09884267677068,0.0018839044536725557,-0.11768662050092536,0.1362300986269858,2.1082256481423283,3.9407543061315473,-7.2157,0.0,7.5938950253,3.367373443483309,0.007791785181701879,-0.4867491363036323,0.5634445322926287,0.05661656819649437,0.04341044581586646,0.2439204937809394,-0.4652378265283475,-0.012823740671004422,-0.13211898151776721
4510.0,8.338683969270244,7.177722473964064,29.94626686644149,0.0006937939016901872,-0.1174897328129678,0.13577701292487834,2.118441583834528,3.818240796682396,-7.2157,0.0,7.5938950253,3.359481677281668,0.0028663036039389142,-0.4853908974512867,0.5609420038581232,0.05606815159446472,0.04155504282273014,0.24089249730434556,-0.45868278274620655,-0.012235937217316098,-0.13195555542808138
4511.0,8.348297984669761,7.0485023567528,29.794233846842744,-0.0005373260981653776,-0.11742318991700212,0.13519180791982274,2.1271288233303456,3.695856765386443,-7.2157,0.0,7.5938950253,3.3526455913663566,-0.0022173243115889453,-0.4845573193564848,0.5578811143768879,0.055524857190622556,0.039701566303635215,0.23792898562854722,-0.45222929348712654,-0.011656535152894368,-0.1317476071911178
4512.0,8.358188399674487,6.920351481576394,29.64287532709018,-0.0018020910638794389,-0.11749044070436886,0.1344706787771109,2.1342439435749894,3.5734788020615165,-7.2157,0.0,7.5938950253,3.3468726795148775,-0.00742769056905495,-0.48426112079779643,0.554248679540639,0.054986418289637864,0.03784810569612828,0.23502812731650355,-0.4458754893156622,-0.01108513109298078,-0.13149495609806475
4513.0,8.36835141224219,6.793146603280753,29.49232781382768,-0.0030929832529717196,-0.11769344595372895,0.13361017246002116,2.1397513207103813,3.450981017664066,-7.2157,0.0,7.5938950253,3.3421655856166868,-0.012732887018702075,-0.4845087178311507,0.5500331205635222,0.05445253265559856,0.03599282565880801,0.23218747352931932,-0.4396193184231364,-0.010521296142272395,-0.13119756435947047
4514.0,8.378783403844004,6.666758673632089,29.34273223078114,-0.004402362180446123,-0.11803264176539655,0.1326071765914481,2.143623327168742,3.3282364966216407,-7.2157,0.0,7.5938950253,3.3385221770104487,-0.018100644187411506,-0.4853001101511248,0.545224409486411,0.053922865314416965,0.03413398916886682,0.22940398649201882,-0.4334585910325388,-0.009964581690917095,-0.1308555283794057
4515.0,8.389480953123302,6.541054414416429,29.19423353810073,-0.005722497686764573,-0.11850691866633967,0.13145892323483055,2.145840499119561,3.205118776311088,-7.2157,0.0,7.5938950253,3.335935638105341,-0.02349847939468135,-0.4866288356653951,0.5398140755959294,0.05339705171375207,0.03226997941340115,0.2266740738536187,-0.4273910219840079,-0.009414525224432596,-0.1304690744226394
4516.0,8.400440848182198,6.415897920855603,29.046980336095057,-0.007045605494184591,-0.11911361733479442,0.13016300804887138,2.146391672547476,3.08150333750437,-7.2157,0.0,7.5938950253,3.3343945833512327,-0.02889385374663789,-0.48848199652184104,0.5337952743580062,0.05287470118863581,0.030399320144187295,0.22399362877790918,-0.4214142706825019,-0.008870656070893046,-0.13003855873479664
4517.0,8.41166009736227,6.2911522774484885,28.901124437789612,-0.008363885114406115,-0.11984854182380396,0.12871742466176103,2.145274085984811,2.9572690887111017,-7.2157,0.0,7.5938950253,3.3338831887373868,-0.03425433729563613,-0.4908403594582657,0.5271629176966126,0.0523554006766986,0.028520694164473108,0.22135807555782636,-0.415525977686891,-0.008332501011662254,-0.12956447199087767
4518.0,8.423135938417374,6.166681167646888,28.756820395211395,-0.009669559891499067,-0.12070599106538828,0.12712061348277418,2.1424934477082442,2.832299826565452,-7.2157,0.0,7.5938950253,3.334381341081436,-0.039547781336737184,-0.49367853286527097,0.5199138618323663,0.051838718624695274,0.026632959620731922,0.21876242049540956,-0.4097237973309094,-0.007799589685527956,-0.12904744776259025
4519.0,8.434865846008067,6.042350458182837,28.614224965423094,-0.010954918883943843,-0.12167880929762509,0.12537152354216793,2.138063965048957,2.706485653769266,-7.2157,0.0,7.5938950253,3.3358648044135712,-0.04474249649512499,-0.4969652223084302,0.5120471463184851,0.05132420902789199,0.024735163784183,0.21620130772784446,-0.40400542588859345,-0.007271459720270999,-0.12848827451577996
4520.0,8.446840562844212,5.918028091921265,28.473495426532395,-0.012213624035496279,-0.12275868545537579,0.12346963726211324,2.132008089375878,2.5797242938794467,-7.2157,0.0,7.5938950253,3.338303798041818,-0.049812630520537395,-0.5006649151802741,0.5035644951545715,0.05085387839098332,0.022961576777179027,0.21349462166351799,-0.3984623937294828,-0.006825440273489474,-0.12790529626929958
4521.0,8.459033556574314,5.793583916899501,28.334787204609704,-0.013442669687136338,-0.12393693083246088,0.12141463414818293,2.124353171069549,2.451921662566612,-7.2157,0.0,7.5938950253,3.3416622543328893,-0.05474620328960962,-0.5047417342209202,0.4944695062894159,0.05040567212780762,0.021246599266572748,0.21072060446148644,-0.3930455633576184,-0.006422580507882496,-0.1272922513899094
4522.0,8.471442081064774,5.668900331312975,28.198259892328963,-0.014634984680546833,-0.12520321752917507,0.11920673199364684,2.115132718174357,2.3229928815618033,-7.2157,0.0,7.5938950253,3.345907449751172,-0.05951468680542153,-0.5091519014833363,0.4847665695974359,0.049956879472282986,0.01952033365042439,0.20796323597998279,-0.3877042751034814,-0.006022213138993362,-0.12664159657724122
4523.0,8.484065334771293,5.543867312378287,28.06407336510007,-0.015783420916912972,-0.12654604897913915,0.11684696661883065,2.10438849912266,2.192863660058801,-7.2157,0.0,7.5938950253,3.3510036523194864,-0.06408942283355361,-0.5138469843536235,0.47446334288834535,0.04950696459299019,0.01778282720606312,0.20521626257020117,-0.38243677634228107,-0.005624086162615987,-0.1259547761094263
4524.0,8.496902787680057,5.418383217826851,27.93238659168082,-0.016881097871536646,-0.1279529400126071,0.11433727797278999,2.092170405815739,2.0614712914600144,-7.2157,0.0,7.5938950253,3.3569119263668368,-0.06844303579860321,-0.5187747692989486,0.4635711770027293,0.04905542279383157,0.01603431698915682,0.20247339233594966,-0.37724140737094314,-0.005227965990305611,-0.12523347132874138
4525.0,8.50995416535395,5.292355879983091,27.803356603971473,-0.017921445663706473,-0.12941057073252393,0.11168059324943592,2.0785362331759405,1.9287655015782115,-7.2157,0.0,7.5938950253,3.36359037840488,-0.07254960380729726,-0.523879926390887,0.45210542415219285,0.0486017865398823,0.014275223247225674,0.19972837130183643,-0.3721166018633806,-0.004833639371572929,-0.12447961548442515
4526.0,8.523219430299928,5.165703551464024,27.677137383278563,-0.018898246443350482,-0.13090495606771177,0.10888090235145771,2.0635514073735997,1.7947091374864281,-7.2157,0.0,7.5938950253,3.3709944139775962,-0.0763848209350295,-0.5291047324794708,0.4400857113537583,0.04814563093539693,0.012506139645263842,0.19697505972994223,-0.3670608833306485,-0.004440914903921477,-0.12369540592138141
4527.0,8.53669876094791,5.0383556874404585,27.553878673172747,-0.019805673461442776,-0.13242162873895325,0.10594332193791106,2.047288662102284,1.6592786835195847,-7.2157,0.0,7.5938950253,3.379077003920874,-0.07992614825159192,-0.534389842936239,0.42753616391587074,0.04768657855823592,0.010727820453065882,0.19420750743741363,-0.36207285803267597,-0.0040496241191051,-0.12288331262944686
4528.0,8.55039252857785,4.9102535518283785,27.4337247328571,-0.02063832721359316,-0.13394583284279568,0.10287414452944799,2.0298276629411296,1.5224645935169285,-7.2157,0.0,7.5938950253,3.38778895831145,-0.08315295118112434,-0.5396750998286404,0.41448556510059353,0.047224303560538555,0.008941164930352685,0.19142002688352405,-0.35715120486240864,-0.0036596221413569387,-0.12204608227262548
4529.0,8.564301272574177,4.781350637699541,27.316813048430248,-0.021391268088951344,-0.1354627247626933,0.09968086953792084,2.0112545805937527,1.3842714314516202,-7.2157,0.0,7.5938950253,3.3970792062479207,-0.08604662099221956,-0.5449003625104976,0.400967439874895,0.04675853495445806,0.007147199229830377,0.1886072627394339,-0.3522946627777788,-0.003270787921004903,-0.12118673696394926
4530.0,8.578425674423825,4.651612895567442,27.203273022417378,-0.022060045018686653,-0.1369575776871951,0.09637221362346962,1.9916616146102617,1.244717816067181,-7.2157,0.0,7.5938950253,3.4068950795002606,-0.0885906784923912,-0.5500063450326241,0.3870200530182387,0.04628905901431961,0.005347056215811795,0.18576425663462276,-0.34750201639059064,-0.002883024054676712,-0.12030856723429237
4531.0,8.592766530903878,4.521018766945053,27.093224664311347,-0.022640719698034346,-0.13841598567886343,0.09295809844303247,1.9711464700582104,1.1038361689481506,-7.2157,0.0,7.5938950253,3.417182597996902,-0.09077085834836914,-0.5549354436068044,0.3726863146863139,0.04581572074258348,0.003541953662987332,0.18288650579684856,-0.3427720803336905,-0.002496256211018899,-0.11941511885518576
4532.0,8.607324726925926,4.389559024584155,26.98677730649918,-0.023129886050440675,-0.13982406302090283,0.08944961461281323,1.9498117904818877,0.9616722694879687,-7.2157,0.0,7.5938950253,3.4278867550961865,-0.09257517285771838,-0.559632536693019,0.3580135897245248,0.04533842436618369,0.0017331713527424589,0.17997001437158391,-0.33810368301923494,-0.002110432188299478,-0.11851017340718659
4533.0,8.622101208514927,4.257236424970457,26.884028370760383,-0.023524684708053814,-0.14116863449128447,0.08585896153059508,1.9277645513461414,0.8182846243547021,-7.2157,0.0,7.5938950253,3.438951800615755,-0.0939939544425786,-0.5640457401986818,0.34305341043873694,0.04485713285163283,-7.7972379872282e-05,0.17701133632376645,-0.33349565037297546,-0.0017255206372174202,-0.11759772272593494
4534.0,8.637096956399892,4.1240651828251105,26.785062210463487,-0.023822812395400544,-0.14243741228965956,0.08219936355436945,1.9051154189686312,0.6737436631547762,-7.2157,0.0,7.5938950253,3.450321519670334,-0.09501987660488538,-0.568127100824406,0.3278610960074672,0.04437186645098993,-0.0018901440788678114,0.17400760898816045,-0.32894679008465877,-0.0013415094884935892,-0.11668193759614595
4535.0,8.652312960680979,3.9900702814034252,26.68994905264701,-0.024022526217845126,-0.14361915557549426,0.0784849638716915,1.8819780806709443,0.5281307759097944,-7.2157,0.0,7.5938950253,3.461939505493631,-0.09564795355479495,-0.5718332117735107,0.31249528509507013,0.043882700315467024,-0.003702018013721449,0.170956576540544,-0.32445587685605004,-0.0009584041301750149,-0.11576713128779456
4536.0,8.667750197012674,3.8552866361360736,26.598744062382778,-0.024122642968499388,-0.1447038089626432,0.07473069817975829,1.8584685524944675,0.38153721154679954,-7.2157,0.0,7.5938950253,3.473749424589274,-0.09587551918042302,-0.5751257368355108,0.29701739133875377,0.04338976123806483,-0.005512297897132985,0.16785660290345247,-0.320021639059399,-0.0005762253838839526,-0.11485771872766352
4537.0,8.683409604705753,3.7197581324847677,26.511486549256137,-0.024122533671955295,-0.14568261684316636,0.0709521509923772,1.8347044713053373,0.23406285972264718,-7.2157,0.0,7.5938950253,3.4856952727621207,-0.09570218644857074,-0.5779718311948902,0.28149099408632844,0.042893223610095566,-0.007319736974316267,0.16470667386807095,-0.31564274714433177,-0.00019500733235950295,-0.11395817226362168
4538.0,8.699292067102382,3.5835365616565795,26.428199332567335,-0.024022113676307435,-0.1465482110606334,0.06716539796472176,1.8108043784337586,0.08581494084072705,-7.2157,0.0,7.5938950253,3.4977216208158524,-0.09512978869606352,-0.5803444501111499,0.26598117893234235,0.04239330469770165,-0.009123156043088169,0.16150638849702406,-0.3113178040541297,0.00018520494750884483,-0.1130729751008655
4539.0,8.71539839452064,3.4466804799348076,26.34888827810023,-0.023821828682890275,-0.14729467019276282,0.0633868380550449,1.7868870021429952,-0.0630933690206566,-7.2157,0.0,7.5938950253,3.509773848955464,-0.09416230457594676,-0.5822225397442401,0.2505538441443103,0.041890259362537596,-0.010921459036564326,0.15825594015909222,-0.3070453378368277,0.0005643576914037376,-0.11220657356376282
4540.0,8.731729309998261,3.3092540187639434,26.27354201517884,-0.023522637163343414,-0.1479175495024676,0.05963301960779285,1.7630705461965979,-0.21254435042894065,-7.2157,0.0,7.5938950253,3.5217983691928842,-0.09280576865218261,-0.5835911077230844,0.23527498993081736,0.041384374364826254,-0.012713645882598185,0.15495608782383638,-0.30282379656574265,0.000942390740039984,-0.11136332936152087
4541.0,8.748285437993,3.171325673328261,26.202131838412974,-0.02312598965443814,-0.14841388144002174,0.05592046453757051,1.7394719915913315,-0.3624171619812038,-7.2157,0.0,7.5938950253,3.533742835309465,-0.09106816978506908,-0.5844411744276286,0.2202100076608001,0.04087596239641891,-0.0144988224421865,0.15160811849978917,-0.29865154562045443,0.0013192397653059222,-0.11054747301114856
4542.0,8.765067296120828,3.0329670971779876,26.134611794197205,-0.022633805442033885,-0.14878214739157825,0.05226549472027805,1.7162064181581262,-0.5125892429918114,-7.2157,0.0,7.5938950253,3.545556340169799,-0.08895933951621296,-0.5847696092314423,0.20542298561819944,0.040365355995912344,-0.01627620741885013,0.14821380192359482,-0.2945268673246659,0.00169483838112562,-0.10976305950028617
4543.0,8.78204265443238,2.8942464004130857,26.070904790153225,-0.022052851864542197,-0.14902253153520822,0.04868403815846495,1.6933852743033675,-0.6629377434113871,-7.2157,0.0,7.5938950253,3.5571841438244727,-0.08650843279041015,-0.5845822450881439,0.19097665321776094,0.040009510361675785,-0.017656550770583875,0.144599176149665,-0.29146794178770774,0.0018555629507582246,-0.10892957977564864
4544.0,8.799131678621759,2.7552277540854493,26.01089683783033,-0.021396591663084212,-0.14913731973696295,0.04519033602749159,1.6711071998540687,-0.8133415271151044,-7.2157,0.0,7.5938950253,3.5685692812005536,-0.08377105943125378,-0.5838963266592601,0.1769273529488689,0.039701390984137885,-0.018906190847533758,0.1408880233280155,-0.28876751485928764,0.0019491347139587532,-0.10810737766293
4545.0,8.816331546535949,2.6159907166823277,25.954493140932776,-0.020668307898567703,-0.14912945521437806,0.04179702344245776,1.6494625051394531,-0.9636823455279167,-7.2157,0.0,7.5938950253,3.5796730622102446,-0.08076184559840205,-0.5827264667869618,0.1633227437049402,0.03939243023140579,-0.02014622455963913,0.1371385823174419,-0.28610494056521546,0.002042339394331497,-0.1073254350978666
4546.0,8.83364183594278,2.4766136449836282,25.90158700885845,-0.019871244756219694,-0.1490027636375941,0.03851596721396794,1.6285375049458097,-1.1138455219125412,-7.2157,0.0,7.5938950253,3.5904591668961694,-0.07749514804487288,-0.5810904837039136,0.15020702618056547,0.039082883673523576,-0.0213766412248044,0.13335432363855557,-0.28347837498151474,0.0021351985852726043,-0.10658626377720758
4547.0,8.85106204274199,2.3371725644131582,25.852059604249405,-0.01900891924164598,-0.14876185510018647,0.035358184894476306,1.6084140983666813,-1.2637207388275797,-7.2157,0.0,7.5938950253,3.600893303240738,-0.0739862927988057,-0.5790091498007155,0.1376207130548318,0.038773000704998936,-0.022597509363017666,0.12953884531849896,-0.280885926065708,0.002227735365121808,-0.10589208372092146
4548.0,8.868591587276935,2.1977406042561998,25.805780857460892,-0.01808509582911941,-0.1484119984017125,0.03233376992076175,1.5891693896090993,-1.41320270703435,-7.2157,0.0,7.5938950253,3.6109433112905496,-0.07025146497973565,-0.576505671123013,0.1256003687629797,0.03846302211365308,-0.02380896618365399,0.12569582062420068,-0.27832566616297494,0.00231997413081819,-0.10524481059720095
4549.0,8.886229821604385,2.0583875477890783,25.76261045381003,-0.017103761316525388,-0.1479589903823355,0.029451832476874735,1.570875350889946,-1.5621917100326,-7.2157,0.0,7.5938950253,3.620579257821678,-0.06630760054413232,-0.5736051532539787,0.11417841415282558,0.03815317805753395,-0.025011206355514508,0.1218289484015648,-0.2757956448950036,0.002411940397570041,-0.10464604756221857
4550.0,8.903976037487638,1.919179500524572,25.722398877332115,-0.016069100019498,-0.14740902329516775,0.026720455887631275,1.5535985280228286,-1.7105940213571735,-7.2157,0.0,7.5938950253,3.6297735218817455,-0.06217228048918979,-0.5703340654936685,0.10338299445700586,0.03784368647094182,-0.026204470336403968,0.11794190692118635,-0.2732939023161664,0.0025036605628644903,-0.1040970814125635
4551.0,8.921829474870675,1.780178676969831,25.684988495072087,-0.014985469397514944,-0.14676855305976727,0.02414666795900063,1.5373997887398974,-1.8583221945195776,-7.2157,0.0,7.5938950253,3.6385008714894083,-0.05786362788018576,-0.5667197145103777,0.09323790748641604,0.037534751908049155,-0.0273890325237285,0.1140383119902458,-0.27081848223504157,0.0025951616339998794,-0.10359888275316587
4552.0,8.939789330590285,1.6414433036315905,25.650214666698897,-0.013857376167856164,-0.14604417103113917,0.021736426349761747,1.5223341133293062,-2.00529522805617,-7.2157,0.0,7.5938950253,3.6467385316877605,-0.0534002079164346,-0.5627897376515179,0.08376258769174467,0.03722656482068746,-0.02856518946702096,0.11012167993780758,-0.26836744561116477,0.002686470919272531,-0.10315210980899722
4553.0,8.957854767088254,1.5030276335594488,25.61790686529436,-0.01268945293258366,-0.14524248165966713,0.019494616792647412,1.5084504267775112,-2.151438610494573,-7.2157,0.0,7.5938950253,3.6544662440540217,-0.04880093112623694,-0.5585716249340301,0.07497214076010335,0.03691930125599664,-0.0297332483591666,0.10619539592401825,-0.2659388839459655,0.0027776156839736427,-0.10275711545480913
4554.0,8.976024920896268,1.364982065534331,25.587889796475512,-0.011486435319518751,-0.14436998812171842,0.01742506278679749,1.495791471290963,-2.2966842521332267,-7.2157,0.0,7.5938950253,3.6616663176675575,-0.04408495968368023,-0.554092277441737,0.06687742272280071,0.03661312295002887,-0.030893515996754665,0.10226268786779587,-0.26353093259283245,0.0028686227734182157,-0.10241395700370717
4555.0,8.994298910681627,1.227353359118,25.559984504487772,-0.010253139620893525,-0.14343298768124846,0.015530545256969893,1.4843937178319855,-2.4409703123190996,-7.2157,0.0,7.5938950253,3.6683236714370997,-0.03927161677051862,-0.5493776084927268,0.05948515714406764,0.0363081777852324,-0.03204628837263116,0.0983266061371172,-0.2611417839140596,0.002959518206302325,-0.10212240828152164
4556.0,9.012675844661139,1.0901849352007407,25.534009455483602,-0.00899444090290212,-0.1424374782115573,0.013812830615936283,1.4742873151335931,-2.5842409323902737,-7.2157,0.0,7.5938950253,3.6744258675910144,-0.03438029886413032,-0.5444521925522158,0.05279808382333939,0.03600460057310259,-0.033191841036383646,0.09439000900475508,-0.2587697002122029,0.0030503267427335946,-0.10188197351807046
4557.0,9.031154827213326,0.9535172504276638,25.509781589810867,-0.007715251555435478,-0.1413890769739671,0.01227270566968068,1.4654960745499515,-2.72644588561869,-7.2157,0.0,7.5938950253,3.6799631360463536,-0.029430390816006544,-0.5393389654970768,0.04681513255054647,0.03570251411819819,-0.0343304203319463,0.09045555374326125,-0.2564130263604656,0.0031410714322692725,-0.1016919026062956
4558.0,9.049734964544042,0.8173882329495599,25.48711733671519,-0.0064205002532545605,-0.14029295242545542,0.01091001786333666,1.4580374890434928,-2.8675401563477574,-7.2157,0.0,7.5938950253,3.6849283892973173,-0.024441183591696905,-0.5340589785217481,0.041531615772670824,0.03540203051614673,-0.03546223559635351,0.08652569311826316,-0.2540702020516513,0.003231773148195689,-0.10155120731328106
4559.0,9.068415369287502,0.6818337663243002,25.46583358635845,-0.005115111306943243,-0.1391537695172689,0.009723719470736535,1.4519227845955367,-3.007483461081106,-7.2157,0.0,7.5938950253,3.689317227405406,-0.01943179456920265,-0.5286312067382245,0.036939434523629786,0.03510325263612585,-0.03658745238027641,0.08260267694009603,-0.25173977357860994,0.0033224501150637587,-0.10145867807048506
4560.0,9.0871951639525,0.5468882080755904,25.445748615427824,-0.0038039843932367056,-0.1379756486565579,0.00871191447258709,1.447157002343286,-3.146239724559281,-7.2157,0.0,7.5938950253,3.693127932634871,-0.014421090334545554,-0.5230724123846127,0.03302729259862016,0.03480627573749537,-0.03770618672955944,0.07868855825107753,-0.24942040505166602,0.0034131174371328974,-0.10141290102121081
4561.0,9.106073483151796,0.41258492937902125,25.426682963822447,-0.0024919746687027023,-0.13676213823677572,0.0078719070377759,1.4437391097810597,-3.2837765238815106,-7.2157,0.0,7.5938950253,3.696361453260532,-0.00942761196641411,-0.5173970615297729,0.02978091467778452,0.034511189170638445,-0.03881850054760326,0.07478520365940097,-0.24711088895102531,0.0035037866358494435,-0.10141227505851305
4562.0,9.125049474580596,0.27895686256911373,25.408460260935044,-0.0011838732871746705,-0.1355162004021859,0.007200250709278805,1.4416621394070201,-3.4200645135131604,-7.2157,0.0,7.5938950253,3.6990213760822743,-0.004469502862069899,-0.5116172922525309,0.027183264882632938,0.03421807811350665,-0.03992439804107835,0.07089430728026047,-0.24481015590535843,0.003594465204779,-0.10145502864365052
4563.0,9.144122298737337,0.1460370436216752,25.39090800088042,0.00011561164128930513,-0.13424020949833027,0.006692797591059241,1.4409133532390714,-3.5550768435909275,-7.2157,0.0,7.5938950253,3.701113887212603,0.00043556078017094427,-0.5057429314846391,0.025214763044434416,0.0339270252977103,-0.041023823235992726,0.06701740770964106,-0.24251728358239666,0.003685156190513291,-0.10153923625133923
4564.0,9.163291127406005,0.013859137438388736,25.373858266657944,0.0014018735948658362,-0.13293596247381262,0.006344747026354125,1.4414744316571266,-3.6887885833223484,-7.2157,0.0,7.5938950253,3.702647720760737,0.005270436644611939,-0.49978155703531335,0.02385349674247177,0.033638112681112144,-0.04211665853742684,0.06315590743518712,-0.24023150457411302,0.003775857807974004,-0.10166283434123533
4565.0,9.182502172407036,-0.11753912845687789,25.357081749413116,0.0026712158203420714,-0.13160447531117894,0.006151549398048746,1.443321910467233,-3.8211760982988396,-7.2157,0.0,7.5938950253,3.703636969841962,0.010021602313072147,-0.49374060461361846,0.023078772297989873,0.03354287238711498,-0.043356003820953115,0.059425876895540325,-0.2417331150416146,0.003895522304938887,-0.10140025516454984
4566.0,9.20167805945306,-0.2481174117908613,25.340324214719264,0.003920363408009544,-0.1302461331602038,0.006108623945825806,1.446428326833881,-3.9522162524186473,-7.2157,0.0,7.5938950253,3.704098840627786,0.014677379335955212,-0.4876261980019462,0.02286996932233549,0.03347119220638113,-0.04460284490062594,0.055725407075447646,-0.24365330638907998,0.0040176025267323785,-0.101126150324806
4567.0,9.220817081431766,-0.3778376979238519,25.32343216821675,0.00514501853467744,-0.1288611478675561,0.006209737211972293,1.450761618215939,-4.081886115038755,-7.2157,0.0,7.5938950253,3.7040484171149033,0.019222362503705136,-0.4814396061469206,0.023200270113072033,0.0334005242074584,-0.045838592519459744,0.05204194861981489,-0.24554396975733023,0.0041386497851948695,-0.10088853537050144
4568.0,9.239918820133346,-0.5066596006181229,25.306260531245382,0.006341029700925014,-0.12744929009201184,0.006448143021535033,1.456284955187918,-4.2101626108983785,-7.2157,0.0,7.5938950253,3.7035030102802557,0.023641817363251924,-0.4751803699944676,0.024041177354053436,0.033330894600027035,-0.04706280765169285,0.04837649327724205,-0.24740322706318038,0.004258673736096372,-0.1006853956593477
4569.0,9.258982886264263,-0.6345399864038422,25.288671575795927,0.0075044264922959816,-0.12600993691856954,0.0068166463449184315,1.4629570258001885,-4.337022102904458,-7.2157,0.0,7.5938950253,3.702482116500616,0.027921802625115885,-0.46884656556441784,0.025362771426094364,0.03326233101303228,-0.04827499166322334,0.044730007068541106,-0.24922924276521877,0.004377682080127875,-0.10051463855825794
4570.0,9.278008915679301,-0.7614327371702034,25.270535388293485,0.008631434152305521,-0.12454213039689008,0.007307647314075762,1.4707323359393583,-4.462440029268847,-7.2157,0.0,7.5938950253,3.7010072920986437,0.0320492154350505,-0.46243503656503343,0.027133887481447624,0.03319486283367846,-0.04947458848746651,0.04110345141203903,-0.2510202263946137,0.00449568001115526,-0.10037410564393787
4571.0,9.296996565308499,-0.8872885839363599,25.251730285796118,0.00971848694441849,-0.1230446403109699,0.007913185236058154,1.4795615238206963,-4.58639059976879,-7.2157,0.0,7.5938950253,3.69910201583243,0.03601183165803475,-0.45594163974742263,0.029322290211382638,0.03312852143383812,-0.050660987891923054,0.03749780327644976,-0.2527744358322047,0.004612669735436301,-0.10026158459890623
4572.0,9.315945508862852,-1.0120550144647311,25.232143184220714,0.010762240197017131,-0.12151602979481523,0.008624982909807578,1.4893916866364743,-4.7088465545916085,-7.2157,0.0,7.5938950253,3.6967915401268776,0.03979834085917671,-0.44936149770828526,0.03189484749134608,0.03306334028234657,-0.05183352975244555,0.03391407395001366,-0.25449018130905426,0.00472865006607683,-0.10017482087767582
4573.0,9.334855432404066,-1.135676255875246,25.21166991792962,0.011759580935973962,-0.11995472241652433,0.009434491534720795,1.5001667172749198,-4.829778987909534,-7.2157,0.0,7.5938950253,3.694102732034288,0.04339837570896055,-0.44268925396576914,0.03481770400459511,0.03299935494451983,-0.05299150923675143,0.03035332606020814,-0.2561658300784268,0.004843616095598986,-0.1001115292157458
4574.0,9.353726029863342,-1.258093331937924,25.190215509768702,0.012707637023640656,-0.11835906938186638,0.010332936456363722,1.5118276489200346,-4.949157237031086,-7.2157,0.0,7.5938950253,3.691063905093162,0.04680253559562687,-0.4359193253241852,0.03805645576802627,0.03293660297296845,-0.054134182785220177,0.02681668852821396,-0.25779981168067306,0.004957558948110731,-0.10006940504564946
4575.0,9.372556998592284,-1.3792441932880375,25.167694390463943,0.013603784740380804,-0.11672741555788649,0.011311363929612031,1.5243130052497582,-5.0669488367107665,-7.2157,0.0,7.5938950253,3.687704643422729,0.050002404293354306,-0.4290461468063801,0.041576326229188276,0.03287512369633339,-0.055260774765675716,0.023305369195671326,-0.25939062369935134,0.005070465611217133,-0.10004613587051744
4576.0,9.391348035025493,-1.4990639174476479,25.144030566179385,0.014445654764619637,-0.11505816308678543,0.01236068899700827,1.5375591538755888,-5.183119536988389,-7.2157,0.0,7.5938950253,3.6840556195407412,0.0529905616089539,-0.42206440476454976,0.04534234428953085,0.032814957914896,-0.056370484669919146,0.019820664917252706,-0.26093683788767713,0.005182318846515993,-0.10003941262757621
4577.0,9.410098830529394,-1.6174849742733926,25.119157733028576,0.015231136529071643,-0.11334983144952274,0.013471744485353368,1.5515006606169808,-5.297633381791878,-7.2157,0.0,7.5938950253,3.6801484075184856,0.05576058900935038,-0.4149692541769379,0.04931952425565695,0.0327561475140658,-0.057462494713437756,0.01636396897033315,-0.2624371065294363,0.005293097176289175,-0.10004694105294354
4578.0,9.42880906750548,-1.7344375513053936,25.09301933742373,0.01595838095359079,-0.11160111294606889,0.014635331021869983,1.5660706421839625,-5.410452844490656,-7.2157,0.0,7.5938950253,3.6760152931852628,0.05830706931439125,-0.40775651659358825,0.05347304734815365,0.03269873500848323,-0.05853597769612237,0.012936775691624748,-0.26389016888811256,0.005402774942852941,-0.10006645303630134
4579.0,9.447478415808536,-1.8498499324864004,25.065568581344824,0.01662580157819118,-0.10981092268330797,0.015842267868107843,1.5812011148556602,-5.521539015647468,-7.2157,0.0,7.5938950253,3.6716890831610676,0.060625580621627526,-0.40042285570188346,0.05776844402661779,0.03264276303084921,-0.05959010498106852,0.009540682309074403,-0.2652948575922784,0.005511322435981458,-0.10009571793082239
4580.0,9.466106529531833,-1.9636489228714218,25.036768371912725,0.017232074142434963,-0.10797844230007912,0.01708344427033473,1.5968233367936808,-5.630851837399498,-7.2157,0.0,7.5938950253,3.667202914528076,0.06271268470884667,-0.3929659280331065,0.0621717760387531,0.03258827378057835,-0.060624054450638704,0.006177387994578884,-0.2666501048042602,0.005618706082883206,-0.10013255376134429
4581.0,9.48469304420179,-2.075760311270521,25.006591215048672,0.017776134678840694,-0.10610315680906122,0.01834987093428542,1.612868141719051,-5.738350378217612,-7.2157,0.0,7.5938950253,3.662590066947091,0.06456591023369267,-0.38538450691419046,0.06664981678796474,0.03253530844794303,-0.061637018303869626,0.0028486902181017425,-0.26795494802255704,0.005724888694404215,-0.10017483825336143
4582.0,9.503237574414618,-2.1861093622716603,24.975019053485198,0.018257176207554356,-0.10418488409401178,0.01963273115403261,1.6292662618095344,-5.843993141255527,-7.2157,0.0,7.5938950253,3.6578837789838663,0.06618373111533944,-0.3776785783722546,0.07117022835221345,0.032483906629519846,-0.0626282105668867,-0.000443521464459664,-0.2692085353761734,0.005829829760467752,-0.1002205195879366
4583.0,9.52173971193709,-2.294621328782727,24.94204304994473,0.0186746441366622,-0.10222379676476595,0.0209234310628424,1.645948637839105,-5.947738399115579,-7.2157,0.0,7.5938950253,3.653117070332852,0.0675655405389287,-0.36984940831046464,0.07570173328843072,0.032434105750468865,-0.06359687419802662,-0.003697274009812488,-0.270410130280507,0.0059334857872470805,-0.10026762677391941
4584.0,9.540199024283174,-2.4012219761138587,24.907663316903143,0.019028230486735066,-0.10022043623762572,0.02221364843074637,1.6628467147800716,-6.0495445476282255,-7.2157,0.0,7.5938950253,3.648322571514367,0.06871162106780862,-0.3618995808785682,0.0802142792295376,0.032385940508482806,-0.06454228768158504,-0.006910521650069591,-0.2715591153392057,0.006035810668213848,-0.1003142795194969
4585.0,9.558615053767998,-2.505838108689816,24.871888594985347,0.019317867069128695,-0.09817571907144815,0.02349537941081854,1.6798927213165271,-6.149370471168356,-7.2157,0.0,7.5938950253,3.64353236247854,0.06962311138046551,-0.3538330085463738,0.084679194229464,0.03233944235316667,-0.06546377101815132,-0.010081158561387634,-0.27265499539389393,0.006136756081013061,-0.10035869748045492
4586.0,9.576987317030861,-2.6083980907298496,24.834735882676814,0.019543717755009054,-0.09609093574603512,0.024760982634436494,1.6970199319699886,-6.247175912109513,-7.2157,0.0,7.5938950253,3.638777821379663,0.0703019701678793,-0.34565491494012,0.08906933083636959,0.03229463901318828,-0.06636069103497064,-0.01320703315042246,-0.27369739964319895,0.0062362719020868165,-0.10039920876273836
4587.0,9.595315305009862,-2.7088323526471325,24.796230020657163,0.019706169975946698,-0.0939677422156792,0.026003220074838407,1.714162910807994,-6.342921837239933,-7.2157,0.0,7.5938950253,3.6340894845928005,0.07075093773280293,-0.3373717920077064,0.09335919697297143,0.032251554081829115,-0.06723246595625022,-0.016285963648178765,-0.27468608277344564,0.006334306631099315,-0.10043425756187364
4588.0,9.61359848334247,-2.8070738754854245,24.756403234648285,0.019805825597282844,-0.09180814470360545,0.027215294136898403,1.7312577359871457,-6.436570794321638,-7.2157,0.0,7.5938950253,3.629496918836214,0.07097349582558884,-0.3289913335281675,0.09752507186988066,0.03221020666962511,-0.06807856919035032,-0.019315754685926455,-0.27562092506501723,0.006430807817497309,-0.10046241083127207
4589.0,9.631836293159202,-2.9030586464077506,24.715294641201368,0.019843491302487904,-0.08961447831970197,0.028390880487305422,1.7482422046664243,-6.528087252452068,-7.2157,0.0,7.5938950253,3.6250286060443178,0.07097382623251455,-0.3205223473644752,0.1015451055249269,0.032170611130686366,-0.06889853230791834,-0.022294214520548954,-0.27650193146006813,0.006525722481961986,-0.10048236388489126
4590.0,9.650028152231581,-2.9967260790584396,24.67294972130764,0.01982016862069318,-0.08738938018204492,0.02952415621069282,1.7650560181073542,-6.6174379204711835,-7.2157,0.0,7.5938950253,3.620711841412744,0.0707567686033103,-0.3119746491698318,0.1053994004383459,0.032132776867095834,-0.06969194720179797,-0.025219172576871212,-0.2773292295983891,0.006618997526055386,-0.10049294485658558
4591.0,9.66814438853566,-3.0880110977333626,24.629403700071787,0.019741109486401898,-0.08513509655637963,0.030610191252145293,1.781642259486659,-6.704591829710551,-7.2157,0.0,7.5938950253,3.616580731977188,0.07034247674382847,-0.3033574963821467,0.10907171492875516,0.03218472485738346,-0.07085492447886557,-0.027821422515433694,-0.27890090872161494,0.006834823520007469,-0.10037898989187438
4592.0,9.686152460616483,-3.1768535485182685,24.584694611155427,0.019612078690547464,-0.0828538698297747,0.03164504268586706,1.7979518030648296,-6.789519831936252,-7.2157,0.0,7.5938950253,3.6126662834179832,0.0697527850853546,-0.29468004217786936,0.11254951075369875,0.032239280737129936,-0.07199268614319199,-0.030365330743337013,-0.28042331870564363,0.007049407261158609,-0.1002533151337347
4593.0,9.704053031660466,-3.263207759647849,24.538882577259265,0.01943430498767508,-0.08054877930165816,0.03262506975107473,1.81393913485132,-6.8721953372439755,-7.2157,0.0,7.5938950253,3.6089875775961264,0.0689930078330215,-0.28595324426697905,0.11582105428088407,0.03229311924120521,-0.07309007702025247,-0.03285906819094754,-0.28186675981549336,0.007257991996093421,-0.1001195785959248
4594.0,9.721846995939725,-3.347032333939007,24.49203136778381,0.019209110446161914,-0.07822304649434872,0.03354710787162711,1.829560784491358,-6.952594717475575,-7.2157,0.0,7.5938950253,3.605562383536568,0.06806873787940253,-0.2771884758992581,0.1188763685192973,0.032346188726908275,-0.07414680378161934,-0.0353008974841893,-0.28323143462386885,0.007460467141128185,-0.09997729156068125
4595.0,9.739535275933981,-3.4282902460463003,24.444207771725594,0.018937930966551667,-0.07587999600635666,0.03440847293513493,1.8447753941137741,-7.03069743809152,-7.2157,0.0,7.5938950253,3.60240719204522,0.06698591907252385,-0.2683973914934364,0.12170723335685296,0.032398437548781696,-0.075162652583587,-0.037689152483521546,-0.2845176952493706,0.007656734599833262,-0.09982607404385559
4596.0,9.757118821498246,-3.5069489572175434,24.39548108141118,0.018622308638243837,-0.07352302027783318,0.03520695954797877,1.859543774139294,-7.106486156464434,-7.2157,0.0,7.5938950253,3.5995371992468903,0.06575081684707713,-0.25959180111556956,0.12430716265907131,0.03244981438515577,-0.07613748745485083,-0.04002224956724859,-0.28572603766288596,0.007846709034994416,-0.09966565291654525
4597.0,9.77459860893947,-3.582980487439402,24.345922580769077,0.018263884320287724,-0.07115554453045311,0.03594083528457784,1.8738289470467777,-7.179946786306788,-7.2157,0.0,7.5938950253,3.596966298867386,0.06436999001252885,-0.2507835469409698,0.12667136780648278,0.032500268567844104,-0.07707124798202322,-0.042298697944880156,-0.2868570949410557,0.008030318002626963,-0.09949585919517348
4598.0,9.79197563999677,-3.6563614459988085,24.295605042276545,0.017864390463946306,-0.06878099243333857,0.03660883115730598,1.887596180152271,-7.251068528497523,-7.2157,0.0,7.5938950253,3.5947070824987146,0.06285026373729351,-0.24198438358546567,0.12879670862514597,0.03254975040918383,-0.07796394636761868,-0.04451710888302535,-0.2879116295852249,0.008207501953979332,-0.09931662455713527
4599.0,9.809250940722785,-3.7270730220464694,24.244602236440805,0.017425644184875688,-0.06640275299982475,0.03721012858133164,1.9008130084850559,-7.319843869088183,-7.2157,0.0,7.5938950253,3.592770847041714,0.06119870373351199,-0.23320586400202795,0.13068163281511688,0.03259821152077556,-0.07881566394061526,-0.04667620374985626,-0.2888905250323307,0.008378214113175223,-0.09912797714916227
4600.0,9.82642556026685,-3.795100937243842,24.192988457352627,0.016949540583884738,-0.06402414916641376,0.03774434314838556,1.9134492488496042,-7.386268545739381,-7.2157,0.0,7.5938950253,3.5911676084955393,0.059422591616210475,-0.22445923242948349,0.13232610510169798,0.03264560511858269,-0.07962654720314301,-0.04877482080817368,-0.28979477648937907,0.008542420239594142,-0.09893003676375048
4601.0,9.843500569563483,-3.860435362999953,24.14083806749325,0.016438046307447475,-0.061648408446883386,0.038211505554567045,1.9254770061441937,-7.450341484257164,-7.2157,0.0,7.5938950253,3.589906121257211,0.057529401384153946,-0.21575532565741637,0.13373152742279068,0.03269188630947891,-0.0803968034983574,-0.05081192071099859,-0.2906254812256301,0.008700098285267069,-0.09872300946523194
4602.0,9.860477059932578,-3.9230708051564847,24.088225064592663,0.015893193332545297,-0.05927863599290563,0.03861204004960824,1.9368706729682126,-7.512064707261799,-7.2157,0.0,7.5938950253,3.5889939021053143,0.05552677694784164,-0.20710448364143982,0.13490065152264544,0.0327370123548683,-0.08112669638426878,-0.05278659067689816,-0.29138382845654276,0.008851237958465168,-0.09850718175130775
4603.0,9.877356141600078,-3.9830059592577776,24.03522267293728,0.015317072955080774,-0.0569177903292976,0.03894674078861584,1.9476069234934767,-7.57144321732587,-7.2157,0.0,7.5938950253,3.588437258068092,0.053422510612951585,-0.19851647027143243,0.13583748534863146,0.03278094290762142,-0.08181654079639039,-0.05469804734448298,-0.2920710889511464,0.008995840205288267,-0.09828291433811664
4604.0,9.89413894215023,-4.040243539747636,23.981902961117253,0.014711829957053245,-0.054568661968668344,0.03921674647252543,1.9576647025031233,-7.628484857163121,-7.2157,0.0,7.5938950253,3.588241317415485,0.05122452241511982,-0.19000040486717484,0.13654719464500398,0.0328236402192498,-0.08246669807873588,-0.05654563832629669,-0.2926886044900825,0.00913391662142744,-0.09805063565726854
4605.0,9.91082660492227,-4.0947900865693505,23.92833648779619,0.014079656924905126,-0.05223385504808781,0.0394235136608637,1.9670252104178831,-7.683200149634282,-7.2157,0.0,7.5938950253,3.5884100630649316,0.048940840194104655,-0.18156470475559672,0.13703600110834613,0.03286506931495859,-0.08307757095815553,-0.05832884250134171,-0.2932377772953825,0.009265488806398024,-0.09781083515184777
4606.0,9.927420287365953,-4.146655752712842,23.874591976686713,0.0134227886898899,-0.04991577207066669,0.039568789130610474,1.9756718850368904,-7.735602120462418,-7.2157,0.0,7.5938950253,3.5889463677495756,0.0465795802918907,-0.173217039075388,0.13731107841624532,0.03290519813494884,-0.08364959853146918,-0.06004726910249261,-0.29372005954541,0.009390587672436074,-0.09756405645535568
4607.0,9.943921159371328,-4.195854076257951,23.820736021530863,0.012743496860903149,-0.04761660177859599,0.03965458163880803,1.9835903806217485,-7.785706106620665,-7.2157,0.0,7.5938950253,3.5898520303627146,0.04414892875979607,-0.1649642937611887,0.1373804473670328,0.032943997641066855,-0.08418325132855371,-0.061700655669861174,-0.29413694307961286,0.009509252719946095,-0.09731089053310976
4608.0,9.960330401588873,-4.242401740411136,23.7668328215209,0.012044084420858449,-0.04533831013206284,0.03968313342499062,1.9907685448512855,-7.833529553372732,-7.2157,0.0,7.5938950253,3.591127812961596,0.04165712296375085,-0.15681254748340576,0.13725287127752805,0.03298144188859908,-0.08467902650768629,-0.06328886495368212,-0.2944899493880795,0.009621531290906505,-0.09705196885996917
4609.0,9.97664920375632,-4.286318324930329,23.712943947258324,0.011326880359263897,-0.04308263432115981,0.039656891763471806,1.9971963940730677,-7.87909180291532,-7.2157,0.0,7.5938950253,3.5927734779849905,0.03911243348415242,-0.1487670581626884,0.13693775268125313,0.033017508063670896,-0.08513744323223471,-0.06481188086043184,-0.29478061997066934,0.00972747781100855,-0.0967879567016427
4610.0,9.992878763048381,-4.327626052185851,23.659128137040884,0.010594234316032574,-0.04085107969588266,0.03957848084602113,2.002866087178792,-7.922413877496308,-7.2157,0.0,7.5938950253,3.5947878253104575,0.03652314621657491,-0.1408322595413784,0.1364450322550988,0.033052176487312235,-0.08555903827040655,-0.06626980354368257,-0.29501050713992955,0.009827153030551473,-0.09651954655949768
4611.0,10.009020282465093,-4.366349530920827,23.605441122991923,0.009848511214603627,-0.03864491946284527,0.039450674243472414,2.0077718983363435,-7.963518259768005,-7.2157,0.0,7.5938950253,3.597168728847178,0.03389754459160057,-0.13301176717838895,0.1357850907814228,0.03308543058779246,-0.08594436185238677,-0.06766284374668859,-0.2951811653313609,0.009920623273268543,-0.09624745183095791
4612.0,10.025074969273668,-4.402515500559087,23.551935486305304,0.009092085866017664,-0.03646519696655393,0.03927636816128635,2.011910188723448,-8.002428672986394,-7.2157,0.0,7.5938950253,3.599913172427307,0.03124389184562896,-0.12530839313900896,0.13496865482835857,0.03311725684329215,-0.08629397381195474,-0.06899131650700022,-0.2952941429740497,0.01000795970134068,-0.09597240072948705
4613.0,10.041044033517629,-4.4361525786685725,23.49866054067345,0.0083273375295394,-0.03431273034796664,0.039058555669943394,2.0152793773279694,-8.03916986349032,-7.2157,0.0,7.5938950253,3.603017284821748,0.028570413289197804,-0.11772416857665556,0.13400670670678894,0.03314764469736723,-0.08660844003269658,-0.07025563433464105,-0.29535097496441065,0.010089237603891084,-0.09569513050001385
4614.0,10.056928686605668,-4.467291013930135,23.445662242795624,0.007556644419614364,-0.03218811935348845,0.03880030205709991,2.0178799108091514,-8.073767387694366,-7.2157,0.0,7.5938950253,3.606476373764231,0.02588527853463164,-0.11026037334882778,0.13291039914077724,0.03317658644996735,-0.08688832921232309,-0.07145629997473282,-0.29535317577592685,0.010164535715267587,-0.09541638195766117
4615.0,10.0727301399911,-4.495962446691078,23.392983128727916,0.00678237815325429,-0.03009175405329858,0.03850472141544895,2.019714232353241,-8.106247405610969,-7.2157,0.0,7.5938950253,3.61028495891989,0.02319658366026837,-0.10291757177335163,0.13169097497169607,0.03320407712699668,-0.08713420995244224,-0.07259389886309314,-0.2953022332284392,0.010233935568429156,-0.09513689436996862
4616.0,10.0884496039511,-4.522199678905387,23.34066227473369,0.006006898136247037,-0.028023825218667434,0.038174954548839256,2.02078674940645,-8.136636482686136,-7.2157,0.0,7.5938950253,3.614436803780749,0.020512333303688624,-0.0956956536121259,0.1303596921069466,0.03323011433155363,-0.08734664817548127,-0.07366909137946588,-0.2951996029317988,0.010297520887776801,-0.09485740069559617
4617.0,10.104088286473106,-4.546036454983167,23.288735281221907,0.005232545890772449,-0.025984336103343032,0.037814148249974706,2.0211038001281834,-8.164961401493624,-7.2157,0.0,7.5938950253,3.6189249465104574,0.01784042269092565,-0.08859387936649045,0.12892775382372904,0.0332546980800592,-0.08752620486534755,-0.07468260499787792,-0.29504670341061956,0.010355377024821581,-0.09457862318588806
4618.0,10.119647392253906,-4.567507254794902,23.23723427831793,0.004461639330980041,-0.0239731153737677,0.03742543597638794,2.0206736183777685,-8.191248984589107,-7.2157,0.0,7.5938950253,3.6237417297942054,0.01518861962225234,-0.08161092897944876,0.127406244448148,0.03327783062648945,-0.08767343412388337,-0.07563522642735915,-0.29484491190947143,0.01040759043917625,-0.09430126934976013
4619.0,10.135128121815052,-4.586647099805522,23.18618795159411,0.0036964669967669683,-0.021989830936402662,0.03701191992769782,2.0195062970281232,-8.215525929582652,-7.2157,0.0,7.5938950253,3.62887882977713,0.01256454644757039,-0.07474495306364275,0.12580607035097305,0.0332995162778692,-0.08778888153121955,-0.07652779382911702,-0.29459556087115873,0.010454248226502106,-0.09402602827721766
4620.0,10.150531670736413,-4.60349137305238,23.135621586493063,0.0029392822593194367,-0.020034004417356786,0.0365766545066584,2.0176137493892963,-8.237818657248429,-7.2157,0.0,7.5938950253,3.634327284196049,0.009975662075463323,-0.0679936258085553,0.12413790613422769,0.03331976120407236,-0.08787308279476556,-0.07736118918842241,-0.2942999350747153,0.01049543769424674,-0.09375356731246251
4621.0,10.165859229007866,-4.618075653432884,23.08555713000102,0.0021922975148976264,-0.018105026059402597,0.03612263112932452,2.015009668522775,-8.258153173258172,-7.2157,0.0,7.5938950253,3.6400775198252884,0.0074292440694748866,-0.061354198764297777,0.12241214582770482,0.03333857324481319,-0.08792656266877694,-0.07813633091112415,-0.2939592694144153,0.010531245985277115,-0.09348452906402274
4622.0,10.181111980497443,-4.630435564534114,23.036013268169004,0.0014576783858175758,-0.016202169813896248,0.03565276433583846,2.011709484232993,-8.276554943902378,-7.2157,0.0,7.5938950253,3.6461193793682636,0.004932370893042856,-0.054823554750986464,0.12063885887144755,0.03335596171651355,-0.08794983412419788,-0.07885416670603887,-0.29357474729639854,0.010561759748849818,-0.09321952873663604
4623.0,10.196291102532673,-4.64060663802013,22.987005518132325,0.0007375379495933303,-0.014324608419694185,0.0351698791428402,2.007730317534537,-8.29304878595296,-7.2157,0.0,7.5938950253,3.65244214793283,0.002491904370715647,-0.04839826120067205,0.1188277506288432,0.0333719372214985,-0.08794339774676133,-0.07951566680561997,-0.2931474996254254,0.010587064857768258,-0.09295915176770986
4624.0,10.211397765590414,-4.648624191394414,22.938546333340735,3.393101874173761e-05,-0.01247142827749734,0.034676699571196824,2.003090932411084,-8.307658770625174,-7.2157,0.0,7.5938950253,3.6590345792307604,0.00011447243780785916,-0.04207462230171405,0.11698812715466278,0.03338651146171625,-0.08790774134011299,-0.08012181756843478,-0.2926786043507542,0.010607246170056315,-0.09270395175002823
4625.0,10.22643313308921,-4.654523219776088,22.890645220779227,-0.0006511515051732078,-0.010641643945799303,0.03417583827844434,1.9978116847040404,-8.32040814141667,-7.2157,0.0,7.5938950253,3.6658849216405827,-0.002193547746440961,-0.03584872938215181,0.11512886393232105,0.03339969705890472,-0.08784333970997887,-0.0806736154982018,-0.2921690865371527,0.010622387333028472,-0.09245444862191304
4626.0,10.2413983612771,-4.658338301170027,22.843308869030356,-0.0013157881790527976,-0.00883421210344091,0.03366978722378715,1.9919144679940897,-8.331319245439081,-7.2157,0.0,7.5938950253,3.672980944269054,-0.004426046245770326,-0.029716509037891622,0.11325837829384318,0.03341150738284202,-0.0877506546050819,-0.08117206170557152,-0.2916199189245542,0.010632570627257264,-0.09221112710620807
4627.0,10.256294599206873,-4.660103514573211,22.79654128610011,-0.0019581324429230594,-0.00704804484338032,0.03316090929440987,1.9854226563664414,-8.34041347771336,-7.2157,0.0,7.5938950253,3.6803099631401492,-0.006577196277485629,-0.023673768582391185,0.11138460524337535,0.03342195638902903,-0.08763013479060126,-0.08161815683056825,-0.29103202293784175,0.010637876847627051,-0.09197443538015077
4628.0,10.271122988790092,-4.659852370143005,22.750343945998765,-0.002576417897510973,-0.00528202218239975,0.03265143082488997,1.9783610439794745,-8.34771123777517,-7.2157,0.0,7.5938950253,3.6878588676321655,-0.008641469551686131,-0.017716238466063426,0.10951497641933725,0.033431058466864554,-0.08748221623042172,-0.08201289643573677,-0.2904062701066257,0.010638385218416837,-0.09174478395934355
4629.0,10.285884664920584,-4.657617750557392,22.704715943133664,-0.0031689634110314184,-0.0035350036918363,0.03214343494630038,1.9707557813859178,-8.353231897831273,-7.2157,0.0,7.5938950253,3.695614147273881,-0.010613650946559127,-0.011839611385016517,0.10765640195019605,0.03343882829909131,-0.0873073223552049,-0.08235726687261946,-0.28974348385368087,0.010634173339170473,-0.09152254478053598
4630.0,10.300580755657853,-4.653431862622506,22.65965415363107,-0.0037341780323007483,-0.0018058391748121242,0.03163885570778726,1.9626343085848996,-8.356993781622347,-7.2157,0.0,7.5938950253,3.7035619189998403,-0.012488852450586408,-0.006039577869248454,0.10581525498303423,0.03344528073301964,-0.08710586439439796,-0.08265224161729456,-0.28904444160987547,0.01062531715798725,-0.09130805046968865
4631.0,10.315212382460626,-4.647326198128657,22.61515340275786,-0.004270565688364894,-9.337833563300671e-05,0.03113947292062677,1.9540252848115216,-8.359014153082018,-7.2157,0.0,7.5938950253,3.7116879549533612,-0.014262526306712443,-0.00031185820934010816,0.10399735869128986,0.03345043066377906,-0.08687824175164194,-0.08289877806437798,-0.28830987721295814,0.01061189096879579,-0.09110159378371449
4632.0,10.329780660460818,-4.639331502921987,22.571206637659962,-0.004776729646100621,0.0016035205931786147,0.030646907682639044,1.9449585150975504,-8.35930921383579,-7.2157,0.0,7.5938950253,3.7199777109138026,-0.015930477298326813,0.0053477693525913585,0.10220797559701678,0.03345429292960851,-0.08662484240461919,-0.08309781476317689,-0.28754048354745276,0.010593967429155854,-0.09090342721629337
4633.0,10.344286698768375,-4.629477753144199,22.527805104672886,-0.005251376718669436,0.003285983281542724,0.03016261854902085,1.9354648736619908,-8.357894108556554,-7.2157,0.0,7.5938950253,3.728416355412355,-0.017488874122147235,0.0109434441779949,0.1004517990725728,0.03345688221897761,-0.0863460433121553,-0.0832502690746126,-0.28673691538313073,0.010571617595162501,-0.09071376276014854
4634.0,10.358731600797787,-4.617794137596748,22.484938530489877,-0.005693321199226089,0.004955112787066469,0.029687898323826692,1.9255762242134256,-8.354782937184982,-7.2157,0.0,7.5938950253,3.736988799588234,-0.018934259798587046,0.016479202482791715,0.0987329469157268,0.03345821298913575,-0.08604221081332863,-0.08335703522313298,-0.2858997923700816,0.010544910970101289,-0.09053277182008254
4635.0,10.373116464607563,-4.604309045207437,22.442595306495846,-0.006101488505863628,0.006611984074288478,0.029223871454193303,1.9153253372669312,-8.34998877303222,-7.2157,0.0,7.5938950253,3.7456797278247826,-0.020263561075803866,0.021958960177148226,0.09705495691983898,0.03345829939551525,-0.08571370100541205,-0.08341898271413059,-0.28502970214928103,0.01051391556361795,-0.09036058527283097
4636.0,10.387442383244572,-4.589050056615482,22.40076267559018,-0.0064749185233742325,0.00825763953098376,0.028771492016714258,1.904745804597045,-8.34352368580815,-7.2157,0.0,7.5938950253,3.754473629192667,-0.021474096789220222,0.027386499134884546,0.09542078438621449,0.03345715523127042,-0.08536086008963742,-0.08343695508438614,-0.28412720353874643,0.01047869795831793,-0.09019729367135049
4637.0,10.401710445085866,-4.572043938944539,22.35942692082997,-0.0068127686289846156,0.009893085429531986,0.028331542291924475,1.8938719509647002,-8.335398768659779,-7.2157,0.0,7.5938950253,3.76335482971524,-0.022563585143768397,0.03276545668586562,0.09383280154831701,0.033454793876117626,-0.0849840246760044,-0.08341176895077715,-0.2831928297568733,0.010439323380895975,-0.09004294759247061
4638.0,10.415921734171395,-4.553316642900521,22.318573555227566,-0.007114316390757828,0.011519289267749795,0.02790463192848972,1.8827387432703802,-8.3256241683596,-7.2157,0.0,7.5938950253,3.7723075254590785,-0.023530149891348467,0.03809931808263052,0.09229279889677908,0.033451228253552574,-0.08458352204061428,-0.08334421332093066,-0.28222709164633947,0.010395855775110138,-0.08989755812787713
4639.0,10.430077330521929,-4.532893301410818,22.278187512033828,-0.0073789619288171125,0.013137177911594387,0.027491197703304146,1.8713816972981232,-8.314209117851727,-7.2157,0.0,7.5938950253,3.781315816440909,-0.024372325380930704,0.043391411656176035,0.09080198840974804,0.03344647079546043,-0.0841596703312635,-0.08323504912865198,-0.2812304808640451,0.01034835787415411,-0.08976109751914213
4640.0,10.44417831043738,-4.510798229111997,22.23825333483217,-0.007606229930926221,0.014747636451902794,0.027091503887217705,1.8598367822256745,-8.301161970442397,-7.2157,0.0,7.5938950253,3.7903637413304,-0.025089060463334322,0.04864490634560748,0.08936100870491222,0.03344053341310202,-0.0837127787192457,-0.08308500895681942,-0.2802034730048891,0.010296891270242461,-0.08963349993796668
4641.0,10.458225746771694,-4.487054922092551,22.198755366759176,-0.007795771315244582,0.016351507678966107,0.026705643228529818,1.8481403230852527,-8.286490235009309,-7.2157,0.0,7.5938950253,3.7994353129167573,-0.025679721236948616,0.05386281126263391,0.08796993213756608,0.03343342747345366,-0.08324314749745228,-0.08289479691097681,-0.2791465306297543,0.01024151647950134,-0.08951466241296377
4642.0,10.472220709181396,-4.461686057403707,22.159677938156804,-0.007947364534261727,0.017949592072360066,0.026333538567724836,1.8363289013673407,-8.2702006116994,-7.2157,0.0,7.5938950253,3.8085145542956926,-0.02614409262452588,0.05904797693488845,0.08662827387344425,0.03342516377990025,-0.08275106812689437,-0.08266508860805659,-0.27806010617084503,0.010182293000547772,-0.08940444590419885
4643.0,10.486164264345842,-4.434713491962865,22.12100555194958,-0.008060916515005633,0.019542648199150865,0.025974945097255203,1.824439253966878,-8.252299027684955,-7.2157,0.0,7.5938950253,3.817585535722091,-0.026482378774682274,0.06420309786199466,0.08533500296605018,0.03341575255632631,-0.0822368232356645,-0.08239653124649246,-0.2769446446904554,0.01011927936543997,-0.08930267652634971
4644.0,10.500057476158062,-4.406158260588647,22.082723066028922,-0.008136463231621382,0.021131393411430582,0.02562945327959991,1.8125081706774602,-8.23279067265134,-7.2157,0.0,7.5938950253,3.8266324120626933,-0.026695202284922916,0.0693307160152944,0.08408855546620113,0.03340520343371969,-0.08170068657608187,-0.08208974372638671,-0.27580058647230504,0.010052533181984166,-0.08920914692078005
4645.0,10.513901405885985,-4.376040573021753,22.04481587191662,-0.008174169907341124,0.022716504734145118,0.025296492435464456,1.8005723904448625,-8.211680033794117,-7.2157,0.0,7.5938950253,3.835639460772364,-0.026783602245904065,0.07443322491622249,0.0828868495869554,0.03339352543849178,-0.08114292294729257,-0.08174531679133495,-0.2746283694277105,0.009982111166685875,-0.08912361777608097
4646.0,10.527697112304514,-4.3443798098995945,22.007270068971046,-0.008174330843727953,0.024298619836362292,0.02497533501198772,1.7886684965965691,-8.188970930206613,-7.2157,0.0,7.5938950253,3.844591120307019,-0.026749031109310144,0.07951287393938355,0.0817273029404847,0.03338072698182666,-0.08056378809190257,-0.08136381316691899,-0.2734284313020161,0.009908069167931115,-0.08904581949576551
4647.0,10.541445651799673,-4.311194517762848,21.970072633393823,-0.008137368875891369,0.025878337983459492,0.024665101538334698,1.776832811269173,-8.164666546639161,-7.2157,0.0,7.5938950253,3.853472028876313,-0.026593350384213985,0.08457177250427488,0.08060685185533015,0.0333668158494943,-0.0799635285762807,-0.0809457676746892,-0.272201211669832,0.009830462179270472,-0.08897545401084624
4648.0,10.555148078446537,-4.2765024032764645,21.93321158129129,-0.008063834453157621,0.027456220874124693,0.024364766273237574,1.7651012892605922,-8.13876946670606,-7.2157,0.0,7.5938950253,3.862267063429596,-0.026318825169164787,0.08961189384401365,0.07952197277336244,0.03335179919169844,-0.07934238166496638,-0.08049168730459945,-0.27094715371067335,0.009749344342952592,-0.08891219673402828
4649.0,10.568805444063168,-4.240320326944197,21.89667612504503,-0.007954404345451216,0.029032793274462888,0.02407316354604992,1.753509411539117,-8.111281705703982,-7.2157,0.0,7.5938950253,3.8709613787597856,-0.02592811752956672,0.09463507806997044,0.07846870571614839,0.03333568351267316,-0.07870057520013567,-0.08000205123324604,-0.26966670575949125,0.009664768944108504,-0.08885569865125216
4650.0,10.58241879824308,-4.202664296682422,21.860456822248477,-0.0078098799764198985,0.030608543371748415,0.023788994789835243,1.7420920786463583,-8.082204743284096,-7.2157,0.0,7.5938950253,3.8795404466016743,-0.025424278732224616,0.0996430342873784,0.07744267980075452,0.03331847465989032,-0.07803832749731074,-0.0794773107798152,-0.2683603226293071,0.009576788396220658,-0.08880558854535721
4651.0,10.595989188368975,-4.163549461694075,21.8245457164726,-0.007631185385127819,0.03218392278229553,0.02351083626203588,1.7308835042362305,-8.051539556287992,-7.2157,0.0,7.5938950253,3.887990094593917,-0.02481074035128572,0.10463734155817378,0.0764391407756627,0.033300177812890054,-0.07735584726843597,-0.07891788929627114,-0.26702846670563585,0.009485454218716731,-0.08876147534573772
4652.0,10.60951765961058,-4.122990107145227,21.788936469132636,-0.00741936481896068,0.03375934616133672,0.02323714744544917,1.7199171089971104,-8.019286652112976,-7.2157,0.0,7.5938950253,3.8962965449677496,-0.02409130426223138,0.10961944855283251,0.07545298053871254,0.03328079747189221,-0.07665333358308947,-0.07832418199292664,-0.26567160881458346,0.009390817007704605,-0.08872295059705473
4653.0,10.623005254909344,-4.080999650193835,21.753624481739415,-0.007175579961239141,0.03533519037747418,0.022966280119632126,1.709225415209231,-7.985446103014292,-7.2157,0.0,7.5938950253,3.9044464528204568,-0.0232701315430911,0.11459067178201955,0.07447876859099593,0.03326033744648738,-0.07593097587795489,-0.07769655570504065,-0.26429022886839054,0.009292926401008964,-0.08868959103935964
4654.0,10.63645301495263,-4.0375906379511965,21.71860700783305,-0.0069011067979252655,0.036911793229953,0.022696488090486237,1.6988399421941336,-7.950017581778993,-7.2157,0.0,7.5938950253,3.9124269438277963,-0.022351730304670952,0.11955219235061361,0.0735107853734766,0.03323880084483561,-0.07518895402375642,-0.07703534861038971,-0.26288481629373917,0.009191831038778813,-0.08866096129138933
4655.0,10.64986197813973,-3.9927747479708433,21.68388325391331,-0.0065973321287298575,0.03848945170342144,0.02242593756362946,1.6887911029175302,-7.9130003992180455,-7.2157,0.0,7.5938950253,3.9202256512472022,-0.021340942474302706,0.12450505123020211,0.07254305742673903,0.03321619006391673,-0.07442743845767387,-0.07634086991177712,-0.2614558702493291,0.009087578521007698,-0.08863661662830333
4656.0,10.663233180541669,-3.94656279185629,21.64945446869949,-0.006265749728880197,0.0400684197717042,0.022152718145196173,1.679108102011191,-7.874393543918922,-7.2157,0.0,7.5938950253,3.927830752062632,-0.020242929560409167,0.12945014310050854,0.07156939430853197,0.033192506781475624,-0.073646590387823,-0.07561339950208817,-0.2600038996400571,0.008980215363342906,-0.08861610584474042
4657.0,10.67656765585631,-3.8989647225579636,21.615324020073125,-0.005907956168778576,0.04164890577911439,0.021874854451839884,1.6698188354834118,-7.834195724680416,-7.2157,0.0,7.5938950253,3.935231002122453,-0.019063157428013133,0.13438820886443517,0.07058342719839607,0.03316775195038453,-0.07284656207473612,-0.07485318763269795,-0.25852942293560127,0.008869786952556385,-0.08859897419375873
4658.0,10.689866435359747,-3.8499896458907754,21.581497459079422,-0.005525646299758764,0.04323106944465632,0.021590318309840994,1.6609497923912229,-7.792405416014591,-7.2157,0.0,7.5938950253,3.942415770123816,-0.01780738011814862,0.13931982699447923,0.0695786491133078,0.03314192579620097,-0.07202749719293425,-0.07406045460871553,-0.25703296780133444,0.008756337503008797,-0.08858476639196114
4659.0,10.703130547854355,-3.799645836747526,21.547982570387475,-0.0051206084151147364,0.044815018550806475,0.021297041521213703,1.6525259587508023,-7.749020907048015,-7.2157,0.0,7.5938950253,3.9493750703004893,-0.016481622746913647,0.14424540391920965,0.06854845665251581,0.03311502781873198,-0.07118953127368062,-0.07323539053664449,-0.2555150705493028,0.008639910015359869,-0.08857302968087155
4660.0,10.716361019613347,-3.7479407604103336,21.514789408636112,-0.004694719096515923,0.046400805394084046,0.020992929172416998,1.6445707239655736,-7.704040354086451,-7.2157,0.0,7.5938950253,3.956099593676117,-0.0150921635225769,0.1491651637062775,0.0674861931831277,0.03308705679842051,-0.07033279222788083,-0.0723781551515012,-0.2539762754165263,0.008520546238665208,-0.08856331693437901
4661.0,10.729558874320967,-3.6948810992736183,21.481930320121243,-0.004249937756817495,0.047988423089020106,0.02067587345855143,1.6371057900543067,-7.657461837024768,-7.2157,0.0,7.5938950253,3.96258073775115,-0.013645514921658738,0.15407913734210882,0.0663851933700466,0.03305801080834788,-0.06945740094588787,-0.0714888777512143,-0.252417133677172,0.008398286636854211,-0.08855518980177557
4662.0,10.742725133006966,-3.6404727851891687,21.449419949312837,-0.0037883008911051216,0.04957780183009411,0.020343767992614552,1.6301510839642985,-7.609283419688418,-7.2157,0.0,7.5938950253,3.968810634499249,-0.012148404067194226,0.1589871519470473,0.06523882894408567,0.03302788723259593,-0.0685634719687236,-0.07056765726620164,-0.2508382025942553,0.008273170360408956,-0.0885482218755434
4663.0,10.755860813973362,-3.5847210375282335,21.417275229725618,-0.003311916048564443,0.05116880522742882,0.0199945225653517,1.6237246732575208,-7.5595032140857725,-7.2157,0.0,7.5938950253,3.974782176557539,-0.010607752354401902,0.16388882029738103,0.0640405555900746,0.03299668279163363,-0.0676511142229873,-0.06961456249136114,-0.24924004421550744,0.008145235223864122,-0.08854200187256672
4664.0,10.768966932711066,-3.5276304069293314,21.38551535870813,-0.0028229555384226067,0.052761226841232384,0.0196260783163547,1.6178426854606458,-7.5081194484338605,-7.2157,0.0,7.5938950253,3.980489041504529,-0.009030654370685872,0.1687835310515595,0.06278396082215548,0.03296439357528658,-0.06672043180953316,-0.06862963250631181,-0.2476232240169685,0.008014517689527066,-0.08853613681682962
4665.0,10.782044501803515,-3.46920482456593,21.354161755760792,-0.0023236498837625064,0.05435478704687938,0.019236423271237126,1.6125192313732584,-7.455130538695566,-7.2157,0.0,7.5938950253,3.985925714129636,-0.007424356158261859,0.17367044009619673,0.061462812695984505,0.032931015083714606,-0.06577152483391252,-0.06761287730758403,-0.24598830939679686,0.007881052857580865,-0.08853025521089136
4666.0,10.795094530814191,-3.4094476566277963,21.323238004046107,-0.0018162810374549368,0.055949130366882385,0.018823608192898647,1.6077663326324825,-7.4005351632365555,-7.2157,0.0,7.5938950253,3.991087506608759,-0.005796232868708685,0.1785484634374689,0.060071109187077136,0.032896542276664595,-0.06480449026463979,-0.06656427867359747,-0.24433586802078225,0.007744874462486346,-0.08852401018249698
4667.0,10.808118026154737,-3.3483617635664915,21.29276977481413,-0.0013031753747898243,0.05754382340759909,0.018385762687076118,1.603593853836844,-7.344332340077552,-7.2157,0.0,7.5938950253,3.995970576511061,-0.004153765859409454,0.18341627206462627,0.05860312804107273,0.032860969631084355,-0.06381942280360586,-0.06548379127971214,-0.24266646602019382,0.007606014875348096,-0.08851708259158397
4668.0,10.821115990930371,-3.2859495635121814,21.262784734534794,-0.0007866964776223017,0.0591383535371526,0.017921111493612144,1.6000094395375446,-7.286521506084892,-7.2157,0.0,7.5938950253,4.00057194257271,-0.002504519282188949,0.18827228920404024,0.05705347687543432,0.03282429120698324,-0.06281641575147444,-0.06437134407643116,-0.24098066604192928,0.007464505111660333,-0.0885091840816945
4669.0,10.834089424759455,-3.222213099128758,21.233312434606628,-0.0002692377249960146,0.06073212843655832,0.0174279908852578,1.5970184564115084,-7.227102597312398,-7.2157,0.0,7.5938950253,4.0048894981836405,-0.0008561162145215205,0.19311469036410386,0.05541714328340626,0.03278650072120848,-0.0617955618497039,-0.0632268419390294,-0.23927902515052868,0.0073203748436074766,-0.08850006005842517
4670.0,10.847039323564404,-3.1571541070405837,21.20438418359945,0.00024678529471498334,0.06232447664833095,0.016904865085530043,1.5946239409375482,-7.166076129583665,-7.2157,0.0,7.5938950253,4.008922022543081,0.0007837856164549654,0.19794140654313203,0.05368954466048149,0.03274759162857718,-0.060756954079983036,-0.06205016759154566,-0.23756209258151031,0.007173652415868,-0.08848949257607452
4671.0,10.859966679331643,-3.0907740888402535,21.176032902087666,0.0007589425350658268,0.06391464923582225,0.016350342606393224,1.5928265529047163,-7.103443278288795,-7.2157,0.0,7.5938950253,4.012669189448541,0.0024075184671401603,0.2027501309340653,0.051866577441921954,0.0327075572095692,-0.05970068640139198,-0.060841183802290366,-0.2358304073457272,0.007024364863664809,-0.08847730311213473
4672.0,10.87287247983899,-3.023074382576054,21.14829296024073,0.001264797391090736,0.06550182265219837,0.01576319239561328,1.5916245350901495,-7.039205956266851,-7.2157,0.0,7.5938950253,4.016131573690798,0.0040074295181765154,0.20753832941133227,0.04994466540795106,0.03266639066354801,-0.05862685440553656,-0.05959973584187654,-0.2340844956850512,0.006872537931627425,-0.08846335520777487
4673.0,10.885745181377262,-2.9540534338401585,21.12119475201806,0.0017633547505395137,0.06708531396701305,0.01514245162847531,1.5910139541349368,-6.97336684876894,-7.2157,0.0,7.5938950253,4.0193134149287815,0.005580469700871731,0.21230416729920193,0.0479211528387967,0.0326700307598336,-0.05771883700375424,-0.0582178728795667,-0.23268234336346122,0.006771327794782044,-0.08839077411164117
4674.0,10.898541121634196,-2.8837032744903945,21.094756022552644,0.0022573484284374944,0.06866496346710121,0.0144873754190847,1.5909924186409905,-6.905928921434272,-7.2157,0.0,7.5938950253,4.022225646943878,0.007135418630049727,0.21704813195097966,0.045794210217434246,0.03269692478933245,-0.05689001384127884,-0.05674669328511198,-0.23145519636872502,0.0066956231921129795,-0.08828615304884575
4675.0,10.911257386851354,-2.8120258769693613,21.06901245269702,0.0027448597105456263,0.07023990711286138,0.01379688343791447,1.5915577114617678,-6.836895626096814,-7.2157,0.0,7.5938950253,4.024869749127452,0.008666317150784765,0.2217677316414532,0.0435607572605627,0.03272399064696253,-0.05604828069177169,-0.05524035691234197,-0.23022373430323634,0.006618722151404088,-0.08817791380771323
4676.0,10.923893838136696,-2.739023918471208,21.044001997878496,0.0032236554215405878,0.07180917092880781,0.013070047541128569,1.5927053533760944,-6.766271302738785,-7.2157,0.0,7.5938950253,4.027247384267577,0.010166240254401453,0.2264600860419377,0.04121819055215949,0.0327512203480551,-0.055193732753242006,-0.053698744260660375,-0.22898847269179273,0.006540647854889449,-0.08806599185220496
4677.0,10.936450331825583,-2.6647001990329717,21.019763537116283,0.0036915142061508008,0.07337172303036596,0.012306131968426103,1.594428546050342,-6.694061247943335,-7.2157,0.0,7.5938950253,4.0293610489103635,0.01162833099802197,0.23112214491026498,0.03876451988069436,0.032778606085575875,-0.05432646984058872,-0.05212172789245782,-0.22774991339724643,0.006461422656725993,-0.08795036763030742
4678.0,10.948926719146447,-2.5890576995982806,20.996336660993073,0.004146234324232873,0.07492648156339267,0.011504606710090138,1.5967181550993488,-6.6202717718901685,-7.2157,0.0,7.5938950253,4.031214072291888,0.013045824137268295,0.2357507138434938,0.0361984065953729,0.032806140269187725,-0.05344659638538088,-0.0505091755757841,-0.22650854149640587,0.006381068051924604,-0.08783106846318625
4679.0,10.961322845907546,-2.5120996342958546,20.9737614459607,0.004585641530013824,0.07647232396824809,0.010665160057718334,1.5995627006588113,-6.544910247262887,-7.2157,0.0,7.5938950253,4.032810612967033,0.014412069868734593,0.2403424839995236,0.03351919920190768,0.03283381556703341,-0.052554221291817554,-0.04886095353865997,-0.22526482205203466,0.006299604643221931,-0.08770817020113376
4680.0,10.973638552205697,-2.433829495670663,20.95207821593765,0.005007597019486161,0.07800809753206508,0.009787710189362444,1.6029483558400563,-6.467985148795493,-7.2157,0.0,7.5938950253,4.03415565312483,0.015720557634607297,0.2448940656460277,0.030726965757019747,0.032861624949460475,-0.05164945764001816,-0.04717692979389937,-0.22401919679578347,0.0062170521050412,-0.08758179862044994
4681.0,10.985873672158426,-2.3542510916545663,20.93132729231269,0.005410005428972939,0.07953263116408668,0.00887241563812704,1.6068589534385593,-6.389506082232897,-7.2157,0.0,7.5938950253,4.035254990578331,0.016964939939228353,0.24940202530696592,0.027822522619033875,0.032889561733792934,-0.05073242223025196,-0.04545697748882081,-0.2227720807391137,0.006133429143743977,-0.08745213053587025
4682.0,10.998028033661381,-2.2733685731405795,20.911548733626127,0.0057908228665911705,0.08104474829921106,0.007919684494500239,1.6112760012619483,-6.309483801555725,-7.2157,0.0,7.5938950253,4.036115228415145,0.018139056123832396,0.25386292618662587,0.024807459119078428,0.03291761962915187,-0.04980323496448663,-0.04370097823031285,-0.22152385873148298,0.006048753453455631,-0.0873193946042197
4683.0,11.010101458173514,-2.1911864511317622,20.89278206635463,0.00614806495676198,0.08254328080479265,0.006930182196966575,1.616178706432739,-6.227930213423811,-7.2157,0.0,7.5938950253,4.036743762292049,0.019236956041237634,0.2582733714605423,0.021684157733920132,0.032945792780244926,-0.0488620180646869,-0.04190882533253232,-0.22027488198722983,0.005963041666855233,-0.0871838717966431
4684.0,11.022093760533046,-2.1077096025720654,20.875066008373928,0.006479814876038775,0.08402708373593532,0.005904837773008887,1.621544009004936,-6.144858367925608,-7.2157,0.0,7.5938950253,4.0371487653535425,0.0202529235669231,0.26263004993372313,0.018455809367957907,0.032974075808985856,-0.047908895130581566,-0.040080426932182826,-0.21902546460465722,0.005876309300455307,-0.08704589551905964
4685.0,11.034004748807876,-2.0229432641313925,20.858438186812553,0.006784231356356472,0.08549505075567099,0.00484484840357908,1.6273466252111803,-6.060282434881732,-7.2157,0.0,7.5938950253,4.037339170750339,0.021181499876708997,0.26692978348147617,0.015126423388691388,0.03300246385277447,-0.04694399004308243,-0.03821570891495889,-0.21777588010272672,0.005788570694056856,-0.08690585136342467
4686.0,11.045834224184643,-1.9368930134092033,20.842934852135684,0.007059556629365771,0.08694613000926882,0.0037516821985416945,1.6335591006277144,-5.974217665138714,-7.2157,0.0,7.5938950253,4.037324651729511,0.022017506414243056,0.2711695756089813,0.011700832107074441,0.03303095259826611,-0.045967425723119404,-0.036314617596455295,-0.21652635800247902,0.005699838944248231,-0.08676417647593516
4687.0,11.05758198090125,-1.8495647372379143,20.82859059040721,0.007304124282841747,0.08837934021721285,0.0026270790883896923,1.6401518735075404,-5.886680336501912,-7.2157,0.0,7.5938950253,4.0371155992639975,0.022756067463800912,0.2753466603948096,0.008184689451214762,0.03305953830949136,-0.04497932275927952,-0.03437712210171688,-0.2152770804817501,0.005610125832020154,-0.08662135853244948
4688.0,11.069247806228082,-1.7609645870062143,20.815438035767414,0.0075163669972962074,0.08979378672986199,0.0014730497584959624,1.6470933484874613,-5.797687684191664,-7.2157,0.0,7.5938950253,4.036723097185449,0.023392632235693843,0.27945855102306544,0.00458446364816528,0.033088217849251894,-0.04397979792122873,-0.0324032163897119,-0.2140281791329254,0.005519441744790101,-0.08647793431604317
4689.0,11.080831480503615,-1.6710989211795253,20.803507585229603,0.007694824127944166,0.09118867726918674,0.000291872575966798,1.6543499808220083,-5.707257815960891,-7.2157,0.0,7.5938950253,4.036158894781366,0.023922996363051677,0.2835030870608193,0.0009074238029652987,0.03311698869281713,-0.042968962579370606,-0.030392920872395722,-0.21277973185431973,0.005427795593363257,-0.08633448789670264
4690.0,11.092332777230373,-1.5799742354658655,20.792827117939105,0.007838149094156614,0.0925633370699343,-0.0009139115146523642,1.6618863712366696,-5.615409612281399,-7.2157,0.0,7.5938950253,4.035435376815533,0.0243433227001613,0.287478479603949,-0.0028383796548551803,0.033145848933078564,-0.041946921054475034,-0.028346283582706213,-0.21153175990629847,0.005335194724599903,-0.086191648418557
4691.0,11.10375146323735,-1.4875970813553958,20.78342172104996,0.007945116535567502,0.09391722312470953,-0.0021415061225813453,1.6696653714245766,-5.5221626122854985,-7.2157,0.0,7.5938950253,4.034565530930102,0.02465016130417776,0.291383353397117,-0.0066441406012358595,0.03317479727648122,-0.04091376892400718,-0.026263380851785395,-0.21028422516342368,0.005241644830805372,-0.08605008750563284
4692.0,11.115087298915041,-1.393973974045491,20.77531342435688,0.008014629191196552,0.09524993723527832,-0.003387868535579112,1.6776482001354527,-5.427536886434063,-7.2157,0.0,7.5938950253,4.033562912388572,0.02484046847420372,0.2952167850337654,-0.010500328779432334,0.03320383302924264,-0.03986959131452433,-0.024144317462904376,-0.20903702759374887,0.00514714985710311,-0.08591051630274013
4693.0,11.126340038529056,-1.299111291044438,20.7685209457716,0.008045724455412323,0.09656123757629045,-0.0046497207755070245,1.6857945697239054,-5.33155289716618,-7.2157,0.0,7.5938950253,4.032441606121742,0.0249116247147879,0.2989783363607308,-0.0143967270604282,0.03323295607358385,-0.0388144612117084,-0.021989226257900736,-0.20779000299589553,0.0050517119082884665,-0.08577368217359403
4694.0,11.13750943061794,-1.2030151630197021,20.763059449654012,0.008037580562407776,0.09785104848782912,-0.005923562492973271,1.6940628229370993,-5.234231349063253,-7.2157,0.0,7.5938950253,4.031216186043551,0.024861451485171493,0.30266808224993647,-0.018322474082215618,0.03326216683392936,-0.037748437821298206,-0.01979826718129879,-0.20654292102375055,0.004955331156884649,-0.08564036508348231
4695.0,11.14859521848032,-1.1056913587148671,20.758940319899846,0.007989522349209088,0.09911946822981943,-0.007205685581822276,1.7024100796306993,-5.1355930303256,-7.2157,0.0,7.5938950253,4.029901671610733,0.024688226591454927,0.3062866319567334,-0.022266111866927642,0.03329146623327855,-0.03667156501531843,-0.017571625757526625,-0.20529548352755583,0.004858005754327305,-0.08551137369852581
4696.0,11.159597140755775,-1.007145165996627,20.756170949550363,0.00790102654619906,0.10036677445429872,-0.00849219036900135,1.7107923930081654,-5.035658647606233,-7.2157,0.0,7.5938950253,4.028513481609606,0.024390698076590583,0.30983514336041934,-0.026215637941235166,0.03332085564020113,-0.035583869898524946,-0.015309511007582759,-0.20404732323886643,0.0047597317473846755,-0.08538754123768832
4697.0,11.170514932102884,-0.907381271303566,20.754754548528233,0.007771726543811494,0.10159342718062522,-0.009779003213271355,1.7191649148836143,-4.934448656468566,-7.2157,0.0,7.5938950253,4.027067385165,0.023968096463025258,0.3133153294763712,-0.030158561422179507,0.03335033680715973,-0.03448536152986422,-0.013012152822930258,-0.20279800282535612,0.004660503002071174,-0.08526972111701737
4698.0,11.18134832397689,-0.8064036399462253,20.754689970920914,0.007601416584530997,0.10280006909346989,-0.011061895328133857,1.7274820693742565,-4.831983089926558,-7.2157,0.0,7.5938950253,4.025579449980333,0.02342014520516731,0.31672945673965375,-0.03408196248005546,0.03337991180110376,-0.03337602983295881,-0.010679798826070307,-0.20154701433981426,0.004560311137428687,-0.08515878242800655
4699.0,11.192097045508119,-0.7042153998479737,20.755971563033057,0.007390055330684254,0.10398752302332535,-0.01233650263092845,1.7356977343366577,-4.728281387682093,-7.2157,0.0,7.5938950253,4.024065987834119,0.022747069213829747,0.3200803346850286,-0.0379725545541131,0.03340958292750558,-0.0322558447281758,-0.008312710758918634,-0.2002937790859302,0.004459145471627769,-0.08505560529335704
4700.0,11.20276082448093,-0.6008187314139686,20.758589033217753,0.007137768760781803,0.10515678651355752,-0.013598346411878447,1.7437654297735663,-4.623362228790485,-7.2157,0.0,7.5938950253,4.022543497376517,0.021949601322522792,0.3233712967856662,-0.04181674867729923,0.0334393526492151,-0.03112475551672067,-0.00591116045151005,-0.1990376479216513,0.004356992982876621,-0.08496107614370765
4701.0,11.21333938841146,-0.4962147662673091,20.76252734427829,0.00684485235038626,0.10630902342587092,-0.014842854614331444,1.7516385123565297,-4.517243370557045,-7.2157,0.0,7.5938950253,4.021028604289736,0.02102898657597949,0.3266061723598719,-0.04560071926407258,0.03346922350168661,-0.029982690544451858,-0.0034754254344235395,-0.1977779020190507,0.004253838287616858,-0.08487608295806032
4702.0,11.223832465720829,-0.3904034975945133,20.767766629013643,0.006511772497637578,0.10744555258651131,-0.01606538352075966,1.7592703751356504,-4.409941496492513,-7.2157,0.0,7.5938950253,4.019537998898,0.019986984234551954,0.32978924960883166,-0.049310470730963986,0.03349919800627769,-0.02882955716976787,-0.001005784268386236,-0.19651375409778427,0.0041496636384294105,-0.08480151050866158
4703.0,11.234239786998781,-0.2833837047948589,20.774282129267988,0.0061391671586226385,0.10856783352756756,-0.017261239648246912,1.7666146514430559,-4.301472076130822,-7.2157,0.0,7.5938950253,4.018088371335963,0.018825867403979495,0.3329252300056063,-0.05293190435282372,0.033529278583429016,-0.027665242056032678,0.0014974883264689196,-0.19524435014734748,0.004044448943970771,-0.08473823564805387
4704.0,11.244561086351125,-0.1751528950290477,20.782044158643263,0.005727845663668742,0.10967744943030165,-0.018425701671963716,1.7736254219422325,-4.19184923943784,-7.2157,0.0,7.5938950253,4.016696344408792,0.017548420218278186,0.33601917441314594,-0.05645088480773528,0.03355946746760482,-0.02648961180463709,0.004034126451483877,-0.1939687716514774,0.003938171813109035,-0.08468712267197974
4705.0,11.25479610282252,-0.06570726411228857,20.791018088849615,0.005278787692272991,0.11077608742946607,-0.019554042215062392,1.7802574237322768,-4.0810856684144285,-7.2157,0.0,7.5938950253,4.01537840430214,0.016157932523824085,0.3390764414637469,-0.059853305928835296,0.03358976662590309,-0.02530251394001542,0.006603878024036756,-0.1926860383261478,0.003830807625231519,-0.08464901878694098
4706.0,11.264929306658654,0.0449582614834131,20.801151446086653,0.004793367308603226,0.11186552502447447,-0.02064134195317434,1.786466297608823,-3.969192507929207,-7.2157,0.0,7.5938950253,4.014150769412621,0.01465890280232585,0.3421031088774964,-0.0631246065491535,0.03369340387654344,-0.02409976166754013,0.009212722990179754,-0.19258972920510978,0.003733269195627763,-0.08448084055149674
4707.0,11.27483973889123,0.1568493825147129,20.812296893774285,0.004274687544308126,0.11294764066394965,-0.021681352616748726,1.7922097181107186,-3.856179293847588,-7.2157,0.0,7.5938950253,4.013028676362301,0.013061204355166897,0.34510878300570086,-0.0662468482873927,0.03390617131519595,-0.02287835137357603,0.011862762930854892,-0.19426473776584352,0.003651032448767012,-0.08411220004965958
4708.0,11.284494656358195,0.26997281676233226,20.824375172641904,0.0037247118186945834,0.11402425723110146,-0.022669223615532846,1.7974479100617453,-3.742053933685801,-7.2157,0.0,7.5938950253,4.0120267504481335,0.011371029546434248,0.34810027220830453,-0.06920600145041332,0.034121058401165624,-0.02164358744976315,0.014544391807455537,-0.1959652782419849,0.0035681676409139817,-0.08375377467309866
4709.0,11.293892383420408,0.38433649075210363,20.8373284916765,0.003145096494011775,0.11509716788527653,-0.023600628606081028,1.80214273211189,-3.6268227239016015,-7.2157,0.0,7.5938950253,4.011159214653706,0.009593554687820726,0.3510833377045982,-0.07198949909183197,0.03433807737473372,-0.02039525552564369,0.017257428216124703,-0.1976907278267009,0.003484670255710474,-0.08340623607908214
4710.0,11.303031272704686,0.4999493870852897,20.85109460499481,0.0025376438177902314,0.11616812859243784,-0.024471347430055034,1.8062577808499036,-3.5104903720207035,-7.2157,0.0,7.5938950253,4.010439759105993,0.007734370313031473,0.3540636076690119,-0.0745851177994367,0.03455724161937196,-0.019133129632271297,0.020001723662091207,-0.19944041599317014,0.003400533524442564,-0.08307022631131794
4711.0,11.311909705792798,0.616821421161416,20.865606942452814,0.0019042955879858907,0.11723882973638144,-0.025277284848119905,1.8097585808711765,-3.393060043957758,-7.2157,0.0,7.5938950253,4.009881465119174,0.005799461338744495,0.3570464925431682,-0.07698103022974054,0.034778565442094116,-0.01785697531589741,0.022777164973738898,-0.20121362349009292,0.0033157484671452507,-0.08274635505307429
4712.0,11.320526094083919,0.7349632910727257,20.880794760696467,0.001247126054777154,0.11831086766841406,-0.026014488856979344,1.8126127686991251,-3.274533438143249,-7.2157,0.0,7.5938950253,4.009496729215975,0.0037951851557080536,0.3600371005113334,-0.07916585622211411,0.03500206382411602,-0.01656655311124968,0.025583676087778246,-0.20300958121627455,0.0032303039604289654,-0.08243519704608028
4713.0,11.328878879854386,0.8543863012130063,20.896583314258063,0.0005683340971942365,0.11938571662981594,-0.026679168650392764,1.8147902695559543,-3.15491088630247,-7.2157,0.0,7.5938950253,4.009297187515476,0.0017282477689083656,0.36304015441552884,-0.08112871271317222,0.03522775214335133,-0.015261622343961848,0.028421219137850097,-0.20482746898958054,0.0031441868317926393,-0.08213728965805706
4714.0,11.336966537536934,0.9751021605940631,20.91289404633414,-0.00012976528057073516,0.12046470148907322,-0.027267712300802105,1.8162634660304628,-3.034191480303475,-7.2157,0.0,7.5938950253,4.009293640897538,-0.0003943218762144346,0.3660599114020321,-0.08285926271832504,0.035455645870739357,-0.013941945225177669,0.0312897947881815,-0.2066664142336677,0.0030573819797907976,-0.0818531305776449
4715.0,11.344787575239506,1.0971227573122062,20.929644798955657,-0.0008447500839072879,0.12154897173702053,-0.02777670424663407,1.8170073577401442,-2.912373224064777,-7.2157,0.0,7.5938950253,4.0094959813769835,-0.0025651992333573237,0.36910008658773463,-0.08434776367122432,0.03568576024284909,-0.012607291195145025,0.03418944176432716,-0.20852549061430223,0.0029698725190457085,-0.08158317561291555
4716.0,11.352340536521249,1.220459911054323,20.946750042336628,-0.001574101040693528,0.12263947717783201,-0.028202942672248984,1.8169997111367568,-2.789453209088668,-7.2157,0.0,7.5938950253,4.009913120142992,-0.004776793003824859,0.3721637820134471,-0.08558511541591818,0.03591810991363228,-0.011257441466749188,0.037120235544526294,-0.21040371666536115,0.00288163994873249,-0.08132783656832829
4717.0,11.359624002440281,1.3451251059714053,20.964121123260828,-0.0023152118368706233,0.12373694574223577,-0.02854345686227529,1.816221198656568,-2.66542781176964,-7.2157,0.0,7.5938950253,4.0105529177410455,-0.007021275331213348,0.3752534221118849,-0.08656290812919037,0.036152708588599175,-0.009892193714493552,0.0400822861876122,-0.21230005445257064,0.0027926643428228385,-0.0810874791750445
4718.0,11.36663659388434,1.4711292066703971,20.981666532429518,-0.0030653998176174684,0.12484186383145471,-0.028795524599517983,1.8146555264672355,-2.5402929102258365,-7.2157,0.0,7.5938950253,4.011422116896234,-0.009290613176965648,0.3783706968609872,-0.0872734704113906,0.03638956864505669,-0.008511366849501843,0.04307573528656271,-0.214213408330448,0.0027029245600573154,-0.08086242105100375
4719.0,11.373376974191585,1.5984821604765287,20.999292190739723,-0.0038219170964995525,0.1259544595762661,-0.028956689655852526,1.8122895501116059,-2.4140441180210064,-7.2157,0.0,7.5938950253,4.0125262784975355,-0.011576600711748437,0.3815165137187227,-0.08770991772344956,0.03662870074237176,-0.007114805816767492,0.04610075205050873,-0.2161426238545489,0.00261239847133171,-0.08065292967008227
4720.0,11.379843852064576,1.7271926894914358,21.01690175448441,-0.004581962015363956,0.12707468936531316,-0.02902477939888725,1.8091133773936703,-2.286677031791232,-7.2157,0.0,7.5938950253,4.013869721282668,-0.013870892560678744,0.384690959343947,-0.08786620126692331,0.036870113426497826,-0.005702386347197101,0.0491575285321554,-0.2180864869167585,0.0025210632019341786,-0.08045922032394792
4721.0,11.38603598477599,1.8572679763109055,21.034396939457036,-0.0053426908990168625,0.12820222796049205,-0.028997922504350845,1.805120457892983,-2.1581874894707873,-7.2157,0.0,7.5938950253,4.0154554657816925,-0.016165037745992338,0.3878932719995126,-0.08773715730484236,0.037113812733222125,-0.004274019594071768,0.05224627403195255,-0.22004372317578744,0.0024288953858601758,-0.08028145406579104
4722.0,11.391952181659832,1.9887133475635266,21.051677863896835,-0.0061012300507295395,0.12933646247500236,-0.028874566726061555,1.8003076585307787,-2.0285718355307716,-7.2157,0.0,7.5938950253,4.017285183094298,-0.018450514178423097,0.39112182540908763,-0.08731855680664265,0.037359801794752984,-0.002829656581472731,0.055367208724810144,-0.22201299785804068,0.0023358714292644888,-0.08011973563179045
4723.0,11.397591307877057,2.1215319596814304,21.0686434101239,-0.006854687937224976,0.13047649044163742,-0.0286534966331356,1.7946753246440037,-1.8978271894083238,-7.2157,0.0,7.5938950253,4.0193591490897544,-0.020718763557892934,0.3943741246984266,-0.0866071551740333,0.03760808045436454,-0.0013692923910793506,0.05852055656952596,-0.22399291600543308,0.002241967779986193,-0.07997411134377344
4724.0,11.402952288439549,2.255724491510255,21.08519160458045,-0.007600167514829233,0.131621122145311,-0.02833385117919127,1.7882273260530546,-1.765951713118754,-7.2157,0.0,7.5938950253,4.021676204629009,-0.022961226554574752,0.39764681489573017,-0.08560074167044639,0.03785864489385077,0.00010702998635690741,0.061706537575207165,-0.22598202324637395,0.0021471612000045297,-0.07984456700480161
4725.0,11.408034112471396,2.3912888485012354,21.10122001581559,-0.008334778651741197,0.13276888733494382,-0.027915140922285215,1.7809710876361324,-1.6329448739129775,-7.2157,0.0,7.5938950253,4.024233722414213,-0.02516937815241865,0.4009357022949806,-0.08429818803937565,0.03811148727850949,0.0015992162075345179,0.06492535951265173,-0.22797880716390306,0.0020514290376524775,-0.07973102580809002
4726.0,11.412835837681637,2.528219883297861,21.116626169724814,-0.009055650604684301,0.13391804636604882,-0.027397264668903867,1.772917603949061,-1.4988076977729918,-7.2157,0.0,7.5938950253,4.027027581070853,-0.02733476304822992,0.4042357888017732,-0.08269949566149773,0.03836659542428243,0.003107117611549505,0.06817720917172593,-0.22998169933073673,0.0019547494964303655,-0.0796333462884361
4727.0,11.417356595017852,2.666509137527289,21.131307981084657,-0.009759944511352528,0.1350666057571625,-0.026780525272341874,1.7640814374557743,-1.363543009533068,-7.2157,0.0,7.5938950253,4.030052147060357,-0.02944903100975352,0.407541319184572,-0.08080584047228273,0.038623952491520216,0.004630528800154944,0.07146224327803906,-0.23198907807472127,0.0018571018973239037,-0.07955132035387874
4728.0,11.421595593465641,2.8061446095275855,21.145164200110596,-0.010444865862854742,0.13621233807133942,-0.02606564427708079,1.7544806999633054,-1.2271556554774778,-7.2157,0.0,7.5938950253,4.033300265005064,-0.0315039721053689,0.4108458409473242,-0.07861961474622356,0.038883536709628054,0.006169185825307684,0.07478057919346764,-0.23399927202988458,0.0017584669316384066,-0.07948467144328938
4729.0,11.425552124954876,2.9471105525816705,21.158094872418943,-0.011107676922611871,0.1373528059590983,-0.02525377506815713,1.7441370168880326,-1.089652704399799,-7.2157,0.0,7.5938950253,4.0367632569814695,-0.033491551725382394,0.4141422763243159,-0.07614446475613527,0.039145321136580195,0.0077227650396509695,0.07813228553510057,-0.23601056451796773,0.0016588269015122596,-0.07943305286268479
4730.0,11.429186775640352,3.089382790367114,21.169991257391874,-0.011750079817990457,0.13848510022164964,-0.024346264250606892,1.733074637332357,-0.9510436812981429,-7.2157,0.0,7.5938950253,4.040426471665257,-0.035417239885564104,0.4174235486993809,-0.07338481905125882,0.03954164449807647,0.009589557940900585,0.0813682500019727,-0.23872273925759754,0.0014083800617256514,-0.07932709945838298
4731.0,11.432350827348825,3.232923693933598,21.18071536954656,-0.012386421654449404,0.1396055388886308,-0.02334285095878367,1.7213084057722756,-0.8113414668957748,-7.2157,0.0,7.5938950253,4.044265160829373,-0.03732497650220703,0.42068432707716685,-0.07034084482487696,0.04002027039851503,0.011651074137644636,0.08454658364013476,-0.24185748718795308,0.0010660148262129797,-0.07919401138325502
4732.0,11.435029938724186,3.3777112230647477,21.19016464228851,-0.013016242113352384,0.1407114899124083,-0.022242977193554683,1.708847198731657,-0.6705619683919899,-7.2157,0.0,7.5938950253,4.048273191456738,-0.03921367440293899,0.4239176332251305,-0.06701080525578862,0.040502799776633625,0.013730026692644712,0.0877553870568882,-0.24499733748679325,0.0007203959109591573,-0.07907473671588386
4733.0,11.43722330159243,3.523721307125957,21.198240039564293,-0.013637607755873853,0.14180023882346438,-0.02104643135964244,1.6957023640985125,-0.5287236364218486,-7.2157,0.0,7.5938950253,4.052444943547806,-0.041077766412450895,0.42711575166921817,-0.06339384492377026,0.04098916086866126,0.015825886702183628,0.09099461872875564,-0.24813977948837274,0.00037160302163433557,-0.07896934443027465
4734.0,11.438930322818726,3.6709259624611965,21.204842841727764,-0.014248609002602629,0.1428688952547058,-0.01975334085771922,1.6818879360115906,-0.3858476163032487,-7.2157,0.0,7.5938950253,4.056773578764445,-0.04291175540779972,0.43027042762087575,-0.05949005486911131,0.04147927112893672,0.017938052357591674,0.09426418656359702,-0.2512821756179269,1.973012129793245e-05,-0.07887785776721074
4735.0,11.440150635195385,3.8192931435083683,21.209875022329015,-0.014847368086962116,0.14391441252137369,-0.018364184093829786,1.6674206179407984,-0.24195789790054056,-7.2157,0.0,7.5938950253,4.061251041408909,-0.0447102356346822,0.43337292221560414,-0.05530050802706334,0.04197303684189508,0.020065847771348365,0.09756394111889782,-0.25442176433953667,-0.0003351141169669372,-0.0788002522766454
4736.0,11.44088410834545,3.96878662185833,21.213239635328687,-0.015432046984425898,0.14493360993790794,-0.016879800873934335,1.6523197530034077,-0.09708144522394782,-7.2157,0.0,7.5938950253,4.0658680670822775,-0.046467913981025,0.4364140756149131,-0.0508272904960956,0.04247035280238367,0.0222085224380762,0.10089366889439694,-0.25755566429674287,-0.0006928059584366339,-0.07873645398872357
4737.0,11.44113085955014,4.119365896111824,21.2148412106737,-0.01600085530234464,0.14592319769117068,-0.015301400907755634,1.636607281183198,0.048751696718359605,-7.2157,0.0,7.5938950253,4.070614199393464,-0.04817963118616466,0.4393843774861335,-0.046073527848182326,0.04297110207048776,0.024365251369321904,0.10425308578801676,-0.2606808796920684,-0.0010532063655551015,-0.07868633775733155
4738.0,11.440891264404295,4.270986135073046,21.21458615590418,-0.016552058115425382,0.14687980404026396,-0.013630570153460753,1.6203076832265737,0.19550832005763277,-7.2157,0.0,7.5938950253,4.075477815015413,-0.049840382964787724,0.4422740442372834,-0.041043405704561844,0.04347515580627133,0.026535135932794468,0.10764183080636147,-0.26379430693581785,-0.001416160875524287,-0.07864972582133048
4739.0,11.440165967199453,4.423598156541019,21.212383161170454,-0.01708398373120446,0.14780000456544318,-0.01186927473552168,1.6034479110128912,0.34315199920723094,-7.2157,0.0,7.5938950253,4.080446157333789,-0.05144534102279888,0.44507310225027846,-0.03574218379445588,0.04398237318928716,0.028717205418813986,0.11105946012431861,-0.2668927425775101,-0.0017814996040082843,-0.07862638663130475
4740.0,11.438955890931497,4.577148443581418,21.208143604775316,-0.01759503136874345,0.14868035314216402,-0.010019862182469896,1.5860573042756807,0.4916430647263869,-7.2157,0.0,7.5938950253,4.085505378855031,-0.05298987393890999,0.4477714762243438,-0.030176202747642458,0.044492601426920214,0.030910419347169565,0.11450544158931947,-0.26997289251432477,-0.0021490373809411184,-0.0786160339900765
4741.0,11.437262246827972,4.731579199744784,21.201781956109382,-0.018083678732036184,0.14951741427268544,-0.0080850597510647,1.5681674936278576,0.6409386072877603,-7.2157,0.0,7.5938950253,4.090640592457024,-0.05446956788032254,0.450359081616981,-0.024352882920160985,0.04500567585480755,0.0331136705173641,0.11797914976576929,-0.27303138245070463,-0.0025185740229279018,-0.07861832655480344
4742.0,11.435086543289724,4.886828444231021,21.193216172628887,-0.018548489457313428,0.15030779636787192,-0.006067969630852868,1.5498122899326159,0.7909925127590469,-7.2157,0.0,7.5938950253,4.095835931471974,-0.055880247113601386,0.4528259200549536,-0.018280714622623467,0.045521420131682824,0.0353257887942582,0.12147986161359575,-0.27606476956199477,-0.0028898947450481335,-0.07863286774672071
4743.0,11.432430594142312,5.042830147491671,21.182368087343004,-0.018988120410612066,0.15104818553705324,-0.003972060857834119,1.5310275601605248,0.9417555290025512,-7.2157,0.0,7.5938950253,4.10107461848912,-0.057217994262808027,0.45516217648569696,-0.011969239211694623,0.04603964653003893,0.037545545609611854,0.12500675289171204,-0.27906955529312033,-0.0032627707130335436,-0.07865920611149074
4744.0,11.429296526094701,5.199514407217648,21.169163783139133,-0.019401328808708825,0.15173537941514362,-0.001801157807597294,1.511851089981778,1.093175364561745,-7.2157,0.0,7.5938950253,4.106339042655903,-0.05847917025636903,0.457358316753535,-0.00542902061645335,0.046560156322998036,0.039771659148163475,0.1285588953723648,-0.28204219920126417,-0.003636959734827968,-0.07869683616867448
4745.0,11.42568678530631,5.356807664088934,21.1535339501866,-0.019786979132900468,0.1523663205347729,0.0004405748137504303,1.4923224334595762,1.245196818946833,-7.2157,0.0,7.5938950253,4.111610845142101,-0.059660433892258724,0.45940518421818494,0.0013283929989417634,0.04708274026673448,0.04200280017491474,0.1321352549457783,-0.2849791337297925,-0.004012207088476089,-0.07874519978304596
4746.0,11.421604142968253,5.514632956073612,21.13541422262796,-0.020144049801261787,0.15293812873793494,0.0027486505091196697,1.4724827503348434,1.397761943759559,-7.2157,0.0,7.5938950253,4.1168710123140535,-0.06075876093820926,0.46129409398815163,0.008290517588763523,0.04760717917672386,0.04423759844845823,0.13573469068618427,-0.28787677977980886,-0.004388246481168898,-0.07880368808341093
4747.0,11.41705169981082,5.6729102094671315,21.114745490797436,-0.020471639561068556,0.15344813211746364,0.005118283030891882,1.4523746315221175,1.550810233419066,-7.2157,0.0,7.5938950253,4.122099976048066,-0.0617714626702179,0.4630169233212999,0.0154439915882265,0.04813324459500329,0.04647464965376936,0.1393559549402621,-0.29073156292622837,-0.004764801132138987,-0.07887164394636145
4748.0,11.412032889456707,5.831556564270218,21.09147418530165,-0.02076897355919018,0.15389389598418343,0.007544411831828498,1.4320419135693678,1.7042788437743925,-7.2157,0.0,7.5938950253,4.127277720495826,-0.06269620373904865,0.46456619675125344,0.022774644108028423,0.04866069954453407,0.048712522777162905,0.14299769448725155,-0.29353993010768975,-0.0051415849699935935,-0.07894836505315792
4749.0,11.4065514805482,5.990486730927439,21.065552529460984,-0.02103540904460389,0.15427324937130535,0.010021730773417564,1.4115294829682663,1.8581028364244687,-7.2157,0.0,7.5938950253,4.13238389450297,-0.06353101924121385,0.4659351645328342,0.030267572607987073,0.04918929936567372,0.05094976783637499,0.1466584528066519,-0.296298366604462,-0.0055183039330456325,-0.07903310751787321
4750.0,11.400490669282927,6.14960882069293,21.036936130714142,-0.02127512390722188,0.15458343279238362,0.012544712083404831,1.3908815769046012,2.0122151692646844,-7.2157,0.0,7.5938950253,4.137393651428246,-0.06428916437593066,0.4671201805415429,0.03790760799775989,0.04998933228607233,0.053383208347511646,0.15006615025484044,-0.29911422595319864,-0.0059995116825193725,-0.07919487887230398
4751.0,11.393707395329828,6.308829512870966,21.005585287195686,-0.02149356975875322,0.15482165582501475,0.01510858449675003,1.3701361647453882,2.166545913304416,-7.2157,0.0,7.5938950253,4.14228359956655,-0.06498793171505819,0.46811857265686435,0.045682297943370274,0.05080775515113069,0.055825743711185136,0.15347184964079547,-0.3018805077914813,-0.006486342588062934,-0.07936717709311464
4752.0,11.386207536326365,6.468060359255109,20.97146816682314,-0.02169061962686292,0.15498636171725227,0.017709012881190155,1.3493295093364266,2.3210232569982994,-7.2157,0.0,7.5938950253,4.147037102256809,-0.06562693010481671,0.46892524522541784,0.05358021903347768,0.05162684197072315,0.05826321704510089,0.15689123070264516,-0.30458663348174153,-0.0069717033050288755,-0.07954501440290998
4753.0,11.377999190831964,6.627211771751499,20.934557828312055,-0.02186617984029239,0.1550762321242117,0.020341555233860303,1.328498131802223,2.47557409493377,-7.2157,0.0,7.5938950253,4.151637676817729,-0.06620583134731195,0.4695356456857382,0.061589613960523336,0.05244604577044709,0.06069407930344919,0.16032272348686954,-0.30722912733899366,-0.007455177234421899,-0.0797278420761536
4754.0,11.36909118881328,6.786193274278136,20.894832266508512,-0.02202024951889547,0.15509018491874824,0.023001685338664073,1.3076786575985608,2.6301242495417525,-7.2157,0.0,7.5938950253,4.156069024736384,-0.0667245590106954,0.4699458190385551,0.06969845229992301,0.05326481121577592,0.06311678297953255,0.16376469795010062,-0.3098045876493396,-0.007936345333434834,-0.07991509718352713
4755.0,11.359493081606706,6.944913820285537,20.85227445943564,-0.02215292260063306,0.1550273799061207,0.02568481916788571,1.2869076596967919,2.784598698866039,-7.2157,0.0,7.5938950253,4.160315121419497,-0.06718329577818319,0.4701524266442409,0.07789449881054984,0.054082576885519734,0.06552978789726596,0.16721546910759655,-0.3123096995473912,-0.008414787756283841,-0.0801062060660068
4756.0,11.34921512863551,7.103282113219634,20.80687238532479,-0.022264389490688118,0.15488722190015333,0.02838634205884724,1.2662214998745116,2.9389218079423878,-7.2157,0.0,7.5938950253,4.1643603052772455,-0.0675824900013523,0.4701527580526003,0.0861653843762198,0.054898777592344426,0.06793156686417681,0.17067330272868786,-0.3147412473266517,-0.008890085499075613,-0.080300587996636
4757.0,11.33826828094133,7.261206926598622,20.758619009144684,-0.02235493830019812,0.1546693610817112,0.031101636383417626,1.245656169118897,3.093017561252588,-7.2157,0.0,7.5938950253,4.168189365346034,-0.06792286135408744,0.4699447355837816,0.09449867888641833,0.05571284672232526,0.07032061111993214,0.1741364215341143,-0.31709612604841947,-0.009361822031691676,-0.0804976589947313
4758.0,11.326664161627445,7.418597420329303,20.70751223846799,-0.02242495564327228,0.15437369059922187,0.033826109414859126,1.225247128180196,3.246809793667137,-7.2157,0.0,7.5938950253,4.171787626662166,-0.0682054054827498,0.46952691147673836,0.1028819653088807,0.05652421856480022,0.07269543551627071,0.17760301184241375,-0.31937135232221153,-0.009829584899683781,-0.0806968357535782
4759.0,11.31441504334808,7.575363449891319,20.65355484885004,-0.022474926962755812,0.15400034141128605,0.03655522108801322,1.2050291493323693,3.400222417275563,-7.2157,0.0,7.5938950253,4.175141032615756,-0.068431397549106,0.4688984575245788,0.11130291417252133,0.057332330603574955,0.07505458336712614,0.18107123060529576,-0.32156407414039767,-0.010292967279458972,-0.08089753963956173
4760.0,11.301533823013184,7.731415865070319,20.59675437923343,-0.02250543635762345,0.1535496744123004,0.03928451134543762,1.1850361604050994,3.5531796415267376,-7.2157,0.0,7.5938950253,4.178236223543581,-0.06860239456536141,0.4680591472223194,0.11974935765749883,0.05813662574082884,0.07739663091165865,0.18453921276538343,-0.3236715796615245,-0.010751569470591133,-0.08109920071821686
4761.0,11.288033993911094,7.886666795023086,20.53712299822921,-0.022517165887911552,0.1530222699226087,0.04200962676392614,1.1653010921459148,3.7056061841628267,-7.2157,0.0,7.5938950253,4.18106061086026,-0.06872023642531411,0.46700933055990496,0.1282093624804736,0.05893655442588067,0.07972019133779704,0.18800507886398127,-0.3256913048504992,-0.01120500030991957,-0.08130126176094052
4762.0,11.273929615481517,8.04102991660768,20.47467734245422,-0.022510894336698277,0.15241891466413118,0.044726346162852676,1.1458557299529228,3.857427470529107,-7.2157,0.0,7.5938950253,4.183602446078574,-0.06878704554216197,0.46574990169965264,0.1366713007676042,0.05973157666227856,0.08202391831964104,0.1914669428217581,-0.32762083989913166,-0.01165287849317028,-0.08150318218512348
4763.0,11.25923528099793,8.194420703107046,20.40943832841984,-0.022487495412761363,0.1517405863798538,0.04743060490781478,1.1267305709877733,4.008569818976287,-7.2157,0.0,7.5938950253,4.185850884130758,-0.0688052250117795,0.4642822598803214,0.1451239181254054,0.06052116386845608,0.0843065090285742,0.1949229198115327,-0.32945793436722326,-0.012094833791141046,-0.08170444188026102
4764.0,11.243966083441187,8.346756650712077,20.341430939764,-0.022447935382116518,0.1509884362901783,0.05011851763980877,1.107954687635406,4.158960610239924,-7.2157,0.0,7.5938950253,4.187796040472153,-0.06877745523021339,0.46260826398764104,0.15355639814977065,0.06130480056940838,0.08656670658506119,0.19837113413981713,-0.33120050100211695,-0.012530508149002268,-0.08190454487318671
4765.0,11.228137579864548,8.497957480405171,20.270683991891605,-0.02239327012158332,0.1501637696102123,0.05278639918121444,1.08955559822256,4.308528438880102,-7.2157,0.0,7.5938950253,4.189429041525069,-0.06870668890555684,0.46073018132132837,0.1619584226554138,0.06208198589943681,0.08880330192570587,0.20180972705246836,-0.33284661821303996,-0.01295955665895045,-0.08210302278692148
4766.0,11.211765754564155,8.6479453131929,20.197229876333704,-0.02232464159274688,0.14926802437897413,0.055430783394656256,1.0715591458418494,4.457203245090109,-7.2157,0.0,7.5938950253,4.19074206810279,-0.06859614441704212,0.45865063116952,0.1703202269605517,0.0628522348989327,0.09101513506807617,0.2052368643797718,-0.33439453119534196,-0.01338164839827696,-0.08229943804969586
4767.0,11.194866981378052,8.796644816970675,20.121104287349905,-0.022243273740079506,0.1483027488736784,0.0580484397986958,1.0539893860535674,4.604916425431326,-7.2157,0.0,7.5938950253,4.191728391539349,-0.06844929748789318,0.4563725238715892,0.17863264962339956,0.0636150795913524,0.09320109576389604,0.2086507439375406,-0.3358426517184864,-0.01379646712684394,-0.08249338681342205
4768.0,11.177457985441043,8.94398332365698,20.04234593347834,-0.022150467822449543,0.14726957789936046,0.06063638777458061,1.036868484154536,4.751600921318375,-7.2157,0.0,7.5938950253,4.1923824023386045,-0.06826987115293343,0.45389899610817275,0.18688717609631678,0.06437006982990776,0.09536012353931317,0.21204960260334368,-0.3371895566100688,-0.014203711839953972,-0.08268450154418033
4769.0,11.159489809953772,9.08988563317583,19.961005969104058,-0.02204530940565345,0.14616967781483284,0.0631916532617424,1.0202170557575383,4.897191181952226,-7.2157,0.0,7.5938950253,4.192694451223605,-0.06805516398674032,0.45123437419419543,0.1950763423723261,0.0653544301262857,0.09781733146550137,0.21514859805587444,-0.337772193083618,-0.014520546558057758,-0.08297183814941994
4770.0,11.14072634617684,9.234261234126887,19.87716765854092,-0.02192032552506498,0.14500304383011306,0.06571005767488579,1.0040602783755626,5.041621877487882,-7.2157,0.0,7.5938950253,4.192639356639005,-0.06778330163343747,0.44838682009828285,0.20319245052425622,0.06647448276917027,0.10044310383626671,0.2180566191480079,-0.3378575859994693,-0.014779896450038283,-0.0833154721202411
4771.0,11.121169236953381,9.377038400106175,19.790884658885755,-0.021776221811571295,0.1437720016956226,0.06818778371001402,0.988425774438528,5.1848288496412245,-7.2157,0.0,7.5938950253,4.19220955046495,-0.06745611234076897,0.4453619356817779,0.21122501589171977,0.06758163025144165,0.10303294803907267,0.22094828259611576,-0.3378598449031448,-0.015033191576590046,-0.0836527439746597
4772.0,11.100845902165789,9.518151146738079,19.702210292400327,-0.021614686198826616,0.14247918546039426,0.07062142638987044,0.9733388369924704,5.326750428617937,-7.2157,0.0,7.5938950253,4.191400718120142,-0.06707830611397818,0.4421652171707875,0.21916421149998788,0.06867534543080195,0.10558575098126007,0.2238219919916729,-0.3377790467575494,-0.01528026730834714,-0.08398306794077283
4773.0,11.079784128209303,9.657537463391078,19.61120077520731,-0.021437510730645263,0.14112728333616417,0.07300795090850877,0.9588221839218048,5.467327529753132,-7.2157,0.0,7.5938950253,4.190209933637946,-0.06665493082942295,0.4388023137158917,0.22700116533810283,0.06975513413303218,0.10810048259768282,0.22667621026297646,-0.33761540419526226,-0.015520972938300303,-0.08430592085237287
4774.0,11.058011995954693,9.795139345114372,19.51791479101671,-0.02124658327259857,0.13971900192203052,0.07534470236268297,0.9448958609937619,5.60650368241348,-7.2157,0.0,7.5938950253,4.188635662700891,-0.06619135464935154,0.4352789287961334,0.2347279960759651,0.07082053529335919,0.11057619347570216,0.22950946748679862,-0.3373692564292483,-0.015755171617463877,-0.08462084461140337
4775.0,11.035557810398924,9.930902780817732,19.42241305969155,-0.021043878535719065,0.1382570305865268,0.07762941159840182,0.9315771603579793,5.744225024630457,-7.2157,0.0,7.5938950253,4.186677756187275,-0.065693246142246,0.4316007206466415,0.24233783878553833,0.07187112072252202,0.11301201156119012,0.2323203680209635,-0.3370410593551474,-0.01598274016139184,-0.08492744798768292
4776.0,11.012450032503322,10.064777698475822,19.32475790489234,-0.020831448469573362,0.1367440064798063,0.07986019720996017,0.9188805547425647,5.880440263860621,-7.2157,0.0,7.5938950253,4.184337434615202,-0.06516655218944675,0.4277732029952715,0.2498248605680834,0.07290649450687134,0.11540713800271904,0.23510759687468252,-0.3366313749806071,-0.016203568734180007,-0.0852254077422486
4777.0,10.988717213677228,10.196717868665013,19.22501282493891,-0.02061141208778341,0.13518248062140234,0.08203556377785898,0.9068176474433185,6.015100604705957,-7.2157,0.0,7.5938950253,4.1816172639590565,-0.0646174737794099,0.42380164734887155,0.2571842661152181,0.0739262920564898,0.11776084220086616,0.23786992524539963,-0.336140860323379,-0.016417560418126743,-0.08551446906935894
4778.0,10.964387933318948,10.326680768225724,19.123242070877936,-0.020385944793788073,0.133574885474376,0.08415439647551298,0.895397138063777,6.148159644835475,-7.2157,0.0,7.5938950253,4.178521123390249,-0.06405243980941602,0.4196909880038621,0.26441229334575833,0.074930178819541,0.12007245613771958,0.2406062151637519,-0.33557025592390394,-0.01662463067856036,-0.08579444536022593
4779.0,10.939490739776106,10.454627406279656,19.01951023555234,-0.020157267278174337,0.13192350437588463,0.08621595221171159,0.8846248038321168,6.279573240722122,-7.2157,0.0,7.5938950253,4.175054165557533,-0.06347807903051603,0.4154457308715855,0.27150619936026865,0.07591784868478414,0.12234136806817932,0.2433154232017226,-0.3349203741199762,-0.01682470673446256,-0.08606521729872371
4780.0,10.914054095035334,10.580522115213334,18.91388185724193,-0.01992763406123782,0.13023044314871132,0.08821984750591565,0.8745034961982645,6.409299345141446,-7.2157,0.0,7.5938950253,4.171222770071888,-0.06290119028472896,0.4110698671095949,0.27846423703922046,0.07688902209738598,0.12456701565948719,0.24599660321280992,-0.3341920872309483,-0.0170177268464165,-0.08632673130549767
4781.0,10.888106323397487,10.704332309563634,18.80642104119121,-0.01969932175555864,0.12849760416956696,0.09016604331638732,0.865033152301926,6.537297818666557,-7.2157,0.0,7.5938950253,4.167034490897077,-0.06232871119385195,0.4065667924392822,0.28528562267752444,0.07784344391579592,0.12674887866863171,0.2486489080867415,-0.3333863157969969,-0.017203639534083354,-0.08657899735197408
4782.0,10.861675564340471,10.82602821600525,18.697191102068153,-0.019474617123339175,0.12672666311950231,0.09205482705688592,0.8562108208005291,6.66353021763534,-7.2157,0.0,7.5938950253,4.16249799836991,-0.061767685466654995,0.4019392329117083,0.29197049509757506,0.07878088103951601,0.12888647124893854,0.25127159051460085,-0.33250401701544213,-0.017382402735866664,-0.08682208616969103
4783.0,10.83478972971799,10.945582577844238,18.58625423011462,-0.019255805002113713,0.12491904859100195,0.09388679204649941,0.8480307014557391,6.7879595612595605,-7.2157,0.0,7.5938950253,4.157623016584678,-0.06122522899575307,0.3971891777610001,0.29851986671513286,0.07970111983910272,0.1309793339773964,0.25386400277291415,-0.33154617351120996,-0.017553982923669872,-0.08705612588314118
4784.0,10.807476465390087,11.062970337567,18.47367118346229,-0.019045156170302117,0.1230759246766539,0.09566281463963341,0.8404841977984877,6.910550080691825,-7.2157,0.0,7.5938950253,4.152420256875175,-0.06070849491720142,0.39231781986190883,0.3049355670483452,0.08060396342070422,0.13302702569323147,0.2564255955470043,-0.33051378257249975,-0.017718354185701956,-0.08728129809597984
4785.0,10.779763117330917,11.178168301083105,18.359501008803782,-0.01884491522105993,0.12119817661695793,0.09738402927995772,0.8335599821252786,7.03126695296677,-7.2157,0.0,7.5938950253,4.146901348116335,-0.06022463780505218,0.3873255041886306,0.3112201791615265,0.08148922875790095,0.13502911523611294,0.2589559158245258,-0.3294078459757843,-0.01787549729015816,-0.08749783346110318
4786.0,10.75167670221136,11.29115478733707,18.243800792332955,-0.018657288509111452,0.11928639954096916,0.09905180171408877,0.8272440720226392,7.150076022790155,-7.2157,0.0,7.5938950253,4.141078764546916,-0.0597807771700104,0.3822116845590399,0.3173769695240672,0.08235674372362246,0.13698517316934009,0.2614546038993587,-0.3282293605166481,-0.018025398742316737,-0.08770600676487272
4787.0,10.723243882409474,11.401909266953737,18.12662544260558,-0.01848443223088937,0.11734089029402228,0.10066770058895656,0.8215199175715322,7.266943515167341,-7.2157,0.0,7.5938950253,4.134965751786396,-0.05938396042625999,0.37697488884499347,0.3234098117434877,0.08320634405451954,0.13889476356963804,0.2639213895338194,-0.32697930935485087,-0.018168049847171117,-0.08790613155481744
4788.0,10.694490945360672,11.510411993529878,18.008027506725234,-0.018328440693500234,0.11536164231251278,0.1022334676422365,0.8163684983487722,7.381835741845426,-7.2157,0.0,7.5938950253,4.128576251684453,-0.059041125483863664,0.3716126927378529,0.3293231046030186,0.08403787027943119,0.14075743596098567,0.2663560873333397,-0.325658654273564,-0.018303445789182957,-0.08809855433867894
4789.0,10.665443787122273,11.616643631097753,17.8880570210315,-0.018191334822947478,0.11334834347720403,0.10375098667902712,0.811768429317373,7.494718804496253,-7.2157,0.0,7.5938950253,4.1219248266015,-0.058759063116269376,0.3661217020809293,0.3351216848011604,0.08485116464257314,0.14257271746541939,0.2687585913923117,-0.32426832894408414,-0.018431584740117593,-0.08828364838088404
4790.0,10.636127899993811,11.720584881171204,17.76676139725975,-0.01807505095682957,0.11130037685417098,0.10522225151122908,0.8076960746816431,7.605558297496221,-7.2157,0.0,7.5938950253,4.115026583674983,-0.05854437924379802,0.36049754371874576,0.34081073475657914,0.08564606805084923,0.14434010523920887,0.2711288692726907,-0.3228092332785996,-0.018552467005232456,-0.0884618071206568
4791.0,10.606568364005334,11.822216112648757,17.64418534495355,-0.017981429961540202,0.10921682421647864,0.10664933301989862,0.8041256687751055,7.714319013069121,-7.2157,0.0,7.5938950253,4.1078970995796364,-0.058403457264959796,0.3547348647679727,0.3463956858095503,0.08642241707332046,0.14605905925836374,0.2734669553782201,-0.32128222894481995,-0.018666094217350982,-0.08863343723424427
4792.0,10.576789842060768,11.921516997697974,17.52037083074118,-0.01791220670897269,0.10709647223004307,0.1080343454862173,0.8010294430493706,7.82096465145623,-7.2157,0.0,7.5938950253,4.100552346241744,-0.05834242055847439,0.3488273401871935,0.3518821171240214,0.08718004101941848,0.14772899551327773,0.27577294378685063,-0.3196881361075125,-0.018772468587588777,-0.08879895136234868
4793.0,10.546816741979518,12.01846617135177,17.395357053806876,-0.01786900934278443,0.10493781994811056,0.10937941465322355,0.7983777333850529,7.925457541875495,-7.2157,0.0,7.5938950253,4.093008629476275,-0.0583671250689983,0.3427676791636274,0.3572756526436353,0.08795762721194383,0.14936625377881885,0.27800982743062064,-0.3179639609823607,-0.01885117667314505,-0.08895509938286592
4794.0,10.51656108949426,12.113037118454082,17.269191203726056,-0.017847464782045262,0.10273855668310404,0.11068649515863772,0.7961414274875236,8.027758128719872,-7.2157,0.0,7.5938950253,4.08527898973421,-0.058464469184291795,0.33654949061900435,0.36258523349655586,0.08887674444386304,0.15102358216903486,0.2800611511527731,-0.31591451849502106,-0.018839024793555998,-0.08909078163909076
4795.0,10.486002866862993,12.205201531720332,17.141913354643755,-0.017846547219125725,0.10049710965605402,0.11195693943554656,0.7942952409648156,8.12782476391705,-7.2157,0.0,7.5938950253,4.0773767678032815,-0.0586318313569954,0.33016636287519874,0.3678157075221571,0.08977222598909647,0.15262839522977714,0.2820845130671913,-0.31381369641029466,-0.01882313312201247,-0.08922170765034142
4796.0,10.455172504434952,12.29493112954766,17.013557246511603,-0.017867769366415837,0.09821207124541259,0.11319200160361788,0.7928126796115176,8.225614421371644,-7.2157,0.0,7.5938950253,4.069316708176016,-0.05887465313574878,0.32361071545871345,0.37296988199769376,0.09064377857909532,0.15417989525309875,0.28408000772452413,-0.31166220069410405,-0.018803500436397707,-0.0893481023959328
4797.0,10.42409996480483,12.382196371378361,16.8841548153712,-0.017912529827808055,0.0958818084654805,0.1143929012067843,0.7916655292014739,8.321082564549975,-7.2157,0.0,7.5938950253,4.061113806828386,-0.05919807510015002,0.31687419660097704,0.37805042736344324,0.09149109492715975,0.15567723513788795,0.286047766423127,-0.3094607130646863,-0.018780125299314877,-0.08947017671486321
4798.0,10.392814740237196,12.4669661849209,16.75373626981115,-0.017982103714267214,0.09350447486058483,0.11556079082153278,0.7908239751462294,8.41418293466163,-7.2157,0.0,7.5938950253,4.052783250259269,-0.05960690038648444,0.3099477128631689,0.38305977190073,0.09231385110975204,0.15711951398354937,0.2879879504155665,-0.30720989361018336,-0.01875300609144683,-0.0895881197375272
4799.0,10.361345853378788,12.549207708102886,16.62233020253498,-0.018077633688861696,0.09107802469970279,0.11669672341901997,0.7902567254092175,8.504867352014786,-7.2157,0.0,7.5938950253,4.0443403560880995,-0.06010555862086213,0.30282146695080076,0.38799999330919627,0.09311170408679917,0.1585057732349272,0.28990074374779373,-0.3049103845264698,-0.01872214109519318,-0.08970209110069355
4800.0,10.32972186098328,12.628886048231283,16.489963736999073,-0.01820012146359402,0.08860022943156116,0.11780161965465899,0.7899311359470114,8.59308553280561,-7.2157,0.0,7.5938950253,4.035800515425674,-0.06069807037003132,0.29548500385534465,0.3928727076797302,0.09388428938409317,0.1598349934314513,0.29178634576217355,-0.3025628149797338,-0.018687528629795253,-0.08981221298249148
4801.0,10.297970860363481,12.705964060765606,16.356662708900718,-0.01835041976899902,0.08606869637076606,0.11887623527018028,0.7898133379933296,8.678784923571095,-7.2157,0.0,7.5938950253,4.02717913719451,-0.06138801222241009,0.28792726549512054,0.39767895642629175,0.09463121896046485,0.16110609161323736,0.29364496329177237,-0.3001678070888529,-0.018649167238724233,-0.08991856199944401
4802.0,10.26612049827847,12.78040215005078,16.222451882103467,-0.018529224816765028,0.08348088959719133,0.1199211288088366,0.7898683665522146,8.761910555512367,-7.2157,0.0,7.5938950253,4.018491594538412,-0.062178482616154496,0.28013665406572086,0.40241909182316704,0.09535207928209102,0.16231791943693383,0.2954768025694635,-0.29772598301231873,-0.018607055929650212,-0.09002116101409917
4803.0,10.234197981958012,12.852158094309429,16.08735519837817,-0.018737069275668747,0.08083415306285002,0.12093662986430061,0.7900602895248879,8.842404920883387,-7.2157,0.0,7.5938950253,4.009753173426041,-0.06307206853773338,0.27210110434881446,0.40709266189396737,0.0960464296261165,0.1634692620544192,0.2972820608717289,-0.29523797311330285,-0.018561194466827573,-0.09011997090954296
4804.0,10.202230091963296,12.921186897158469,15.951396060108742,-0.01897431578191569,0.07812573591170013,0.12192280810778727,0.7903523369602218,8.920207873637914,-7.2157,0.0,7.5938950253,4.000979023520555,-0.06407081322366115,0.26380816526361406,0.41169829551501386,0.09671380063572887,0.16455883780790392,0.2990609179137954,-0.2927044251643216,-0.01851158371521985,-0.09021488239602762
4805.0,10.170243196581511,12.987440667890887,15.814597644858102,-0.019241151006544496,0.07535282002712422,0.12287944336576434,0.7907070299914525,8.995256556533917,-7.2157,0.0,7.5938950253,3.99218411135697,-0.06517618500983949,0.25524509097353565,0.41623358872809174,0.09735369314890284,0.16558529879542305,0.3008135270102199,-0.29012601453975695,-0.018458226035140253,-0.09030570792507468
4806.0,10.138263267451563,13.050868532747986,15.676983250407531,-0.0195375803048678,0.07251254982794,0.12380599705186869,0.7910863091015643,9.067485356906953,-7.2157,0.0,7.5938950253,3.9833831758410323,-0.06638904748740897,0.24639894187719838,0.42069499340482125,0.09796557732321251,0.1665472323609327,0.30254000601353426,-0.2875034553301422,-0.018401125725596826,-0.09039217379762385
4807.0,10.106315896119224,13.11141657939652,15.538576668569124,-0.01986342297594484,0.0696020643354753,0.12470158529072693,0.7914516614463811,9.136825893338246,-7.2157,0.0,7.5938950253,3.9745906860582743,-0.06770963114106356,0.2372566958131464,0.42507770956528035,0.09854889207935533,0.16744316356301592,0.3042404280433565,-0.2848375122965926,-0.01834028951389976,-0.09047391256495736
4808.0,10.074426311221988,13.16902783681422,15.399402585722965,-0.020218308163751506,0.0666185315301944,0.1255649541074961,0.791764247057374,9.203207035454545,-7.2157,0.0,7.5938950253,3.9658208013596745,-0.06913750666530552,0.2278053697865424,0.4293755828244824,0.0991030448862957,0.16827155867531485,0.30591481201978105,-0.2821290135670398,-0.01827572708840826,-0.09055045583403319
4809.0,10.042619396006657,13.223642292770032,15.25948700764666,-0.020601671435945625,0.06355918500533524,0.12639445709410424,0.7919850238448256,9.266554959098816,-7.2157,0.0,7.5938950253,3.9570873336712165,-0.07067156017587828,0.21803215247851337,0.4335810086184616,0.09962741191116062,0.16903082976994513,0.3075631130181374,-0.2793788639580625,-0.018207451670564086,-0.09062122760224814
4810.0,10.010919705886142,13.275196951054895,15.118857705784094,-0.021012752080805584,0.06042136290581177,0.12718803600017298,0.7920748714253175,9.326793239096078,-7.2157,0.0,7.5938950253,3.9484037119588162,-0.07230997055726315,0.20792454771976068,0.43768484504272714,0.10012133855712992,0.16971934043202064,0.3091852124676269,-0.2765880587871942,-0.018135480621576654,-0.09068553826018488
4811.0,9.979351485746108,13.323625930566488,14.977544681643367,-0.021450591167905562,0.05720254911216957,0.12794320473201087,0.7919947139042278,9.383842981798736,-7.2157,0.0,7.5938950253,3.9397829487677516,-0.07405018921217979,0.19747052899469125,0.4416763363143769,0.10058414041247957,0.17033541264869634,0.3107809082241222,-0.2737576980208053,-0.01805983607829323,-0.09074257941416505
4812.0,9.947938686716856,13.368860608268172,14.835580645522885,-0.021914030423204896,0.05390041659073958,0.12865703727521072,0.7917056418523462,9.437622999521079,-7.2157,0.0,7.5938950253,3.931237608747093,-0.07588892250486548,0.18665870488630906,0.4455430490388146,0.1010151046335605,0.17087733490951185,0.31234990455771644,-0.2708890005822529,-0.017980545611911106,-0.09079141969293521
4813.0,9.916704982131293,13.41082980791808,14.693001505243519,-0.022401711974262686,0.05051287278162909,0.12932616008336645,0.7911690338237395,9.488050028853147,-7.2157,0.0,7.5938950253,3.9227797790649337,-0.07782211721574155,0.17547849517180314,0.44927082361528986,0.1014134917837266,0.17134337154596782,0.3138918021085557,-0.2679833186243038,-0.01789764290227471,-0.09083100171397923
4814.0,9.885673782396168,13.449460036288812,14.549846860019212,-0.022912079025997432,0.04703810683543873,0.1299467494951275,0.7903466778670482,9.535038994669145,-7.2157,0.0,7.5938950253,3.9144210416196668,-0.07984494934995616,0.16392031703155024,0.45284374324377646,0.1017785381489513,0.17173177332691397,0.3154060878800819,-0.26504215154930993,-0.017811168419561655,-0.09086014039411229
4815.0,9.85486824851106,13.48467576836067,14.40616049403668,-0.023443377531516926,0.04347463843759504,0.13051453475191754,0.7892008935814315,9.578503321404437,-7.2157,0.0,7.5938950253,3.9061724469562336,-0.08195181666510655,0.15197578053886535,0.4562441230894061,0.1021094585489772,0.1720407893122109,0.3168921253569912,-0.2620671595407756,-0.017721170104213372,-0.09087752279543376
4816.0,9.824311303978153,13.516399782661788,14.261990863747107,-0.023993658925736468,0.039821367876391234,0.13102480718669443,0.7876946553578811,9.618355292857371,-7.2157,0.0,7.5938950253,3.898044489804416,-0.08413633530290456,0.13963789225471482,0.4594525222092516,0.10240544966021041,0.17226867995007128,0.318349144855755,-0.25906017635146666,-0.017627704035029564,-0.09088170970058773
4817.0,9.794025644855893,13.54455354753701,14.117391572311913,-0.02456078399144785,0.036077626918221015,0.13147243613756407,0.7857917175226108,9.6545064613682,-7.2157,0.0,7.5938950253,3.89004708616881,-0.08639134092422811,0.12690126536328888,0.46244778083851185,0.10266569386308677,0.17241373138337782,0.3197762342381171,-0.2560232210767937,-0.017530835074446464,-0.09087113910974912
4818.0,9.764033747721555,13.56905765864593,13.972421824106261,-0.025142427927843297,0.03224322995266197,0.1318518921063279,0.7834567421573492,9.686868106728856,-7.2157,0.0,7.5938950253,3.882189551917074,-0.08870889475533818,0.11376233435575804,0.4652070855575386,0.10288936362219497,0.17247427090710715,0.32117233014204927,-0.25295850862871505,-0.01743063747918793,-0.09084413184494078
4819.0,9.734357875321834,13.589832327412404,13.827146851685756,-0.025736086689875575,0.028318524763272682,0.13215727762869015,0.7806554304069144,9.715351744578202,-7.2157,0.0,7.5938950253,3.8744805828342024,-0.09108029495339474,0.10021957180842705,0.46770606470617887,0.10307562640194962,0.1724486834928892,0.3225362099095485,-0.24986845861574675,-0.017327195463750354,-0.09079889943432382
4820.0,9.705020079707275,13.60679791946936,13.681638307184299,-0.02633908466289214,0.024304442170172434,0.1323823662476744,0.777354658092608,9.739869683333827,-7.2157,0.0,7.5938950253,3.866928236135532,-0.09349609369010217,0.08627370431856901,0.46991891616672893,0.1032236501139954,0.17233542926795758,0.3238664844155026,-0.24675570232981406,-0.017220603703596675,-0.09073355442917885
4821.0,9.676042202666004,13.619875541362811,13.53597460975645,-0.02694858373038583,0.020202543681355076,0.13252064988299794,0.7735226164258454,9.760335627903366,-7.2157,0.0,7.5938950253,3.859539913459445,-0.09594612033171984,0.07192792417037229,0.4718185692918339,0.10333260908474608,0.1721330618047326,0.32516159202559614,-0.2436230875416176,-0.01711096776453344,-0.09064612327870081
4822.0,9.64744587329515,13.628987672900864,13.390241240430148,-0.027561593783169278,0.016015066185627563,0.13256539476550958,0.7691289585554295,9.776665327509459,-7.2157,0.0,7.5938950253,3.8523223453914053,-0.09841951106027556,0.057188092821755965,0.4733768823013835,0.10340169052251695,0.17184024704462575,0.326419793932638,-0.24047368081388154,-0.016998404444571784,-0.09053456185192157
4823.0,9.619252502574978,13.634058841564324,13.244530975620073,-0.028174984705584643,0.011744962626070866,0.13250970595686748,0.7641449525797751,9.788777263961178,-7.2157,0.0,7.5938950253,3.8452815776031457,-0.10090474523332904,0.04206293185045618,0.4745648759081946,0.10343010145362579,0.17145578264615874,0.32763917113837343,-0.2373107670572107,-0.016883042014672202,-0.09039677365174392
4824.0,9.591483274841279,13.635016334347869,13.09894405059347,-0.02878549985837446,0.007395937514527612,0.13234660030094283,0.7585436415088367,9.796593375624688,-7.2157,0.0,7.5938950253,3.8384229587231804,-0.10338968871708848,0.02656419659760003,0.4753530032551644,0.10341707608571124,0.17097861751411728,0.328817623360302,-0.2341378460770568,-0.01676502034518623,-0.09023063071320075
4825.0,9.564159136086197,13.631790941292165,12.953588244403281,-0.02938977105855018,0.002972476090706641,0.13206908745665571,0.752300010467154,9.800039811206277,-7.2157,0.0,7.5938950253,3.8317511300858875,-0.10586164434957065,0.010706827423905475,0.47571145546033133,0.10336188354448811,0.170407871234363,0.3299528701486712,-0.23095862589309513,-0.01664449090557208,-0.09003399711699805
4826.0,9.537300779056542,13.624317723820983,12.808578878229872,-0.02998433503412662,-0.0015201340999380034,0.1316702584450667,0.7453911611884567,9.799047706286462,-7.2157,0.0,7.5938950253,3.825270017534521,-0.108307409596853,-0.005490926726130229,0.4756105011801113,0.10326383591744041,0.16974285310939222,0.33104245449609065,-0.22777701265443134,-0.016521616626107204,-0.08980475498093507
4827.0,9.51092862516163,13.61253679984222,12.66403871972161,-0.030565651306226356,-0.006075790431506965,0.13114338091096087,0.737796493564546,9.793553974365391,-7.2157,0.0,7.5938950253,3.8189828254768283,-0.11071334135699114,-0.022007417846841206,0.4750208576300639,0.10312229652481834,0.16898308046417204,0.3320837492096101,-0.22459709702553277,-0.016396571611867368,-0.08954083271716634
4828.0,9.485062803249688,13.596394136441464,12.520097786809723,-0.031130121423252426,-0.010687572405528917,0.13048200005674773,0.7294978936796553,9.783502103032845,-7.2157,0.0,7.5938950253,3.8128920334086196,-0.11306542774430749,-0.03881754681100544,0.4739140894686419,0.10293668832510064,0.16812829587166458,0.3330739662913196,-0.22142313697821964,-0.016269540701198057,-0.089240235264227
4829.0,9.459723125362398,13.575842339930066,12.376893045602058,-0.03167410944221309,-0.015347749935088296,0.12968004396157326,0.720479927391451,9.768842944801259,-7.2157,0.0,7.5938950253,3.8069993951288073,-0.11534936655373185,-0.055892754815013296,0.47226303088073224,0.10270650234921597,0.16717848293424525,0.3340101695375293,-0.21825953699367287,-0.016140718863260343,-0.0889010759215367
4830.0,9.434929059630823,13.550841432048534,12.234567998333558,-0.03219396352166514,-0.02004780366678327,0.1287319317597307,0.710730038118994,9.749535491181186,-7.2157,0.0,7.5938950253,3.8013059408673477,-0.11755064996373817,-0.0732010629815703,0.47004222512895616,0.10243130604575193,0.16613388025232673,0.3348892905177351,-0.2151108237539764,-0.016010310431966053,-0.08852160933345099
4831.0,9.410699700531737,13.521359600314986,12.093272158959381,-0.03268603846008659,-0.02477845812198727,0.12763268292947128,0.7002387470765834,9.725547617781025,-7.2157,0.0,7.5938950253,3.7958119825339605,-0.11965465489100223,-0.09070716412874477,0.4672283748116884,0.10211075140863131,0.16499499321615893,0.3357081480327442,-0.21198161848348812,-0.015878528176680933,-0.0881002650929824
4832.0,9.387053736780656,13.487373909892044,11.95316041580098,-0.033146718983890266,-0.029529728211159026,0.12637802574660098,0.6889998537630765,9.69685678762283,-7.2157,0.0,7.5938950253,3.7905171222692147,-0.12164673826472015,-0.10837256986059582,0.4638007951218503,0.10174458274984113,0.1637626032719935,0.3364634710769892,-0.20887660618419232,-0.015745592213407288,-0.08763568136550445
4833.0,9.364009417195161,13.448870963967748,11.814392282666537,-0.03357244356193064,-0.03429097940222268,0.12496450279752626,0.6770106340938341,9.663450699527273,-7.2157,0.0,7.5938950253,3.785420264440475,-0.12351233634864743,-0.12615581507610424,0.4597418615864957,0.10133264397331762,0.16243777434025625,0.3371519252443361,-0.20580050209356462,-0.015611728763676724,-0.08712673787369246
4834.0,9.34158451491824,13.4058474995465,11.6771310420252,-0.03395972849945715,-0.03905100151139354,0.12338957133414458,0.6642720331633506,9.625327868373228,-7.2157,0.0,7.5938950253,3.780519631173272,-0.12523706710975877,-0.1440127207455107,0.4550374431310794,0.1008748852025455,0.161021856101342,0.33777014242145453,-0.2027580157755292,-0.015477168771990919,-0.08657258754024104
4835.0,9.319796290444897,13.358310905759028,11.541542786069204,-0.034305192045223615,-0.04379809573982592,0.12165169619774244,0.6507888492685204,9.582498124313855,-7.2157,0.0,7.5938950253,3.7758127814451736,-0.12680683451950617,-0.16189671439320436,0.44967731089883806,0.10037136861432519,0.15951648391394407,0.3383147535106376,-0.19975381333173053,-0.015342146396230933,-0.08597268605791528
4836.0,9.29866145394448,13.306279652351563,11.40779536379009,-0.03460557823197353,-0.04852017421207635,0.11975043304892471,0.6365699055233054,9.534983018655671,-7.2157,0.0,7.5938950253,3.7712966336958917,-0.12820793358228721,-0.17975920619165825,0.44365551310457346,0.09982227333490085,0.15792357519075922,0.3387824238181018,-0.19679247828845517,-0.015206897388891761,-0.08532681865019325
4837.0,9.27819612741449,13.249783616919697,11.276057244458052,-0.034857780163719605,-0.05320487089471185,0.11768649972145413,0.6216282051727046,9.482816125092771,-7.2157,0.0,7.5938950253,3.766967491826925,-0.12942715482074807,-0.19755001695934085,0.4369707063450368,0.09922789926254558,0.15624532212574976,0.3391698906380985,-0.19387847177107528,-0.015071657390161902,-0.08463512330244105
4838.0,9.25841580723742,13.188864300715048,11.146496310055143,-0.03505886246382234,-0.057839662399252964,0.1154618336728969,0.6059810665832888,9.426043226335155,-7.2157,0.0,7.5938950253,3.762821074379893,-0.13045188691293652,-0.21521785272342628,0.42962643424611713,0.09858866969293767,0.15448418074415388,0.33947400246192383,-0.19101609262006392,-0.014936660156633667,-0.08389810978466661
4839.0,9.239335327738733,13.12357492446311,11.019278591199576,-0.035206082606252305,-0.06241199681793741,0.11307963373413099,0.5896502338625325,9.364722377864299,-7.2157,0.0,7.5938950253,3.7588525465988116,-0.1312702161749799,-0.23271081891820083,0.42163134510826705,0.09790513264025397,0.15264285632892208,0.33969175914865635,-0.18820943812810043,-0.014802135751682988,-0.08311667385283553
4840.0,9.22096882636029,13.053980397564194,10.894566962836462,-0.035296910868661796,-0.0669094284188167,0.11054438465956595,0.5726619591497146,9.298923842561756,-7.2157,0.0,7.5938950253,3.7550565550024384,-0.13187102161643152,-0.24997696580849185,0.41299934130947985,0.09717796076768953,0.15072428536262042,0.33982035231573804,-0.1854623660847835,-0.014668308725196286,-0.08229210610574994
4841.0,9.203329711067687,12.980157156267953,10.772519817391425,-0.03532904866969318,-0.07131975575331923,0.1078618633432516,0.5550470528329731,9.228729892245108,-7.2157,0.0,7.5938950253,3.751427264022846,-0.13224406436371547,-0.26696485542044246,0.40374965461755036,0.09640794986573918,0.148731614209212,0.33985720514667234,-0.18277845880294227,-0.01453539631126783,-0.08142609508663172
4842.0,9.186430630601674,12.902192868863544,10.65328973412694,-0.03530044508364395,-0.07563116051820756,0.10503912598235816,0.5368408982809993,9.154234474653364,-7.2157,0.0,7.5938950253,3.7479583942101797,-0.13238007034859464,-0.2836241391920903,0.39390684321264346,0.09559601584450776,0.14666817484248706,0.33980001077395844,-0.1801609897682755,-0.014403606672690038,-0.08052072434965411
4843.0,9.170283448162076,12.820186008548198,10.537022164057538,-0.035209311362169586,-0.0798323443762922,0.10208447592513867,0.5180834281294324,9.075542747083313,-7.2157,0.0,7.5938950253,3.7446432614648852,-0.13227080529008578,-0.29990613477868794,0.38350070807526376,0.094743190236835,0.1445374580042325,0.3396467683809916,-0.17761289350267828,-0.014273137220489144,-0.0795784633574765
4844.0,9.154899219077505,12.734245297353231,10.423854149934282,-0.03505413333380479,-0.08391266088495032,0.09900741241926633,0.4988190597215018,8.992770480612299,-7.2157,0.0,7.5938950253,3.741474816740933,-0.13190914115505256,-0.3157643900068875,0.372566128389059,0.09385061424125826,0.14234308424265482,0.3393958161791178,-0.17513673916266012,-0.014144173035428701,-0.07860215223117764
4845.0,9.140288172965743,12.644489027237757,10.313913100482461,-0.03483368159614928,-0.08786223971360074,0.0958185609604783,0.4790965879550689,8.906043341568994,-7.2157,0.0,7.5938950253,3.738445685668763,-0.13128911345887828,-0.3311552218983731,0.36114281766867107,0.09291953136679698,0.14008877333753544,0.33904586045629187,-0.17273470831003074,-0.014016885416355946,-0.07759498053300146
4846.0,9.126459700828722,12.55104426712276,10.207315637268897,-0.03454701946086303,-0.09167210045212494,0.09252958641204209,0.458969034514624,8.815496059546902,-7.2157,0.0,7.5938950253,3.7355482075758584,-0.13040596895624937,-0.34603821899185455,0.3492750043705774,0.09195127877415177,0.1377783126609892,0.33859599996153344,-0.17040857719556382,-0.01389143057757394,-0.07656046041880413
4847.0,9.113422347453657,12.454045967147968,10.104166531304696,-0.034193508656352206,-0.0953342535191134,0.08915309050418055,0.43849345324408406,8.721271493712392,-7.2157,0.0,7.5938950253,3.732774473435576,-0.12925620346570071,-0.3603766958799072,0.3370110426987032,0.09094727743906464,0.1354155250499583,0.3380457449830035,-0.16815970379122305,-0.013767948514185793,-0.07550239464476438
4848.0,9.101183809409541,12.353635973711505,10.004557744791816,-0.03377281283544082,-0.09884178596515616,0.08570249571193651,0.41773069221898385,8.62351961136215,-7.2157,0.0,7.5938950253,3.7301163623493547,-0.1278375897625585,-0.3741380899239901,0.32440296109872324,0.0899090212922012,0.13300423677778173,0.33739503059421116,-0.16598901969669294,-0.013646562050697968,-0.07442484004584464
4849.0,9.089750938837883,12.249961970825371,9.908567591350568,-0.03328489897378738,-0.10218893032200482,0.08219191783487467,0.3967451138782054,8.522396394564868,-7.2157,0.0,7.5938950253,3.7275655762605027,-0.1261491956559126,-0.38729429148068034,0.31150595747494036,0.08883806551498091,0.13054824620707642,0.3366442236786529,-0.16389702693550262,-0.013527376084224777,-0.07333206721637045
4850.0,9.079129753140275,12.143176364926997,9.81626002568726,-0.0327300367779181,-0.10537111506011049,0.07863602985031543,0.37560427534922625,8.418062692221811,-7.2157,0.0,7.5938950253,3.725113672705186,-0.12419139252958507,-0.3998219006139059,0.2983778514021543,0.08773601419141837,0.12805129368517942,0.3357941234932551,-0.1618837995490024,-0.013410477029550318,-0.07222851721156281
4851.0,9.069325450565652,12.033435131480472,9.727684071055227,-0.03210879624839856,-0.10838499566930691,0.07504991977486919,0.35437857182195787,8.310683035957657,-7.2157,0.0,7.5938950253,3.7227520955228144,-0.12196585476909315,-0.4117024051193072,0.28507850449704486,0.08660450753153079,0.12551703320758079,0.33484595568984193,-0.15994898979662292,-0.01329593246922247,-0.07111875614971651
4852.0,9.06030246469514,11.920895128592761,9.642875341653037,-0.03142072667035705,-0.11122872282466013,0.0714489972817932,0.3331411030914806,8.200424387896563,-7.2157,0.0,7.5938950253,3.7204707406961983,-0.11947107042085073,-0.42292511935896776,0.27167061651076985,0.0856520694948793,0.12306197898526303,0.3336020077703972,-0.15793904727402291,-0.013115180414125764,-0.06998797602333504
4853.0,9.05193262856821,11.805709943122089,9.561858718124883,-0.030662674329228385,-0.11390211861563479,0.06784921592028068,0.3119705716340645,8.087454350078225,-7.2157,0.0,7.5938950253,3.718255593043864,-0.11669653034183076,-0.4334906309316275,0.25822170627703717,0.0847691408302754,0.12062898481505108,0.3321720576262986,-0.15593814034162373,-0.012906323599846014,-0.06885261478716803
4854.0,9.044211756719623,11.688037152568208,9.484637197665181,-0.029835935136744453,-0.11640531175106329,0.06426666175678462,0.2909493269471561,7.971940442032337,-7.2157,0.0,7.5938950253,3.7160967105358713,-0.11364704775926783,-0.44339552165446366,0.24479595978901025,0.08386966690787526,0.1181733786517199,0.33064307473656485,-0.15400981233184205,-0.012698652144536011,-0.06772593568002719
4855.0,9.037139915471485,11.568033665621321,9.411197103048037,-0.028942272018305827,-0.11873962554623226,0.060717299110737734,0.2701608899022205,7.854049332968665,-7.2157,0.0,7.5938950253,3.7139843326526565,-0.11032929448438414,-0.4526410057085288,0.23145718379151448,0.08295476572087004,0.11569786828392936,0.32901828462426114,-0.15215223032373776,-0.012492303557362349,-0.06661273917164154
4856.0,9.030716701260994,11.445854425288614,9.341508414811063,-0.027983746893742077,-0.12090754444857903,0.0572168305048075,0.24968943919544578,7.733945689452791,-7.2157,0.0,7.5938950253,3.7119087358358227,-0.10675122610753607,-0.4612330387544917,0.21826836962069504,0.08202552707706795,0.11320496603171264,0.3273012384888462,-0.1503632028430355,-0.012287391699226071,-0.06551771767774989
4857.0,9.024941275909836,11.321651355078888,9.275525019442043,-0.026962709175378543,-0.12291263050317443,0.053780562784925316,0.22961928726859093,7.611791097763821,-7.2157,0.0,7.5938950253,3.709860257315067,-0.10292203602157497,-0.4691820136422417,0.20529112947096667,0.08108300662534566,0.11069698192250814,0.32549576744754993,-0.148640207422721,-0.012084006766448137,-0.06444541296582419
4858.0,9.019812403608704,11.195572395943696,9.213185091340181,-0.025881783501235746,-0.12475942412945616,0.05042328449282908,0.2100343511557995,7.487743076722035,-7.2157,0.0,7.5938950253,3.707829319221661,-0.09885210486870477,-0.476502389289184,0.19258517506228612,0.08012822065114873,0.10817602056912201,0.32360593360272366,-0.1469804200129438,-0.011882215533452693,-0.0634001773538862
4859.0,9.015328489150363,11.067760648200847,9.154411597222085,-0.024743856843624026,-0.12645333161421746,0.04715915592189222,0.19101762358220714,7.3619541945968505,-7.2157,0.0,7.5938950253,3.705806453603997,-0.0945529460505752,-0.4832122622434079,0.18020784527866918,0.07916214169346028,0.10564398163386449,0.3216359789933149,-0.1453807457057239,-0.011682061842838954,-0.062386139159416085
4860.0,9.011487616939016,10.93835363021045,9.099112910321313,-0.023552065103234474,-0.12800050192594123,0.04400161283659872,0.17265064940980626,7.234571301273506,-7.2157,0.0,7.5938950253,3.7037823289369447,-0.09003714783797595,-0.4893328913929658,0.16821368753494725,0.078185695019807,0.10310256369702445,0.31959027350329366,-0.1438378502765628,-0.011483567328560535,-0.0614071727077061
4861.0,9.008287590305283,10.80748266295037,9.047183520858436,-0.022309779267747375,-0.12940769557693507,0.040963284386925765,0.15501301221225494,7.105734884284284,-7.2157,0.0,7.5938950253,3.7017477786660864,-0.08531831250603433,-0.4948881868983862,0.15665409579599898,0.07719975598027162,0.1005532712909466,0.3174732627849178,-0.14234819209283966,-0.01128673235583939,-0.06046687306276104
4862.0,9.005725970664361,10.675272386922622,8.998504828830171,-0.021020591183580364,-0.1306821483056309,0.0380559253179133,0.1381818353820941,6.975578554669678,-7.2157,0.0,7.5938950253,3.699693832252944,-0.08041099280982471,-0.4999041747210601,0.14557700639267812,0.07620514824639958,0.09799742481378486,0.3152894172128456,-0.14090805399468226,-0.011091537159894964,-0.05956853550451485
4863.0,9.003800116069268,10.541840415085984,8.952946005159086,-0.01968829896113694,-0.13183143232772188,0.035290362176671704,0.12223130175068435,6.844228665994448,-7.2157,0.0,7.5938950253,3.6976117490915357,-0.07533062600986218,-0.5044084481156511,0.1350266511155174,0.0752026429265372,0.09543617299961021,0.31304318281975324,-0.13951357481464546,-0.010897943164511877,-0.058715139648521396
4864.0,9.00250721873097,10.407297122818285,8.910364907622851,-0.018316892009054345,-0.1328633178193448,0.03267645286640885,0.10723219525214515,6.711804067264271,-7.2157,0.0,7.5938950253,3.6954930555540138,-0.0700934655624606,-0.5084296171796506,0.12504336557549225,0.0741929585356874,0.09287050759367257,0.31073893507927025,-0.13816078026492545,-0.010705894460830164,-0.05790933799231484
4865.0,9.001844341101997,10.271745573321454,8.870609038695772,-0.01691053567251834,-0.13378563715741337,0.030223058599430124,0.09325146770537732,6.57841598802326,-7.2157,0.0,7.5938950253,3.6933295852981933,-0.06471651051088265,-0.5119967670434826,0.11566344954404167,0.0731767617855408,0.0903012798626811,0.3083809363019768,-0.13684561298212983,-0.010515319426439653,-0.05715344857928564
4866.0,9.00180845014919,10.13528157444183,8.833516533427826,-0.015473555435486291,-0.13460615426125616,0.027938027065298195,0.08035183333850555,6.4441680516049535,-7.2157,0.0,7.5938950253,3.6911135228368765,-0.05921743255308527,-0.5151389345796867,0.10691907495360797,0.07215466914902387,0.08772921855920508,0.3059732972991825,-0.1355639615772957,-0.01032613246481004,-0.05644945139815169
4867.0,9.002396449474075,9.997993860626272,8.798917166694045,-0.01401042063715055,-0.13533244116575877,0.025828185460396946,0.0685913932508407,6.309156410393822,-7.2157,0.0,7.5938950253,3.68883745023245,-0.053614500723086204,-0.5178846126503082,0.09883823647453965,0.0711272491435617,0.08515494895581317,0.3035199438513302,-0.13431168859078538,-0.01013823584520806,-0.055798988084910905
4868.0,9.003605208975227,9.859964391700613,8.766633370503097,-0.012525727649430204,-0.13597176371862874,0.02389934192224957,0.05802329160885482,6.173469995056418,-7.2157,0.0,7.5938950253,3.6864943966441954,-0.047926503606879535,-0.5202612899372017,0.09144473909193179,0.07009502526831736,0.08257901256742378,0.3010245883968782,-0.13308465729623187,-0.009951521623466419,-0.05520336446461166
4869.0,9.005431591785555,9.721268758362134,8.736481253490766,-0.011024182464698412,-0.13653097804168499,0.022156293874786633,0.048695405011752485,6.03719086803826,-7.2157,0.0,7.5938950253,3.6840778903238744,-0.04217266902069251,-0.5222950333470315,0.08475821688353519,0.06905847952296204,0.0800018871886211,0.29849070723668114,-0.13187875733366577,-0.009765873624210313,-0.05466355546160472
4870.0,9.007872478258093,9.58197668273475,8.708271616176358,-0.009510582651099572,-0.1370164391355255,0.02060284181577654,0.040650066143036644,5.900394670204353,-7.2157,0.0,7.5938950253,3.681582012530397,-0.03637258110849033,-0.5240101188834358,0.07879417723404028,0.06801805642906038,0.07742400688555823,0.29592152343092254,-0.13068992917862704,-0.009581169465364407,-0.05418021191765228
4871.0,9.010924786816119,9.44215260105141,8.681810956966668,-0.007989798646238964,-0.1374339227444885,0.019241807159294858,0.0339238225481678,5.763151148331809,-7.2157,0.0,7.5938950253,3.679001452719601,-0.030546094865384787,-0.5254287157600982,0.0735640649900405,0.06697416746992338,0.07484578159878927,0.29331999545269094,-0.12951418747120186,-0.009397282605919252,-0.053753668885265844
4872.0,9.014585491526926,9.301856314504056,8.656902465197906,-0.00646675437810711,-0.137788561339006,0.018075052877273595,0.02854723114357989,5.6255247502416665,-7.2157,0.0,7.5938950253,3.676331564262389,-0.02471324816156962,-0.5265706274115908,0.06907534153482218,0.06592719586078552,0.07226761603335202,0.2906888115559009,-0.1283476432367251,-0.009214084398012065,-0.05338395500634061
4873.0,9.018851636302742,9.161143693535118,8.633346998663574,-0.004946407224044625,-0.1380847948183996,0.017103505856400553,0.024544688865313885,5.4875752736794485,-7.2157,0.0,7.5938950253,3.6735684198556697,-0.01889417142448902,-0.5274530919597207,0.06533157440813017,0.06487750155839828,0.06968992753520001,0.2880303897164968,-0.1271865250289436,-0.00903144612437013,-0.05307080264060658
4874.0,9.023720345676827,9.020067420330971,8.610944044047386,-0.00343372734344647,-0.1383263362908029,0.01632718009053933,0.021934299700954583,5.349358554613864,-7.2157,0.0,7.5938950253,3.670708865717107,-0.013108995231484913,-0.5280906436225262,0.062332533874296575,0.06382542641759544,0.06711316267832823,0.28534688291534516,-0.1260271990176948,-0.008849241002089992,-0.052813658471445465
4875.0,9.029086600502247,8.878670143847428,8.58949918205499,-0.0019320191003672144,-0.13851684106820417,0.015745096503858837,0.020728260510174925,5.21092697904483,-7.2157,0.0,7.5938950253,3.667743164802598,-0.007371516184588175,-0.5285036444920347,0.06007457880930777,0.0631713114281699,0.0649776937078771,0.28225875832763525,-0.12447875862252772,-0.008601906962161275,-0.052704416086413595
4876.0,9.034778446306985,8.736986416632426,8.568823269330917,-0.00044348847133023403,-0.13865967611165164,0.015355673686606926,0.020935166757532056,5.072329216355821,-7.2157,0.0,7.5938950253,3.664657200276605,-0.0016910406744474848,-0.5287153271587919,0.058551846251397734,0.06258243690903129,0.06291697325635207,0.2790862832268758,-0.12286247038372314,-0.00834399749751492,-0.052664820180384944
4877.0,9.04079071703958,8.595061210518379,8.548717886531037,0.0010269817633116799,-0.13875635579952494,0.015156904759631776,0.022558250762427887,4.933611654238383,-7.2157,0.0,7.5938950253,3.6614495562799956,0.003913321616814559,-0.5287321216588127,0.05775549786648477,0.061992735063106305,0.06085858546327133,0.2758941605572377,-0.12123946063483361,-0.008086256821504056,-0.05267831207851065
4878.0,9.047121859886454,8.45293959562879,8.528986055317029,0.002474506899503559,-0.1388076520816066,0.015145964790540742,0.025594259376457703,4.794819565029575,-7.2157,0.0,7.5938950253,3.658120030599215,0.009422528402747469,-0.5285574449277246,0.05767342311897158,0.061402308647555914,0.058803027268834865,0.2726837079013225,-0.11960683731340094,-0.007828601334244524,-0.05274343704887882
4879.0,9.053770359681703,8.310667200048766,8.509433331600663,0.0038942808793273513,-0.1388136496993193,0.015319223491049947,0.030033477855874978,4.655997784257356,-7.2157,0.0,7.5938950253,3.6546694157914095,0.01481791242356447,-0.5281921279379205,0.05829032859247651,0.06081126527093014,0.056750881247226444,0.2694560666559085,-0.11796195774200685,-0.007570961478427187,-0.05285851091443296
4880.0,9.060734734468832,8.1682908823435,8.48986866028972,0.00528159879492454,-0.13877379048925811,0.01567226397290658,0.03585978908250192,4.517191352421418,-7.2157,0.0,7.5938950253,3.6510995299220825,0.020081271973780714,-0.52763459282921,0.059587827001789266,0.060219718410451054,0.054702818977507006,0.26621223116085857,-0.11630244432093431,-0.007313283479856842,-0.05302162939806408
4881.0,9.068013530327613,8.025859347709845,8.470105214209202,0.006631879139392089,-0.13868692978677907,0.016199902265266238,0.04305076759739404,4.378446107985968,-7.2157,0.0,7.5938950253,3.6474132397238774,0.0251949597988528,-0.5268810765638464,0.06154453025151796,0.05962778834439859,0.05265960233201975,0.26295307982548993,-0.11462619834495119,-0.007055530872731733,-0.05323067781390867
4882.0,9.075605315522072,7.883423695866091,8.44996121566336,0.007940685598131776,-0.13855140377381242,0.016896208265055848,0.05157780786290058,4.239809220578346,-7.2157,0.0,7.5938950253,3.6436144752877446,0.030141969526569636,-0.525925896297449,0.0641361489944531,0.059035603002697834,0.05062208268589662,0.2596794076019391,-0.11293141176258376,-0.006797685786321314,-0.05348334128275849
4883.0,9.083508674023607,7.741037890082446,8.4292607383578,0.009203748165985409,-0.13836510643995045,0.017754528876599937,0.061406285965726407,4.101329654586888,-7.2157,0.0,7.5938950253,3.6397082354955588,0.03490601877498392,-0.5247617509837043,0.06733560144528776,0.05844329873796196,0.048591198085670174,0.2563919591396796,-0.1112165766897105,-0.006539749971790493,-0.053777115665275925
4884.0,9.091722198462074,7.598759138228181,8.40783448658761,0.010416983373181322,-0.13812557466333503,0.018767514140553724,0.07249575378544218,3.9630585547086667,-7.2157,0.0,7.5938950253,3.6357005835195144,0.03947162807798956,-0.5233800531165385,0.07111313434669644,0.057851021018097595,0.04656796844953057,0.2530914619489233,-0.10948049249055161,-0.00628174555061821,-0.0541093194101227
4885.0,9.100244482557267,7.456648178352589,8.38552054776573,0.01157651340696669,-0.13783007977367692,0.019927147147424676,0.08480016443842736,3.8250495465000465,-7.2157,0.0,7.5938950253,3.6315986318525426,0.04382419479327355,-0.5217712839808081,0.07543645893740528,0.0572589250401511,0.0445534889056896,0.24977865890453094,-0.10772227024971531,-0.00602371546939762,-0.05447710650353692
4886.0,9.109074113083675,7.314769463103768,8.362165113565702,0.012678683925900098,-0.1374757238380264,0.021224778478363876,0.09826812757405251,3.6873589466104026,-7.2157,0.0,7.5938950253,3.627410516493365,0.04795006120544078,-0.5199253653472283,0.08027090454005607,0.05666717626336833,0.04254892140790645,0.24645433943686376,-0.10594133447922266,-0.0057657236497682535,-0.05487748068302876
4887.0,9.118209661423025,7.173191239195254,8.337623164232996,0.013720080379974684,-0.13705953881532562,0.022651165817571504,0.11284319285255356,3.5500458791079095,-7.2157,0.0,7.5938950253,3.6231453600873444,0.05183657610877564,-0.5178320402265327,0.08557959198029194,0.0560759508574914,0.04055548479769465,0.24311936878227064,-0.10413742193430461,-0.005507854826771933,-0.05530731104182416
4888.0,9.12764967476188,7.031985520124403,8.311759110025033,0.01469754267163191,-0.1365785866629191,0.024196519240696823,0.1284641596786557,3.4131722961077626,-7.2157,0.0,7.5938950253,3.61881322401664,0.055472149247547495,-0.5154812551085677,0.09132362848530902,0.05548543606018714,0.03857444351025177,0.23977471470401956,-0.10231057745068699,-0.0052502140739656864,-0.0557633491041335
4889.0,9.137392666995753,6.8912279523916125,8.284447383312312,0.01560817801966894,-0.13603005845129731,0.025850552507999162,0.14506541100902698,3.276802902755296,-7.2157,0.0,7.5938950253,3.6144250496363166,0.05884629810424726,-0.5128635360690876,0.0974623250150168,0.05489583043528935,0.03660709514492734,0.23642147114453307,-0.10046114676301396,-0.004992926019057748,-0.056242247396410955
4890.0,9.147437109406651,6.750997577525301,8.255572974644874,0.016449371919181045,-0.13541137055587585,0.027602540487380773,0.16257726880352316,3.141004988463305,-7.2157,0.0,7.5938950253,3.609992589061996,0.06194968665409548,-0.5099703512421867,0.10395343618295161,0.05430734402136918,0.03465475714033502,0.23306087833151512,-0.0985897663175199,-0.004736133759519657,-0.05674057947904618
4891.0,9.15778142118786,6.61137649423994,8.22503190608469,0.017218797124972127,-0.1347202560489595,0.029441382609617595,0.1809263684589332,3.005848168116075,-7.2157,0.0,7.5938950253,3.6055283261238644,0.06477415584334259,-0.506794452436784,0.11075342206297895,0.053720198358176,0.03271875280839595,0.22969433893326355,-0.09669735015018201,-0.004479997493408207,-0.05725486133921666
4892.0,9.168423959897753,6.47244942699737,8.192731635340282,0.017914420622128845,-0.133954849512234,0.031355672026015365,0.20003604935867297,2.871404038692112,-7.2157,0.0,7.5938950253,3.601045388305258,0.06731274569454153,-0.5033301891231396,0.11781773029050413,0.0531346263768865,0.030800396990191638,0.22632342994100604,-0.09478507396221533,-0.004224692886328478,-0.05778157398189556
4893.0,9.179363011933434,6.33430320905885,8.158591384719552,0.0185345085844152,-0.13311376362962152,0.03333376990756415,0.21982675850135452,2.7377457583834,-7.2157,0.0,7.5938950253,3.5965574506754496,0.06955970908907486,-0.49957378862551033,0.12510109599355634,0.052550872139036434,0.02890098159921488,0.2229499100468595,-0.09285435658556515,-0.003970409200897474,-0.05831718699522587
4894.0,9.190596783124597,6.197026189761823,8.122542389634061,0.019077629357502113,-0.13219615609989632,0.03536388410466538,0.24021646404328917,2.6049475567624496,-7.2157,0.0,7.5938950253,3.5920786329993737,0.07151051742066593,-0.49552359711869737,0.13255785626921307,0.05196919040865386,0.02702176131434189,0.21957572238294956,-0.0909068390895957,-0.0037173472200411426,-0.058858182811462795
4895.0,9.202123389557764,6.060707577189903,8.08452806232618,0.019542654538526955,-0.13120178562415788,0.037434151187334085,0.2611210755113801,2.473084185833829,-7.2157,0.0,7.5938950253,3.587623391356074,0.07316185844847799,-0.49118027692187427,0.14014227519129532,0.05138984604260821,0.025163939675733826,0.21620299258793318,-0.08894436183411114,-0.00346571699979882,-0.05940108133799531
4896.0,9.213933735414669,5.925435307471051,8.044503783011464,0.019928405382560178,-0.13013125748502136,0.03953265702795552,0.28245480030740794,2.3422302851239443,-7.2157,0.0,7.5938950253,3.5832050223471064,0.07451036496935487,-0.48654808565944496,0.1478087507161539,0.05085314254291337,0.023451130510612497,0.21267567445238042,-0.08699466864380753,-0.0032357236001406614,-0.05998740831005073
4897.0,9.22599275762826,5.791291238522143,8.002436254714162,0.02023275783734797,-0.12898661741504197,0.041647262778943,0.304129499941887,2.2124591273513694,-7.2157,0.0,7.5938950253,3.5788321111707733,0.07554943146040592,-0.4816380292813623,0.15551152493029044,0.05035266640800954,0.02185918231687061,0.20902863011353418,-0.08505494053630096,-0.0030232476563458273,-0.06060432039836081
4898.0,9.238292834608131,5.65836088258143,7.958305713068802,0.02045530945689743,-0.12776987472967263,0.04376614389375946,0.32605531157677925,2.0838419959898027,-7.2157,0.0,7.5938950253,3.5745188865916275,0.07627874796848305,-0.47645947830835694,0.1632058740865805,0.049856561454306475,0.020288993170629106,0.205393772693506,-0.08310652699183005,-0.002812102276353509,-0.06121179092413273
4899.0,9.250830928623714,5.52672840048874,7.912104764331125,0.020596196707294165,-0.1264836194996058,0.04587779417349211,0.3481420182018384,1.9564480092358296,-7.2157,0.0,7.5938950253,3.5702803912529104,0.07670002641285384,-0.47102370861399834,0.17084843745079012,0.04936518547237381,0.018741250160542587,0.20177405440256985,-0.08115175846965623,-0.0026024650926578328,-0.061806664964874025
4900.0,9.263603821244446,5.396474884592361,7.863837888615741,0.020655848747266767,-0.1251311448272222,0.047971073330120954,0.3702995098663211,1.8303434644189287,-7.2157,0.0,7.5938950253,3.566131420173432,0.07681610775618712,-0.46534459185439436,0.17839746907490922,0.04887888646109012,0.017216539412436956,0.19817252502220287,-0.07919302671587986,-0.0023945124785617667,-0.06238595618771051
4901.0,9.276608117138124,5.267677582023514,7.813521055755395,0.020634979594210602,-0.12371642405482401,0.05003528273269673,0.39243818822048715,1.7055911729050304,-7.2157,0.0,7.5938950253,3.5620864091184834,0.07663092350610833,-0.45943848817056027,0.1858131192323317,0.04839799905609842,0.01571534062764892,0.19459230364046232,-0.07723275863068686,-0.0021884176023270314,-0.06294686534664717
4902.0,9.289840250090668,5.140409150600498,7.761181262932512,0.020534579464265464,-0.12224407561433906,0.0520602348949911,0.41446935676058216,1.582249822231675,-7.2157,0.0,7.5938950253,3.5581593283688235,0.07614945397333835,-0.4533240929382913,0.19305768924443448,0.04792284106503962,0.014238023090705348,0.19103654816505883,-0.07527339108390896,-0.001984348569950237,-0.0634867963840146
4903.0,9.303296491194423,5.0147369600357665,7.7068560011247875,0.020355905469916842,-0.12071931651527992,0.0540363155443408,0.4363055948029375,1.4603733768384426,-7.2157,0.0,7.5938950253,3.5543635831973237,0.07537768403945626,-0.4470222418352121,0.20009585551363437,0.04745371017750307,0.012784843151044889,0.1875084232680279,-0.07331734704888168,-0.0017824666862148264,-0.06400336988577726
4904.0,9.316972959111705,4.890722449920564,7.650592658548895,0.020100471845417453,-0.11914790567394547,0.05595453729204875,0.4578611135636279,1.340010527721933,-7.2157,0.0,7.5938950253,3.550711922198631,0.07432255713454938,-0.44055567924056366,0.20689485932508955,0.04699088091142891,0.011355943157081605,0.18401106742944962,-0.07136701338318624,-0.0015829248602146782,-0.06449443370321978
4905.0,9.330865632283254,4.768420554565661,7.592447870224077,0.019770039852586893,-0.11753607845297648,0.05780658413419557,0.4790520930794117,1.221204200133176,-7.2157,0.0,7.5938950253,3.547216354432485,0.07299192805490645,-0.43394879556466454,0.2134246598228781,0.046534601850227904,0.009951351797208359,0.1805475597440403,-0.0694247205363073,-0.0013858661775768134,-0.0649580706210699
4906.0,9.344970362918374,4.647879203228514,7.532486823485273,0.019366607498162092,-0.11589047390338827,0.059584846239836294,0.49979699906222325,1.103991127085751,-7.2157,0.0,7.5938950253,3.5438880761427627,0.07139451516712228,-0.4272273395123874,0.21965804847360862,0.0460850932164489,0.008570985781734437,0.17712088713453564,-0.0674927244104214,-0.001191422657267958,-0.06539260302179836
4907.0,9.359282892575274,4.529138902604622,7.470782529737467,0.018892399169842228,-0.11421805627984076,0.061282444722765526,0.5200168791225576,0.9884014949959036,-7.2157,0.0,7.5938950253,3.5407374076087184,0.06953985245145,-0.4204181115160012,0.2255707242671416,0.04564254481873898,0.0072146527824843085,0.173733912581043,-0.06557319054341845,-0.0009997142062999772,-0.06579659456515191
4908.0,9.373798869116962,4.412232406751654,7.407415072951739,0.018349855272537414,-0.11252603243462733,0.06289324633485828,0.5396356381168913,0.8744586662727963,-7.2157,0.0,7.5938950253,3.537773740478858,0.0674382417380014,-0.4135486446316392,0.23114132983738472,0.04520711439942556,0.005882055532945976,0.17038934492785224,-0.06366818072481278,-0.0008108477809993895,-0.06616884896860534
4909.0,9.38851386481011,4.297184477895644,7.342470845360776,0.017741621920119563,-0.11082176668871475,0.06441186825537777,0.5585802926623493,0.7621789821578333,-7.2157,0.0,7.5938950253,3.5350054957378103,0.0651007053884221,-0.40664687909085195,0.23635144958510912,0.04477892640061097,0.004572796981404691,0.1670897107707842,-0.06177964209727875,-0.0006249167589172341,-0.0665084060362974
4910.0,9.403423395321743,4.184011739882282,7.276041780526776,0.017070540712164847,-0.10911269473257776,0.06583367337424763,0.5767812051112875,0.6515716476143888,-7.2157,0.0,7.5938950253,3.5324400922678927,0.06253893957669206,-0.39974083644977576,0.24118557172180072,0.04435807115748903,0.0032863863822722716,0.16383732886147706,-0.059909398740844215,-0.00044200052105643575,-0.06681453513940183
4911.0,9.418522939361244,4.072722624421811,7.208224593444815,0.016339638600665483,-0.10740623803011114,0.06715475667171818,0.5941722974842699,0.5426386986272479,-7.2157,0.0,7.5938950253,3.530083925794563,0.05976526822910741,-0.3928582989031048,0.24563101690524627,0.043944604518919406,0.0020222462065710434,0.1606342873926055,-0.0580591456847632,-0.00026216423999725976,-0.06708672639840985
4912.0,9.4338079587127,3.9633174087664056,7.13912003663267,0.01555211782925848,-0.10570972009098416,0.06837192347682519,0.6106912460189327,0.43537505091404916,-7.2157,0.0,7.5938950253,3.5279423578523565,0.05679259759820931,-0.3860264988509832,0.24967783678501318,0.04353854788733301,0.0007797197509308365,0.15748242445244748,-0.056230445244978784,-8.545886580086119e-05,-0.06732467985646796
4913.0,9.44927391840491,3.8557883420809733,7.068832180271928,0.01471134590782621,-0.10403028584639368,0.06948266053844909,0.6262796571032195,0.32976862780321115,-7.2157,0.0,7.5938950253,3.526019714277762,0.0536343713708497,-0.3792718232485354,0.2533186863053323,0.043139888662947906,-0.0004419206748624768,0.15438331186087575,-0.05442472554381282,8.807870166208944e-05,-0.06752829296212082
4914.0,9.464916306772636,3.7501198565422147,6.997467723436306,0.013820845568883768,-0.10237482521649155,0.07048510096276377,0.6408832254250633,0.22580056391283643,-7.2157,0.0,7.5938950253,3.5243192926293783,0.050304526148567376,-0.37261953665501696,0.25654867401518394,0.042748581071160294,-0.0016434650991643818,0.15133824252398215,-0.052643281033730775,0.00025842526802682,-0.06769764669930015
4915.0,9.48073065517275,3.646288858139842,6.925135342305638,0.012884284639352168,-0.1007499018009985,0.07137798415774183,0.6544518751890543,0.12344548028579189,-7.2157,0.0,7.5938950253,3.52284337785405,0.046817447090273294,-0.3660935262569335,0.2593651949064258,0.042364547346899616,-0.002825756891966534,0.1483482213731008,-0.05088727481910832,0.00042557084363501336,-0.0678329907122621
4916.0,9.49671255713192,3.544265091264908,6.85194508005272,0.011905465752353754,-0.09916168746357455,0.07216061197860807,0.6669398852277463,0.022671825804867,-7.2157,0.0,7.5938950253,3.521593265460041,0.043187923473641844,-0.3597160714898839,0.2617677504407714,0.04198767924571479,-0.003989683528801004,0.1454139598876036,-0.049157742549001404,0.0005895180044831346,-0.06793472777377185
4917.0,9.512857686718181,3.4440115704539265,6.778007781840457,0.01088831581865085,-0.09761590342079803,0.07283280228817048,0.6783059987759477,-0.07655772096934398,-7.2157,0.0,7.5938950253,3.5205692914232705,0.03943110391278517,-0.3535076402479685,0.2637577604393952,0.04161783984836851,-0.005136167217396813,0.14253587414078303,-0.04745559763990028,0.0007502811338646219,-0.06800339793677257
4918.0,9.529161815946214,3.345485072109184,6.703434577112375,0.00983687517625111,-0.09611776829283245,0.07339484113416116,0.6885135185865449,-0.1742857959290632,-7.2157,0.0,7.5938950253,3.5197708680382473,0.0355624509654946,-0.34748671306504425,0.26533837140226857,0.04125486562369618,-0.006266155483157156,0.1397140862553151,-0.04578163758005651,0.0009078855642259461,-0.06803966269385144
4919.0,9.5456208310452,3.24863667862607,6.628336410132816,0.00875528633938331,-0.09467195342894374,0.07384743470418619,0.6975303879526014,-0.2705598463028745,-7.2157,0.0,7.5938950253,3.5191965249289443,0.031597694872899026,-0.34166963609322404,0.2665142656080813,0.04089856871335182,-0.007380611803124146,0.13694842910976152,-0.044136551065783125,0.0010623666388624414,-0.06804428944596039
4920.0,9.562230747438099,3.1534123671145213,6.552823618563666,0.007647782274270772,-0.09328254568998183,0.07419166215030921,0.7053292580695759,-0.36543158733909387,-7.2157,0.0,7.5938950253,3.518843954453615,0.027552786196799912,-0.3360705032014474,0.2672914750319037,0.04054873940170845,-0.008480506371793307,0.1342384541005187,-0.04252092572460558,0.0012137687127690192,-0.06801813655309703
4921.0,9.578987723301637,3.0597536347882826,6.477005558778783,0.0065186741385825425,-0.09195301775383417,0.07442893028283624,0.7118875420304611,-0.4589564259800251,-7.2157,0.0,7.5938950253,3.5187100607683077,0.02344384715390005,-0.33070106707765284,0.2676772037202211,0.040205148734486655,-0.009566807076101094,0.13158344173444275,-0.0409352561896715,0.0013621441112912594,-0.06796213920607871
4922.0,9.595881884090147,2.967597233996442,6.400989653799677,0.005372059449312057,-0.09068625825143593,0.07456093642292215,0.7171874092139714,-0.5511928673731276,-7.2157,0.0,7.5938950253,3.5187901013695693,0.019286132349715553,-0.3255710766867354,0.2676798537952427,0.03991553833786164,-0.010524180666257793,0.12892841477746564,-0.039458859252383564,0.0014857352363781054,-0.06786715816597572
4923.0,9.612844880024118,2.8768679487295006,6.324875852692082,0.004209462819376781,-0.08948508068915906,0.07458958603813588,0.7212143225905835,-0.642202197512347,-7.2157,0.0,7.5938950253,3.5190701462418477,0.015085647998843633,-0.3206918522265591,0.2673101741559918,0.03971801243339067,-0.011260946170805274,0.12622900846976298,-0.03815159320048273,0.001567646423817553,-0.06772643381799841
4924.0,9.62985501845654,2.7874946041536375,6.248767076099434,0.0030345861152674767,-0.08835143490991781,0.07451675046734638,0.7239563569245155,-0.7320481442665906,-7.2157,0.0,7.5938950253,3.519542748420228,0.010855977734929632,-0.31606986053404884,0.26657743534871353,0.03952389833518729,-0.01199241056154442,0.12358330429626421,-0.03686677494945644,0.0016483544233072077,-0.06755978453928593
4925.0,9.646910325797538,2.699406831200175,6.172766453696579,0.0018520513266297395,-0.08728645941294219,0.07434445713982776,0.7254063709209914,-0.8207959355152445,-7.2157,0.0,7.5938950253,3.5202027667154194,0.0066138448526647554,-0.31170793810890535,0.2654908630816289,0.03933302009299815,-0.012719193304357244,0.12098957071479849,-0.03560493527937086,0.001727867459614892,-0.06736819799685034
4926.0,9.664008939806605,2.612532880148206,6.09697515928831,0.0006664968319670442,-0.08629062443273842,0.07407490688389674,0.7255621971983426,-0.9085116202975063,-7.2157,0.0,7.5938950253,3.5210445004457123,0.0023759100394338175,-0.307606504735635,0.26406024229126085,0.03914519748007243,-0.013441870802118158,0.11844587903318235,-0.034366558823340256,0.0018061966006726862,-0.06715269247679519
4927.0,9.681149112877302,2.5268003215469106,6.02149222624934,-0.0005174387889453316,-0.0853637405219461,0.07371045111943542,0.7244266245253776,-0.9952614262624225,-7.2157,0.0,7.5938950253,3.522061747809333,-0.001841286201805928,-0.3037636159399082,0.26229582991205946,0.038960247826702786,-0.014160972243151913,0.11595012614553728,-0.03315208780763387,0.0018833553000703873,-0.06691431010443927
4928.0,9.698329214123373,2.4421367363929583,5.946414383519459,-0.001695133510447442,-0.08450497352138606,0.07325357433005185,0.7220073649382075,-1.0811111280458297,-7.2157,0.0,7.5938950253,3.5232478644387877,-0.006021382461411204,-0.30017503773456833,0.26020828742287566,0.038777987819182055,-0.014876975972396851,0.11350005840173347,-0.031961925249792605,0.0019593589559840975,-0.06665411148664471
4929.0,9.71554773027592,2.3584703890484544,5.871835906838446,-0.0028619991169421956,-0.08371286558634984,0.07270688173448633,0.7183170052381921,-1.166125432672307,-7.2157,0.0,7.5938950253,3.5245958217207614,-0.010148256414963702,-0.29683434218153437,0.25780863264637777,0.038598235248638715,-0.015590306409164891,0.11109329633905134,-0.030796437556292286,0.002034224490760407,-0.06637317172017757
4930.0,9.732803265412207,2.275730876743184,5.79784848006697,-0.004013498872800064,-0.08298536192108126,0.07207309192250524,0.7133729423591124,-1.250367387753426,-7.2157,0.0,7.5938950253,3.52609826449661,-0.014206085584748163,-0.2937330222568894,0.25510820973377074,0.038420810695377776,-0.01630133153279388,0.10872736001318087,-0.029655956483125807,0.0021079699546382846,-0.06607257767444616
4931.0,9.750094539547087,2.1938497498768856,5.724541061755679,-0.005145165501450651,-0.08231984285728751,0.07135503407735541,0.707197302110732,-1.3338978179077599,-7.2157,0.0,7.5938950253,3.5277475677846457,-0.018179408497633772,-0.2908606244719848,0.2521186757722538,0.038245539135418144,-0.01701036095434017,0.10639969467396745,-0.028540780444281662,0.002180614156389176,-0.06575342642537378
4932.0,9.767420386127986,2.1127610977244595,5.651999752581365,-0.006252619352401339,-0.08171316089511096,0.07055564927778399,0.6998168408547824,-1.4167747944625848,-7.2157,0.0,7.5938950253,3.5295358921870443,-0.02205318581312915,-0.28820489766515583,0.24885200201598132,0.03807225145689344,-0.017717644588608604,0.1041076965393943,-0.027451175174066506,0.0022521763229995007,-0.06541682469002356
4933.0,9.784779748483723,2.0324020945518817,5.580307659850088,-0.0073315866205544145,-0.08116168230436116,0.06967799526063603,0.6912628297472557,-1.4990531431102543,-7.2157,0.0,7.5938950253,3.531455237662136,-0.02581286095042037,-0.28575195632978057,0.24532048737232795,0.03790078587489314,-0.01842337193615826,0.10184873842883008,-0.026387373769130675,0.0023226757899154947,-0.06506388908945093
4934.0,9.802171675286411,1.952713501577407,5.509544755953332,-0.00837791747034802,-0.08066133285860352,0.06872525393276362,0.681570921286109,-1.5807839937806878,-7.2157,0.0,7.5938950253,3.5334974953580947,-0.029444419707641584,-0.2834864567802724,0.2415367814821023,0.03773098923419302,-0.019127671979400428,0.09962019502343687,-0.02534957615450449,0.002392131722821876,-0.06469574705056558
4935.0,9.819595315094114,1.8736401206667694,5.439787728433046,-0.009387603908274056,-0.08020764724424989,0.06770074085065858,0.6707809980337599,-1.6620143765512185,-7.2157,0.0,7.5938950253,3.5356544972179877,-0.032934448341565045,-0.2813917843759864,0.23751391452152068,0.037562718190195424,-0.019830613690521845,0.0974194675279024,-0.02433794803455292,0.0024605628714346704,-0.06431353814687846
4936.0,9.83704991004981,1.7951311961381995,5.371109820140917,-0.01035679724151779,-0.079795821651139,0.06660791583962387,0.6589370035360901,-1.7427868669418691,-7.2157,0.0,7.5938950253,3.5379180630800686,-0.03627018956219581,-0.2794502499243515,0.23326533072997527,0.037395840259309365,-0.020532207141783762,0.09524400751358172,-0.023352619404156977,0.0025279873553539015,-0.06391841567310727
4937.0,9.854534788819581,1.7171407615785017,5.303580658841369,-0.011281824958037347,-0.07942076901100102,0.06545039390264672,0.6460867556304931,-1.8231392834340467,-7.2157,0.0,7.5938950253,3.5402800450125484,-0.0394395958950125,-0.27764329327175885,0.22880492263361984,0.03723023473098658,-0.02123240520088943,0.09309133972912809,-0.022393682707315697,0.0025944224816414445,-0.06351154824978884
4938.0,9.872049358859627,1.639627929139305,5.237266076480271,-0.012159206864492214,-0.07907717630712464,0.06423195557302983,0.6322817425207206,-1.903104439500822,-7.2157,0.0,7.5938950253,3.5427323686401273,-0.04243137987411202,-0.275951691969167,0.22414706299103115,0.037065793434729516,-0.02193110578575967,0.0909590836712896,-0.021461190739476478,0.002659884593459338,-0.06309412126122792
4939.0,9.88959309810759,1.5625571193952712,5.172227919195835,-0.012985670323082104,-0.07875956333454914,0.06295655589418316,0.6175769021913673,-1.9827099518461484,-7.2157,0.0,7.5938950253,3.54526707124142,-0.045235060552267,-0.2743557727763756,0.21930663163175318,0.0369024213566295,-0.022628154644440127,0.08884497371636568,-0.02055515439604587,0.002724388948819656,-0.06266733794305962
4940.0,9.90716554619877,1.4858982305034556,5.108523849958813,-0.013758164436516365,-0.07846234224773303,0.06162833126395004,0.602030385934969,-2.061978105919531,-7.2157,0.0,7.5938950253,3.5478763364229864,-0.04784100584852379,-0.2728356236533782,0.21429903458690852,0.036740037101399656,-0.023323348617257017,0.08674687762249395,-0.019675540372588736,0.0027879496282534303,-0.062232419954013865
4941.0,9.924766295311807,1.4096267461022958,5.046207146471146,-0.014473873041840973,-0.0781798771947793,0.06025160345784524,0.585703306964808,-2.1409257791051943,-7.2157,0.0,7.5938950253,3.55055252520749,-0.050240470299734774,-0.2713713037890261,0.20914021321623044,0.03657857319744773,-0.02401643933004114,0.08466281322509162,-0.018822268922154863,0.0028505794699976196,-0.06179060728957507
4942.0,9.94239498075122,1.333723782123913,4.985326497603261,-0.015130226388442886,-0.0779065433069464,0.058830880243262204,0.5686594752815267,-2.219564421286878,-7.2157,0.0,7.5938950253,3.5532882034107907,-0.05242562783826098,-0.269943049146647,0.20384664140825043,0.03641797624428663,-0.024707137259564114,0.08259096316294749,-0.01799521177203716,0.0029122900311205693,-0.06134315742239696
4943.0,9.960051271375894,1.258176073455478,4.925925802190358,-0.015724911392867347,-0.07763678429231746,0.05737085211198552,0.550965120146474,-2.2979000917699004,-7.2157,0.0,7.5938950253,3.5560761652253783,-0.05438959928259946,-0.2685314709731274,0.1984353093580888,0.036258206903488854,-0.025395116105584387,0.08052968749106465,-0.01719419029621396,0.0029730915728527606,-0.06089134358468842
4944.0,9.977734859982593,1.1829759021622668,4.868043974421275,-0.01625588038266815,-0.07736516787586367,0.055876384787496625,0.5326886016845047,-2.3759335508126065,-7.2157,0.0,7.5938950253,3.5589094529748735,-0.05612647429918726,-0.26711774473110755,0.1929236928964273,0.03609923973642722,-0.0260800173983698,0.07847753405864044,-0.01641897403100613,0.003032993068256816,-0.06043645214033857
4945.0,9.995445453752344,1.1081209697620127,4.811714760327713,-0.016721358262830548,-0.07708643833701143,0.05435250730232783,0.5139001132892337,-2.4536604032934792,-7.2157,0.0,7.5938950253,3.561781373055492,-0.05763132767017,-0.26568378698050993,0.18732970783831032,0.035941062894166376,-0.026761455266495437,0.07643324655659003,-0.01566927961042084,0.0030920022302552176,-0.059979779028217814
4946.0,10.01318276486447,1.0336142168004938,4.756966570009335,-0.017119848060767322,-0.07679556542189617,0.05280439558445851,0.4946713766305286,-2.531071291333647,-7.2157,0.0,7.5938950253,3.564685508134141,-0.058900229781376316,-0.26421241786053945,0.18167164932490054,0.035783677667024505,-0.02743902128730705,0.0743957701686031,-0.014944770184666945,0.0031501255579336387,-0.05952262529174944
4947.0,10.03094650137854,0.9594635937037356,4.703822330209147,-0.017450134828857235,-0.07648778895171138,0.051237351635607005,0.4750753311639577,-2.6081521320239505,-7.2157,0.0,7.5938950253,3.567615725727686,-0.05993025132488899,-0.26268750700886817,0.17596811662828452,0.03562709790345372,-0.028112289341822576,0.07236425479248074,-0.014245055370883983,0.0032073683989507005,-0.05906629174236131
4948.0,10.048736358478278,0.8856817875539839,4.652299361686015,-0.01771128790632308,-0.07615865851107267,0.049656778523389754,0.4551858201124176,-2.684884395788276,-7.2157,0.0,7.5938950253,3.57056618334226,-0.060719462289209505,-0.2610941010003537,0.17023792436224608,0.03547134930992169,-0.028780820397077994,0.07033805583382105,-0.013569691769743125,0.003263735025811126,-0.058612072834712634
4949.0,10.0665520101637,0.8122859100361518,4.602409285524785,-0.017902661564297286,-0.07580406768038056,0.04806815153902757,0.43507727492951526,-2.7612454203672936,-7.2157,0.0,7.5938950253,3.5735313304034455,-0.061266925384912616,-0.25941853068979903,0.1645000014749411,0.035316468645350416,-0.029444167141994434,0.0683167326112078,-0.012918184065787972,0.003319228723699144,-0.0581612498586465
4950.0,10.084393101468653,0.739297152311359,4.554157962091277,-0.018023894078596017,-0.07542028237220183,0.04647698598830527,0.41482440026166906,-2.8372087549446916,-7.2157,0.0,7.5938950253,3.5765059072560508,-0.06157268412287537,-0.2576484971955285,0.15877327977862485,0.03516250282531282,-0.03010187840766259,0.06630004444994633,-0.012289986713722507,0.0033738518875242518,-0.05771508357578048
4951.0,10.102259241270401,0.6667404129790874,4.507545465795637,-0.01807490529348068,-0.07500396294132947,0.04488880218214555,0.39450186140146726,-2.9127445285751814,-7.2157,0.0,7.5938950253,3.5794849415542687,-0.06163774582388413,-0.25577313565394766,0.15307657408526823,0.035009507952542394,-0.030753503309349707,0.06428794457901257,-0.011684506197830492,0.003427606125804171,-0.05727480644682037
4952.0,10.120149995746475,0.5946439055767163,4.462566098192868,-0.018055892756073406,-0.07455217985838292,0.04330908827149108,0.37418397616967985,-2.987819836821063,-7.2157,0.0,7.5938950253,3.5824637423977794,-0.06146405989122372,-0.25378305629864817,0.14742845625607906,0.03485754829132409,-0.03139859505531831,0.06228057198210617,-0.011101103837790165,0.0034804923690028213,-0.05684161460857147
4953.0,10.138064882521586,0.5230387522255356,4.419208441245915,-0.017967326514757923,-0.07406242286400441,0.04174326162711303,0.3539444130794454,-3.062399140370035,-7.2157,0.0,7.5938950253,3.5854378925955706,-0.061054491720658265,-0.25167036285827593,0.14184712563176693,0.03470669520396358,-0.032036714376436536,0.060278241387390935,-0.010539099101729593,0.0035325109799573006,-0.056416659766953016
4954.0,10.156003365534637,0.4519585700603646,4.377455451828443,-0.01780994268559842,-0.07353260365097739,0.04019662949732942,0.3338558975263597,-3.13644466939563,-7.2157,0.0,7.5938950253,3.5884032394559946,-0.060412792654344176,-0.24942864871163986,0.13635027838631486,0.03455702606775112,-0.03266743254026229,0.05828143161059284,-0.009997773376769624,0.0035836618640701814,-0.05600104117404721
4955.0,10.173964850642665,0.3814390569743352,4.3372845977759225,-0.017584735898426643,-0.07296105225086999,0.038674349685238786,0.31398992761598005,-3.209916827533889,-7.2157,0.0,7.5938950253,3.5913558845082245,-0.059543566406417385,-0.24705297167246446,0.13095497834084968,0.03440862319063286,-0.033290333923477834,0.0562907724916384,-0.0094763741387549,0.0036339445770145664,-0.05559579785350929
4956.0,10.191948681965588,0.3115175829741343,4.298668035028969,-0.01729295073878116,-0.0723465074260652,0.037181391972711614,0.29441650108967415,-3.282774589582553,-7.2157,0.0,7.5938950253,3.594292172556687,-0.058452232398418826,-0.24453980868625036,0.12567753168993437,0.03426157274318118,-0.03390501812692156,0.05430703068514639,-0.008974119456512976,0.0036833584278014946,-0.055201901229913974
4957.0,10.209954138962889,0.24223279308096227,4.261572824675188,-0.016936072303446577,-0.07168810148348818,0.03572250098266587,0.27520385464521796,-3.354975887375458,-7.2157,0.0,7.5938950253,3.5972086804564203,-0.05714498644290682,-0.24188699209544462,0.12053336793713021,0.03411596372343673,-0.0345111016277006,0.0523310945792194,-0.008490202761846526,0.0037319025751938223,-0.05482024830438175
4958.0,10.227980434221422,0.17362422723932733,4.225961188005678,-0.016515815986152232,-0.07098534002959211,0.03430216111647846,0.2564182167747072,-3.4264779787348125,-7.2157,0.0,7.5938950253,3.6001022059741397,-0.05562875920443191,-0.23909362945565718,0.11553692911934452,0.03397188696981166,-0.035108218972690695,0.050363958624724925,-0.008023797814505879,0.003779576115618153,-0.05445165550183071
4959.0,10.24602671192242,0.10573196212344015,4.191790797078055,-0.016034116606354856,-0.0702380772743676,0.03292456413276385,0.2381235750638303,-3.4972377949446645,-7.2157,0.0,7.5938950253,3.6029697570681045,-0.053911172849683595,-0.23616000915617025,0.1107015691315624,0.033829434235544166,-0.0356960235268903,0.048406707358450096,-0.007574063791476036,0.0038263781609261848,-0.054096853295260254
4960.0,10.264092046945915,0.03859627907594626,4.159015097733867,-0.015493116988322772,-0.06944648756309373,0.031593579850649485,0.22038145871783119,-3.5672122628047713,-7.2157,0.0,7.5938950253,3.6058085418807178,-0.05200049627443992,-0.23308749430598177,0.106039464657639,0.03368869733623503,-0.03627418779838969,0.04646049939823518,-0.007140150431846064,0.0038723079045873197,-0.05375648169048226
4961.0,10.28216729172426,-0.027742390025543823,4.12758220017637,-0.014895014094226725,-0.06861100822755016,0.030312770568364823,0.20325076178987017,-3.636358593481318,-7.2157,0.0,7.5938950253,3.608616203455774,-0.04990516308357605,-0.22987850385798703,0.10156175409834724,0.03359495359393361,-0.03686637735918376,0.04454628715831996,-0.006863386507497245,0.003925309041330658,-0.05340080856781962
4962.0,10.300191866845923,-0.0932423807944624,4.097427432030989,-0.014241304211014882,-0.06773216098594065,0.029085613591865015,0.18678812530244224,-3.7046344374459848,-7.2157,0.0,7.5938950253,3.6113920566515225,-0.04763143603651103,-0.22653684282098427,0.0972796818926226,0.033564608944034194,-0.03748043375348553,0.042672228977752254,-0.006791345838370176,0.003988100521110216,-0.05301921320952718
4963.0,10.318150696373664,-0.15786393113690578,4.068490958450508,-0.013534469846968523,-0.06681081517508199,0.02791503291791392,0.1710478782572092,-3.7719980744306647,-7.2157,0.0,7.5938950253,3.614134143293759,-0.04518857108686488,-0.22306638568386952,0.09320205842313552,0.03353482338807232,-0.03808245686204176,0.0408120195760662,-0.0067242113304251255,0.004049542819493121,-0.05265419579749714
4964.0,10.336043543103433,-0.22156850335318157,4.040712807628808,-0.012777419436771513,-0.06584807381320447,0.02680347708240857,0.1560811775979905,-3.83840872956485,-7.2157,0.0,7.5938950253,3.616840226211669,-0.04258709802847952,-0.21947141896267394,0.0893359032049634,0.03350561966487705,-0.0386721292408756,0.03896691240436031,-0.006661222149580676,0.0041096094226146535,-0.05230609602758582
4965.0,10.353870157587531,-0.2843185086724334,4.014030664384953,-0.011973213662852799,-0.06484519219889309,0.025752974687612503,0.14193581205082895,-3.903826748293377,-7.2157,0.0,7.5938950253,3.6195082396209437,-0.0398379740529204,-0.2157567013349889,0.08568679773698916,0.033477019255401495,-0.03924915409243854,0.037138167600674704,-0.0066016122236112265,0.004168277006360701,-0.05197515542466566
4966.0,10.37163027905034,-0.3460774395996487,3.9883803157057147,-0.011125051984919969,-0.06380354160429495,0.02476512812393404,0.12865607712947627,-3.9682137267745334,-7.2157,0.0,7.5938950253,3.6221362871748846,-0.03695253596289833,-0.2119273392060424,0.0822588774295998,0.03344904229146343,-0.039813254064978224,0.03532704055401207,-0.0065446158528027765,0.004225525497179293,-0.05166151750430145
4967.0,10.38932363634786,-0.40680996672717756,3.9636961007100227,-0.010236259111209402,-0.06272457434352345,0.02384111133336055,0.11628266707970347,-4.031532608136761,-7.2157,0.0,7.5938950253,3.6247226414095834,-0.033942452725933804,-0.2079886681529912,0.07905483688666669,0.03342170750016075,-0.0403641697849227,0.03353477174932801,-0.006489473132562269,0.004281338085132823,-0.051365228828344114
4968.0,10.406949948945366,-0.46648200171987086,3.939911360893951,-0.009310271454227664,-0.061609790836613325,0.022981671408828813,0.10485258347552551,-4.0937477461933485,-7.2157,0.0,7.5938950253,3.6272657444734775,-0.03081967850058187,-0.2039461422158966,0.07607594770016021,0.03339503218103764,-0.040901658183605666,0.03176257797820841,-0.006435435155556134,0.004335701191724603,-0.05108624089446346
4969.0,10.424508927889766,-0.5250607287797414,3.916958886756869,-0.00835062360712524,-0.06046070921190679,0.022187133773019455,0.0943990601092125,-4.154824938771563,-7.2157,0.0,7.5938950253,3.629764209991822,-0.02759640624373271,-0.1998052327220583,0.07332208776142772,0.03336903221249196,-0.04142549068028184,0.03001164496653929,-0.00638176896662257,0.004388604395696927,-0.050824412789405714
4970.0,10.442000276756014,-0.5825146074094685,3.894771357196959,-0.007360934871465988,-0.05927883790486604,0.02145741064293959,0.08495150376024627,-4.21473143329254,-7.2157,0.0,7.5938950253,3.632216825883072,-0.024285021988218483,-0.19557133802883464,0.07079178098613463,0.03334372208347057,-0.04193545128261904,0.028283121437885923,-0.006327762249054333,0.004440040320559082,-0.050579514528671765
4971.0,10.459423692549944,-0.6388133497177221,3.8732817683834173,-0.006344895863069397,-0.058065651621601405,0.020792012463020242,0.07653545038447152,-4.273435907635153,-7.2157,0.0,7.5938950253,3.6346225579174307,-0.02089805986523258,-0.19124970525756496,0.06848224628869791,0.03331911494620072,-0.042431334663818,0.026578114600269397,-0.006272727725721114,0.004490004488057721,-0.05035123100128028
4972.0,10.476778866553222,-0.6939278758394154,3.8524238491496696,-0.0053062552197768505,-0.056822570943330215,0.020190061978594517,0.06917253623162962,-4.330908429627421,-7.2157,0.0,7.5938950253,3.636980553788005,-0.017448157935727477,-0.18684536477591426,0.06638945462360521,0.03329522268554723,-0.04291294427234478,0.024897687015182718,-0.0062160072627667415,0.004538495142146529,-0.05013916643710144
4973.0,10.494065485099481,-0.7478302512792468,3.8321324602943085,-0.004248806433338324,-0.05555094575578607,0.01965031062238304,0.06288048337516566,-4.387120398731557,-7.2157,0.0,7.5938950253,3.63929014745231,-0.013948014888637578,-0.18236307787521763,0.06450819293078562,0.03327205600056035,-0.043380090526107445,0.023242854781540055,-0.006156975667190999,0.004585513048248057,-0.04994284931562652
4974.0,10.51128323027414,-0.8004936101281399,3.8123439755129236,-0.0031763748269940575,-0.05425204259728097,0.019171156897478944,0.05767309912057098,-4.44204447362422,-7.2157,0.0,7.5938950253,3.64155086349608,-0.010410347660957416,-0.177807297789614,0.06283213387457402,0.03324962449387764,-0.04383258913792551,0.02161458694419329,-0.006095044172457188,0.004631061272730721,-0.049761737638604586
4975.0,10.52843178053372,-0.8518920681522051,3.792996642005101,-0.0020928047005604493,-0.05292703593240375,0.018750666459515827,0.05356028874557292,-4.49565448942441,-7.2157,0.0,7.5938950253,3.6437624212722053,-0.0068478500347610785,-0.17318214392028652,0.061353910344430655,0.033227936764850384,-0.04427025961347932,0.020013806016959512,-0.006029663608348779,0.0046751449475535,-0.04959522449430975
4976.0,10.545510811243696,-0.9020006297170738,3.774030919099022,-0.0010019466657177427,-0.05157700327665525,0.018386593626270473,0.0505480810154116,-4.547925368291756,-7.2157,0.0,7.5938950253,3.6459247385746827,-0.003273152268468011,-0.1684913888653272,0.060065193783658447,0.03320700050256793,-0.044692923956738254,0.018441389493950876,-0.005960327252655849,0.00471777102496617,-0.04944264384784949
4977.0,10.562519995136798,-0.950795092392665,3.75538979350578,9.23548044793204e-05,-0.050202924021831755,0.018076404072873302,0.048638665907727495,-4.598833027012938,-7.2157,0.0,7.5938950253,3.6480379346202727,0.00030121817670191136,-0.16373845761696992,0.058956775523000576,0.03318682257533372,-0.045100405611295594,0.016898172210457835,-0.005886573362966267,0.004758948027001922,-0.049303276499425994
4978.0,10.579459002696366,-0.9982519528915141,3.7370190700533596,0.00118627358631041,-0.048805681743573526,0.017817298503061955,0.04783044397302822,-4.64835428501993,-7.2157,0.0,7.5938950253,3.650102332128416,0.0038628747498315277,-0.15892643807566947,0.05801865041246863,0.03316740911359087,-0.045492528659220696,0.015384949405694442,-0.0058079873869555515,0.004798685794270589,-0.04917635616036985
4979.0,10.596327502471665,-1.0443483177354007,3.7188676369547213,0.0022760138492283403,-0.0473860697118624,0.01760623711959498,0.04811808674747988,-4.696466776047669,-7.2157,0.0,7.5938950253,3.652118458312268,0.007399608693448459,-0.15405810184640667,0.05724010216073152,0.03314876558378453,-0.04586911729210358,0.013902480334283906,-0.005724203849225472,0.00483699523826364,-0.049061075604654954
4980.0,10.613125161333935,-1.089061821728444,3.7008877048361346,0.0033578217044110247,-0.04594479927285056,0.017439964748281085,0.049492607624430626,-4.743148866348207,-7.2157,0.0,7.5938950253,3.654087044619763,0.010899424623615829,-0.14913593412769707,0.056609789901202835,0.033130896851169454,-0.046229995562033305,0.012451492271302045,-0.005634907912063357,0.004873888101026344,-0.04895659286109527
4981.0,10.629851644683518,-1.1323705569487998,3.683035018892972,0.004427996528666973,-0.04448251072653457,0.017315036498528454,0.05194144257954902,-4.788379582041454,-7.2157,0.0,7.5938950253,3.6560090250926542,0.014350574731574152,-0.14416217137852075,0.05611583560271456,0.03311380723010711,-0.046574987413430226,0.011032684756812992,-0.005539836606622557,0.004909376725647699,-0.04886203741818988
4982.0,10.64650661661945,-1.174253014564532,3.665269043654208,0.005482901933923884,-0.04299978628962555,0.017227843867593,0.055448540132027026,-4.832138547807383,-7.2157,0.0,7.5938950253,3.657885533242851,0.017741591530955548,-0.13913884535282112,0.0557459120264024,0.033097500520935984,-0.046903916990047693,0.009646733929903992,-0.0054387797301041,0.004943473840574641,-0.04877651641935809
4983.0,10.66308974008358,-1.2146880413412453,3.6475531199286833,0.0065189763527653405,-0.04149716470657457,0.01717464121481336,0.05999445991154684,-4.874405938719513,-7.2157,0.0,7.5938950253,3.659717897378268,0.021061319076079135,-0.13406783202504388,0.05548733099621111,0.03308198003302669,-0.04721660920516903,0.008294296809003416,-0.005331580403694046,0.004976192360283339,-0.04869912083089204
4984.0,10.6796006769915,-1.2536548122487483,3.6298545935813795,0.007532743211437957,-0.0399751570540774,0.01715157254538645,0.06555647918848725,-4.915162446592965,-7.2157,0.0,7.5938950253,3.6615076343442166,0.024298942580607896,-0.1289509038928706,0.055327131796374905,0.03306724859413888,-0.04751289055714004,0.006976015384484609,-0.005218135285415031,0.00500754520434643,-0.048628931568226924
4985.0,10.696039088362436,-1.2911328201004477,3.61214491585269,0.008520820663466239,-0.03843426327542646,0.017154698550306338,0.07210870671418557,-4.954389261780763,-7.2157,0.0,7.5938950253,3.6632564416803155,0.027444016371985163,-0.12378978413411496,0.05525216953451993,0.0330533085466707,-0.047792590166984554,0.005692520400940076,-0.005098394431808186,0.005037545136429929,-0.048565025568030884
4986.0,10.712404634459656,-1.3271018826812984,3.5943997149942404,0.009479930859480314,-0.03687498898066576,0.017180023849924925,0.07962220321012675,-4.992068070907679,-7.2157,0.0,7.5938950253,3.66496618822638,0.030486490125526337,-0.1185862011128198,0.0552492033138895,0.03304016173182181,-0.04805554101002776,0.004444434719773235,-0.0049723608025741065,0.005066204624246274,-0.04850648179416629
4987.0,10.728696974952088,-1.3615421673467187,3.5765988390574823,0.010406908732038865,-0.035297862056449185,0.017223524383465874,0.08806510784089587,-5.0281810705898335,-7.2157,0.0,7.5938950253,3.666638903243115,0.03341673333264592,-0.11334194177388489,0.05530498404379151,0.03302780946307183,-0.048301581309275934,0.0032323761676091994,-0.004840089403054144,0.005093535720988973,-0.04845238716484902
4988.0,10.744915769106639,-1.3944342326144685,3.5587263697417435,0.011298710278036063,-0.03370344864555924,0.01728117487628327,0.09740277000675526,-5.062710996758508,-7.2157,0.0,7.5938950253,3.6682767641440392,0.03622555797016778,-0.10805890253489177,0.055406341685771694,0.0330162524906994,-0.04853055605483768,0.0020569597921790694,-0.004701686060776977,0.0051195499682878155,-0.04840184238647506
4989.0,10.761060676019175,-1.425759085832298,3.540770607291823,0.012152420325604596,-0.03209236807989973,0.0173489763015038,0.10759788579883413,-5.095641168795728,-7.2157,0.0,7.5938950253,3.66988208296343,0.03890423935161281,-0.10273913637679927,0.05554027168703802,0.033005490959326825,-0.04874231861098008,0.0009187994644873562,-0.004557305834262275,0.005144258320259545,-0.04835396767678126
4990.0,10.77713135489052,-1.4554982555940623,3.5227240265356454,0.012965259777127276,-0.03046530638204096,0.017422983233932522,0.11861063847399927,-5.126955547304619,-7.2157,0.0,7.5938950253,3.671457291710557,0.04144453515631962,-0.09738489495027342,0.055694020295725795,0.03299552436066857,-0.04893673237054355,-0.00018149121607308888,-0.004407151054856576,0.005167671087794527,-0.04830790835649349
4991.0,10.793127465351903,-1.4836338772033215,3.504583204273018,0.013734592324886394,-0.028823027988585832,0.01749933097290682,0.13039884232812207,-5.156638803986044,-7.2157,0.0,7.5938950253,3.6730049267827223,0.043838702647704654,-0.09199866464973759,0.05585516838858018,0.032986351483783566,-0.04911367241542794,-0.0012432987387460126,-0.0042514690055471815,0.005189797901822446,-0.048262840284650645
4992.0,10.809048667842385,-1.5101487891529894,3.4863487183688995,0.014457930640837831,-0.027166385393147162,0.01757426228842931,0.14291808937598235,-5.184676401781144,-7.2157,0.0,7.5938950253,3.6745276126281547,0.04607951410734884,-0.08658319576062498,0.056011713374701774,0.03297797036518224,-0.04927302714173448,-0.0022660102273342787,-0.00409054924439578,0.00521064769394554,-0.0482179751086574
4993.0,10.82489462403875,-1.535026638308474,3.4680250190692905,0.015132942046813877,-0.025496326456872543,0.017644153622732868,0.15612189828344092,-5.211054683172717,-7.2157,0.0,7.5938950253,3.6760280448642435,0.04816027052633153,-0.08114152395430421,0.05615214867342171,0.03297037824111764,-0.04941469980891171,-0.003249014703682083,-0.003924720584367047,0.005230228692522477,-0.04817256529609898
4994.0,10.840664997336408,-1.5582519912552029,3.449620273243923,0.015757453675953666,-0.023813899189388345,0.01770554055876345,0.16996186504240135,-5.2357609643220115,-7.2157,0.0,7.5938950253,3.677508973066809,0.050074813608757644,-0.07567698358689261,0.05626554020433889,0.032963571504299564,-0.04953860997389918,-0.004191705039835271,-0.003754347745788464,0.005248548432034186,-0.04812590891172881
4995.0,10.856359453377898,-1.579810449103807,3.4311461824651843,0.01632945714016035,-0.022120253861799114,0.017755142349187264,0.18438781493075004,-5.258783632555506,-7.2157,0.0,7.5938950253,3.678973183451699,0.05181753615421142,-0.07019321244948959,0.05634159927701962,0.03295754566711347,-0.049644694773763945,-0.005093480553322257,-0.0035798277023349617,0.005265613773369346,-0.04807735410007691
4996.0,10.871977660623834,-1.5996887629407908,3.412617776053642,0.01684711272173267,-0.020416642374892196,0.017789885285609063,0.19934795535684688,-5.280112244611849,-7.2157,0.0,7.5938950253,3.680423481671058,0.05338339089545077,-0.06469414781474797,0.056370751230376076,0.032952295333209314,-0.04973291002363418,-0.00595375018450087,-0.003401585746142778,0.00528143093253464,-0.048026303232060766
4997.0,10.887519290959482,-1.617874947071309,3.394053180452577,0.017308753109881288,-0.01870441486877137,0.017806924678741187,0.21478902924986573,-5.29973762301432,-7.2157,0.0,7.5938950253,3.6818626759430106,0.054767897874637116,-0.05918401382436382,0.05634419915030734,0.03294781417905434,-0.049803231100786674,-0.0067719361808958635,-0.003220071302266779,0.005296005515225323,-0.04797221667300528
4998.0,10.902984020328832,-1.6343583872245195,3.3754733665316077,0.017712886704511207,-0.01698501362350147,0.017803665217104823,0.23065646872171047,-5.3176519479499165,-7.2157,0.0,7.5938950253,3.6832935607253967,0.05596715044548028,-0.05366730046000546,0.05625398199113962,0.03294409494672974,-0.04985565359045405,-0.007547478201189083,-0.003035753527050898,0.005309342554686045,-0.04791461612974787
4999.0,10.918371529386853,-1.649129940980325,3.3569018766565484,0.01805820051035867,-0.015259964362651578,0.0177777794750584,0.2468945487915107,-5.333848842112036,-7.2157,0.0,7.5938950253,3.6847189011317107,0.056977819989680455,-0.04814873453228873,0.05609302644330836,0.032941129448901096,-0.04989019367418336,-0.00827983774127337,-0.002849116728931074,0.005321446550349553,-0.04785308753611421
5000.0,10.933681504159816,-1.6621820278272172,3.3383645335924994,0.01834356264427829,-0.013530865131512759,0.01772722435085889,0.2634465410278421,-5.348323446098116,-7.2157,0.0,7.5938950253,3.686141418270899,0.05779715943389806,-0.04263324330448697,0.055855191927324896,0.03293890858652022,-0.04990688824727988,-0.008968502776763011,-0.0026606556535921505,0.005332321504860064,-0.047787283439042094
